data: dataset/time_series/
d:1:7.43452610107,7.64742564444,7.64913797321,7.86203751659
d:2:7.43217617733,7.64659244418,7.64830594657,7.86272221342
d:3:7.43256698442,7.64575857107,7.64747324871,7.86066483536
d:4:7.43021343152,7.64492402406,7.64663987855,7.8613504711
d:5:7.43094777644,7.64408880208,7.64752286802,7.86066389366
d:6:7.42996538975,7.64325290407,7.64668933019,7.85997684451
d:7:7.42898212446,7.64241632896,7.6458551185,7.85928932299
d:8:7.42799797908,7.64157907566,7.64502023189,7.85860132847
d:9:7.42839036258,7.64074114311,7.64556207975,7.85791286029
d:10:7.43050671126,7.63990253024,7.64644973906,7.85584555803
d:11:7.42814369572,7.63906323595,7.64561496009,7.85653450032
d:12:7.42853841905,7.63822325917,7.6461597671,7.85584460722
d:13:7.42755294871,7.6373825988,7.64532458776,7.85515423785
d:14:7.42656659356,7.63654125378,7.64448873132,7.85446339153
d:15:7.42557935208,7.63569922299,7.64365219671,7.85377206762
d:16:7.42459122277,7.63485650536,7.64281498286,7.85308026545
d:17:7.42360220411,7.63401309977,7.64197708869,7.85238798435
d:18:7.42261229459,7.63316900515,7.64113851312,7.85169522368
d:19:7.42162149269,7.63232422038,7.64029925505,7.85100198275
d:20:7.42062979687,7.63147874436,7.63945931341,7.8503082609
d:21:7.42102609451,7.63202146488,7.6386186871,7.84961405747
d:22:7.42003357146,7.63117556822,7.63777737503,7.84891937179
d:23:7.41904015126,7.63032897833,7.63693537611,7.84822420318
d:24:7.41804583235,7.6294816941,7.63609268923,7.84752855098
d:25:7.41705061321,7.62863371442,7.6352493133,7.84683241451
d:26:7.41605449228,7.62778503816,7.63440524722,7.8461357931
d:27:7.41505746802,7.62693566421,7.63356048987,7.84543868606
d:28:7.41545521229,7.62748126486,7.63271504016,7.84474109273
d:29:7.41445735134,7.6266314668,7.63186889697,7.84404301242
d:30:7.41485620779,7.62578096903,7.63241968322,7.84334444446
d:31:7.41385750937,7.62492977044,7.63157312708,7.84264538816
d:32:7.41285790255,7.62407786989,7.63072587549,7.84194584283
d:33:7.41360808605,7.62497596653,7.62987792732,7.8412458078
d:34:7.41541096797,7.6255254272,7.62902928144,7.83914374068
d:35:7.41300929626,7.62467362539,7.62817993675,7.83984426588
d:36:7.41341176345,7.62522462895,7.62732989211,7.8391427576
d:37:7.41241079433,7.62437240481,7.62647914639,7.83844075687
d:38:7.41316576358,7.62527632811,7.62562769846,7.83773826299
d:39:7.41216420166,7.62442392974,7.62477554718,7.83703527526
d:40:7.41116172497,7.62357082654,7.62392269143,7.836331793
d:41:7.41156678263,7.62271701737,7.62447758076,7.8356278155
d:42:7.41056346421,7.62186250109,7.62362430518,7.83492334206
d:43:7.40955922766,7.62100727655,7.6227703231,7.83421837199
d:44:7.40855407138,7.62015134261,7.62191563336,7.83351290459
d:45:7.40754799377,7.6192946981,7.62106023482,7.83280693916
d:46:7.40654099324,7.61843734188,7.62020412633,7.83210047498
d:47:7.40553306817,7.61757927279,7.61934730674,7.83139351136
d:48:7.40452421697,7.61672048967,7.61848977488,7.83068604759
d:49:7.40351443801,7.61586099136,7.6176315296,7.82997808295
d:50:7.40392116412,7.61500077669,7.61677256974,7.82785218231
d:51:7.40149209035,7.61413984449,7.61591289414,7.82856064827
d:52:7.40189896483,7.6132781936,7.61647194803,7.8278511768
d:53:7.40088646677,7.61241582283,7.61561184556,7.82714120162
d:54:7.39987303426,7.61155273102,7.61475102526,7.82643072202
d:55:7.39885866567,7.61068891698,7.61388948597,7.82571973727
d:56:7.39784335936,7.60982437953,7.6130272265,7.82500824667
d:57:7.39682711368,7.60895911748,7.61216424569,7.82429624949
d:58:7.39723544374,7.60951864641,7.61130054234,7.823583745
d:59:7.39800149807,7.60865294838,7.61221928219,7.8228707325
d:60:7.39841226715,7.60778652363,7.61278295476,7.82215721124
d:61:7.39739556146,7.60691937098,7.61191937098,7.8214431805
d:62:7.39637791286,7.60605148922,7.6110550632,7.82072863957
d:63:7.39678993486,7.60518287716,7.6116206454,7.8200135877
d:64:7.39720305876,7.60574517281,7.6107559101,7.81929802416
d:65:7.39618462253,7.60487612205,7.6098904487,7.81858194822
d:66:7.39516523968,7.60400633885,7.60902425999,7.81786535916
d:67:7.39557962877,7.60457054221,7.60815734278,7.81714825622
d:68:7.39455937761,7.60370032042,7.60728969587,7.81643063868
d:69:7.39353817629,7.60282936403,7.60642131806,7.8157125058
d:70:7.39251602313,7.60195767183,7.60555220813,7.81499385682
d:71:7.39149291645,7.60108524259,7.60468236489,7.81427469103
d:72:7.39046885455,7.60021207509,7.60381178711,7.81355500766
d:73:7.38944383575,7.59933816812,7.6029404736,7.81283480597
d:74:7.38841785835,7.59846352045,7.60206842312,7.81211408522
d:75:7.38883392209,7.59903113229,7.60119563445,7.81139284465
d:76:7.38780706427,7.59815604141,7.60032210639,7.81067108352
d:77:7.38677924424,7.59728020763,7.59944783769,7.80994880108
d:78:7.38575046029,7.59640362973,7.59857282713,7.80922599657
d:79:7.38472071071,7.59552630647,7.59769707347,7.80850266923
d:80:7.38368999379,7.59464823661,7.59682057549,7.80777881831
d:81:7.38265830779,7.5937694189,7.59594333194,7.80705444305
d:82:7.38162565099,7.5928898521,7.59506534158,7.80632954269
d:83:7.38240624516,7.59200953496,7.59600082668,7.80560411648
d:84:7.38137295908,7.59112846622,7.59512265649,7.80487816363
d:85:7.3803386989,7.59024664464,7.59424373766,7.80415168339
d:86:7.37930346288,7.58936406894,7.59336406894,7.803424675
d:87:7.37826724928,7.58848073788,7.59248364909,7.80269713768
d:88:7.38075032826,7.58905331442,7.59366608451,7.80196907067
d:89:7.37971472003,7.58816953052,7.59278566269,7.80124047319
d:90:7.3786781327,7.58728498901,7.59190448815,7.80051134446
d:91:7.3776405645,7.58639968859,7.59102255964,7.79978168372
d:92:7.37660201369,7.585513628,7.59013987587,7.79905149019
d:93:7.37702446679,7.58462680597,7.5907184239,7.79832076308
d:94:7.37744807271,7.585202279,7.58983529533,7.79758950163
d:95:7.37787283436,7.58577913012,7.58895140928,7.79685770503
d:96:7.37683355323,7.58489216129,7.58806676446,7.79612537252
d:97:7.37579328532,7.58400442901,7.58718135961,7.7953925033
d:98:7.37475202886,7.58311593201,7.58629519344,7.7946590966
d:99:7.37370978206,7.58222666899,7.58540826468,7.79392515161
d:100:7.37413605085,7.58280614637,7.58452057203,7.79319066755
d:101:7.37309289853,7.58191642795,7.58363211422,7.79245564363
d:102:7.3720487521,7.58102594121,7.58274288994,7.79172007905
d:103:7.37247636379,7.58013468485,7.58185289791,7.78951121897
d:104:7.37143130902,7.58071649693,7.58096213682,7.79024732474
d:105:7.37038525631,7.57982478434,7.58007060538,7.7895101334
d:106:7.36933820387,7.57893229981,7.57917830227,7.78877239822
d:107:7.36829014989,7.57803904206,7.5782852262,7.78803411837
d:108:7.36871928913,7.57862320635,7.57739137585,7.78729529307
d:109:7.36767031993,7.57772949152,7.57649674991,7.7865559215
d:110:7.36810073022,7.57683500113,7.57708173195,7.78581600286
d:111:7.36705084498,7.57593973386,7.57618664745,7.78507553633
d:112:7.36599995229,7.57504368839,7.57529078501,7.78433452111
d:113:7.36494805034,7.5741468634,7.57439414332,7.78359295637
d:114:7.36760708977,7.57510523379,7.57535269729,7.78285084131
d:115:7.36655592152,7.57420822464,7.57445587199,7.78210817511
d:116:7.36550374256,7.57331043401,7.57355826549,7.78136495694
d:117:7.36445055106,7.57241186059,7.57265987646,7.78062118598
d:118:7.36339634517,7.57151250302,7.57176070357,7.77987686142
d:119:7.36234112302,7.57061235998,7.57086074547,7.77913198243
d:120:7.36128488276,7.56971143011,7.56996000083,7.77838654818
d:121:7.36172015984,7.57030224939,7.56905846829,7.77764055785
d:122:7.36066299242,7.5694008565,7.56815614652,7.77689401059
d:123:7.36109957126,7.5684986744,7.56874780245,7.77614690559
d:124:7.36004147586,7.56759570174,7.56784501612,7.775399242
d:125:7.35898235632,7.56669193716,7.56694143816,7.774651019
d:126:7.35792221077,7.56578737931,7.5660370672,7.77390223574
d:127:7.35836028768,7.56638127718,7.56513190187,7.77315289138
d:128:7.35879958423,7.5654762534,7.56572631591,7.77240298508
d:129:7.35773860209,7.56457043392,7.56482068417,7.771652516
d:130:7.35667658973,7.56366381738,7.56391425565,7.7709014833
d:131:7.35711730466,7.56426016181,7.56300702897,7.77014988612
d:132:7.35605435768,7.56335307852,7.56209900277,7.76939772361
d:133:7.35499037646,7.56244519574,7.56119017566,7.76864499494
d:134:7.35392535912,7.56153651209,7.56028054626,7.76789169923
d:135:7.35285930372,7.5606270262,7.55937011317,7.76713783565
d:136:7.35179220835,7.55971673666,7.55845887502,7.76638340332
d:137:7.35072407109,7.55880564208,7.5575468304,7.7656284014
d:138:7.34965488999,7.55789374109,7.55663397792,7.76487282902
d:139:7.35009752243,7.55849389157,7.55572031618,7.76411668531
d:140:7.34902739309,7.55758151876,7.55480584376,7.76335996942
d:141:7.34795621584,7.55666833705,7.55389055927,7.76260268048
d:142:7.34688398871,7.55575434504,7.55297446129,7.76184481762
d:143:7.34732816044,7.556356992,7.5520575484,7.76108637996
d:144:7.34929218568,7.55544252736,7.55113981919,7.75729016087
d:145:7.34518074538,7.55452724994,7.55022127223,7.75956777679
d:146:7.34410545489,7.55361115831,7.54930190609,7.75880760951
d:147:7.34455117648,7.55421632107,7.54838171935,7.75804686395
d:148:7.34499815662,7.55482298526,7.54746071057,7.7572855392
d:149:7.34392200839,7.55390676449,7.54653887831,7.75652363441
d:150:7.34284479982,7.55298972736,7.54561622113,7.75576114867
d:151:7.34176652893,7.55207187245,7.54469273759,7.7549980811
d:152:7.34221507762,7.55115319832,7.54376842623,7.75270654693
d:153:7.34113584422,7.55176275553,7.5428432856,7.75347019692
d:154:7.3400555443,7.55084360857,7.54191731426,7.75270537853
d:155:7.33897417586,7.54992363987,7.54099051073,7.75193997474
d:156:7.34095687099,7.55053541505,7.5415954406,7.75117398466
d:157:7.33987571005,7.54961497385,7.54066814358,7.75040740739
d:158:7.34032839756,7.5502286278,7.53974001179,7.74964024203
d:159:7.33924627159,7.54930771552,7.53881104374,7.74887248767
d:160:7.33816307244,7.5483859779,7.53788123796,7.74810414341
d:161:7.33707879809,7.54746341348,7.53695059297,7.74733520835
d:162:7.33599344652,7.54654002081,7.53601910728,7.74656568157
d:163:7.33490701568,7.54561579843,7.53508677942,7.74579556217
d:164:7.33381950355,7.54469074487,7.53415360789,7.74502484922
d:165:7.33427411795,7.54376485869,7.53476280107,7.74425354181
d:166:7.33318562874,7.54283813839,7.53382912938,7.74348163904
d:167:7.33209605392,7.54191058252,7.53289461137,7.74270913996
d:168:7.33100539144,7.54098218959,7.53195924553,7.74193604367
d:169:7.33146162685,7.54160094574,7.53102303036,7.74116234924
d:170:7.3303699819,7.54067207331,7.53008596435,7.74038805575
d:171:7.32927724494,7.53974236122,7.52914804598,7.73961316226
d:172:7.33012290187,7.54075129598,7.52820927374,7.73883766784
d:173:7.33213507053,7.54137420097,7.52882244113,7.73806157157
d:174:7.33259696781,7.54044467566,7.52943716465,7.7372848725
d:175:7.33150497768,7.53951430894,7.52849823844,7.7365075697
d:176:7.33235741839,7.53858309933,7.5295039813,7.73572966223
d:177:7.33126475247,7.53765104531,7.52856485632,7.73495114915
d:178:7.33172983674,7.53827699185,7.52762487441,7.73417202952
d:179:7.33063619214,7.53734446047,7.52668403405,7.73339230238
d:180:7.32954144897,7.53641108207,7.5257423337,7.7326119668
d:181:7.32844560515,7.53547685515,7.52479977182,7.73183102182
d:182:7.32891238022,7.53610549984,7.52385634686,7.73104946648
d:183:7.32781555232,7.53517079488,7.52291205727,7.73026729984
d:184:7.32671761934,7.53423523876,7.52196690151,7.72948452093
d:185:7.32561857917,7.53329882996,7.52102087802,7.72870112881
d:186:7.32451842968,7.53236156694,7.52007398524,7.72791712249
d:187:7.32341716875,7.53142344818,7.5191262216,7.72713250103
d:188:7.32231479423,7.53048447215,7.51817758553,7.72634726346
d:189:7.32435595807,7.53111696436,7.51880040251,7.7255614088
d:190:7.32325382411,7.53017750625,7.51785125395,7.72477493609
d:191:7.32372537716,7.52923718819,7.51847603333,7.72398784435
d:192:7.32262224977,7.52829600863,7.51752637375,7.72320013262
d:193:7.32151800389,7.52735396604,7.51657583775,7.7224117999
d:194:7.32041263738,7.52641105885,7.51562442375,7.72162284522
d:195:7.31930614807,7.52546728551,7.51467213016,7.72083326761
d:196:7.31819853378,7.52452264446,7.51371895539,7.72004306606
d:197:7.31708979235,7.52357713412,7.51276489784,7.71925223961
d:198:7.31756345286,7.52263075294,7.51339348717,7.71846078725
d:199:7.31645370536,7.52168349934,7.51243891402,7.717668708
d:200:7.31534282614,7.52073537174,7.51148345527,7.71687600087
d:201:7.314230813,7.51978636855,7.51052710929,7.71608266485
d:202:7.31311766373,7.5188364882,7.50956987448,7.71528869895
d:203:7.31200337614,7.51788572908,7.50861174922,7.71449410216
d:204:7.31088794801,7.51693408961,7.50765273188,7.71369887349
d:205:7.30977137711,7.51598156819,7.50669282085,7.71290301193
d:206:7.30865366122,7.51502816321,7.50573201448,7.71210651647
d:207:7.30912969444,7.5156687694,7.50477031113,7.71130938609
d:208:7.31120329311,7.51631103454,7.50540387838,7.7105116198
d:209:7.31008595352,7.51535751901,7.50444165107,7.70971321656
d:210:7.30896746607,7.51440311755,7.50347852389,7.70891417537
d:211:7.30944782853,7.51504782853,7.5025144952,7.7081144952
d:212:7.30832831968,7.51409293137,7.50154956334,7.70731417503
d:213:7.30720765828,7.51313714545,7.50058372665,7.70651321383
d:214:7.30768969131,7.51378431841,7.49961698348,7.70571161058
d:215:7.30656800523,7.51282803734,7.49864933215,7.70490936425
d:216:7.30544516189,7.5118708647,7.49768077099,7.7041064738
d:217:7.30432115899,7.51091279887,7.49671129833,7.7033029382
d:218:7.30641401519,7.51156284866,7.49734992294,7.70249875641
d:219:7.30529027737,7.51060428703,7.49637991773,7.70169392739
d:220:7.30416537732,7.50964482937,7.49540899805,7.70088845011
d:221:7.30303931275,7.50868447404,7.49443716221,7.7000823235
d:222:7.30352628637,7.50933742439,7.49346440852,7.69927554653
d:223:7.30401469865,7.50999208153,7.49249073527,7.69846811815
d:224:7.3045045536,7.51064845012,7.49151614077,7.69766003729
d:225:7.30499585524,7.50968841187,7.49215874628,7.69685130292
d:226:7.30548860762,7.51034690722,7.49118361437,7.69604191396
d:227:7.30436206926,7.50938638044,7.49020755818,7.69523186937
d:228:7.30323436082,7.50842495287,7.48923057601,7.69442116807
d:229:7.30210547999,7.50746262285,7.48825266614,7.69360980899
d:230:7.30097542445,7.5064993887,7.48727382683,7.69279779109
d:231:7.29984419186,7.50553524877,7.48629405636,7.69198511327
d:232:7.30074595402,7.5066043755,7.48531335299,7.69117177447
d:233:7.29961401682,7.50564007545,7.48433171498,7.69035777361
d:234:7.30214837992,7.5067123571,7.48497913243,7.68954310961
d:235:7.30101706905,7.50574790103,7.48399694942,7.6887277814
d:236:7.30151723006,7.50478253618,7.48464648176,7.68791178788
d:237:7.30038488832,7.50381626087,7.48366375542,7.68709512797
d:238:7.30088668584,7.50448439639,7.48268009004,7.68627780059
d:239:7.30138997375,7.50515429454,7.48169548385,7.68545980463
d:240:7.30025675463,7.50418795856,7.48070993508,7.68464113901
d:241:7.29912234908,7.50322070973,7.47972344197,7.68382180263
d:242:7.29962744382,7.50225254637,7.47873600275,7.68136110529
d:243:7.29684996922,7.50128346676,7.47774761563,7.68218111317
d:244:7.29571199015,7.5003134692,7.47675827884,7.68135975789
d:245:7.29457281515,7.49934255199,7.47576799059,7.68053772743
d:246:7.2934324418,7.49837071341,7.47477674907,7.67971502068
d:247:7.29435017579,7.4994572598,7.4737845525,7.67889163652
d:248:7.29320909624,7.49848527102,7.47279139907,7.67806757385
d:249:7.29371697895,7.49751235848,7.47344745199,7.67724283153
d:250:7.29257485409,7.49653852048,7.47245374206,7.67641740845
d:251:7.29143152388,7.49556375528,7.47145907209,7.67559130349
d:252:7.29028698588,7.49458806115,7.47046344025,7.67476451552
d:253:7.28914123766,7.49361143633,7.46946684472,7.6739370434
d:254:7.2896512776,7.49263387909,7.47012628451,7.673108886
d:255:7.28850447558,7.49165538768,7.46912913008,7.67228004219
d:256:7.2890162093,7.49067596034,7.46979075979,7.67145051083
d:257:7.28786835279,7.48969559531,7.46879304825,7.67062029077
d:258:7.28838178875,7.48871429082,7.4694568788,7.66978938088
d:259:7.28889677057,7.48773204511,7.47012250545,7.66895778
d:260:7.28774802376,7.4867488564,7.46912465434,7.66812548698
d:261:7.28659805623,7.4857647229,7.46812583401,7.66729250068
d:262:7.28544686552,7.48477964284,7.46712604261,7.66645881993
d:263:7.28429444914,7.48379361442,7.4661252783,7.66562444358
d:264:7.28481164838,7.48447747962,7.46512353921,7.66478937046
d:265:7.2836581702,7.48349094612,7.46412082349,7.66395359941
d:266:7.28250346121,7.48250346121,7.46311712927,7.66311712927
d:267:7.28469760263,7.48319006494,7.46378749654,7.66227995885
d:268:7.28354323257,7.48220207582,7.46278324375,7.661442087
d:269:7.28574333356,7.48289098456,7.46345586152,7.66060351253
d:270:7.28458931122,7.48190249342,7.46245105206,7.65976423426
d:271:7.28343405493,7.48091304653,7.46144525941,7.65892425101
d:272:7.28395964794,7.48160472784,7.46043848169,7.65808356159
d:273:7.28280333205,7.48061477986,7.45943071701,7.65724216482
d:274:7.28164577701,7.47962387305,7.45842196347,7.65640005951
d:275:7.28217332091,7.47863200556,7.4590985598,7.65555724446
d:276:7.281014703,7.47763917557,7.4580892459,7.65471371847
d:277:7.2815440299,7.47833457044,7.4570789398,7.65386948035
d:278:7.28038434855,7.47734123781,7.45606763962,7.65302452888
d:279:7.28091546749,7.47634693957,7.45674739079,7.65217886287
d:280:7.27975472214,7.47535167387,7.45573552936,7.6513324811
d:281:7.27859272699,7.47435543886,7.4547226705,7.65048538236
d:282:7.27912583233,7.47505458551,7.45370881226,7.64963756544
d:283:7.27796276992,7.47405784632,7.45269395271,7.64878902911
d:284:7.27679845242,7.47306013467,7.45167808992,7.64793977216
d:285:7.27733355753,7.47206144869,7.4523619022,7.64708979336
d:286:7.27616816949,7.47106178652,7.45134547446,7.64623909148
d:287:7.27670509857,7.47006114627,7.45032804008,7.64368408778
d:288:7.27383360961,7.46905952606,7.4493095971,7.64453551356
d:289:7.27437091718,7.46976340864,7.44829014357,7.64368263504
d:290:7.27320192915,7.46876128014,7.44726967752,7.6428290285
d:291:7.27203167275,7.46775816848,7.44624819697,7.64197469269
d:292:7.27257100932,7.46675407177,7.44693656393,7.64111962637
d:293:7.27139967304,7.46574898811,7.44591451322,7.64026382829
d:294:7.27194085903,7.46474291558,7.44660524063,7.63940729719
d:295:7.27076844233,7.46373585228,7.44558262186,7.63855003181
d:296:7.26959474907,7.46272779628,7.44455898369,7.6376920309
d:297:7.27013798964,7.46171874566,7.44525253718,7.63683329319
d:298:7.27068290312,7.46242838893,7.44422833161,7.63597381742
d:299:7.27122949445,7.4614188232,7.44492427357,7.63511360231
d:300:7.27005511574,7.46040825958,7.44389950276,7.6342526466
d:301:7.26887945475,7.45939669613,7.44287370762,7.633390949
d:302:7.26770250882,7.4583841309,7.44184688615,7.63252850824
d:303:7.26652427525,7.45737056195,7.44081903633,7.63166532303
d:304:7.26750551195,7.45635598731,7.44195091673,7.6308013921
d:305:7.26632656419,7.45534040502,7.4409228733,7.62993671413
d:306:7.26514632393,7.45432381311,7.43989379868,7.62907128786
d:307:7.26396478846,7.4533062096,7.43886369083,7.62820511197
d:308:7.26278195505,7.45228759251,7.4378325477,7.62733818517
d:309:7.26333393208,7.45126795986,7.43853647838,7.62647050616
d:310:7.26215000296,7.45024730965,7.43750476693,7.62560207362
d:311:7.26096477032,7.44922563988,7.43647201669,7.62473288626
d:312:7.25977823141,7.44820294855,7.4354382256,7.62386294275
d:313:7.25859038348,7.44717923365,7.43440339161,7.62299224178
d:314:7.26088858209,7.44789817232,7.4351111918,7.62212078203
d:315:7.26144635159,7.44861912646,7.43407578731,7.62124856218
d:316:7.26025913256,7.44759537711,7.43303933635,7.62037558089
d:317:7.25907060141,7.44657060141,7.43200183684,7.61950183684
d:318:7.25788075535,7.44554479735,7.4309632867,7.6186273287
d:319:7.26019221857,7.44626927637,7.43167499732,7.61775205512
d:320:7.25900280413,7.44524294436,7.43063587454,7.61687601476
d:321:7.25781207179,7.44421558056,7.42959569752,7.61599920629
d:322:7.25881492656,7.44538209074,7.42855446417,7.61512162835
d:323:7.25762347877,7.44435458597,7.42751217238,7.61424327959
d:324:7.258189723,7.44332604666,7.42646882004,7.6116051437
d:325:7.2552366116,7.44229647076,7.42542440503,7.61248426418
d:326:7.25404118659,7.4412658562,7.42437892521,7.61160359482
d:327:7.2528444302,7.44023420092,7.42333237847,7.61072214919
d:328:7.25385287091,7.43920150286,7.42449129398,7.60983992593
d:329:7.25265539245,7.43816775994,7.42344455617,7.60895692366
d:330:7.2514565775,7.43713297008,7.42239674844,7.60807314102
d:331:7.25025642322,7.43609713118,7.42134786864,7.60718857661
d:332:7.24905492672,7.43506024116,7.42029791461,7.60630322905
d:333:7.24785208514,7.43402229791,7.41924688419,7.60541709696
d:334:7.24842251849,7.43298329932,7.41996939811,7.60453017894
d:335:7.24721855412,7.43194324329,7.41891778444,7.6036424736
d:336:7.24956879435,7.43267990547,7.41786509065,7.60097620176
d:337:7.24658592904,7.43163930983,7.41681131457,7.60186469536
d:338:7.24537948755,7.43059765318,7.41575645401,7.60097461964
d:339:7.24417168919,7.4295549334,7.41470050678,7.60008375098
d:340:7.24653077367,7.43029526966,7.41364347067,7.59740796665
d:341:7.24353772443,7.42925201014,7.41258534348,7.59829962919
d:342:7.24232743368,7.42820768391,7.41152612299,7.59740637321
d:343:7.24290468594,7.42895119757,7.41046580699,7.59651231862
d:344:7.24348377254,7.42969684326,7.40940439325,7.59561746397
d:345:7.24406469912,7.42865251274,7.41013399422,7.59472180784
d:346:7.24285374939,7.42760711262,7.40907198557,7.5938253488
d:347:7.24343676283,7.42835597288,7.40800887533,7.59292808539
d:348:7.24402163043,7.42910698533,7.40694466128,7.59203001618
d:349:7.24280979679,7.42806159535,7.40587934115,7.59113113971
d:350:7.24384681608,7.42926535793,7.40481291269,7.59023145454
d:351:7.24263426251,7.4282198481,7.40374537362,7.58933095921
d:352:7.24322376106,7.42717326512,7.40448014819,7.58842965225
d:353:7.24201008335,7.42612560682,7.40341200874,7.58752753221
d:354:7.2407950282,7.42507687102,7.40234275479,7.58662459761
d:355:7.23957859261,7.42402705554,7.40127238405,7.58572084698
d:356:7.23836077357,7.42297615819,7.40020089424,7.58481627885
d:357:7.23714156807,7.42192417676,7.39912828304,7.58391089174
d:358:7.23592097306,7.42087110906,7.39805454816,7.58300468416
d:359:7.23469898553,7.41981695286,7.39697968728,7.58209765461
d:360:7.23529213284,7.41876170595,7.39772022851,7.58118980162
d:361:7.23588718429,7.41952354793,7.39664476005,7.58028112369
d:362:7.23466430963,7.41846776732,7.39556816162,7.57937161931
d:363:7.23526152984,7.41923238594,7.39449043087,7.57846128697
d:364:7.23403751503,7.41817607474,7.39341156547,7.57755012518
d:365:7.23281209835,7.41711866769,7.39233156307,7.57663813241
d:366:7.23158527671,7.41606016256,7.39125042131,7.57572530715
d:367:7.23035704703,7.41500055709,7.39016813783,7.57481164788
d:368:7.2291274062,7.41393984902,7.38908471026,7.57389715308
d:369:7.23155935478,7.41470953793,7.38983163806,7.57298182121
d:370:7.23216342036,7.41548147719,7.38874759391,7.57206565073
d:371:7.23276943523,7.41442081138,7.38949726398,7.57114864012
d:372:7.23154085824,7.41335904005,7.38841260602,7.57023078783
d:373:7.23031086683,7.41229616094,7.3873267982,7.56931209232
d:374:7.23091938428,7.41307209817,7.38623983813,7.56839255202
d:375:7.23337149013,7.4138503115,7.38699334403,7.5674721654
d:376:7.23214232873,7.41278749002,7.38590576959,7.56655093088
d:377:7.23091174973,7.41172355785,7.38481703878,7.5656288469
d:378:7.22967975001,7.4106585127,7.38372714921,7.5647059119
d:379:7.2284463264,7.40959235228,7.38263609843,7.56378212431
d:380:7.22906161452,7.41037521304,7.38154388402,7.56285748254
d:381:7.2296788986,7.41116038008,7.38045050354,7.56193198502
d:382:7.22844461688,7.4100942925,7.37935595453,7.56100563016
d:383:7.22720890493,7.40902708675,7.37826023455,7.56007841637
d:384:7.22597175958,7.4079587605,7.37716334113,7.55915034206
d:385:7.22473317762,7.40688931145,7.37606527179,7.55822140562
d:386:7.22349315585,7.40581873725,7.37496602407,7.55729160546
d:387:7.22411388845,7.40474703556,7.37572779286,7.55636093997
d:388:7.22287271291,7.40367420405,7.37462791639,7.55542940753
d:389:7.22163009111,7.40260024036,7.37352685728,7.55449700653
d:390:7.22225343345,7.40152514213,7.37429202667,7.55356373535
d:391:7.22100965466,7.400448907,7.37319034002,7.55262959236
d:392:7.22397396476,7.40124243997,7.37442610072,7.55169457593
d:393:7.22273121875,7.40016567568,7.37332422749,7.55075868442
d:394:7.2233614351,7.39908777062,7.37409558068,7.5498219162
d:395:7.22399371303,7.39800872241,7.37486926025,7.54888426963
d:396:7.22275012489,7.39692852865,7.37376733929,7.54794574305
d:397:7.22150508167,7.39584718693,7.37266422954,7.5470063348
d:398:7.22025858009,7.39476469486,7.37155992847,7.54606604324
d:399:7.22089385603,7.39556428918,7.37045443356,7.5451248667
d:400:7.21964620282,7.39448126409,7.36934774225,7.54418280352
d:401:7.22028387716,7.39339708471,7.37012664446,7.54323985201
d:402:7.21903507251,7.39231174862,7.36901933439,7.5422960105
d:403:7.21778479969,7.39122525338,7.36791082363,7.54135127732
d:404:7.21653305538,7.39013759653,7.36680110962,7.54040565077
d:405:7.21717377563,7.39094271503,7.36569018977,7.53945912917
d:406:7.21592087353,7.38985452282,7.36457806152,7.53851171081
d:407:7.21466649331,7.38876516503,7.36346472228,7.537563394
d:408:7.21341063161,7.38767463921,7.36235016944,7.53661417704
d:409:7.21215328507,7.38658294286,7.3612344004,7.5356640582
d:410:7.21279739988,7.38739302309,7.36011741256,7.53471303578
d:411:7.21153888583,7.38630079059,7.35899920329,7.53376110805
d:412:7.21027888023,7.38520738356,7.35787976996,7.5328082733
d:413:7.20901737966,7.3841127995,7.35675910994,7.53185452978
d:414:7.20775438071,7.38301703591,7.35563722057,7.53089987577
d:415:7.20648987995,7.38192009028,7.3545140992,7.52994430953
d:416:7.20522387396,7.38082196008,7.35338974318,7.5289878293
d:417:7.20395635927,7.37972264279,7.35226414982,7.52803043334
d:418:7.20268733243,7.37862213588,7.35113731645,7.5270721199
d:419:7.20333617576,7.3775204368,7.35192862618,7.52611288721
d:420:7.20206595798,7.37641754299,7.3508011485,7.52515273352
d:421:7.20079422114,7.37531345191,7.34967242627,7.52419165704
d:422:7.19952096174,7.37420816097,7.34854245677,7.523229656
d:423:7.20065465413,7.37551014545,7.3474112373,7.52226672863
d:424:7.20130930193,7.37440476963,7.34820740544,7.52130287313
d:425:7.20003564242,7.37329819068,7.34707553946,7.52033808772
d:426:7.19876045434,7.37219040603,7.34594241891,7.5193723706
d:427:7.19748373415,7.37108141307,7.34480804105,7.51840571997
d:428:7.19620547833,7.36997120921,7.34367240314,7.51743813402
d:429:7.19492568329,7.36885979182,7.34253550242,7.51646961094
d:430:7.19364434549,7.36774715829,7.34139733612,7.51550014892
d:431:7.19236146134,7.366633306,7.34025790147,7.51452974613
d:432:7.19107702723,7.36551823229,7.33911719568,7.51355840074
d:433:7.19173656487,7.36440193452,7.33992074127,7.51258611092
d:434:7.19045091443,7.36328441005,7.33877937921,7.51161287483
d:435:7.19111302462,7.36411497393,7.33763674131,7.51063869063
d:436:7.1898261581,7.36299688981,7.33649282477,7.50966355647
d:437:7.18853773092,7.36187757467,7.33534762675,7.5086874705
d:438:7.19001737122,7.36352665764,7.33420114444,7.50771043085
d:439:7.19068546893,7.3643645296,7.333053375,7.50673243567
d:440:7.18939696984,7.36324613733,7.33190431558,7.50575348307
d:441:7.18810690451,7.36212651236,7.33075396334,7.50477357118
d:442:7.18877797781,7.36296836054,7.3296023154,7.50379269812
d:443:7.18945133352,7.36381282665,7.32844936889,7.50281086201
d:444:7.188160411,7.36269335102,7.32729512093,7.50182806095
d:445:7.18883641902,7.36354114343,7.32613956863,7.50084429304
d:446:7.18951472879,7.36242113273,7.32695315244,7.49985955638
d:447:7.19019534807,7.36129988456,7.32776931256,7.49887384905
d:448:7.19087828465,7.3601773962,7.3285880576,7.49788716915
d:449:7.18958726178,7.35905366495,7.32743311159,7.49689951475
d:450:7.18829466236,7.35792868808,7.3262768582,7.49591088392
d:451:7.1909608787,7.35878266088,7.32709949256,7.49492127474
d:452:7.18966904006,7.3576571471,7.32594257822,7.49393068526
d:453:7.18837562147,7.35653038337,7.32478435163,7.49293911353
d:454:7.18708061919,7.35540236695,7.32362480985,7.49194655762
d:455:7.18777210105,7.35626116665,7.32246394995,7.49095301556
d:456:7.18647589833,7.35513261475,7.32130176898,7.48995848539
d:457:7.18717013647,7.35400280579,7.32213029583,7.48896296515
d:458:7.18587273402,7.35287173701,7.32096744987,7.48796645286
d:459:7.18457373697,7.35173940563,7.31980327788,7.48696894655
d:460:7.18327314152,7.35060580885,7.31863777688,7.48597044422
d:461:7.18197094388,7.34947094388,7.31747094388,7.48497094388
d:462:7.18066714025,7.34833480791,7.31630277588,7.48397044355
d:463:7.17936172678,7.34719739813,7.31513326987,7.48296894121
d:464:7.17805469966,7.34605871169,7.31396242283,7.48196643486
d:465:7.17674605502,7.34491874578,7.31279023172,7.48096292249
d:466:7.17744583925,7.34578754779,7.31161669352,7.47995840206
d:467:7.17613597015,7.34464703655,7.31044180516,7.47895287156
d:468:7.17482447598,7.34350524133,7.30926556359,7.47794632895
d:469:7.17351135283,7.34236215928,7.30808796573,7.47693877219
d:470:7.17219659681,7.34121778753,7.30690900852,7.47593019923
d:471:7.17088020399,7.34007212318,7.30572868884,7.47492060803
d:472:7.16956217044,7.33892516336,7.3045470036,7.47390999652
d:473:7.1682424922,7.33777690516,7.30336394969,7.47289836265
d:474:7.16894750778,7.33662734567,7.30420586644,7.47188570434
d:475:7.1676265834,7.33547648198,7.30302212092,7.4708720195
d:476:7.17036492029,7.336354768,7.30386745836,7.46985730607
d:477:7.16904481399,7.33520335057,7.30268302537,7.46884156195
d:478:7.16975764364,7.33405062432,7.30353180438,7.46782478505
d:479:7.16843630116,7.33289658629,7.30234668812,7.46680697326
d:480:7.16711330286,7.33174123354,7.30116019378,7.46578812447
d:481:7.16782946106,7.33262537942,7.2999723182,7.46476823657
d:482:7.16854812459,7.33146947291,7.30082595912,7.46374730743
d:483:7.16926930222,7.330312247,7.30168239015,7.46272533494
d:484:7.16999300272,7.33120078163,7.30049453803,7.46170231694
d:485:7.16867005459,7.33004300541,7.29930530049,7.46067825131
d:486:7.16734544359,7.32888390513,7.29811467436,7.4596531359
d:487:7.16601916567,7.32772347778,7.29692265643,7.45862696854
d:488:7.16469121677,7.32656172037,7.29572924349,7.45759974709
d:489:7.16336159282,7.32539862986,7.29453443232,7.45657146936
d:490:7.16203028973,7.32423420322,7.2933382197,7.45554213319
d:491:7.16069730341,7.32306843743,7.29214060238,7.4545117364
d:492:7.15936262973,7.32190132942,7.2909415771,7.45348027679
d:493:7.15802626457,7.32073287615,7.28974114061,7.45244775218
d:494:7.15875645611,7.32163132685,7.28853928962,7.45141416035
d:495:7.15948922996,7.32046231485,7.28940641423,7.45037949911
d:496:7.1581520564,7.31929195277,7.28820386987,7.44934376624
d:497:7.15681318358,7.31812023752,7.28699990557,7.44830695951
d:498:7.15547260733,7.316947166,7.28579451803,7.4472690767
d:499:7.15620932555,7.31577273511,7.286666706,7.44623011557
d:500:7.15486749323,7.31459694172,7.28546062538,7.44519007387
d:501:7.1556072827,7.3134197827,7.28633644936,7.44414894936
d:502:7.15426419547,7.3122412549,7.28512968035,7.44310673978
d:503:7.15291939277,7.31106135519,7.28392148045,7.44206344287
d:504:7.15157287036,7.30988008039,7.28271184632,7.44101905635
d:505:7.15022462398,7.30869742733,7.28150077461,7.43997357795
d:506:7.15149245041,7.30751339282,7.28290606297,7.43892700538
d:507:7.15014348729,7.30632797367,7.28169484998,7.43787933635
d:508:7.14879279311,7.30514116667,7.280482195,7.43683056856
d:509:7.14954120389,7.30605380894,7.27926809465,7.43578069969
d:510:7.14818924375,7.30486642566,7.27805254553,7.43472972745
d:511:7.14683554423,7.3036776495,7.27683554423,7.4336776495
d:512:7.14548010102,7.30248747721,7.27561708733,7.43262446351
d:513:7.14412290977,7.30129590555,7.27439717138,7.43157016716
d:514:7.14487589853,7.30221486368,7.27317579293,7.43051475809
d:515:7.14351743057,7.30102271598,7.27195294854,7.42945823395
d:516:7.14427360827,7.30194556594,7.27072863472,7.4284005924
d:517:7.14503250901,7.300752848,7.27162149206,7.42734183105
d:518:7.14579414266,7.29955872378,7.27251736641,7.42628194753
d:519:7.1465585191,7.29836319001,7.27341626856,7.42522093948
d:520:7.14520024976,7.29716624338,7.27219281086,7.42415880449
d:521:7.14384022102,7.29596788059,7.27096788059,7.42309554017
d:522:7.14460835391,7.29689802377,7.26974147425,7.42203114411
d:523:7.1432470638,7.29569908939,7.26851358832,7.42096561391
d:524:7.14401847756,7.29663320541,7.26728421929,7.41989894714
d:525:7.1426559277,7.29543370548,7.2660533636,7.41883114138
d:526:7.14129160595,7.29423278243,7.26482101772,7.41776219419
d:527:7.13992550784,7.29303043289,7.26358717808,7.41669210313
d:528:7.13855762888,7.29182665353,7.2623518411,7.41562086575
d:529:7.13718796457,7.29062144096,7.26111500319,7.41454847959
d:530:7.13581651038,7.2894147918,7.25987666076,7.41347494218
d:531:7.1344432618,7.28820670266,7.25863681019,7.41240025105
d:532:7.13522106679,7.28699717013,7.25954830038,7.41132440372
d:533:7.13600170803,7.2879413632,7.25830774252,7.41024739769
d:534:7.13678519595,7.28673125851,7.2592231679,7.40916923047
d:535:7.1354117138,7.28551970516,7.25798190819,7.40808989955
d:536:7.13403642944,7.28430669971,7.25673913214,7.40700940241
d:537:7.13482384044,7.28309223871,7.25765933827,7.40592773654
d:538:7.13344728294,7.28187631869,7.25641586365,7.4048448994
d:539:7.13206891449,7.28065893618,7.25517086677,7.40376088846
d:540:7.13068873047,7.27944008769,7.25392434394,7.40267570116
d:541:7.13148063929,7.28039368277,7.25267629147,7.40158933494
d:542:7.13009917572,7.27917425733,7.25142670565,7.40050178726
d:543:7.12871588777,7.27795336053,7.25017558276,7.39941305552
d:544:7.12733077075,7.27673098885,7.24892291906,7.39832313716
d:545:7.12812722608,7.27550713875,7.24985211691,7.39723202958
d:546:7.12674082307,7.27428180668,7.24859874657,7.39613973018
d:547:7.12535258209,7.27305498909,7.24734382935,7.39504623636
d:548:7.12834365941,7.27401726291,7.24608736149,7.39176096499
d:549:7.12695653217,7.27498284796,7.24482933919,7.39285565498
d:550:7.12556756326,7.27375636677,7.24356975865,7.39175856216
d:551:7.12417674793,7.27252839628,7.24230861606,7.39066026441
d:552:7.12278408141,7.2712989329,7.24104590759,7.38956075908
d:553:7.12138955892,7.27006797302,7.23978162941,7.3884600435
d:554:7.11999317566,7.26883551303,7.23851577764,7.38735811502
d:555:7.11859492679,7.26760154931,7.23724834843,7.38625497094
d:556:7.1171948075,7.26636607821,7.23597933788,7.3851506086
d:557:7.11800520228,7.26734148547,7.23470874211,7.38404502529
d:558:7.11660377757,7.2661054387,7.23343655719,7.38293821832
d:559:7.11520047321,7.26486787898,7.2321627792,7.38183018496
d:560:7.11656997911,7.26640349743,7.2308874042,7.38072092251
d:561:7.11516598378,7.26516598378,7.22961042823,7.37961042823
d:562:7.11598479503,7.26615164709,7.22833184732,7.37849869937
d:563:7.11457949712,7.26491357285,7.22705165748,7.3773857332
d:564:7.11317230734,7.26367397958,7.22576985472,7.37627152696
d:565:7.11176322073,7.26243286359,7.22448643502,7.37515607788
d:566:7.11035223234,7.26119022117,7.22320139435,7.37403938318
d:567:7.10893933717,7.25994604858,7.22191472867,7.37292144008
d:568:7.10976417187,7.25870034208,7.22286607557,7.37180224578
d:569:7.10834995892,7.25745309793,7.22157865847,7.37068179748
d:570:7.10693382975,7.25620431235,7.22028960977,7.36956009237
d:571:7.10551577931,7.25495398156,7.21899892538,7.36843712763
d:572:7.10634552134,7.25595182055,7.2177066012,7.36731290042
d:573:7.10492614663,7.25470092141,7.21641263312,7.36618740789
d:574:7.10350484112,7.25344847134,7.215117017,7.36506064721
d:575:7.10208159971,7.25219446652,7.21381974869,7.36393261551
d:576:7.10065641725,7.25093890313,7.21252082403,7.36280330991
d:577:7.09922928863,7.24968177731,7.21122023885,7.36167272754
d:578:7.09780020865,7.24842308521,7.20991798895,7.36054086551
d:579:7.09863674585,7.24943039665,7.20861407011,7.35940772091
d:580:7.09947646904,7.2481711342,7.20730847812,7.35600314328
d:581:7.09577393601,7.24691029965,7.20600120874,7.35713757237
d:582:7.0943395842,7.24564788909,7.20469225769,7.35600056259
d:583:7.09290326081,7.24438389863,7.20338162072,7.35486225854
d:584:7.09146496058,7.24311832432,7.20206929353,7.35372265727
d:585:7.09002467821,7.24185116223,7.20075527182,7.35258175584
d:586:7.09086812269,7.24286812269,7.19943955126,7.35143955126
d:587:7.08942647534,7.24160038838,7.19812212751,7.35029604056
d:588:7.08798283586,7.24033106037,7.19680299623,7.34915122074
d:589:7.0865371989,7.23906013468,7.19548215303,7.34800508881
d:590:7.08738577034,7.23778760731,7.19645580479,7.34685764175
d:591:7.08593876161,7.23651347425,7.19513416391,7.34570887655
d:592:7.08448974529,7.23523773148,7.19381080398,7.34455879017
d:593:7.08303871597,7.23396037495,7.19248572058,7.34340737956
d:594:7.08158566821,7.23268140062,7.19115890927,7.34225464168
d:595:7.08013059656,7.23140080441,7.18983036561,7.34110057346
d:596:7.07867349553,7.23011858224,7.18850008513,7.33994517183
d:597:7.08184398926,7.23114954482,7.18948287815,7.33878843371
d:598:7.08270567464,7.22986674069,7.19046928994,7.33763035598
d:599:7.08125051793,7.22858230447,7.18913914902,7.33647093557
d:600:7.08443908919,7.22961911242,7.1901301461,7.33531016933
d:601:7.08531084485,7.22833410066,7.19112479834,7.33414805415
d:602:7.08385769515,7.22704745068,7.18979483136,7.33298458689
d:603:7.08240251497,7.22575915833,7.18846312103,7.33181976439
d:604:7.08327902107,7.22680294173,7.18712966285,7.3306535835
d:605:7.08182248964,7.22551407843,7.18579445226,7.32948604104
d:606:7.08036391746,7.22422356659,7.18445748472,7.32831713384
d:607:7.07890329897,7.22293140202,7.18311875565,7.32714685869
d:608:7.07744062857,7.22163758051,7.18177826046,7.32597521239
d:609:7.07597590065,7.22034209783,7.18043599455,7.32480219173
d:610:7.07685928584,7.22139512602,7.17909195329,7.32362779347
d:611:7.07539319086,7.22009907321,7.17774613203,7.32245201439
d:612:7.07392502789,7.21880135298,7.17639852612,7.32127485121
d:613:7.07245479126,7.21750196107,7.17504913088,7.32009630069
d:614:7.07098247526,7.2162008932,7.17369794161,7.31891635955
d:615:7.06950807415,7.21489814508,7.17234495359,7.31773502451
d:616:7.0680315822,7.21359371238,7.17099016208,7.31655229226
d:617:7.06892266187,7.21465725902,7.16963356234,7.3153681595
d:618:7.06744478186,7.21335225517,7.16827514959,7.3141826229
d:619:7.06596480028,7.21204556038,7.16691491905,7.31299567914
d:620:7.06448271132,7.2107371703,7.1655528659,7.31180732487
d:621:7.06299850912,7.20942708055,7.16418898531,7.31061755674
d:622:7.06151218782,7.20811528674,7.16282327244,7.30942637137
d:623:7.06002374152,7.20680178448,7.16145572242,7.30823376538
d:624:7.0585331643,7.20548656932,7.16008633037,7.30703973539
d:625:7.05704045024,7.20416963684,7.15871509138,7.30584427799
d:626:7.05554559335,7.20285098257,7.15734200053,7.30464738975
d:627:7.05404858764,7.20153060203,7.15596705287,7.30344906726
d:628:7.05254942712,7.20020849074,7.15459024344,7.30224930707
d:629:7.05585579803,7.19888464418,7.15561541342,7.29864425957
d:630:7.05195135627,7.19755905783,7.15423775819,7.29984545976
d:631:7.05044859461,7.19623172714,7.15285823316,7.29864136569
d:632:7.04894366081,7.19490264754,7.15147683331,7.29743582004
d:633:7.04743654876,7.19357181446,7.15009355359,7.29622881929
d:634:7.04592725231,7.19223922329,7.14870838895,7.29502035993
d:635:7.0444157653,7.19090486942,7.14732133431,7.29381043842
d:636:7.04290208154,7.18956874821,7.14593238457,7.29259905124
d:637:7.04138619481,7.18823085501,7.14454153462,7.29138619481
d:638:7.03986809887,7.18689118514,7.14314877931,7.29017186558
d:639:7.03834778745,7.18554973392,7.14175411349,7.28895605996
d:640:7.03682525426,7.18420649664,7.14035753197,7.28773877435
d:641:7.03530049296,7.18286146857,7.13895902955,7.28652000516
d:642:7.03377349723,7.18151464497,7.13755860101,7.28529974875
d:643:7.03468924845,7.18016602106,7.13860122889,7.2840780015
d:644:7.03316075731,7.17881559207,7.137199925,7.28285475976
d:645:7.03163001987,7.1774633532,7.13579668653,7.28163001987
d:646:7.03009702968,7.17610929961,7.1343915082,7.28040377814
d:647:7.02856178029,7.17475342648,7.13298438471,7.2791760309
d:648:7.02948428982,7.17339572894,7.13403533533,7.27794677445
d:649:7.03041058634,7.17203620211,7.1350903893,7.27671600506
d:650:7.02887459448,7.17067484109,7.13368347241,7.27548371902
d:651:7.02733633232,7.16931164096,7.13227460393,7.27424991257
d:652:7.02826798122,7.17041878468,7.1308637785,7.27301458196
d:653:7.02672821847,7.16905495115,7.12945099075,7.27177772342
d:654:7.02518617332,7.16768927121,7.12803623528,7.27053933317
d:655:7.02612322875,7.16632173991,7.12910089624,7.26929940741
d:656:7.0270641535,7.16495235226,7.13016974356,7.26805794232
d:657:7.02552140174,7.16358110323,7.12875523259,7.26681493408
d:658:7.02397635643,7.16220798781,7.12733874747,7.26557037885
d:659:7.02492277651,7.16332676653,7.12592028274,7.26432427277
d:660:7.02836999524,7.16444989537,7.12699671185,7.26307661197
d:661:7.02682739257,7.16307739257,7.12557739257,7.26182739257
d:662:7.02778562193,7.16170301868,7.12665921392,7.26057661067
d:663:7.02624155558,7.16032676862,7.12523904932,7.25932426235
d:664:7.02469518685,7.15894863729,7.12381689325,7.25807034369
d:665:7.02314650904,7.15756861959,7.12239274019,7.25681485075
d:666:7.0215955154,7.15618671037,7.12096658459,7.25555777956
d:667:7.0200421992,7.15480290449,7.11953842086,7.25429912615
d:668:7.01848655362,7.15341719675,7.11810824341,7.25303888654
d:669:7.01692857187,7.15202958197,7.11667604661,7.25177705672
d:670:7.01789669209,7.15064005492,7.11777026984,7.25051363267
d:671:7.01633721796,7.14924861036,7.11633721796,7.24924861036
d:672:7.01477539513,7.14785524304,7.11490213784,7.24798198575
d:673:7.01321121669,7.14645994765,7.11346502379,7.24671375476
d:674:7.01164467571,7.14506271891,7.11202587012,7.24544391332
d:675:7.01262029448,7.14620808074,7.11058467107,7.24417245733
d:676:7.01105224893,7.14481021071,7.1091414209,7.24289938268
d:677:7.00948182811,7.14341039954,7.10769611382,7.24162468525
d:678:7.01046330342,7.14200864186,7.10880302245,7.24034836089
d:679:7.00889137731,7.1406049323,7.10735685046,7.23907040545
d:680:7.00731706314,7.13919926545,7.10590861244,7.23779081474
d:681:7.00830445638,7.13779163587,7.1070224051,7.23650958459
d:682:7.00672863632,7.13638203812,7.10557330898,7.23522671077
d:683:7.0051504153,7.13497046671,7.10412213767,7.23394218908
d:684:7.00614378876,7.13613091874,7.10266888528,7.23265601527
d:685:7.00456406137,7.13471870055,7.10121354591,7.23136818508
d:686:7.00298192006,7.13330450071,7.09975611361,7.23007869425
d:687:7.00139735761,7.13188831369,7.09829658242,7.22878753849
d:688:6.99981036679,7.13047013393,7.09683494635,7.22749471349
d:689:7.00081161389,7.12904995586,7.09537119938,7.22360954135
d:690:6.99922310461,7.1302218076,7.09390533548,7.22490403846
d:691:6.99763215378,7.12880098494,7.09243734858,7.22360617975
d:692:6.99863953428,7.1299789361,7.09096723259,7.22230663441
d:693:6.99704706472,7.12855748138,7.08949498138,7.22100539805
d:694:6.99805970225,7.12713401777,7.09062815075,7.21970246627
d:695:6.99646571976,7.1257085396,7.0891550148,7.21839783464
d:696:6.99486927651,7.12428104121,7.08767973402,7.21709149873
d:697:6.99327036506,7.1228515169,7.08620230224,7.21578345407
d:698:6.99166897797,7.12141996093,7.08472271322,7.21447369619
d:699:6.99006510773,7.11998636757,7.08324096075,7.21316222059
d:700:6.9910868677,7.12117885194,7.08175703853,7.21184902276
