data: dataset/time_series/
d:1:7.35378748552,7.60100584435,7.60100584435,7.84822420318
d:2:7.35413954611,7.60013815432,7.60152994277,7.84752855098
d:3:7.35449258164,7.59926974041,7.60066249808,7.84543965685
d:4:7.35205913804,7.59840060146,7.59979432968,7.8461357931
d:5:7.35101748662,7.59753073627,7.59892543641,7.84543868606
d:6:7.35171945979,7.59666014367,7.59980040885,7.84474109273
d:7:7.35067709063,7.59578882248,7.59893128058,7.84404301242
d:8:7.35103137667,7.5949167715,7.59945904963,7.84334444446
d:9:7.3513866469,7.59404398955,7.5985894441,7.84124678676
d:10:7.34894374346,7.59317047544,7.59771911085,7.84194584283
d:11:7.34789846887,7.59229622797,7.5968480487,7.8412458078
d:12:7.34685222001,7.59142124594,7.59597625645,7.84054528238
d:13:7.34580499519,7.59054552815,7.59510373292,7.83984426588
d:14:7.34616030146,7.58966907339,7.59563398567,7.8391427576
d:15:7.34686772317,7.58879188047,7.59651659957,7.83844075687
d:16:7.34722526229,7.58791394816,7.59704957712,7.83773826299
d:17:7.34617732871,7.58703527526,7.59617732871,7.83703527526
d:18:7.3451284151,7.58615586056,7.59530434754,7.836331793
d:19:7.34548697043,7.58527570282,7.5958390831,7.8356278155
d:20:7.34443708413,7.58439480084,7.59496562536,7.83492334206
d:21:7.3462070885,7.58351315338,7.59550186988,7.83280793476
d:22:7.34515722358,7.58263075921,7.59462793635,7.83210147199
d:23:7.34410637418,7.58174761712,7.59375326684,7.83139450978
d:24:7.34164111102,7.58086372586,7.59287786014,7.83210047498
d:25:7.34058728788,7.5799790842,7.59200171504,7.83139351136
d:26:7.34271718701,7.58050911907,7.59289411553,7.83068604759
d:27:7.34166363536,7.57962397531,7.59201774301,7.82997808295
d:28:7.3406090923,7.57873807884,7.59114063022,7.82926961675
d:29:7.33955355608,7.57785142842,7.59026277593,7.82856064827
d:30:7.34133591775,7.57696402279,7.59080362535,7.82643173038
d:31:7.34028040616,7.57607586071,7.59134574707,7.82714120162
d:32:7.3406453631,7.57518694092,7.59188914419,7.82643072202
d:33:7.33958886956,7.57429726217,7.59101134467,7.82571973727
d:34:7.33995486589,7.57340682318,7.59155628937,7.82500824667
d:35:7.34091543277,7.57251562271,7.59269605955,7.82429624949
d:36:7.34128391131,7.57162365947,7.59324399685,7.823583745
d:37:7.34165342389,7.57073093221,7.59379322417,7.8228707325
d:38:7.34345152482,7.5712649914,7.59434374467,7.82215721124
d:39:7.34382413289,7.57180032336,7.59346699003,7.8214431805
d:40:7.34419778419,7.57090733864,7.59401908512,7.82072863957
d:41:7.34314186619,7.5700135877,7.59314186619,7.8200135877
d:42:7.34208494852,7.56911906926,7.59226390342,7.81929802416
d:43:7.34245969416,7.56822378203,7.59281786035,7.81858194822
d:44:7.34283549058,7.5687614165,7.59193943323,7.81786535916
d:45:7.34357102045,7.56786561634,7.59285366033,7.81714825622
d:46:7.34430812133,7.566969045,7.59376971502,7.81643063868
d:47:7.34468760158,7.56750848281,7.59289162457,7.8157125058
d:48:7.34506814391,7.56661139816,7.59345060257,7.81499385682
d:49:7.34401090206,7.56571353995,7.59257205314,7.81427469103
d:50:7.34619239666,7.56481490686,7.59349261265,7.81211512285
d:51:7.3451354784,7.5653564198,7.59261386457,7.81283480597
d:52:7.34407755554,7.56445727195,7.5917343688,7.81211408522
d:53:7.34446162772,7.56355734682,7.59229712556,7.81139284465
d:54:7.34340273214,7.56265664309,7.59141717257,7.81067108352
d:55:7.34234282805,7.56175515946,7.59053646967,7.80994880108
d:56:7.34333060009,7.56085289461,7.59170370204,7.80922599657
d:57:7.34516451197,7.55994984723,7.59227015596,7.80705549123
d:58:7.34410515189,7.56049424192,7.59138972828,7.80777881831
d:59:7.34304478122,7.55959067494,7.59050854933,7.80705444305
d:60:7.34343372447,7.55868632297,7.59107694419,7.80632954269
d:61:7.34382375847,7.5592325635,7.59019531144,7.80560411648
d:62:7.34276245315,7.55832769159,7.58931292519,7.80487816363
d:63:7.34315362138,7.5588755206,7.58842978417,7.80415168339
d:64:7.34209134167,7.55797012955,7.58754588712,7.803424675
d:65:7.34102804501,7.55706394991,7.58666123278,7.80269713768
d:66:7.33996372957,7.55615698036,7.58577581988,7.80196907067
d:67:7.3388983935,7.55524921954,7.58488964714,7.80124047319
d:68:7.33929082416,7.55434066613,7.5854615025,7.80051134446
d:69:7.34114421414,7.55343131876,7.58603472509,7.79832182971
d:70:7.34044423429,7.55252117609,7.58697454838,7.79905149019
d:71:7.33937826796,7.55161023677,7.58608879427,7.79832076308
d:72:7.33977433459,7.55216155722,7.585202279,7.79758950163
d:73:7.3387073878,7.55125009156,7.58431500127,7.79685770503
d:74:7.3391046155,7.5518030282,7.58342695982,7.79612537252
d:75:7.33986953165,7.5527238816,7.58253815335,7.7953925033
d:76:7.3388019188,7.55181243482,7.58164858058,7.7946590966
d:77:7.33773327692,7.55090018832,7.58075824021,7.79392515161
d:78:7.33666360412,7.54998714073,7.57986713094,7.79319066755
d:79:7.33559289853,7.54907329069,7.57897525147,7.79245564363
d:80:7.33452115828,7.54815863682,7.57808260051,7.79172007905
d:81:7.33344838146,7.54724317773,7.57718917675,7.79098397302
d:82:7.3323745662,7.54632691206,7.57629497888,7.79024732474
d:83:7.33277463684,7.54540983842,7.57687493183,7.7895101334
d:84:7.33317584225,7.54449195541,7.57745628505,7.78877239822
d:85:7.33357818534,7.54357326165,7.57803904206,7.78803411837
d:86:7.33398166903,7.54413195235,7.57714500975,7.78729529307
d:87:7.33438629626,7.54469201618,7.57625020158,7.7865559215
d:88:7.33331168507,7.5437730717,7.57535461623,7.78581600286
d:89:7.33371751164,7.54433479559,7.57445825238,7.78507553633
d:90:7.3326419093,7.5434153217,7.57356110871,7.78433452111
d:91:7.33156526102,7.54249503353,7.57266318387,7.78359295637
d:92:7.3304875649,7.54157392966,7.57176447655,7.78285084131
d:93:7.32940881899,7.54065200869,7.57086498541,7.78210817511
d:94:7.32832902137,7.53972926921,7.56996470911,7.78136495694
d:95:7.32724817011,7.53880570979,7.5690636463,7.78062118598
d:96:7.32616626326,7.53788132903,7.56816179565,7.77987686142
d:97:7.32508329888,7.5369561255,7.56725915581,7.77913198243
d:98:7.323999275,7.53603009777,7.56635572541,7.77838654818
d:99:7.32291418969,7.53510324441,7.56545150312,7.77764055785
d:100:7.32182804096,7.53417556399,7.56454648757,7.77689401059
d:101:7.32074082687,7.53324705507,7.56364067739,7.77614690559
d:102:7.32114843173,7.5323177162,7.56422995754,7.775399242
d:103:7.32006020063,7.53138754594,7.56332367369,7.774651019
d:104:7.32234168642,7.53045654285,7.56428925197,7.7724041084
d:105:7.31975459053,7.52952470547,7.56338277643,7.77315289138
d:106:7.31866455047,7.52859203234,7.56247550321,7.77240298508
d:107:7.31757343692,7.52765852201,7.56156743092,7.771652516
d:108:7.31798387749,7.52822680261,7.56065855818,7.7709014833
d:109:7.31689174075,7.52729274326,7.55974888361,7.77014988612
d:110:7.31730341712,7.5278627349,7.55883840583,7.76939772361
d:111:7.31621025598,7.52692812747,7.55792712345,7.76864499494
d:112:7.31511601473,7.52599267889,7.55701503508,7.76789169923
d:113:7.31402069135,7.52505638768,7.55610213932,7.76713783565
d:114:7.31292428382,7.52411925238,7.55518843477,7.76638340332
d:115:7.31182679012,7.52318127149,7.55427392003,7.7656284014
d:116:7.31072820821,7.52224244353,7.55335859369,7.76487282902
d:117:7.30962853604,7.52130276701,7.55244245435,7.76411668531
d:118:7.30852777159,7.52036224043,7.55152550059,7.76335996942
d:119:7.30742591281,7.5194208623,7.55060773099,7.76260268048
d:120:7.30783925785,7.51847863111,7.55120544436,7.76184481762
d:121:7.30863316803,7.51943235872,7.55028718927,7.76108637996
d:122:7.30904920922,7.51848985715,7.54936811582,7.75880876376
d:123:7.30642694599,7.51754650019,7.54844822258,7.75956777679
d:124:7.30532218493,7.51660228632,7.54752750812,7.75880760951
d:125:7.30573839109,7.51565721402,7.546605971,7.75652479393
d:126:7.3046325816,7.51471128178,7.54720683903,7.7572855392
d:127:7.30352566693,7.51376448806,7.54628481327,7.75652363441
d:128:7.30241764498,7.51281683135,7.54536196229,7.75576114867
d:129:7.30283523122,7.51339502766,7.54443828466,7.7549980811
d:130:7.30172615477,7.51244680667,7.54351377891,7.75423443081
d:131:7.30214501853,7.51302677184,7.54258844361,7.75347019692
d:132:7.30256510819,7.51207798755,7.54319249916,7.75270537853
d:133:7.30451782058,7.51265972971,7.5437980656,7.75193997474
d:134:7.30340897827,7.51171038313,7.54287257981,7.75117398466
d:135:7.30383276526,7.51076016812,7.54348000453,7.75040740739
d:136:7.30579271069,7.51134400258,7.54255403072,7.74810532261
d:137:7.3031479613,7.510393225,7.54162722397,7.74887248767
d:138:7.30203701556,7.50944157616,7.54069958282,7.74810414341
d:139:7.30092495194,7.50848905451,7.53977110579,7.74733520835
d:140:7.30289106007,7.50907530436,7.5388417914,7.74502603569
d:141:7.30023829457,7.50812221856,7.53791163818,7.74579556217
d:142:7.30066607255,7.50716825708,7.53852266469,7.74502484922
d:143:7.29955189572,7.50621341836,7.53759201918,7.74425354181
d:144:7.29998099553,7.50525770081,7.53666053221,7.74193723749
d:145:7.29732016521,7.50430110287,7.5357282023,7.74270913996
d:146:7.29620260722,7.50334362295,7.53479502795,7.74193604367
d:147:7.29508391787,7.50238525946,7.53386100765,7.74116234924
d:148:7.29551328167,7.50142601082,7.5344753266,7.74038805575
d:149:7.29439352401,7.50046587544,7.53354081084,7.73961316226
d:150:7.29327263034,7.4995048517,7.53260544648,7.73883766784
d:151:7.29215059848,7.49854293803,7.53166923202,7.73806157157
d:152:7.29102742624,7.49758013279,7.53073216594,7.7372848725
d:153:7.29145832138,7.4966164344,7.52979424673,7.73495235975
d:154:7.28877765185,7.49565184122,7.52885547287,7.73572966223
d:155:7.28765104531,7.49468635164,7.52791584282,7.73495114915
d:156:7.28652328958,7.49371996405,7.52697535506,7.73417202952
d:157:7.28695444487,7.4927526768,7.52603400805,7.73183223998
d:158:7.28426432173,7.49178448827,7.52509180026,7.7326119668
d:159:7.28313310515,7.49081539682,7.52414873015,7.73183102182
d:160:7.28200073049,7.4898454008,7.52320479617,7.73104946648
d:161:7.28086719551,7.48887449859,7.52225999676,7.73026729984
d:162:7.27973249796,7.48790268851,7.52131433038,7.72948452093
d:163:7.2785966356,7.48692996893,7.52036779547,7.72870112881
d:164:7.27745960615,7.48595633818,7.51942039047,7.72791712249
d:165:7.27789126608,7.4849817946,7.52004197251,7.72713250103
d:166:7.27675312887,7.48400633651,7.51909405581,7.72634726346
d:167:7.27718614675,7.48302996226,7.51814526624,7.72398908176
d:168:7.2744733363,7.48205267016,7.51719560223,7.72477493609
d:169:7.27333167638,7.48107445853,7.5162450622,7.72398784435
d:170:7.27534092589,7.48167136981,7.51529364457,7.72162408849
d:171:7.27262210484,7.480692557,7.51434134774,7.7224117999
d:172:7.27147814646,7.47971282154,7.51338817014,7.72162284522
d:173:7.27230772785,7.47873216176,7.51440883369,7.72083326761
d:174:7.27274398833,7.47775057594,7.51503647845,7.72004306606
d:175:7.2731815645,7.47676806239,7.51566574172,7.71925223961
d:176:7.27203692871,7.4757846194,7.51471309657,7.71846078725
d:177:7.27247589237,7.47480024525,7.51534435512,7.717668708
d:178:7.27291618062,7.47381493822,7.51597724327,7.71687600087
d:179:7.27177049553,7.47282869659,7.51502446379,7.71608266485
d:180:7.27062362084,7.47184151864,7.51407080114,7.71528869895
d:181:7.27106537932,7.47085340264,7.51470607884,7.71449410216
d:182:7.27150847307,7.46986434684,7.51534299972,7.71369887349
d:183:7.27036054908,7.46887434951,7.51438921151,7.71290301193
d:184:7.26921143015,7.4678834089,7.51343453772,7.71210651647
d:185:7.27005473431,7.46689152326,7.51447259715,7.71130938609
d:186:7.26890480948,7.46589869083,7.51351773845,7.7105116198
d:187:7.26775368515,7.46490490985,7.51256199185,7.70971321656
d:188:7.26660135895,7.46391017857,7.51160535576,7.70891417537
d:189:7.26544782853,7.4629144952,7.51064782853,7.7081144952
d:190:7.26429309149,7.46191785797,7.50968940855,7.70731417503
d:191:7.26313714545,7.46092026511,7.50873009417,7.70651321383
d:192:7.26197998802,7.45992171483,7.50776988377,7.70571161058
d:193:7.26082161679,7.45892220534,7.5068087757,7.70490936425
d:194:7.26126845506,7.45792173484,7.50745319401,7.7041064738
d:195:7.26010894034,7.45692030154,7.506491577,7.7033029382
d:196:7.25894820667,7.45591790364,7.50552905944,7.70249875641
d:197:7.2577862516,7.45491453931,7.50456563969,7.70169392739
d:198:7.25823467627,7.45391020675,7.50360131607,7.69927684656
d:199:7.25707157081,7.45290490415,7.50424899017,7.7000823235
d:200:7.25913564876,7.45351283467,7.50328415562,7.69766134153
d:201:7.25797269542,7.45412239924,7.50231841432,7.69846811815
d:202:7.25680851479,7.4531167875,7.50135176459,7.69766003729
d:203:7.25564310443,7.4521102026,7.50038420475,7.69685130292
d:204:7.25447646187,7.45110264271,7.49941573313,7.69604191396
d:205:7.25330858466,7.450094106,7.49844634803,7.69523186937
d:206:7.25213947031,7.44908459061,7.49747604776,7.69442116807
d:207:7.25096911635,7.44807409471,7.49650483064,7.69360980899
d:208:7.25142221567,7.44706261643,7.49715739033,7.69279779109
d:209:7.25187671218,7.44605015392,7.49781167153,7.69198511327
d:210:7.25070527053,7.44503670531,7.4968403397,7.69117177447
d:211:7.25116124809,7.44402226872,7.49749675298,7.69035777361
d:212:7.24998864072,7.44300684229,7.49652490804,7.68954310961
d:213:7.2488147852,7.44199042414,7.49555214246,7.6887277814
d:214:7.24763967904,7.44097301237,7.49457845455,7.68791178788
d:215:7.24646331969,7.4399546051,7.49360384257,7.68709512797
d:216:7.24528570465,7.43893520043,7.49262830481,7.68627780059
d:217:7.24615265788,7.43996062296,7.49165183955,7.68545980463
d:218:7.24497419935,7.43894089331,7.49067444505,7.68464113901
d:219:7.24748300481,7.43792016328,7.4917452999,7.68218245837
d:220:7.24466435933,7.43689843097,7.49076772274,7.68300179438
d:221:7.24348379516,7.43587569445,7.48978921388,7.68218111317
d:222:7.24558873625,7.43649533718,7.49045315696,7.68135975789
d:223:7.24440834146,7.43547193795,7.48947413094,7.68053772743
d:224:7.24487277102,7.4360936215,7.4884941702,7.67971502068
d:225:7.2436911972,7.43506956074,7.48751327298,7.67889163652
d:226:7.24250835428,7.43404449058,7.48653143754,7.67806757385
d:227:7.24132423967,7.43301840909,7.48554866211,7.67724283153
d:228:7.24179037845,7.43199131432,7.48621647259,7.67641740845
d:229:7.24391086272,7.43261609688,7.48688606933,7.67559130349
d:230:7.24272701896,7.43158833686,7.48590319762,7.67476451552
d:231:7.24319752905,7.43221518909,7.48491938335,7.6739370434
d:232:7.24366950461,7.43118676504,7.48559162557,7.673108886
d:233:7.24248457508,7.43015732245,7.48460729481,7.67228004219
d:234:7.24129836698,7.42912685937,7.48362201843,7.67145051083
d:235:7.2401108777,7.42809537383,7.48263579465,7.67062029077
d:236:7.23892210462,7.42706286384,7.48164862166,7.66978938088
d:237:7.23939593862,7.42769322093,7.48066049769,7.66895778
d:238:7.2398712544,7.42666004152,7.48133669986,7.66812548698
d:239:7.24368138957,7.42562583401,7.4820147229,7.66395916734
d:240:7.24082634843,7.42459059641,7.48269457194,7.66645881993
d:241:7.24130613529,7.42355432672,7.48170680306,7.6639549945
d:242:7.24011657737,7.4241878667,7.48071808113,7.66478937046
d:243:7.23892572873,7.42315092383,7.47972840432,7.66395359941
d:244:7.2394072269,7.42211294517,7.480411411,7.66311712927
d:245:7.23821519057,7.4210739287,7.47942122072,7.66227995885
d:246:7.23702185789,7.42003387241,7.47843007247,7.661442087
d:247:7.23582722617,7.41899277427,7.47743796443,7.66060351253
d:248:7.23631055388,7.41795063224,7.47644489477,7.65808497313
d:249:7.23343405493,7.41690744428,7.47545086165,7.65892425101
d:250:7.23223551001,7.41586320835,7.47445586325,7.65808356159
d:251:7.23271915697,7.41650142408,7.47345989771,7.65724216482
d:252:7.23151940801,7.41545650433,7.47246296319,7.65640005951
d:253:7.2303183462,7.41441053282,7.47146505784,7.65555724446
d:254:7.23080373254,7.4133635075,7.47215394351,7.65471371847
d:255:7.22960146233,7.41231542629,7.47115551638,7.65386948035
d:256:7.22839787348,7.41126628712,7.47015611524,7.65302452888
d:257:7.22719296326,7.41021608791,7.46915573822,7.65217886287
d:258:7.22598672891,7.40916482657,7.46815438344,7.6513324811
d:259:7.22477916767,7.40811250101,7.46715204903,7.65048538236
d:260:7.22357027678,7.40705910912,7.4661487331,7.64963756544
d:261:7.22236005345,7.40600464881,7.46514443375,7.64878902911
d:262:7.2211484949,7.40494911796,7.46413914911,7.64793977216
d:263:7.21993559835,7.40389251445,7.46313287726,7.64708979336
d:264:7.21872136098,7.40283483616,7.4621256163,7.64623909148
d:265:7.21920935751,7.40347965848,7.46111736432,7.64538766529
d:266:7.21799388241,7.40242127656,7.46010811941,7.64453551356
d:267:7.21848354516,7.40136181593,7.45909787963,7.6419761504
d:268:7.21726683095,7.40030127444,7.459794585,7.6428290285
d:269:7.21604876677,7.39923964996,7.4587838095,7.64197469269
d:270:7.21482934978,7.39817694032,7.45777203584,7.64111962637
d:271:7.21532090592,7.39711314336,7.45847159085,7.64026382829
d:272:7.21410024206,7.39604825691,7.45745928234,7.63940729719
d:273:7.21287821935,7.39498227881,7.45644597235,7.63855003181
d:274:7.21165483491,7.39391520687,7.45543165894,7.6376920309
d:275:7.21043008586,7.3928470389,7.45441634016,7.63683329319
d:276:7.21092365978,7.39349746316,7.45340001404,7.63597381742
d:277:7.2096976528,7.3924285765,7.45238267862,7.63511360231
d:278:7.21019292797,7.39135858975,7.45136433193,7.63252999371
d:279:7.20724152371,7.39028750073,7.45034497199,7.633390949
d:280:7.20601139579,7.38921530721,7.44932459682,7.63252850824
d:281:7.20650700409,7.38986912269,7.44830320444,7.63166532303
d:282:7.20527560702,7.38879620627,7.44728079284,7.6308013921
d:283:7.20404282717,7.38772218126,7.44625736004,7.62993671413
d:284:7.20280866159,7.38664704543,7.44523290402,7.62907128786
d:285:7.20157310735,7.38557079654,7.44420742277,7.62820511197
d:286:7.20207076684,7.38449343235,7.44491551966,7.62733818517
d:287:7.20083393208,7.3834149506,7.44388948764,7.62647050616
d:288:7.19959570235,7.38233534904,7.44286242694,7.62560207362
d:289:7.19835607466,7.38125462539,7.44183433553,7.62473288626
d:290:7.19711504603,7.38017277739,7.44080521139,7.62386294275
d:291:7.19587261344,7.37908980276,7.43977505247,7.62299224178
d:292:7.19811613222,7.37800569921,7.44048753588,7.62037710287
d:293:7.19512872506,7.37692046444,7.43945682279,7.62124856218
d:294:7.19388358671,7.37583409617,7.43842507143,7.62037558089
d:295:7.19438528672,7.37649484383,7.43739227973,7.61950183684
d:296:7.19663841064,7.37540773115,7.43810822692,7.61687754742
d:297:7.19539361962,7.37431948069,7.43882619406,7.61775205512
d:298:7.19414741412,7.37323009014,7.43779333875,7.61687601476
d:299:7.19289979109,7.37213955717,7.43675944021,7.61599920629
d:300:7.19165074746,7.37104787945,7.43572449636,7.61512162835
d:301:7.19040028017,7.36995505463,7.43468850513,7.61424327959
d:302:7.18914838615,7.36886108038,7.43365146443,7.61336415865
d:303:7.1878950623,7.36776595432,7.43261337216,7.61248426418
d:304:7.18664030554,7.36666967411,7.43157422624,7.61160359482
d:305:7.18538411274,7.36557223737,7.43053402456,7.61072214919
d:306:7.1841264808,7.36447364173,7.429492765,7.60983992593
d:307:7.18286740659,7.3633738848,7.42845044546,7.60895692366
d:308:7.18160688697,7.36227296418,7.4274070638,7.60807314102
d:309:7.18034491879,7.36117087749,7.42636261791,7.60718857661
d:310:7.17908149891,7.36006762232,7.42531710564,7.60630322905
d:311:7.17781662415,7.35896319625,7.42427052486,7.60541709696
d:312:7.17832491423,7.35785759687,7.4249974963,7.60453017894
d:313:7.17705869622,7.35675082174,7.42395034808,7.6036424736
d:314:7.17579101658,7.35564286843,7.42290212769,7.60275397954
d:315:7.1745218721,7.3545337345,7.42185283296,7.60186469536
d:316:7.17325125959,7.3534234175,7.42080246173,7.60097461964
d:317:7.17197917582,7.35231191498,7.41975101183,7.60008375098
d:318:7.17248973888,7.35119922446,7.41869848108,7.59740796665
d:319:7.16943058157,7.35008534348,7.41764486729,7.59829962919
d:320:7.1699413747,7.35075757965,7.41659016827,7.59740637321
d:321:7.16866497216,7.34964290896,7.41553438182,7.59651231862
d:322:7.16917759527,7.3485270432,7.41447750575,7.59382695368
d:323:7.16610770987,7.34740997989,7.41341953783,7.59472180784
d:324:7.16482684356,7.34629171651,7.41236047585,7.5938253488
d:325:7.16354448276,7.34517225056,7.41130031759,7.59292808539
d:326:7.16585451453,7.34584852471,7.4102390608,7.59023307098
d:327:7.16277382556,7.34472826201,7.40917670326,7.59113113971
d:328:7.16328876027,7.34360679207,7.40811324272,7.58843127452
d:329:7.16020183008,7.34248411236,7.40704867693,7.58933095921
d:330:7.1589135717,7.34136022033,7.40598300362,7.58842965225
d:331:7.15942885592,7.34023511344,7.40672127469,7.58752753221
d:332:7.15813920165,7.33910878912,7.40565501014,7.58662459761
d:333:7.1586563503,7.33798124481,7.40458763421,7.58391252872
d:334:7.15555534371,7.33685247795,7.40351914462,7.58481627885
d:335:7.15426113328,7.33572248594,7.40244953908,7.58391089174
d:336:7.15296539736,7.3345912662,7.40137881531,7.58300468416
d:337:7.15166813253,7.33345881614,7.40030697101,7.58209765461
d:338:7.15400239624,7.33414166357,7.40105053429,7.58118980162
d:339:7.15270536611,7.33300839642,7.39997809338,7.58028112369
d:340:7.15140680281,7.3318738941,7.39890452801,7.57937161931
d:341:7.1519281965,7.330738154,7.39965132947,7.57846128697
d:342:7.15062821694,7.32960117349,7.39857716863,7.57755012518
d:343:7.14932669689,7.32846294993,7.39750187937,7.57663813241
d:344:7.14802363288,7.32732348067,7.39642545936,7.57572530715
d:345:7.15037532857,7.32618276306,7.39534790626,7.57115534075
d:346:7.14541285909,7.32504079443,7.39426921773,7.57389715308
d:347:7.14410514233,7.32389757212,7.39318939141,7.57298182121
d:348:7.14462904823,7.32275309345,7.39394160552,7.57206565073
d:349:7.14331989395,7.32160735572,7.39286117835,7.57114864012
d:350:7.14384572509,7.32229690354,7.39177960938,7.57023078783
d:351:7.14253513153,7.32115032761,7.39069689624,7.56931209232
d:352:7.14122297214,7.32000248763,7.38961303654,7.56839255202
d:353:7.14175086398,7.32069500149,7.38852802789,7.5674721654
d:354:7.1404372596,7.31954632258,7.3874418679,7.56655093088
d:355:7.14096710028,7.31839637458,7.38819957261,7.5656288469
d:356:7.14196045176,7.31724515475,7.38942120892,7.5647059119
d:357:7.14064595672,7.31609266035,7.38833542067,7.56378212431
d:358:7.13932988464,7.31493888865,7.38724847853,7.56285748254
d:359:7.13801223193,7.31378383687,7.38616038008,7.56193198502
d:360:7.136692995,7.31262750226,7.3850711229,7.56100563016
d:361:7.13722745781,7.31146988205,7.38583599213,7.56007841637
d:362:7.13590676422,7.31031097344,7.38474613283,7.55915034206
d:363:7.13644321479,7.30915077365,7.38551384676,7.55822140562
d:364:7.13512106283,7.30798927988,7.38442338841,7.55729160546
d:365:7.13379731489,7.30682648932,7.38333176554,7.55636093997
d:366:7.13247196733,7.30566239914,7.38223897572,7.55542940753
d:367:7.13301068812,7.30449700653,7.38114501648,7.55263133489
d:368:7.12981645866,7.30333030865,7.38004988536,7.55356373535
d:369:7.13035544906,7.30216230264,7.38082273877,7.55262959236
d:370:7.12902541472,7.30099298566,7.37972700499,7.55169457593
d:371:7.12769376557,7.29982235483,7.37863009516,7.55075868442
d:372:7.12823491214,7.2986504073,7.37940642105,7.5498219162
d:373:7.12690178057,7.29747714017,7.37830891003,7.54888426963
d:374:7.1255670263,7.29630255056,7.37721021879,7.54794574305
d:375:7.12423064558,7.29512663556,7.37611034483,7.5470063348
d:376:7.12289263465,7.29394939226,7.37500928564,7.54606604324
d:377:7.12155298974,7.29277081774,7.37390703871,7.5451248667
d:378:7.12021170707,7.29159090908,7.3728036015,7.54418280352
d:379:7.12075557528,7.29040966333,7.37358576396,7.54323985201
d:380:7.11941278734,7.28922707755,7.37248172029,7.5422960105
d:381:7.11806835356,7.28804314878,7.37137648211,7.54135127732
d:382:7.11672227013,7.28685787405,7.37027004686,7.54040565077
d:383:7.11537453321,7.28567125038,7.369162412,7.53945912917
d:384:7.11402513893,7.28448327479,7.36805357495,7.53851171081
d:385:7.11646914985,7.28519147749,7.36884106636,7.537563394
d:386:7.11512003332,7.28400259109,7.36773161926,7.53661417704
d:387:7.11376925465,7.28281234717,7.36662096568,7.5356640582
d:388:7.11241680996,7.28162074272,7.36550910302,7.53471303578
d:389:7.11106269535,7.28042777472,7.36439602869,7.53376110805
d:390:7.10970690692,7.27923344012,7.36328174009,7.5328082733
d:391:7.11025783767,7.27803773589,7.36407463156,7.53185452978
d:392:7.11128828711,7.27684065896,7.36534750392,7.53089987577
d:393:7.10993156255,7.27564220628,7.3642336658,7.52994430953
d:394:7.10857315625,7.27444237475,7.3631186108,7.5289878293
d:395:7.10721306425,7.27324116131,7.36200233628,7.52803043334
d:396:7.10968637366,7.2739561084,7.36280238516,7.5270721199
d:397:7.10832657883,7.27275396207,7.36168550398,7.52611288721
d:398:7.10888632301,7.27155042804,7.36248862849,7.52515273352
d:399:7.10752499037,7.27034550319,7.36137114422,7.52419165704
d:400:7.10616196271,7.26913918439,7.36025243431,7.523229656
d:401:7.10479723601,7.26793146851,7.35913249613,7.52226672863
d:402:7.10535944658,7.2667223524,7.35993996731,7.52130287313
d:403:7.10399317138,7.26551183289,7.3588194262,7.52033808772
d:404:7.10262518864,7.26429990683,7.3576976524,7.5193723706
d:405:7.10318973029,7.26308657103,7.35657464325,7.51647148399
d:406:7.09988408433,7.26187182231,7.35545039604,7.51743813402
d:407:7.09851095461,7.26065565745,7.3543249081,7.51646961094
d:408:7.09907596528,7.25943807326,7.35513804093,7.51550014892
d:409:7.09770126716,7.25821906651,7.35401194677,7.51452974613
d:410:7.09632484064,7.25699863397,7.35288460741,7.51355840074
d:411:7.0949466816,7.2557767724,7.35175602013,7.51258611092
d:412:7.0935667859,7.25455347853,7.3506261822,7.51161287483
d:413:7.09218514937,7.25332874911,7.34949509089,7.51063869063
d:414:7.09080176786,7.25210258086,7.34836274347,7.50966355647
d:415:7.08941663717,7.2508749705,7.34722913717,7.5086874705
d:416:7.08802975311,7.24964591472,7.34609426924,7.50771043085
d:417:7.08664111146,7.24841541022,7.3449581369,7.50673243567
d:418:7.08525070801,7.24718345368,7.34382073739,7.50575348307
d:419:7.0838585385,7.24595004177,7.34268206791,7.50477357118
d:420:7.08442730722,7.24667787967,7.34154212567,7.50379269812
d:421:7.08303352082,7.24544347498,7.34040090785,7.50281086201
d:422:7.08163795934,7.24420760864,7.33925841165,7.50182806095
d:423:7.0802406185,7.24297027729,7.33811463425,7.50084429304
d:424:7.08081193733,7.24173147756,7.3369695728,7.49788911303
d:425:7.07744058147,7.24049120605,7.33582322446,7.49887384905
d:426:7.07801221028,7.23924945938,7.33467558639,7.49591283549
d:427:7.07660965968,7.23800623412,7.33352665572,7.49492323016
d:428:7.07322707251,7.23676152685,7.33237642959,7.49591088392
d:429:7.07181896451,7.23551533414,7.3312249051,7.49492127474
d:430:7.07040904667,7.23426765255,7.33007207937,7.49393068526
d:431:7.06899731459,7.23301847861,7.32891794951,7.49293911353
d:432:7.06758376384,7.23176780886,7.3277625126,7.49194655762
d:433:7.06616838998,7.23051563982,7.32660576573,7.49095301556
d:434:7.0667412383,7.22926196798,7.32743775571,7.48995848539
d:435:7.06532418693,7.22800678985,7.32628036223,7.48896296515
d:436:7.06390530298,7.22675010192,7.32512165393,7.48796645286
d:437:7.06248458194,7.22549190064,7.32396162785,7.48696894655
d:438:7.06306002131,7.22423218248,7.32479828304,7.48597044422
d:439:7.06363761055,7.22297094388,7.32563761055,7.48497094388
d:440:7.06421735713,7.22170818129,7.32647961939,7.48397044355
d:441:7.06279526052,7.22044389111,7.32532031062,7.48296894121
d:442:7.06137131617,7.21917806977,7.32415968127,7.48196643486
d:443:7.06195355167,7.21791071365,7.3250057605,7.48096292249
d:444:7.0605279163,7.21664181915,7.32384449921,7.47995840206
d:445:7.06714871328,7.21738345506,7.3246939849,7.47492872669
d:446:7.06169926617,7.21611349914,7.32353209598,7.47794632895
d:447:7.06027210552,7.21484199799,7.32236887971,7.47693877219
d:448:7.05884308184,7.21356894797,7.3212043331,7.47593019923
d:449:7.05741219052,7.2122943454,7.32003845315,7.47492060803
d:450:7.05597942693,7.21101818662,7.31887123683,7.47390999652
d:451:7.0565690779,7.21176475941,7.31770268114,7.47289836265
d:452:7.05513460673,7.21048752804,7.31653278302,7.47188570434
d:453:7.05369825345,7.2092087335,7.31536153945,7.4708720195
d:454:7.05226001335,7.20792837206,7.31418894736,7.46985730607
d:455:7.05081988174,7.20664644,7.31301500369,7.46884156195
d:456:7.04937785389,7.20536293357,7.31183970536,7.46782478505
d:457:7.04793392506,7.20407784902,7.31066304929,7.46680697326
d:458:7.04852682647,7.20279118257,7.30948503238,7.46374938848
d:459:7.04708116174,7.20150293044,7.30830565153,7.46272742024
d:460:7.04359068503,7.20021308884,7.30712490362,7.46374730743
d:461:7.04213910453,7.19892165395,7.30594278552,7.46272533494
d:462:7.04273268201,7.19762862196,7.30680637699,7.46170231694
d:463:7.04127934421,7.19633398902,7.30562360651,7.46067825131
d:464:7.03982407607,7.19503775128,7.30443946069,7.4596531359
d:465:7.04042026081,7.19579329298,7.30325393637,7.45862696854
d:466:7.03896322773,7.19449594442,7.3020670304,7.45759974709
d:467:7.037504254,7.19319698377,7.3008787396,7.45657146936
d:468:7.0360433347,7.19189640714,7.29968906076,7.45554213319
d:469:7.03458046492,7.19059421063,7.29849799069,7.4545117364
d:470:7.03311563971,7.18929039031,7.29730552619,7.45348027679
d:471:7.03164885411,7.18798494226,7.29611166402,7.45244775218
d:472:7.03431660779,7.18874611485,7.29698465329,7.45141416035
d:473:7.03285016854,7.18743954052,7.29579012713,7.45037949911
d:474:7.03138176279,7.18613133101,7.29459419802,7.44934376624
d:475:7.02991138551,7.18482148233,7.29339686269,7.44830695951
d:476:7.0284390317,7.18350999051,7.29219811789,7.4472690767
d:477:7.0269646963,7.18219685153,7.29099796034,7.44623011557
d:478:7.02548837425,7.18088206138,7.28979638674,7.44519007387
d:479:7.02609339381,7.17956561603,7.28859339381,7.44206561603
d:480:7.02252974986,7.17824751142,7.28738897823,7.44310673978
d:481:7.02313511998,7.1769277435,7.28827081935,7.44206344287
d:482:7.02165298182,7.17560630818,7.28706572999,7.44101905635
d:483:7.02016883597,7.17428320138,7.28585921254,7.43997357795
d:484:7.02077691812,7.17505265983,7.28465126367,7.43892700538
d:485:7.01929093663,7.17372839295,7.28344188003,7.43787933635
d:486:7.01780293652,7.17240244683,7.28223105824,7.43683056856
d:487:7.01841375291,7.17317565768,7.28101879493,7.43578069969
d:488:7.01692390901,7.17184854974,7.27980508672,7.43472972745
d:489:7.01753729862,7.17051975476,7.2785899302,7.43157238634
d:490:7.01393812702,7.16918926857,7.27737332196,7.43262446351
d:491:7.01244217841,7.16785708699,7.27615525858,7.43157016716
d:492:7.01094418435,7.16652320582,7.27493573662,7.43051475809
d:493:7.00944413952,7.16518762085,7.27371475263,7.42945823395
d:494:7.0079420386,7.16385032785,7.27249230315,7.4284005924
d:495:7.00643787624,7.16251132257,7.27126838472,7.42734183105
d:496:7.00493164708,7.16117060077,7.27004299384,7.42628194753
d:497:7.00342334571,7.15982815816,7.26881612702,7.42522093948
d:498:7.00191296673,7.15848399046,7.26758778075,7.42415880449
d:499:7.00252816428,7.15926575293,7.26635795151,7.42309554017
d:500:7.00101587964,7.15792038799,7.26512663577,7.42203114411
d:501:6.99950150588,7.15657328981,7.26389382997,7.42096561391
d:502:6.9979850375,7.15522445408,7.26265953056,7.41989894714
d:503:6.99646646901,7.15387387642,7.26142373397,7.41883114138
d:504:6.9949457949,7.15252155248,7.26018643661,7.41776219419
d:505:6.99556433725,7.15116747786,7.26108896252,7.41669210313
d:506:6.99404173034,7.14981164817,7.25985094792,7.41562086575
d:507:6.9946629288,7.14845405899,7.25861142665,7.41240255684
d:508:6.99582367114,7.14709470587,7.26005567974,7.41132671447
d:509:6.99214935499,7.14573358438,7.25881602166,7.41240025105
d:510:6.99062113856,7.14437069004,7.25757485223,7.41132440372
d:511:6.98909078849,7.14300601838,7.2563321678,7.41024739769
d:512:6.98755829915,7.14163956488,7.25508796474,7.40916923047
d:513:6.98602366485,7.14027132503,7.25384223936,7.40808989955
d:514:6.98448687989,7.13890129431,7.252594988,7.40700940241
d:515:6.98294793856,7.13752946814,7.25134620696,7.40592773654
d:516:6.98140683512,7.13615584198,7.25009589254,7.4048448994
d:517:6.9798635638,7.13478041123,7.24884404103,7.40376088846
d:518:6.97831811882,7.1334031713,7.24759064868,7.40267570116
d:519:6.97894440741,7.13202411755,7.24633571176,7.3994154219
d:520:6.97522068461,7.13064324536,7.2450792265,7.40050178726
d:521:6.9736686837,7.12926055008,7.24382118915,7.39941305552
d:522:6.97211448576,7.12787602702,7.2425615959,7.39832313716
d:523:6.97055808489,7.1264896715,7.24130044297,7.39723202958
d:524:6.97118526752,7.12510147881,7.24222351888,7.39613973018
d:525:6.97181501827,7.12371144423,7.24096162658,7.39285805255
d:526:6.96806618588,7.12231956302,7.23969816835,7.3939515455
d:527:6.96650331579,7.12092583041,7.23843314036,7.39285565498
d:528:6.96932899758,7.11953024163,7.23936192843,7.38956317248
d:529:6.96776649152,7.11813279188,7.24029396405,7.39066026441
d:530:6.96840197653,7.11893369637,7.23902903924,7.38956075908
d:531:6.96904007287,7.11753493337,7.239965183,7.3884600435
d:532:6.9696807905,7.11613430024,7.24090460528,7.38735811502
d:533:6.96811663393,7.11473179214,7.23963981274,7.38625497094
d:534:6.96655024028,7.11332740418,7.2383734447,7.3851506086
d:535:6.96498160346,7.11192113149,7.23710549727,7.38404502529
d:536:6.9634107174,7.11051296915,7.23583596657,7.38293821832
d:537:6.96183757595,7.10910291224,7.23456484867,7.38183018496
d:538:6.96340682706,7.10769095581,7.23643679376,7.38072092251
d:539:6.96405487267,7.10627709489,7.237388206,7.37961042823
d:540:6.96248090182,7.10486132451,7.23611827668,7.37849869937
d:541:6.96090466416,7.10344363966,7.2348467577,7.3773857332
d:542:6.95932615349,7.10202403532,7.23357364513,7.37627152696
d:543:6.95774536359,7.10060250645,7.23229893502,7.37515607788
d:544:6.9561622882,7.09917904798,7.2310226234,7.37403938318
d:545:6.95457692106,7.09775365484,7.22974470629,7.37292144008
d:546:6.95298925586,7.09632632193,7.22846517971,7.37180224578
d:547:6.95139928627,7.09489704412,7.22718403963,7.37068179748
d:548:6.94980700595,7.09346581628,7.22590128205,7.36956009237
d:549:6.94821240853,7.09203263325,7.22461690291,7.36843712763
d:550:6.94661548759,7.09059748984,7.22333089817,7.36731290042
d:551:6.94952074123,7.08916038087,7.224295516,7.36393515564
d:552:6.9456694409,7.0877213011,7.22300878701,7.36506064721
d:553:6.94406805569,7.0862802453,7.22172042589,7.36393261551
d:554:6.94246432686,7.08483720821,7.22043042855,7.36280330991
d:555:6.9408582479,7.08339218455,7.21913879089,7.36167272754
d:556:6.93924981228,7.08194516902,7.21784550877,7.36054086551
d:557:6.93763901343,7.08049615628,7.21655057805,7.35940772091
d:558:6.93602584475,7.07904514101,7.21525399458,7.35827329084
d:559:6.93441029965,7.07759211783,7.21395575419,7.35713757237
d:560:6.93279237146,7.07613708136,7.21265585269,7.35600056259
d:561:6.93117205353,7.07468002619,7.21135428587,7.35486225854
d:562:6.93239996628,7.0732209469,7.21290167666,7.35372265727
d:563:6.93306120789,7.07404294305,7.21160002068,7.35258175584
d:564:6.93143955126,7.0725824084,7.21029669412,7.35143955126
d:565:6.93267590326,7.07111983918,7.21185210463,7.35029604056
d:566:6.93105270986,7.0696552299,7.2105487007,7.34915122074
d:567:6.92942710716,7.06818857505,7.20924362092,7.34800508881
d:568:6.92779908837,7.06671986908,7.20793686104,7.34685764175
d:569:6.92616864667,7.06524910644,7.20662841678,7.34570887655
d:570:6.92453577521,7.06377628154,7.20531828384,7.34455879017
d:571:6.92520461458,7.06230138878,7.20631060537,7.34340737956
d:572:6.92587632565,7.06082442254,7.20499973972,7.33994783661
d:573:6.92193198224,7.05934537716,7.20368717854,7.34110057346
d:574:6.92260413137,7.05786424698,7.2023729175,7.33763303311
d:575:6.91864954482,7.0563810263,7.20105695222,7.33878843371
d:576:6.91700463177,7.0548957094,7.19973927835,7.33763035598
d:577:6.91535724647,7.05340829055,7.19841989148,7.33647093557
d:578:6.91370738187,7.05191876399,7.19709878722,7.33531016933
d:579:6.91205503089,7.05042712392,7.19577596113,7.33414805415
d:580:6.91040018642,7.04893336453,7.19445140877,7.33298458689
d:581:6.91107384364,7.04743748001,7.19545612803,7.33181976439
d:582:6.90941671069,7.04593946448,7.19413082971,7.3306535835
d:583:6.90775706908,7.04443931207,7.19280379805,7.32948604104
d:584:6.90609491162,7.04293701688,7.19147502858,7.32831713384
d:585:6.90443023106,7.04143257298,7.19014451677,7.32714685869
d:586:6.90276302013,7.03992597441,7.18881225811,7.32597521239
d:587:6.90344068938,7.03841721521,7.18747824807,7.32245477389
d:588:6.89942097796,7.03690628936,7.18614248208,7.32362779347
d:589:6.90009907321,7.03539319086,7.18715789674,7.32245201439
d:590:6.89842443896,7.03387791364,7.18582137654,7.32127485121
d:591:6.89674724409,7.03236045164,7.18448309315,7.32009630069
d:592:6.89506748116,7.03084079875,7.18314304196,7.31891635955
d:593:6.89338514271,7.02931894886,7.18180121836,7.31773502451
d:594:6.89170022125,7.02779489581,7.1804576177,7.31655229226
d:595:6.89001270926,7.02626863343,7.17911223533,7.3153681595
d:596:6.88832259918,7.02474015552,7.17776506656,7.3141826229
d:597:6.88900518033,7.02320945587,7.17879140361,7.31299567914
d:598:6.88731267565,7.0216765282,7.17744347232,7.31180732487
d:599:6.88799850912,7.02014136626,7.17609374722,7.30823660436
d:600:6.88391981595,7.01860396374,7.17474222357,7.30942637137
d:601:6.88221944557,7.01706431431,7.17338889665,7.30823376538
d:602:6.88290592416,7.01791189788,7.17203376168,7.30703973539
d:603:6.88120312966,7.01637059378,7.17067681387,7.30584427799
d:604:6.88189289873,7.01482703047,7.17171325802,7.30464738975
d:605:6.88018767637,7.01328120155,7.17035554208,7.30344906726
d:606:6.87847979927,7.01173310059,7.16899600575,7.30224930707
d:607:6.87676925957,7.01018272111,7.16763464418,7.30104810572
d:608:6.87505604941,7.00863005663,7.16627145254,7.29984545976
d:609:6.87574979943,7.00707510063,7.16731606449,7.29864136569
d:610:6.87403413126,7.00551784657,7.16595210472,7.29743582004
d:611:6.87231577581,7.00395828789,7.16458630721,7.29622881929
d:612:6.8705947251,7.00239641797,7.16321866706,7.29502035993
d:613:6.86887097111,7.00083223019,7.16184917934,7.29381043842
d:614:6.86714450578,6.9992657179,7.16047783912,7.29259905124
d:615:6.86541532102,6.99769687442,7.15910464141,7.29138619481
d:616:6.86368340871,6.99612569304,7.15772958125,7.29017186558
d:617:6.86194876069,6.99455216701,7.15635265363,7.28895605996
d:618:6.86264742234,6.99541234317,7.15497385353,7.28773877435
d:619:6.86091024906,6.99383707833,7.15359317589,7.28652000516
d:620:6.85917032263,6.99225945571,7.15221061567,7.28529974875
d:621:6.85742763476,6.9906794685,7.15082616776,7.2840780015
d:622:6.85568217714,6.98909710982,7.14943982708,7.28285475976
d:623:6.85393394143,6.98751237281,7.14805158849,7.28163001987
d:624:6.85463690698,6.98837923827,7.14666144685,7.28040377814
d:625:6.85288610461,6.98679273852,7.145269397,7.2791760309
d:626:6.85113250631,6.98520384702,7.14387543374,7.27794677445
d:627:6.84937610359,6.98361255679,7.14247955186,7.27671600506
d:628:6.84761688794,6.98201886082,7.14108174614,7.27548371902
d:629:6.84585485084,6.98042275207,7.13968201133,7.27424991257
d:630:6.84408998369,6.97882422349,7.13828034216,7.27301458196
d:631:6.84232227788,6.97722326798,7.13687673332,7.27177772342
d:632:6.84055172475,6.9756198784,7.13547117952,7.27053933317
d:633:6.8387783156,6.97401404761,7.1340636754,7.26929940741
d:634:6.8370020417,6.97240576841,7.13265421561,7.26805794232
d:635:6.83522289428,6.97079503358,7.13124279478,7.26681493408
d:636:6.83344086453,6.96918183588,7.12982940749,7.26557037885
d:637:6.83165594359,6.96756616803,7.12841404833,7.26432427277
d:638:6.82986812258,6.96594802271,7.12699671185,7.26307661197
d:639:6.82807739257,6.96432739257,7.12557739257,7.26182739257
d:640:6.82628374459,6.96270427024,7.12415608501,7.26057661067
d:641:6.82699343528,6.96107864832,7.12273278365,7.25681799669
d:642:6.82268765862,6.95945051935,7.12130748296,7.25807034369
d:643:6.8208852025,6.95781987587,7.11988017738,7.25681485075
d:644:6.81907979213,6.95618671037,7.11845086132,7.25555777956
d:645:6.81727141834,6.95455101532,7.11701952917,7.25429912615
d:646:6.81546007191,6.95291278313,7.11558617531,7.25303888654
d:647:6.81617099611,6.95127200621,7.11415079409,7.24925180419
d:648:6.81182842407,6.94962867692,7.11271337982,7.25051363267
d:649:6.81000810403,6.94798278758,7.11127392682,7.24924861036
d:650:6.81325448258,6.94886918473,7.10983242935,7.2454471315
d:651:6.80889649588,6.94722136897,7.10838888166,7.24671375476
d:652:6.8070703428,6.94557097812,7.10694327799,7.24544391332
d:653:6.80524115962,6.9439180044,7.10549561255,7.24417245733
d:654:6.80340893682,6.94226244001,7.1040458795,7.24289938268
d:655:6.80412468525,6.94060427709,7.10259407301,7.23907366484
d:656:6.79973533407,6.93894350776,7.1011401872,7.24034836089
d:657:6.79789393486,6.93728012412,7.09968421619,7.23907040545
d:658:6.79604945751,6.9356141182,7.09822615405,7.23779081474
d:659:6.79676599484,6.93394548202,7.09676599484,7.23394548202
d:660:6.79235122939,6.93227420756,7.0953037326,7.23522671077
d:661:6.79306815309,6.93060028677,7.09383936132,7.23137149499
d:662:6.78864057125,6.92892371154,7.09237287499,7.23265601527
d:663:6.78678055622,6.92724447374,7.09090426756,7.23136818508
d:664:6.78491740393,6.92556256522,7.08943353296,7.23007869425
d:665:6.78305110438,6.92387797777,7.08796066511,7.22878753849
d:666:6.78118164751,6.92219070314,7.08648565786,7.22749471349
d:667:6.77930902322,6.92050073306,7.08500850508,7.22620021493
d:668:6.77743322134,6.91880805922,7.08352920059,7.22490403846
d:669:6.7755542317,6.91711267326,7.08204773819,7.22360617975
d:670:6.77367204403,6.91541456679,7.08056411165,7.22230663441
d:671:6.77178664805,6.91371373138,7.07907831472,7.22100539805
d:672:6.77250559534,6.91201015858,7.07759034111,7.21709490434
d:673:6.77061715579,6.91291480592,7.07610018451,7.21839783464
d:674:6.76872548566,6.91120914579,7.0746078386,7.21709149873
d:675:6.76683057449,6.90950073155,7.073113297,7.21578345407
d:676:6.76493241178,6.90778955464,7.07161655333,7.21447369619
d:677:6.76303098699,6.90607560641,7.07011760117,7.21316222059
d:678:6.76112628952,6.90435887822,7.06861643406,7.21184902276
d:679:6.75921830871,6.90263936134,7.06711304555,7.21053409818
d:680:6.75730703387,6.90091704704,7.06560742912,7.2092174423
d:681:6.75539245424,6.89919192653,7.06409957825,7.20789905054
d:682:6.75347455903,6.89746399099,7.06258948637,7.20657891834
d:683:6.75155333738,6.89573323156,7.0610771469,7.20525704108
d:684:6.74962877839,6.89399963932,7.05956255322,7.20393341415
d:685:6.74770087111,6.89226320532,7.05804569869,7.20260803291
d:686:6.74576960452,6.89052392059,7.05652657663,7.2012808927
d:687:6.74383496757,6.88878177609,7.05500518034,7.19995198885
d:688:6.74189694916,6.88703676274,7.05348150308,7.19862131667
d:689:6.7399555381,6.88528887143,7.0519555381,7.19728887143
d:690:6.73801072319,6.88353809301,7.05042727859,7.19595464842
d:691:6.73606249314,6.88178441828,7.04889671774,7.19461864288
d:692:6.73678821282,6.88002783799,7.05004122487,7.19328085003
d:693:6.73483670746,6.87826834285,7.04850962972,7.19194126511
d:694:6.73288176248,6.87650592355,7.04697572221,7.19059988328
d:695:6.73361153844,6.8747405707,7.04812766748,7.18925669973
d:696:6.73165329778,6.8729722749,7.0465927325,7.18791170962
d:697:6.73508242828,6.87120102667,7.0477508919,7.18386949028
d:698:6.73042546699,6.86942681651,7.04621494067,7.1852162902
d:699:6.72846044569,6.86764963488,7.04467666191,7.1838658511
d:700:6.72649193497,6.86586947218,7.04313604864,7.18251358585
