data: dataset/hutter-text/enwik8
d:1:5.946331335391086,12.781887414137831,12.781885920969753,19.617441999716497
d:2:5.328573964666628,12.781887643496765,12.781885689600452,20.23519936843059
d:3:5.1141150371944235,12.781887228839848,12.781885093672665,20.44965728531809
d:4:5.07738725521255,12.781888490639153,12.78188419442121,20.486385429847815
d:5:4.893928534875577,12.781888320195204,12.781883332152049,20.669843117471675
d:6:5.0161073729637415,12.781889086192033,12.781882055225042,20.547663768453333
d:7:4.8715542411578845,12.781888320195204,12.781881378255045,20.692215457292367
d:8:4.949578629633386,12.781889116628685,12.781883085654272,20.61419357264957
d:9:4.884929130115566,12.781889241201519,12.781882052940153,20.678842164026108
d:10:4.927030979303527,12.781889137434485,12.781882007142848,20.636740165273803
d:11:4.851126332129173,12.781889366777548,12.78188073021523,20.712643764863603
d:12:4.925969935262881,12.78189084783013,12.781883218466042,20.637804131033292
d:13:4.851953878201314,12.78189087557311,12.78188235619596,20.711819353567755
d:14:4.887717459387922,12.781889116628685,12.781881315043943,20.676052972284708
d:15:4.858262847472389,12.78189084783013,12.781881358829093,20.705509359186834
d:16:4.8822695107934955,12.781891019906059,12.781881292990224,20.681502802102788
d:17:4.842393036482761,12.78189087557311,12.781881297903018,20.721379136993367
d:18:4.877824671908694,12.781892066620957,12.781881186191718,20.68594858090398
d:19:4.837887545930844,12.781891507696487,12.78188161331077,20.725885575076415
d:20:4.868651673050731,12.78189084783013,12.781879357121182,20.69511853190058
d:21:4.841997064173857,12.78189118624434,12.781880664716894,20.72177478678738
d:22:4.855084111374989,12.781891370880054,12.781879108008852,20.708686367513916
d:23:4.833582341872798,12.78189118624434,12.781878876637839,20.73018772100938
d:24:4.8561718999403105,12.781892501771662,12.78188249562529,20.70760309745664
d:25:4.8263066767332,12.78189158358399,12.78187882067863,20.73746372752942
d:26:4.8424557536270285,12.781892407054452,12.781879401100483,20.721316054527904
d:27:4.822563480675164,12.781892066620957,12.781879266003378,20.74120785194917
d:28:4.834084921879818,12.781891946824304,12.781879586260454,20.72968661120494
d:29:4.818925851890079,12.781892544052509,12.781878098002425,20.744844790164855
d:30:4.833897860117947,12.781892420133085,12.781880556894443,20.72987511690958
d:31:4.811606268928685,12.781891953638592,12.78187937738471,20.75216506209462
d:32:4.8282597652967,12.781893494686067,12.781880877808426,20.735514607197793
d:33:4.811772147100363,12.781892236341886,12.781876224476838,20.751996313718358
d:34:4.82076349274864,12.781891629107097,12.78187811717585,20.743006253534308
d:35:4.811657494058334,12.781891946824304,12.7818774584197,20.75211191118567
d:36:4.823787022148149,12.781894097537156,12.78188034256804,20.73998741795705
d:37:4.807192387684527,12.781893641921682,12.781880598126266,20.75658185236342
d:38:4.816648561242193,12.781894097537156,12.781879919562895,20.74712545585786
d:39:4.805512924507969,12.781892372165919,12.7818766357921,20.75825608345005
d:40:4.81451962661842,12.781893494686067,12.781877836486084,20.74925170455373
d:41:4.803985814781555,12.781892291926331,12.781874848398832,20.759781325543607
d:42:4.811563925564894,12.781894097537156,12.781878303669817,20.75220847564208
d:43:4.799996570970986,12.781891953638592,12.781873935641066,20.763769318308672
d:44:4.807963375136314,12.781894097537156,12.781878256935368,20.755808979336212
d:45:4.800099738293255,12.781892420133085,12.781874696426568,20.763667378266398
d:46:4.804351575952197,12.781892869647633,12.781876700198188,20.759417993893624
d:47:4.797208322276447,12.781893162236594,12.78187700530039,20.766561845260537
d:48:4.8057067940708045,12.781893288063431,12.78187807134598,20.758064565338607
d:49:4.793959815848357,12.78189335316985,12.781874168045949,20.769807705367445
d:50:4.804148199924903,12.781892420133085,12.781871832647717,20.759616052855897
d:51:4.793157701031642,12.781893649579084,12.781876449142436,20.770612397689877
d:52:4.798815204987207,12.781893494686067,12.781873378971287,20.764951668670147
d:53:4.792860709531077,12.7818928890396,12.781876280086221,20.770908459594743
d:54:4.798901745688994,12.78189316212048,12.781874905106063,20.76486632153755
d:55:4.790761376202891,12.781894073959606,12.781875705726803,20.77300840348352
d:56:4.798422516280095,12.781894097537156,12.781872048737034,20.765343629994096
d:57:4.790595112231728,12.781894097537156,12.781871107255041,20.77317009256047
d:58:4.793404583514949,12.781892629488468,12.781871191378187,20.770359237351705
d:59:4.788393763384359,12.78189143230401,12.781875181774456,20.775372850694108
d:60:4.792264628213996,12.781893586617425,12.781872137878505,20.771501096281934
d:61:4.785831319811649,12.78189316212048,12.781872261487527,20.77793410379636
d:62:4.791691272779495,12.78189240294885,12.781873262430107,20.772074392599464
d:63:4.785809467403087,12.781894097537156,12.781869068060503,20.777953698194572
d:64:4.788107099085334,12.78189345733267,12.781873380248435,20.775659738495772
d:65:4.783961498041812,12.78189373524022,12.781874011151427,20.779806248349836
d:66:4.787336671238872,12.781894097537156,12.781867170059341,20.776424596357625
d:67:4.782011862057445,12.78189240294885,12.781870823516483,20.78175136440789
d:68:4.786452418721652,12.781892869647633,12.781866932181863,20.777307383107846
d:69:4.780813110090492,12.781894000459037,12.781870258678385,20.78295114904693
d:70:4.784657787714124,12.781891349311387,12.781870427233805,20.779103988831068
d:71:4.780375888202563,12.781893644590944,12.78187164638777,20.78338940277615
d:72:4.7862940883539835,12.781894496068508,12.781872346551433,20.777472754265958
d:73:4.777001958374015,12.781894000459037,12.781868574521607,20.786760616606628
d:74:4.783964269763846,12.781894026122696,12.781870416517215,20.779800172876065
d:75:4.777145436369356,12.78189373524022,12.781868523364098,20.786616822234965
d:76:4.781429513405303,12.781895599187413,12.781870831655842,20.782336917437952
d:77:4.776888647520867,12.781895457871842,12.78187019424998,20.786877004600957
d:78:4.780078200062178,12.78189316212048,12.781864320674806,20.78367928273311
d:79:4.774381270015599,12.781893836475925,12.781864982007207,20.78937754846753
d:80:4.781014249879771,12.781894496068508,12.781868688658411,20.78274893484715
d:81:4.775677114023324,12.781894496068508,12.781867488093642,20.788084870138825
d:82:4.777248603371952,12.781893249300216,12.781860836889948,20.786505482818214
d:83:4.774013112457212,12.781893911873423,12.781866413524781,20.789747212940995
d:84:4.777567266199448,12.781895219863237,12.781867612750867,20.786195566414655
d:85:4.772559279429853,12.781894496068508,12.781865364845517,20.791200581484173
d:86:4.775702780026858,12.78189376831238,12.78186523750195,20.78805622578747
d:87:4.773442621573746,12.781895943130383,12.78186505105269,20.790318372609327
d:88:4.774405484657262,12.781894462878087,12.78186565681941,20.789354635040237
d:89:4.770691375154819,12.781892644622344,12.781860560208708,20.793061829676233
d:90:4.774449604592174,12.781894496068508,12.781863748058989,20.789308639535324
d:91:4.7701154771276855,12.781894026122696,12.781862837818009,20.793641386813018
d:92:4.772718380109865,12.78189555492636,12.781863966166071,20.791041140982564
d:93:4.7695029398450615,12.78189240294885,12.781859271725741,20.79424873482953
d:94:4.77214861389513,12.78189325318,12.781862931818342,20.79160757110321
d:95:4.769926922805922,12.78189373524022,12.781862552438122,20.793829364872423
d:96:4.771354203833226,12.781893145159767,12.781864963632563,20.7924039049591
d:97:4.767347691651231,12.781892379270806,12.781861750989819,20.796406438609395
d:98:4.7698826948336865,12.781891349311387,12.781860560903226,20.793869215380926
d:99:4.768177546606388,12.781895821143978,12.781865053451643,20.795583327989235
d:100:4.769034625821973,12.781892884770429,12.781859230368026,20.794717489316483
d:101:4.765858037614006,12.781892379270806,12.781861821070429,20.79789616272723
d:102:4.768721863930921,12.781894496068508,12.781864026399187,20.795036658536773
d:103:4.765803488752873,12.781894251953375,12.781864697204409,20.79795546040491
d:104:4.7665506532544555,12.78189555492636,12.781865660589157,20.79721056226106
d:105:4.766101224754696,12.781891349311387,12.781859623851123,20.797649748407814
d:106:4.76558590138842,12.781893495310666,12.78186478413444,20.798172378056684
d:107:4.764736042633032,12.78189216624992,12.781861251535242,20.79901737515213
d:108:4.76598595310389,12.781894496068508,12.781864811618934,20.79777335458355
d:109:4.762095203236164,12.781893495310666,12.781864859499295,20.8016631515738
d:110:4.764639408179306,12.78189356497766,12.78186681239656,20.799120969194913
d:111:4.762693821862602,12.78189429518157,12.78186499004642,20.801065463365386
d:112:4.764948112233334,12.78189345733267,12.781861848617174,20.79880719371651
d:113:4.763203716875971,12.7818947446727,12.781866963448676,20.800557991245405
d:114:4.762958513095569,12.781894251953375,12.781867639945323,20.80080337880313
d:115:4.761549194976798,12.781894183727273,12.78186772238539,20.802212711135866
d:116:4.762275580286143,12.781892383493338,12.781862260122168,20.80147906332936
d:117:4.760975606289598,12.781893522246385,12.781866069270157,20.802783985226945
d:118:4.7623363744991,12.781895267955155,12.78186656756416,20.801425461020216
d:119:4.760887105085406,12.781894320290618,12.781867367173213,20.802874582378426
d:120:4.761139718875867,12.781894496068508,12.781865196378327,20.80261997357097
d:121:4.759824068526413,12.781894462878087,12.781866764425354,20.80393715877703
d:122:4.76078776642634,12.781894320290618,12.781868321061868,20.802974874926146
d:123:4.759865895587552,12.78189373524022,12.781862567356615,20.803890407009284
d:124:4.758861751120506,12.781895813745146,12.781868372313033,20.804902434937674
d:125:4.7589433761960755,12.781895706764697,12.781867991860128,20.80482032242875
d:126:4.759960123129659,12.781892393026723,12.781869835568747,20.803802105465813
d:127:4.758554445773029,12.781895416379959,12.781868949691845,20.805209920298772
d:128:4.759168544783911,12.781895972028865,12.781868963936876,20.804596391181832
d:129:4.75901733677836,12.78189376831238,12.78186336668641,20.804739798220428
d:130:4.758873228927019,12.781893446874278,12.781869811792891,20.80489002974015
d:131:4.757645087457213,12.781894496068508,12.781864653595221,20.806114062206518
d:132:4.757181789815775,12.78189356497766,12.781870183258924,20.806581958420807
d:133:4.758448213142959,12.781893286562953,12.781869320978446,20.80531439439844
d:134:4.755646527294854,12.781895713361134,12.781868257251528,20.80811744331781
d:135:4.758322423600902,12.781894496068508,12.781864354079689,20.805436426547296
d:136:4.7565206976932295,12.781894496068508,12.781865155426535,20.807238953801814
d:137:4.756101830728102,12.781893188938817,12.781870372482594,20.807661730693308
d:138:4.75702958173725,12.78189555492636,12.781868092101922,20.80673406529103
d:139:4.754734593603267,12.781896265113433,12.781868901829357,20.809030573339523
d:140:4.7557269249501175,12.781895439373963,12.781869096120827,20.808037610544673
d:141:4.755288624086344,12.781895747636453,12.781869395461987,20.808476519012096
d:142:4.756287116669693,12.781894320290618,12.781871988010035,20.80747919163096
d:143:4.754427365582686,12.781895898932252,12.781869653891013,20.809338187240577
d:144:4.755590636656258,12.781896212656788,12.781872659111968,20.8081782351125
d:145:4.75324304939322,12.781896372102672,12.781871177432816,20.810524500142268
d:146:4.7544001032605046,12.781895881336604,12.781869353127766,20.809365131203865
d:147:4.755228368753752,12.781896043964274,12.781868902490976,20.8085365777015
d:148:4.753791120899145,12.78189429518157,12.781870786841543,20.809973961123966
d:149:4.753093730272685,12.781895219863237,12.781865331023214,20.810666820613765
d:150:4.75352459023453,12.78189356497766,12.781869220055833,20.810238194798963
d:151:4.751954941979388,12.781894827228673,12.78186893852361,20.811808823772896
d:152:4.75238897652358,12.781896202022747,12.781871707901635,20.8113789334008
d:153:4.752286989155131,12.781898304397467,12.781872153871978,20.811483469114314
d:154:4.752942858250773,12.781894993359918,12.781870893091936,20.81082302820108
d:155:4.750624673050186,12.781897300259047,12.78187073956252,20.81314336677138
d:156:4.752460359779555,12.78189555492636,12.781865632836892,20.811300827983697
d:157:4.750364198673104,12.781896799605782,12.78187052157023,20.81340312250291
d:158:4.751117807388368,12.781894937470922,12.781866473703367,20.812643603785922
d:159:4.75220151431353,12.781895402831607,12.781870877006133,20.81156476552421
d:160:4.750300742754742,12.781896202022747,12.781871662221704,20.81346712148971
d:161:4.749574942753554,12.781893145237259,12.781869984670736,20.814188187154443
d:162:4.7509925643414626,12.781898156638453,12.781873474010796,20.812779066307787
d:163:4.750137801838843,12.781895664737478,12.78187284735985,20.813630710258483
d:164:4.749717549347942,12.781896653861581,12.781871995873713,20.814051100387353
d:165:4.7499735221716115,12.78189356497766,12.78187161383384,20.81379165663989
d:166:4.749502946726064,12.781894993359918,12.781870689819893,20.814262736453745
d:167:4.748594533238663,12.781897519120077,12.781872928037597,20.81517591391901
d:168:4.75023738094162,12.781896792351919,12.7818734231851,20.8135328345954
d:169:4.74840385904087,12.781893446874278,12.781870832109284,20.815360419942692
d:170:4.7496481742577465,12.781897296860969,12.781873590320618,20.81412271292384
d:171:4.749333570084495,12.781895773527827,12.781873822712678,20.81443602615601
d:172:4.748419584887436,12.781897662326775,12.781872631181553,20.81535070862089
d:173:4.747552800712057,12.781898831471443,12.781872789484545,20.816218820243932
d:174:4.748003033595065,12.781896792351919,12.7818723028132,20.815766061570056
d:175:4.748650481121285,12.781896215963373,12.78187303277999,20.815118767622078
d:176:4.746851154343386,12.781899282027396,12.78187437481281,20.81692250249682
d:177:4.748703078447814,12.781897300259047,12.781871975119971,20.815066196931202
d:178:4.7475319595583905,12.781896212656788,12.781872797609696,20.816237050708093
d:179:4.74733719064654,12.781897879464598,12.781873167382972,20.81643385620103
d:180:4.74697625626699,12.781896295044458,12.781875459516144,20.81679549829361
d:181:4.747125334221096,12.781899282027396,12.781876491896249,20.81665043970255
d:182:4.746308712894521,12.781896295044458,12.781875722110668,20.817463304260603
d:183:4.746400278706581,12.781896668093355,12.781874959773669,20.817371349160442
d:184:4.74666014946548,12.781900994336887,12.781877983497319,20.817118828368724
d:185:4.745974532946846,12.781902422696518,12.781877729110036,20.81780561885971
d:186:4.746098324233131,12.781897300259047,12.781874928290579,20.817673904316493
d:187:4.745648754486865,12.781897296860969,12.781874928900486,20.81812347127459
d:188:4.745048539703092,12.781896202022747,12.781873318435345,20.818720980755
d:189:4.745721730908819,12.781892393026723,12.781869898339062,20.818040560456964
d:190:4.745235343726311,12.781896202022747,12.781872362192463,20.8185332204889
d:191:4.745704962728954,12.78189688979718,12.781875485875013,20.81806741294324
d:192:4.744784277936471,12.781903422238532,12.78187481007824,20.8189939543803
d:193:4.745505932072533,12.781897166963372,12.781874115319471,20.81826535021031
d:194:4.743270668810826,12.781894870355039,12.781872602665636,20.82049680420985
d:195:4.744712689251475,12.781896295044458,12.781874538027866,20.81905814382085
d:196:4.744739505237398,12.781894320290618,12.781870245747962,20.81902506080118
d:197:4.743666242095198,12.781896265113433,12.781873166636855,20.82010318965509
d:198:4.743741522192845,12.78189642347489,12.78187526559906,20.820030166881107
d:199:4.744664041566303,12.781895416379959,12.781871402206546,20.819102777020202
d:200:4.743635166189744,12.781897662326775,12.781874863242622,20.820137359379654
d:201:4.7429372420243325,12.781898831471443,12.78187456094008,20.82083615038719
d:202:4.743521592303058,12.781896202022747,12.781872843536043,20.820247453255732
d:203:4.743102384442132,12.781896792351919,12.781875512483422,20.820669920393208
d:204:4.743955591441889,12.781901697398066,12.781878095438717,20.819824201394894
d:205:4.743168261702294,12.781898273438326,12.7818764723087,20.82060648404473
d:206:4.742573704022249,12.781904666970913,12.781877619925138,20.8212085828738
d:207:4.742246350585649,12.781898156638453,12.781876506147244,20.821528312200048
d:208:4.742503132987821,12.781896299013955,12.78187663128537,20.8212697973115
d:209:4.742013239660025,12.781895650148128,12.781877413658862,20.821759824146966
d:210:4.742877617840975,12.781896295044458,12.781875296305932,20.820893973509413
d:211:4.742843178014443,12.781904666970913,12.781878447913947,20.820939936870417
d:212:4.74110418543858,12.781895402831607,12.781876565235208,20.822667782628237
d:213:4.741734997326304,12.781901771593413,12.781877205653451,20.822043979920558
d:214:4.741671692405102,12.781895075854058,12.781873329314148,20.822096712763102
d:215:4.74122368050676,12.781897662326775,12.78187820498097,20.822552186800987
d:216:4.741020652740946,12.781902566518614,12.78187949849032,20.822761412267987
d:217:4.740904529979375,12.7819032670265,12.781880472579596,20.82287920962672
d:218:4.741712819561531,12.781901526786465,12.78187831447325,20.822067021698185
d:219:4.740729584730396,12.781895361828699,12.781879450518343,20.823045227616646
d:220:4.740086974247859,12.781911029423533,12.781879194581176,20.82370324975685
d:221:4.74122832434886,12.781895501155942,12.781877135998013,20.822544312805093
d:222:4.740632782616583,12.781907578580388,12.781880657337187,20.82315545330099
d:223:4.739215982191684,12.781897153495706,12.781879352794109,20.82456052409813
d:224:4.741496053750634,12.781900994336887,12.781880552018167,20.82228549260442
d:225:4.740034358025024,12.781896120931789,12.781879423033272,20.823741185940037
d:226:4.739836292816307,12.781896785641637,12.781880963165786,20.82394145599112
d:227:4.740123602317521,12.781895705674767,12.781879107958998,20.823651211316243
d:228:4.739517359255874,12.781897519120077,12.781881819149437,20.824261979013638
d:229:4.739885195298385,12.781907064872447,12.781882019664115,20.823903889238178
d:230:4.739902306019225,12.78190670057709,12.78188148219155,20.823885876749415
d:231:4.739300048943715,12.781897879464598,12.781881038695056,20.82447886921594
d:232:4.738808865280941,12.781896792351919,12.78187606258267,20.82496398965365
d:233:4.738238813635071,12.781896390262506,12.781876611581076,20.82553418820851
d:234:4.740064850952386,12.781896295044458,12.781881288084442,20.823712732176514
d:235:4.737746334680722,12.781907470445812,12.781884507609469,20.82604564337456
d:236:4.739237765066754,12.781909650816775,12.781884204414718,20.82455609016474
d:237:4.7393056834415574,12.781909019896458,12.781884053443068,20.824487389897968
d:238:4.737786403292791,12.781907436554256,12.781884067199577,20.826005100461042
d:239:4.737896122075181,12.78189594743372,12.781882350549159,20.825882175907697
d:240:4.738984003529016,12.781903422238532,12.781885053377394,20.82480447208691
d:241:4.737776570447597,12.78189588251485,12.78188054269958,20.82599985476683
d:242:4.737787210339075,12.781906644114937,12.781884788816154,20.826004222592015
d:243:4.737679454354716,12.781898156638453,12.781882619964955,20.826101322248693
d:244:4.73751617966521,12.781906794400474,12.781884414875979,20.826275029611242
d:245:4.737731261635268,12.781902966495444,12.781881623299176,20.826053328159354
d:246:4.737305870477375,12.781896653861581,12.781878133591995,20.8264689169762
d:247:4.738199647691154,12.781901526786465,12.781883777904245,20.825585656999557
d:248:4.7369297942348645,12.781907288389444,12.78188648739218,20.82686398154676
d:249:4.737853343774308,12.781898831471443,12.781881985828624,20.82592747352576
d:250:4.736659691072205,12.781901771593413,12.781883326924595,20.827125407445802
d:251:4.736928400859888,12.78190214255113,12.78188326629743,20.82685700798867
d:252:4.7375636332048146,12.781896295044458,12.78188535011052,20.82621801195016
d:253:4.736431101577949,12.781908056812398,12.781887382485417,20.827364337719864
d:254:4.736988291020001,12.781901697398066,12.781885420175959,20.826798826554022
d:255:4.737482844380136,12.781906040117915,12.781885315064866,20.826308510802644
d:256:4.736544174698825,12.781903422238532,12.781884907202349,20.827244154742058
d:257:4.735669138030264,12.781898304397467,12.781883141936362,20.828112308303563
d:258:4.736636344525504,12.781903917401548,12.78188602862172,20.827153601497766
d:259:4.736486511362472,12.781906632803459,12.781886388053104,20.827306509494093
d:260:4.7364284136154495,12.781896295044458,12.781885958171912,20.82735383960092
d:261:4.735678107485569,12.781909941349488,12.781889037652213,20.828120871516134
d:262:4.736737892662262,12.781908245940121,12.781887063282854,20.827057416560713
d:263:4.734669953498145,12.781897300259047,12.781884084322648,20.82911143108355
d:264:4.735752542142958,12.781899282027396,12.781887121569149,20.828033861453587
d:265:4.735432079113451,12.781909671206341,12.781888606582278,20.82836619867517
d:266:4.735754641668535,12.78189942073208,12.78188734847057,20.828032127534115
d:267:4.734195928682158,12.781896212656788,12.781882251674803,20.829582535649433
d:268:4.736591408158059,12.781901526786465,12.781885422513719,20.827195541142125
d:269:4.735357750442027,12.781897892422734,12.781885957849761,20.828426099830466
d:270:4.734612457787804,12.781909941349488,12.7818883261438,20.829185809705486
d:271:4.734379730017196,12.781901771593413,12.781887171717907,20.829409213294124
d:272:4.7360889133444175,12.781910572179804,12.78188913656692,20.827710795402304
d:273:4.734518341039617,12.781896295044458,12.781887192020497,20.829265146025335
d:274:4.733725346614079,12.781901352997078,12.781889548345578,20.830065554728577
d:275:4.735153079110507,12.781907328817244,12.781888153649408,20.828642403356145
d:276:4.734889462984899,12.78190670057709,12.781890774493286,20.828908012085478
d:277:4.734033419431412,12.781911968255107,12.781890583766822,20.829769132590517
d:278:4.734004552285597,12.781906644114937,12.781887371584585,20.829789463413924
d:279:4.734748034986964,12.7819032670265,12.781887570527019,20.829042802566555
d:280:4.734184998988777,12.781906664363467,12.781891238010681,20.82961290338537
d:281:4.73421042663324,12.781902121783515,12.781888578097318,20.829580273247593
d:282:4.734692100831399,12.781895361828699,12.781887633631287,20.82909089462859
d:283:4.7341566288243015,12.78190306112066,12.781888294239485,20.829634726535843
d:284:4.733071021859725,12.781910383263392,12.781889656191643,20.83072901759531
d:285:4.734553859513973,12.781909941349488,12.781889250540164,20.829245332375677
d:286:4.734486607908945,12.781906644114937,12.781887738697723,20.829307774903715
d:287:4.733116946236343,12.781906765426488,12.781891320718941,20.830681139909085
d:288:4.734572996736848,12.78191164384319,12.781891584168728,20.82923023127507
d:289:4.732389156550635,12.781905974373549,12.781891572235818,20.83140839005873
d:290:4.733497680965208,12.781909941349488,12.781887998183413,20.830300258567693
d:291:4.7332629463913385,12.781909941349488,12.78188862486931,20.83053561982746
d:292:4.732676412930573,12.781906664363467,12.781892306569517,20.831122558002413
d:293:4.733049811121532,12.781911864455394,12.781893422122193,20.830755475456055
d:294:4.734669301410808,12.7819083391521,12.78188850688178,20.829127544623073
d:295:4.732028292069817,12.781913006711994,12.781894559820186,20.831779274462363
d:296:4.731409961435691,12.781911968255107,12.781892185501803,20.83239419232122
d:297:4.732693286930228,12.781906398760809,12.781893890923586,20.831107002754166
d:298:4.733579518856089,12.781907428580073,12.781893336983268,20.830221246707254
d:299:4.731484516355504,12.781905974373549,12.781893289180651,20.832314747198698
d:300:4.732794987324212,12.781911206215746,12.78189125926852,20.831007478160053
d:301:4.7321560640655385,12.781911408853958,12.781893299823341,20.83164864461176
d:302:4.731971713577259,12.781899282027396,12.781889394052792,20.831816962502927
d:303:4.732458467999329,12.781910466865277,12.781890445293428,20.831342444159375
d:304:4.7326186138923845,12.781909798684573,12.781894899183255,20.831186083975446
d:305:4.731325128131839,12.781898273438326,12.78189045984298,20.832463605149467
d:306:4.733253700629785,12.781907436554256,12.781894003505155,20.830547739429626
d:307:4.7312294832772,12.781911546584658,12.78189589211147,20.832577955418927
d:308:4.73149665751464,12.781902782920884,12.781894415235353,20.832300540641597
d:309:4.731176467506909,12.781909837227001,12.781893707562165,20.832627077282257
d:310:4.732073217054317,12.781912916427133,12.781897387026747,20.831737086399563
d:311:4.730694085848992,12.7819046911432,12.781892400821418,20.833103006115625
d:312:4.732266461219194,12.781907288389444,12.781895410058262,20.831536237228512
d:313:4.730673615699395,12.781911019797535,12.781896322067212,20.83313372616535
d:314:4.731273736483839,12.781913467428875,12.78189746540507,20.832537196350106
d:315:4.731873220824788,12.781896295044458,12.781888123018044,20.831911197237716
d:316:4.730511985047276,12.781897686292401,12.781889550389085,20.83327525163421
d:317:4.730712435440768,12.781913817809976,12.781896363984199,20.833097746353406
d:318:4.731741667456355,12.781911757802945,12.78189560577648,20.83206569612307
d:319:4.730154817355217,12.781910438330064,12.781896250529245,20.83365187150409
d:320:4.7303047455337826,12.781903422238532,12.781894507679034,20.833493184383784
d:321:4.731025929307023,12.781910703895731,12.781895226859998,20.832780001448704
d:322:4.730918064126623,12.781900994336887,12.781891967729234,20.832874897939497
d:323:4.730075203618529,12.781909318521768,12.781892564000986,20.833726678904224
d:324:4.730284556367163,12.781906398760809,12.781895046475784,20.83351688886943
d:325:4.730916385980599,12.781907428580073,12.781894465101226,20.832885507700702
d:326:4.729937227913489,12.781903571639582,12.781894599120177,20.83386094284627
d:327:4.730511887433636,12.781912511734257,12.781897490180361,20.833298114480982
d:328:4.730375795732471,12.781910572179804,12.781894813147623,20.833429589594957
d:329:4.73002893454095,12.781911498415404,12.781897942620532,20.833780506494985
d:330:4.730662764022213,12.781910520652737,12.781895770808905,20.83314352743943
d:331:4.730558180404568,12.781910363738424,12.78189606419439,20.833248247528246
d:332:4.730014790502654,12.781904666970913,12.781893510749752,20.83378338721801
d:333:4.730715754154058,12.781910703895731,12.781895551013676,20.83309050075535
d:334:4.7302075957910255,12.781913955974133,12.781898757816883,20.83360511799999
d:335:4.729407894474729,12.781914640799233,12.781900267503016,20.83440701382752
d:336:4.7313198573934265,12.78191164384319,12.781897504466484,20.832489290916246
d:337:4.729204748977388,12.78191042910654,12.781894504813334,20.834600184942488
d:338:4.731145952976785,12.781909975867583,12.781894969279762,20.83265899217056
d:339:4.729611884058379,12.781911019797535,12.781895404857638,20.834194540596794
d:340:4.72891583381816,12.78190815111973,12.781895787033466,20.834888104335036
d:341:4.730069849306371,12.781916945951098,12.781896583773664,20.83374368041839
d:342:4.729867817762035,12.781909941349488,12.78189436309842,20.83393648668587
d:343:4.729911724545861,12.7819083391521,12.781894002100751,20.83389061670699
d:344:4.729551974710322,12.781916170957889,12.781898779478112,20.83426297572568
d:345:4.729291746342003,12.78190670057709,12.78189519864776,20.834510152882846
d:346:4.728456731901275,12.781907805451421,12.781895040012309,20.835346113562455
d:347:4.730198242209447,12.781909987972547,12.781895169380757,20.833606915143857
d:348:4.729698710678811,12.781912799477182,12.781898540853014,20.834112629651386
d:349:4.729499702938064,12.781916072819445,12.781899838087158,20.83431620796854
d:350:4.728463712642327,12.781912916427133,12.781898283249044,20.83534748703385
d:351:4.729667831258734,12.781906202582023,12.781895342244487,20.834133713567777
d:352:4.728906412560423,12.781911968255107,12.781896237721995,20.83490179341668
d:353:4.728991411568565,12.781906664363467,12.78189341150369,20.834808664298592
d:354:4.729477266165432,12.781916170957889,12.781898119920976,20.834337024713435
d:355:4.728684746266225,12.781916965267554,12.781902704891815,20.835134923893143
d:356:4.728177488082274,12.781914640799233,12.781897729899764,20.835634882616723
d:357:4.7291769050509025,12.781907436554256,12.78189444267478,20.834624974178134
d:358:4.729288381830109,12.781907805451421,12.7818937226634,20.834513146284714
d:359:4.728205978941361,12.781902782061064,12.781891977771537,20.83558878089124
d:360:4.728499223500744,12.781911206215746,12.781896347678442,20.835308330393442
d:361:4.727587084013056,12.781908056812398,12.781895375479987,20.83621634827933
d:362:4.727768160998089,12.781916744195271,12.781901427872551,20.836050011069734
d:363:4.727644807032192,12.781906644114937,12.781894965612304,20.83615680269505
d:364:4.728079405888181,12.781915500065656,12.781898162722367,20.83573425689984
d:365:4.7285410038568685,12.781906664363467,12.78189641363399,20.835262074140587
d:366:4.728187117017402,12.781906794400474,12.781896159474394,20.835615836857468
d:367:4.728088688679797,12.781917261043754,12.781901228017672,20.83572980038163
d:368:4.72795632205975,12.781917100871343,12.781903055838908,20.8358638346505
d:369:4.727154322995979,12.781914005014935,12.781898388896082,20.836658070915036
d:370:4.7271445576882805,12.781918954397948,12.781904742356716,20.836679139066383
d:371:4.727320429602546,12.781915500065656,12.781898625037751,20.83649369550086
d:372:4.728091789656055,12.781907288389444,12.781895227715026,20.835710726448415
d:373:4.726855062919423,12.781907288389444,12.781895840854748,20.83694806632477
d:374:4.727795267032327,12.781915500065656,12.781900427061757,20.836020660095087
d:375:4.7278884211014045,12.781917629996457,12.781905381683833,20.835934590578887
d:376:4.7279428327192505,12.781912082183796,12.781900279398888,20.835869528863434
d:377:4.7271333530687265,12.781915922978534,12.781901158870406,20.836683728780212
d:378:4.727781718934047,12.78191164384319,12.781896165129927,20.83602609003907
d:379:4.727379848758719,12.78191665502853,12.781901768999584,20.836438575269394
d:380:4.727346501497031,12.781912916427133,12.7819003841678,20.836466799097902
d:381:4.727612584486398,12.781917629996457,12.781905017624888,20.836210063134946
d:382:4.726114122913852,12.78191553367264,12.781900140766453,20.83770155152524
d:383:4.726659513110789,12.781910249424488,12.781895911379317,20.837146647693018
d:384:4.727712097562538,12.78191693516972,12.781907252613419,20.836112090220603
d:385:4.726691064064131,12.781910520652737,12.781899113273324,20.837118569861932
d:386:4.727018483118652,12.78190951490135,12.781896098456015,20.836787130238715
d:387:4.726456976486222,12.781916170957889,12.781900217335123,20.83735941180679
d:388:4.726555411468674,12.781914341569543,12.7818988565848,20.83725778668567
d:389:4.726019680255593,12.781917248047765,12.781907597159847,20.83780516495202
d:390:4.727734850597255,12.781917502856315,12.781900763576127,20.836083415835187
d:391:4.727145776024116,12.781905974373549,12.781897883583156,20.83665808193259
d:392:4.725636488139813,12.7819083391521,12.781893268041015,20.8381651190533
d:393:4.72667354185441,12.781909594310799,12.781898648853124,20.837134701309513
d:394:4.72612356511253,12.781907975491176,12.781897328098744,20.83768173847739
d:395:4.7265417943003705,12.781911546584658,12.781899627562371,20.837269379846656
d:396:4.7266027119362874,12.781906398760809,12.781898549901971,20.83720223672649
d:397:4.726618477801026,12.781911258871315,12.781899350116264,20.837192131186555
d:398:4.725549714412157,12.781909993550315,12.781893970910145,20.838254250048305
d:399:4.727258938177258,12.781906211961967,12.781898598203428,20.836545871988136
d:400:4.725833043067482,12.781916910691873,12.781902148757606,20.837986016381997
d:401:4.727011927229693,12.781917886377697,12.78190043599806,20.836806395146063
d:402:4.726435532417302,12.781912332528213,12.781897160313074,20.837373960423985
d:403:4.725594816546682,12.781907288389444,12.781898367782986,20.83821083962575
d:404:4.725834155610748,12.781913479515932,12.781901109268317,20.8379804331735
d:405:4.726323685046211,12.781910703895731,12.781899196123298,20.83748621497282
d:406:4.725614936290061,12.781914909093286,12.78190203870075,20.838202011503977
d:407:4.7255771437092555,12.781911968255107,12.781897988321079,20.83823281286693
d:408:4.725754062038931,12.781911019797535,12.78189996618187,20.838056923940474
d:409:4.725293595747605,12.781916975628986,12.781908278208176,20.838531658089558
d:410:4.726607019448714,12.781917757463468,12.781904182467636,20.83721492048239
d:411:4.725923977981449,12.781908389661288,12.781899827590301,20.837884239270142
d:412:4.726272489625611,12.781917147727395,12.78191018346744,20.837554841569226
d:413:4.725695682192541,12.781906211961967,12.781897682579233,20.83810821234866
d:414:4.724677913229204,12.781917100871343,12.781901948124718,20.839141135766855
d:415:4.72532284547227,12.781917154573193,12.781902911619662,20.838497220720583
d:416:4.725581556965988,12.781907288389444,12.781897840508462,20.838223571931916
d:417:4.724687158155962,12.781915248262203,12.78191125322708,20.83913934333332
d:418:4.725272926858224,12.781908056812398,12.781898931315066,20.83853406126924
d:419:4.725405191951708,12.781917757463468,12.781900999585616,20.838413565097376
d:420:4.7253180275194495,12.781917757463468,12.781901272784852,20.83850100272887
d:421:4.724918087948787,12.781907920488589,12.781897989923474,20.838887822463278
d:422:4.724423581819604,12.781917517866919,12.781910496188827,20.83940443223614
d:423:4.724824481689268,12.781907470445812,12.781897793539887,20.83898078229643
d:424:4.725429232579426,12.781915500065656,12.781900931944818,20.83838719943105
d:425:4.725242754431132,12.781915251930101,12.781901608185056,20.838574105684025
d:426:4.7238785674751895,12.781916263269538,12.781906949779057,20.839944645573404
d:427:4.725868792933568,12.781914518855512,12.781898979773743,20.837944705695687
d:428:4.724534800848581,12.781915725833,12.781900366296355,20.839281291280777
d:429:4.725176431627592,12.781913188420058,12.78191256625316,20.838649323045626
d:430:4.724617031458504,12.781918954397948,12.781903965494813,20.839205888434257
d:431:4.725539956419993,12.781917402303405,12.781908766931425,20.838286212814836
d:432:4.723747786060713,12.78191164384319,12.781899991063863,20.84006384884634
d:433:4.724671531715863,12.781911244555703,12.781899152788865,20.839138865628705
d:434:4.72482835145987,12.781912916427133,12.781900619065471,20.838985184032737
d:435:4.724813715841904,12.78191194531428,12.781914137205963,20.83901236667834
d:436:4.7252659834263895,12.781917371813547,12.781906306538703,20.83855769492586
d:437:4.7246852006881355,12.781908056812398,12.781897055148638,20.839119911272903
d:438:4.723308052993815,12.781916867518932,12.781899865710967,20.840508680236084
d:439:4.725623897982636,12.781918405967351,12.781901576301127,20.83819608428584
d:440:4.724444141252974,12.781908196767947,12.78191380938992,20.839377864904893
d:441:4.724330815998535,12.781917191908214,12.781897960813897,20.839484336723576
d:442:4.724461868370867,12.781915500065656,12.781896555642811,20.8393501873376
d:443:4.725174046152457,12.781915685796006,12.781902845158248,20.838644484801797
d:444:4.724232847303664,12.781916484316161,12.781894040585549,20.839577677598047
d:445:4.72420818425277,12.781914640799233,12.781892148383905,20.83959860493037
d:446:4.725008096306013,12.781915894089671,12.781896787574118,20.838804585357778
d:447:4.723428315348002,12.78191276233178,12.78189532122807,20.840379768211847
d:448:4.724151719524027,12.78191164384319,12.781893355041895,20.839653279361055
d:449:4.724917505359954,12.781916561563342,12.781895099260952,20.838894155464338
d:450:4.723777247590263,12.781911206215746,12.781892352200241,20.840026310825724
d:451:4.724273621037554,12.781906765426488,12.781887744857066,20.839520889246
d:452:4.724507229966807,12.781911019797535,12.781894492222758,20.839298282053488
d:453:4.7237289092005135,12.781917477395387,12.7819000920269,20.840088660221774
d:454:4.723622377255776,12.781917502856315,12.781895653098768,20.840190778699306
d:455:4.72405597287559,12.781915924979396,12.78189658093366,20.839756533037466
d:456:4.722605911011815,12.781909798684573,12.781894051469163,20.84119793914192
d:457:4.723746022202736,12.781907069223552,12.781910448167194,20.84007149518801
d:458:4.724004266595436,12.781907156215752,12.78190759384616,20.839810483466476
d:459:4.723426296592049,12.78191276233178,12.7818953397685,20.840381805508233
d:460:4.723713611947691,12.781907811435959,12.781907102753575,20.840101302241845
d:461:4.723414388891442,12.781905773513564,12.781910771634967,20.840402156257092
d:462:4.722160138202984,12.781910520652737,12.781894719730353,20.841645102180106
d:463:4.7237903945270965,12.781916312365155,12.781896486130803,20.840022403968863
d:464:4.72314154914644,12.781916910691873,12.781897510924104,20.840672872469536
d:465:4.723319162340644,12.781917040827434,12.781897790434458,20.84049566892125
d:466:4.724522340652673,12.781907805451421,12.78189015209605,20.8392756168948
d:467:4.723016217492333,12.781917147727395,12.78190091655439,20.84080184678945
d:468:4.722663388886726,12.781917484943468,12.781897683656789,20.84115177971353
d:469:4.723187356778489,12.781906750535763,12.781907710120551,20.840627103877825
d:470:4.722820410783989,12.781916557607886,12.781896778611154,20.840992925435053
d:471:4.722514736623225,12.781913467428875,12.781894182554625,20.841292913360277
d:472:4.7227755661621735,12.781916170957889,12.781896055731563,20.841036660527276
d:473:4.7233774126006836,12.781914948808165,12.781903098429673,20.840440634637154
d:474:4.721759291435497,12.781916170957889,12.781896199131127,20.84205307865352
d:475:4.722764245344674,12.781912916427133,12.781894800823968,20.841043471906428
d:476:4.722401512815388,12.781915500065656,12.781894523749706,20.841408510999976
d:477:4.723003966969262,12.781907663437343,12.781911264581531,20.840814961049613
d:478:4.721644495458818,12.781916540888483,12.781896283657646,20.84216832908731
d:479:4.724287330850483,12.781916389324596,12.78189740245432,20.839526460928433
d:480:4.722592881176009,12.781908196767947,12.78190404752659,20.84121936311853
d:481:4.723126215366506,12.781913916387408,12.781895196712254,20.840682897733156
d:482:4.721896002900422,12.781911498415404,12.781891700467513,20.841907195982493
d:483:4.722686723802482,12.781911244555703,12.781891747853942,20.841116268607163
d:484:4.7232923331564685,12.781914640799233,12.781895023201391,20.840517330844154
d:485:4.7232753507573655,12.781907117385314,12.781911086861099,20.840542853489048
d:486:4.721357415812655,12.781917484943468,12.781898439216958,20.84245850834777
d:487:4.7228773557218915,12.7819172256785,12.781895424802208,20.840935294758815
d:488:4.722733573721747,12.781907705082594,12.781907240780596,20.841081372141442
d:489:4.721977973751741,12.781917502856315,12.781895247995068,20.841834777099642
d:490:4.721877183834696,12.781912916427133,12.781891275166485,20.841927007758922
d:491:4.7227770099460855,12.7819144084868,12.78189163379409,20.841029032334806
d:492:4.723062075817165,12.781917757463468,12.781895660743068,20.84075134238937
d:493:4.722186272772923,12.781910438330064,12.781886773074044,20.841610938631185
d:494:4.7213421489149034,12.781908655251778,12.781900191896762,20.842466698233636
d:495:4.721901130780942,12.781908196767947,12.781902103164361,20.841909169151364
d:496:4.722438162903323,12.781907245906458,12.78190514619069,20.841374229193825
d:497:4.7222109061457616,12.781916965267554,12.781892560543932,20.841598619665724
d:498:4.721967295889552,12.781911652316637,12.781890624345381,20.841834980772465
d:499:4.723078359735286,12.781910248222687,12.781888964734785,20.840720853222184
d:500:4.721632885905624,12.781912916427133,12.781891158512275,20.842171189033785
d:501:4.722049679071468,12.781917575213946,12.781895736156542,20.84176363229902
d:502:4.7225516118635475,12.781914793902072,12.781890930034795,20.84125411207332
d:503:4.721323947737794,12.781909594310799,12.781890070829665,20.84247571740267
d:504:4.721615848868819,12.78191164384319,12.781892429457868,20.84218822443224
d:505:4.722731091645439,12.781917629996457,12.781893810601423,20.841080348952442
d:506:4.722488628008566,12.781909895832293,12.781905028881235,20.84132629670496
d:507:4.721866598854856,12.781908655251778,12.781899635056906,20.84194169145383
d:508:4.7218073440664305,12.78191153923214,12.781898319852317,20.842002515018027
d:509:4.722583595034827,12.78190643176297,12.781904041275823,20.841226878003965
d:510:4.720456208028029,12.781915251930101,12.781891414472947,20.843350458375017
d:511:4.722412919623363,12.781906983752673,12.781904051458127,20.841398115587438
d:512:4.719991573967214,12.781907116409336,12.781900326960871,20.843815869402995
d:513:4.723374350595581,12.781905443777223,12.781905984031521,20.840437077213164
d:514:4.720371219494243,12.781911324934807,12.78188737074728,20.843427476187845
d:515:4.721686858706139,12.781917147727395,12.781892939532929,20.842123228554183
d:516:4.721203214099891,12.781916170957889,12.781889954544749,20.842602911402746
d:517:4.722964765452254,12.781912082183796,12.781889894376185,20.840837211107726
d:518:4.720182361787895,12.781916484316161,12.781890851475998,20.843624974004264
d:519:4.721913856737043,12.781913666640206,12.781895995552679,20.84189580545584
d:520:4.720082662965339,12.781912330360772,12.781890597560462,20.843720264955895
d:521:4.721781710887477,12.781907872838298,12.781904917856762,20.842031079807583
d:522:4.721405646046815,12.781906114145693,12.781907110046184,20.84240757814506
d:523:4.721060804270781,12.781911491628051,12.781905439999429,20.842756127356697
d:524:4.720839353953785,12.781915941931882,12.781891594375669,20.842968182353765
d:525:4.7212555075475215,12.78190643176297,12.781907787776493,20.84255871199194
d:526:4.720944726380726,12.781914948808165,12.781894489642776,20.842864712070213
d:527:4.720713766397054,12.781917053419322,12.781893471109358,20.843096758131626
d:528:4.721628159687359,12.781908196767947,12.78189619633331,20.8421762334139
d:529:4.721052741190157,12.781914571520563,12.78190782559096,20.842769655921366
d:530:4.721989361730902,12.781917412435215,12.781891745815622,20.841819796519935
d:531:4.721011708598656,12.781916170957889,12.78188777524715,20.842792237606382
d:532:4.720257945829086,12.781912916427133,12.781890397532646,20.843545368130695
d:533:4.722023683290381,12.781917042643578,12.781890116383211,20.841783475736406
d:534:4.720063272306771,12.781915685796006,12.781892612607901,20.843745026097135
d:535:4.720443137781398,12.781910703895731,12.781884961384685,20.843352527499018
d:536:4.720901145792791,12.781906750535763,12.781896824542283,20.842902429285257
d:537:4.720769134519507,12.781913484357737,12.781893722985028,20.84303807282326
d:538:4.720351216436413,12.781909195233936,12.781893494212275,20.8434514730098
d:539:4.719996384822821,12.781909895832293,12.781902088606186,20.84381559961566
d:540:4.721560096026835,12.781915944877785,12.781889352868053,20.842245201719003
d:541:4.720665029548318,12.781911491628051,12.781900484064213,20.843146946143946
d:542:4.720251351847889,12.781907116409336,12.78189649661658,20.84355226117803
d:543:4.719695293997244,12.78190573530794,12.781893144609581,20.844103585920276
d:544:4.722085584026903,12.781907104495762,12.781905066270618,20.841726586739476
d:545:4.720468200454949,12.781912511734257,12.7818878756312,20.84333218691051
d:546:4.720461736531238,12.781908655251778,12.781891444270425,20.843338362990966
d:547:4.720959705992232,12.781916876686614,12.781890728714343,20.842847899408724
d:548:4.720307395269117,12.78191381970604,12.781889315115393,20.843495739552317
d:549:4.72043237528311,12.781914518855512,12.781888589548158,20.843370733120558
d:550:4.721933906390085,12.781916446775615,12.781888908200159,20.84187144858569
d:551:4.719674479697996,12.78190766498091,12.781905263613837,20.84413844889675
d:552:4.720463158078729,12.781917100871343,12.78189124861192,20.843345191404534
d:553:4.720483610354428,12.781911546584658,12.78188490282961,20.84331283905984
d:554:4.7196608493903405,12.781916587035052,12.781908044906869,20.84416378255158
d:555:4.720438945380941,12.781915351034533,12.781907205002518,20.84338361065611
d:556:4.721057075654585,12.781916278680276,12.781888440513914,20.842747643539603
d:557:4.7199473485033,12.781907914329338,12.781897419681583,20.843857985507622
d:558:4.720004388506304,12.781916945951098,12.78188838662002,20.843800944064814
d:559:4.71999388297818,12.781917560085637,12.781908085509853,20.84383176261731
d:560:4.720737145865446,12.781912012119985,12.781902431476768,20.84307729773131
d:561:4.719487205967532,12.781915737598856,12.781905876969251,20.844334408600574
d:562:4.720652942175533,12.781913817809976,12.781889625111145,20.843150500745587
d:563:4.720796193352683,12.78191217570835,12.781892289333896,20.843008271689563
d:564:4.719703957171099,12.781912082183796,12.781888355413507,20.844096480426202
d:565:4.719600829717617,12.781910596621797,12.781903782537011,20.84421354944119
d:566:4.721924954182235,12.781905617991836,12.781899813369137,20.841880477178737
d:567:4.719346040982092,12.78190643176297,12.781900335090523,20.8444607258714
d:568:4.719848880789133,12.781915916746948,12.781907919551415,20.84397495550923
d:569:4.719749250219667,12.781917037305037,12.781890130313917,20.844057917399287
d:570:4.72029980511779,12.781907825194336,12.781907293149684,20.84351531322623
d:571:4.7191855054482055,12.781917484943468,12.781892583639149,20.844624563134413
d:572:4.720451508736232,12.781915500065656,12.781888874701014,20.843352866030436
d:573:4.7194576958069305,12.78191553367264,12.781891203838862,20.84434904170457
d:574:4.720027940398801,12.781917757463468,12.781892934856689,20.843782751921356
d:575:4.718954721282984,12.781907811435959,12.781894819204336,20.844847909357313
d:576:4.720298789120207,12.781912557279982,12.781909356048484,20.84352312420826
d:577:4.719926562655587,12.7819073879675,12.78189569878047,20.843876524092384
d:578:4.720390396515814,12.781916867518932,12.781892908488878,20.843419379491994
d:579:4.719227077468631,12.781915406429304,12.78188976229437,20.844578091255045
d:580:4.719597935208167,12.781916910691873,12.781889836516164,20.84420881199987
d:581:4.719754280120679,12.7819172256785,12.781892308538726,20.84405525409655
d:582:4.720443998314934,12.781909895832293,12.7819068107704,20.84337270828776
d:583:4.718980973877446,12.781915500065656,12.781889788285602,20.84482431447381
d:584:4.720111713376035,12.781916024112432,12.781903919395148,20.843708230131547
d:585:4.719148788048631,12.781907305417558,12.781893430381167,20.844651947750094
d:586:4.718634453588919,12.781912145316383,12.781893978484774,20.84517167021224
d:587:4.719264694270233,12.781905902134806,12.781894823781387,20.844536031645962
d:588:4.719408594009067,12.781909895832293,12.781905389916306,20.84440669173953
d:589:4.718873178195228,12.781912916427133,12.781886510988116,20.84492624922002
d:590:4.720442385632847,12.78190594918994,12.781895036846851,20.843358600403942
d:591:4.718384325699908,12.781916041573243,12.781890072613608,20.845421788486945
d:592:4.719707521632362,12.781915351034533,12.78190958245641,20.84411741185858
d:593:4.718680730843261,12.781914571520563,12.781905199349598,20.8451390400269
d:594:4.719954946531953,12.781915737598856,12.781904513465296,20.843865304532198
d:595:4.718344977514324,12.78191297096659,12.781909670346652,20.84547766379892
d:596:4.719281971323753,12.781915385099078,12.781893255550136,20.84452666932546
d:597:4.719003945472913,12.78191182522206,12.78190805141606,20.844815931165208
d:598:4.718960034239579,12.781916975628986,12.78189392740325,20.844850868792655
d:599:4.71934253493815,12.78190272171283,12.781910539168692,20.844470725943374
d:600:4.718905206507749,12.781915351034533,12.781909180232963,20.844919324759747
d:601:4.71843543683547,12.781916244920927,12.781907736362534,20.845388544447992
d:602:4.719875970315563,12.78191297096659,12.781910644889862,20.84394764554089
d:603:4.718169808402408,12.781916850690296,12.78189186901187,20.84563891129976
d:604:4.718730445890905,12.781907045275405,12.781898475820592,20.84507507520509
d:605:4.718327482778562,12.781914640799233,12.781891934253183,20.845479092273855
d:606:4.718605312477983,12.781911971995337,12.78190979815102,20.84521645766837
d:607:4.717985663400452,12.78190657932764,12.781896109627583,20.84581702555477
d:608:4.71902968424893,12.781912966454607,12.78189639507619,20.844779677281867
d:609:4.719198573815998,12.78191194531428,12.781897616388438,20.84461098788672
d:610:4.719626827775741,12.781907705082594,12.78189897197779,20.844179849284643
d:611:4.718279971958236,12.781911490371607,12.781911474252405,20.845542992665777
d:612:4.718661160709399,12.781916867518932,12.781894975391419,20.845150682200952
d:613:4.717701318587398,12.781916961225772,12.78190655765435,20.846122200292722
d:614:4.719248897153239,12.781905810895909,12.781896455364604,20.844553369107274
d:615:4.7185133445114396,12.781917757463468,12.78189435433622,20.84529876728825
d:616:4.718789699248358,12.781915500065656,12.781894820555102,20.845020621372402
d:617:4.717906271365731,12.781916381047381,12.781894019100656,20.845904128782305
d:618:4.7196475674566045,12.781917147727395,12.781894451552695,20.844164031823485
d:619:4.717319830130041,12.781907245906458,12.78190247422136,20.846489889997777
d:620:4.7185670033663705,12.78189711834348,12.781913081873457,20.845243196850564
d:621:4.718337374003735,12.781905443777223,12.781898690450946,20.845466760224436
d:622:4.718803694206397,12.781916910691873,12.78189359010925,20.84500680659473
d:623:4.718045744705371,12.781909733724863,12.781912106844768,20.84577609586426
d:624:4.719277272928025,12.781915351034533,12.781907759636853,20.84454583774336
d:625:4.718132231275,12.781915351034533,12.781906937736641,20.845690057496174
d:626:4.717982832147769,12.781909733724863,12.781909766727265,20.845836668304358
d:627:4.71759080758936,12.78191658418948,12.781892447776775,20.846218224376894
d:628:4.718061514470779,12.781907345230444,12.781894288121148,20.845740118880812
d:629:4.717570154254734,12.781896417266196,12.78190883671819,20.84623509972965
d:630:4.71825871614179,12.78190643176297,12.781893316288206,20.845541031909384
d:631:4.718958466356611,12.781916344690739,12.781890699805183,20.844848578139313
d:632:4.71781800663614,12.781916170957889,12.781886155647483,20.84598431996923
d:633:4.716279221602061,12.781896669530147,12.78190894132752,20.847526389255606
d:634:4.7189055388676415,12.78189383164613,12.781909134584723,20.84489742736321
d:635:4.717388109995536,12.781917629996457,12.78188941474487,20.846418934745788
d:636:4.718381757506567,12.781907663437343,12.7818904216314,20.845416327562177
d:637:4.718292306256284,12.781911198320588,12.781906415664654,20.84552530772896
d:638:4.719025818079192,12.781914948808165,12.781890112624374,20.844779243353347
d:639:4.716706324547982,12.781897952630713,12.781906499370457,20.84709812745319
d:640:4.717962617626352,12.781912012119985,12.781897729946007,20.84584712443964
d:641:4.7169096041785,12.781906750535763,12.781891268853315,20.846888415210575
d:642:4.718653141731991,12.781908655251778,12.78188960671185,20.845145120231635
d:643:4.71705741189087,12.781907156215752,12.78189062767237,20.84674037199725
d:644:4.717377783682103,12.781909895832293,12.781895384919164,20.846427497069353
d:645:4.717912254557728,12.78191297096659,12.781906441070696,20.84590715747956
d:646:4.7178642047177775,12.781916867518932,12.781887133046457,20.845939795847613
d:647:4.718829338329645,12.781915547653886,12.781904647742055,20.844990857066296
d:648:4.717429066561394,12.781917484943468,12.781889075428198,20.846377493810273
d:649:4.717091325476662,12.78189773348677,12.781907330010103,20.84671373802021
d:650:4.718297470404082,12.781915351034533,12.781901653465725,20.845519534096177
d:651:4.717722602468445,12.781913403794006,12.78189803763612,20.84608883896168
d:652:4.71678622655163,12.781914153385129,12.781897933936564,20.847025860770064
d:653:4.717394856836375,12.781914061135376,12.781900822535793,20.846420026834796
d:654:4.7161066108854754,12.781896768712464,12.781906236644488,20.847696394471477
d:655:4.71692110195767,12.781917098546792,12.781888541600283,20.846884538189403
d:656:4.717453944474535,12.781917244568103,12.781904258187627,20.846367558281194
d:657:4.7178126108500855,12.781916867518932,12.781887527907138,20.845991784575983
d:658:4.717378508030002,12.78191297096659,12.781905532618667,20.846439995555258
d:659:4.716951311256416,12.781908037654558,12.78189036717751,20.846847093575654
d:660:4.716748681029149,12.781908196767947,12.781887759505512,20.84704727524431
d:661:4.71681982803436,12.781917012810423,12.781889900052436,20.8469870848285
d:662:4.717221212631678,12.781913666640206,12.78188890786403,20.84658136187256
d:663:4.716636269895002,12.781907305417558,12.78188925379542,20.847160289317976
d:664:4.717498288508175,12.781916197464282,12.781897782906729,20.846315691862834
d:665:4.716956819760053,12.781893671843937,12.781905170816279,20.846842022900162
d:666:4.7165010033732955,12.781905773513564,12.781885685679944,20.847290455820215
d:667:4.716798079785637,12.781896847663269,12.781902802783245,20.847001570660876
d:668:4.718276918009526,12.781907149118947,12.781889182131717,20.84551941324114
d:669:4.7171185425595255,12.781915894089671,12.781885135697458,20.846682487227604
d:670:4.716999643729292,12.781898886797782,12.78190641889564,20.84680566196413
d:671:4.7157107002247365,12.781896445095272,12.781903031665701,20.848088776536237
d:672:4.7178786206030345,12.781896768712464,12.781902576593815,20.845920724703245
d:673:4.717475460022587,12.781899090830011,12.781905855456145,20.846329486263567
d:674:4.717258079191442,12.781916982116352,12.781885182326064,20.846544085250972
d:675:4.716670396426231,12.78190643176297,12.781887279309752,20.84712331464649
d:676:4.716025031548732,12.781896366568718,12.781900273145379,20.847771608165367
d:677:4.717534853836298,12.78191194531428,12.781886808119179,20.84626389959716
d:678:4.716774086042772,12.78189636409447,12.781901085776717,20.847023363828416
d:679:4.716866826803621,12.781909895832293,12.78188576159677,20.84692883062544
d:680:4.718526789353696,12.781913961175896,12.781884664100154,20.845271835922354
d:681:4.716142925933923,12.781917502856315,12.781882364482401,20.847656941404793
d:682:4.715725910959346,12.781901563689306,12.78190727068133,20.84808292341129
d:683:4.71737666303396,12.78190341412829,12.781906716767583,20.846433467861914
d:684:4.717280119786476,12.781916867518932,12.781885117720172,20.846521865452626
d:685:4.7161167031713696,12.781906686303106,12.781884225189051,20.847674208320786
d:686:4.717099175704703,12.781916244920927,12.781898828050496,20.84671589726672
d:687:4.71587263309593,12.781903105996635,12.781905473265239,20.847935946165943
d:688:4.715859624872294,12.781909165397671,12.781888258191392,20.84793779871677
d:689:4.716849781749364,12.781901804110607,12.781905709944585,20.846957732305828
d:690:4.716347778487869,12.781911464722379,12.781896047393824,20.847459733628334
d:691:4.716796952718834,12.781906747240072,12.781885029731049,20.84699482425229
d:692:4.715958569646233,12.781913666640206,12.781882331913401,20.847837428907376
d:693:4.716668740110279,12.781916344690739,12.781882853595803,20.847130458176263
d:694:4.716111074683578,12.781916540888483,12.78188287766066,20.847688343865567
d:695:4.716590146068587,12.781915248262203,12.781881117155487,20.847206219349104
d:696:4.7174557413915075,12.781906114145693,12.78188585283076,20.846336225584945
d:697:4.715737930449176,12.781913302002105,12.781899581269352,20.84807495282228
d:698:4.717236919216337,12.781901809497294,12.781905628660862,20.84657051894182
d:699:4.717178556310923,12.781907110996835,12.78188508208718,20.846613636773093
d:700:4.715473271530925,12.78189819030948,12.781900747372696,20.84832566615125
d:701:4.715975680034308,12.781912747748565,12.781882630438586,20.847819698152843
d:702:4.717233477743594,12.781917484943468,12.781880229243189,20.84656423644306
d:703:4.715707525511739,12.781900245464552,12.781900123118499,20.848092843071313
d:704:4.717222477776371,12.781896294059022,12.781897312415873,20.846571128698525
d:705:4.716125775699464,12.78191297096659,12.781893319366956,20.84768051463408
d:706:4.71593701454459,12.781912082612145,12.781891650927307,20.84786671899486
d:707:4.715903239510915,12.781896293572036,12.781894943814077,20.847887997875198
d:708:4.716156347536547,12.781903105996635,12.781900813325036,20.847647571785124
d:709:4.715704883664397,12.78191410134059,12.781875715109875,20.84808493278607
d:710:4.717034211636403,12.781915916746948,12.781885341531185,20.84676704664173
d:711:4.715503951193007,12.781903417861674,12.781898879716755,20.84829834638542
d:712:4.716120277905425,12.781909372184543,12.781878282443268,20.847667376722384
d:713:4.715800001500469,12.781903589617112,12.781898085693085,20.848001673809726
d:714:4.716317567818926,12.78191297096659,12.781887921144955,20.847483324292618
d:715:4.716081205380494,12.781907043916664,12.781876356648702,20.847702195184873
d:716:4.715421288945013,12.781913484357737,12.781871978538367,20.848364173951094
d:717:4.715411905799563,12.781916540888483,12.781871295457783,20.848375930546702
d:718:4.715818943963576,12.781918048613008,12.781868313557075,20.84796741820651
d:719:4.715959022785473,12.781915894089671,12.781869931872071,20.84782680317627
d:720:4.716493331750005,12.781908196767947,12.781872274597823,20.847287139615766
d:721:4.71584515406273,12.781911922629096,12.781874408343064,20.84794117690943
d:722:4.715586603123487,12.781896509146065,12.781885652201508,20.848195558224088
d:723:4.715448950589238,12.781918018754915,12.781868021066115,20.848337089231794
d:724:4.715994486031253,12.781916053863222,12.78187559372865,20.847797161560617
d:725:4.715802797874478,12.781905901579734,12.78189352827,20.847996631975256
d:726:4.716611346754075,12.781909153005774,12.78188298010369,20.84718078635539
d:727:4.715351701058822,12.781905842811206,12.781872421353045,20.848426563105427
d:728:4.714810505575738,12.781904837771565,12.781891300761366,20.84898563295719
d:729:4.7159397767689235,12.781895899212431,12.781886134131081,20.84784225657459
d:730:4.716291455415234,12.78190272171283,12.781882640330723,20.84749390662832
d:731:4.71503926546929,12.78191297096659,12.781885878812437,20.848759584309736
d:732:4.715181131601781,12.781905085292376,12.781883146060556,20.84860709975115
d:733:4.715451822662679,12.781892532601967,12.781887419948129,20.848328129887417
d:734:4.716488192139444,12.781904035040174,12.781893435717555,20.847309278618283
d:735:4.715209479800475,12.78191194531428,12.781868001798593,20.848570467312395
d:736:4.715871752801046,12.781917396802122,12.781877501528546,20.847923145529624
d:737:4.715295657799793,12.781902444098792,12.781890845632656,20.848497631931657
d:738:4.715714100494591,12.781908238199142,12.781872503461154,20.848066641165705
d:739:4.7162898488608604,12.781903725481305,12.781890775705397,20.847504652325842
d:740:4.714243791819904,12.781915351034533,12.781876686650406,20.849548245865037
d:741:4.714915316436841,12.781908655251778,12.78186838008211,20.848861718897044
d:742:4.716188097243187,12.781906200574449,12.781889970547946,20.847608073879208
d:743:4.715553078482515,12.781898430967713,12.78188666870483,20.84823202119003
d:744:4.715121725238102,12.78189711834348,12.781881880462134,20.84865727356751
d:745:4.714790594623462,12.781900197884935,12.781881652318036,20.84899125557951
d:746:4.715700266019429,12.781896847663269,12.781881419460177,20.848078001104017
d:747:4.714979994186361,12.781898695381194,12.78188554247355,20.848804243668383
d:748:4.715024957869836,12.781906627017575,12.781889139423123,20.848770808570862
d:749:4.714949293716906,12.781908655251778,12.78186508019131,20.84882444172618
d:750:4.716088416466647,12.781915351034533,12.781874560313362,20.84770149488125
d:751:4.715475443892625,12.781903725481305,12.781886446228086,20.848314727816767
d:752:4.71468997147425,12.781907245906458,12.781868219763084,20.849085494195293
d:753:4.714518901453982,12.781903033510778,12.781886867862493,20.849270999919288
d:754:4.714624751125783,12.781915692859911,12.781869435933299,20.849160377667427
d:755:4.715385812666394,12.781917477395387,12.781863980647167,20.84839564537616
d:756:4.715421504602521,12.78189987639404,12.781883256102121,20.84836162789364
d:757:4.714113006433344,12.781912082612145,12.781880651748118,20.84967972792692
d:758:4.715129132969842,12.781916193351293,12.781869158193182,20.848656218574632
d:759:4.715709434539384,12.781909895832293,12.781867443728796,20.848067905021704
d:760:4.714573137348744,12.781907825194336,12.78186696864411,20.849201656489704
d:761:4.714359719941754,12.781911464320663,12.781867288066769,20.849419032445677
d:762:4.7148546997293295,12.781914061135376,12.781872304403251,20.848931665809296
d:763:4.715902217834358,12.781896768712464,12.781878547743906,20.847873098622014
d:764:4.7138877482029145,12.781906627017575,12.78188488055603,20.84990375937069
d:765:4.7150438643484875,12.781907305417558,12.781864425752937,20.84872786682201
d:766:4.714369661382904,12.781902784877195,12.781879588146076,20.84941271164037
d:767:4.714386295288151,12.781898629486005,12.781886860917911,20.849399195115765
d:768:4.715045207052469,12.781912557279982,12.781873890842196,20.84874124106971
d:769:4.713788881970956,12.781915248262203,12.781862743483261,20.84998910977451
d:770:4.714487193019529,12.78189819030948,12.78188109156682,20.84929208885677
d:771:4.71569711612452,12.781916712638422,12.781868646364712,20.848088242878614
d:772:4.714634751144079,12.78190529675954,12.781863249514291,20.849133795129752
d:773:4.7139333724609465,12.78190312228543,12.781888173311692,20.849857923136174
d:774:4.71401868064202,12.78190478469742,12.781886800613094,20.849772904668495
d:775:4.716040326548875,12.781902185719463,12.781883343445935,20.847745202616526
d:776:4.713916484559391,12.78190327303807,12.781885352904784,20.849872141383464
d:777:4.715912222842604,12.78190641488171,12.781887266815978,20.847881458855085
d:778:4.714610772805916,12.781898006270154,12.78188857670932,20.84917581017356
d:779:4.714927343173244,12.781907288592341,12.781865646370717,20.848845591789814
d:780:4.71366932685369,12.781915351034533,12.781868082445966,20.85011410662681
d:781:4.714695095709811,12.781901563689306,12.781883544453144,20.84909001243264
d:782:4.713866938804809,12.78191063823349,12.781865210233004,20.849908909661686
d:783:4.714675069872385,12.781901922546554,12.78188286747399,20.84910972014816
d:784:4.714701928313541,12.781917107525645,12.781861178845142,20.849076358057246
d:785:4.714914563814556,12.781896293572036,12.781878753748922,20.848860483506403
d:786:4.714164995812094,12.781905541895052,12.78186497271129,20.849605518794245
d:787:4.715311907714856,12.78190852696944,12.781886061912534,20.84848268116712
d:788:4.713637295249995,12.781896768712464,12.781878875667793,20.850138349130262
d:789:4.714581990816669,12.7819173167558,12.781868061065364,20.849203387004493
d:790:4.714149678011459,12.781907439193125,12.781865026653968,20.849622787835635
d:791:4.715882786081401,12.781905886274854,12.781864467431069,20.84788756762452
d:792:4.713796304221255,12.781908196767947,12.781864101698323,20.849975994245014
d:793:4.714785485841148,12.781905902134806,12.78186270588425,20.84898312217791
d:794:4.714005711778114,12.781907110996835,12.781864441479721,20.849765840698442
d:795:4.714831417220857,12.781915469628577,12.781864715468746,20.848948767876465
d:796:4.71393104708913,12.781896294059022,12.781879938097132,20.849845185067025
d:797:4.71513305706317,12.781905004241807,12.781884033036523,20.84865598021516
d:798:4.7138238050414785,12.781908655251778,12.781863698696636,20.849948548906937
d:799:4.714223479001156,12.78191297096659,12.781872666746398,20.849562158711834
d:800:4.713939070768959,12.781904806308509,12.781886861248196,20.84985259678775
d:801:4.714457432199197,12.781916999442435,12.781866198655312,20.84932576589855
d:802:4.713762694287688,12.781899761783073,12.781887829344393,20.850024896839777
d:803:4.714916116298841,12.78190272171283,12.78187446982274,20.84886107523673
d:804:4.713051557719975,12.781906750535763,12.78186274434119,20.850717937156976
d:805:4.714958062353421,12.781910020946944,12.781886383565118,20.84883834215864
d:806:4.714655191109891,12.781895837005798,12.781878187690333,20.84911883358624
d:807:4.713619198045876,12.78191155586854,12.781869106738363,20.850161464561026
d:808:4.714169245775562,12.781911971995337,12.781867417188156,20.849610143407933
d:809:4.715380215792578,12.781908136849212,12.781865106995498,20.848393028052133
d:810:4.7143409920251464,12.78190643176297,12.781865738914023,20.849431178651844
d:811:4.714292512714625,12.781908037654558,12.781866884010554,20.84948240895049
d:812:4.713773472525993,12.781915692859911,12.781867596401478,20.850009816735394
d:813:4.714239390351661,12.781912917027233,12.781872222149891,20.849545748825463
d:814:4.713559387304528,12.781900245464552,12.781882008301372,20.850222866461394
d:815:4.714861865563574,12.781898879034864,12.781888022992678,20.84892503646397
d:816:4.712699680077364,12.781907104495762,12.781865313782577,20.851072738200976
d:817:4.713913421813469,12.78189695016488,12.781879830792741,20.849863359144152
d:818:4.713304867097278,12.781898951347932,12.78188803457562,20.85048211882627
d:819:4.714055748973912,12.781911198320588,12.781867338351288,20.849722787697964
d:820:4.713222825116876,12.78189913583589,12.781888374866478,20.850564685585493
d:821:4.71476981447146,12.781896366568718,12.781873656320835,20.849000208418094
d:822:4.714396279448781,12.781906686303106,12.781864855097261,20.849375261951586
d:823:4.7135572543497055,12.781905965696017,12.781885049994901,20.85023376134121
d:824:4.7137970483220215,12.781896294059022,12.781875617389057,20.849974863126057
d:825:4.713863922352957,12.781912852132804,12.781863652305478,20.849912582085324
d:826:4.714233332103873,12.78190594918994,12.781863323813633,20.8495359408997
d:827:4.713572602972011,12.781894580410393,12.781885984626475,20.850207962064857
d:828:4.714400627840458,12.78189671067023,12.781887342610306,20.849383425440077
d:829:4.712944351751705,12.781898681286657,12.781887593634371,20.850841923169323
d:830:4.712453459119544,12.781898070260869,12.78188764532442,20.851332256465746
d:831:4.714169075662095,12.78189197629446,12.781888337291347,20.849611237923714
d:832:4.713436977434217,12.781907116409336,12.78186493687712,20.85033507585224
d:833:4.714081776070923,12.78191498471732,12.781865765896363,20.849698974542758
d:834:4.712564770662045,12.781896669530147,12.781878066879083,20.851209965747184
d:835:4.714535034844985,12.781909086658965,12.781885532664234,20.84925958447821
d:836:4.713358394112355,12.781907288592341,12.781865988205748,20.850414882685733
d:837:4.712887607052039,12.78189711834348,12.781874906418713,20.850884417710155
d:838:4.713641053990731,12.78189918272486,12.781889689571017,20.850147818305146
d:839:4.713887843686056,12.781911198320588,12.781869632833612,20.84989298746814
d:840:4.713389093943434,12.781898951347932,12.78188955126367,20.850399408668167
d:841:4.713636337320185,12.781896847663269,12.781875461922233,20.850135972265317
d:842:4.714099632967109,12.781907288592341,12.781864612686913,20.849672268312144
d:843:4.712534997199615,12.781909446370642,12.781885740644604,20.85126018981563
d:844:4.713439486278805,12.781896669530147,12.781875726672768,20.85033290992411
d:845:4.7137340369962715,12.781913675921404,12.781864764990203,20.850044403915334
d:846:4.713410056027605,12.781905773513564,12.781863060805877,20.850358778291834
d:847:4.712861456154982,12.78189461738404,12.781887553686971,20.85092071491603
d:848:4.713152681467246,12.78189777004862,12.781886441715423,20.8506315302968
d:849:4.714036706407857,12.781906537482618,12.78188688174798,20.849756712822742
d:850:4.713680256207638,12.781904806308509,12.781885622887303,20.850110172988174
d:851:4.713889700108226,12.78189671067023,12.781886576272209,20.849893586834213
d:852:4.713336208904039,12.781889003354832,12.781885100476615,20.85043789492741
d:853:4.713861304449601,12.781907227208302,12.781860382159481,20.849906304918182
d:854:4.7127578510529915,12.781916587035052,12.781861431250059,20.85102016723212
d:855:4.712936369917138,12.781893671843937,12.781877533058282,20.85083483498508
d:856:4.71367079455413,12.781903476129324,12.781883192271948,20.85011587384714
d:857:4.713183857459935,12.781906444262072,12.781860287889078,20.850582874691217
d:858:4.712144757136869,12.78189410383132,12.781874656847258,20.85162400354171
d:859:4.713348917328432,12.781892238985224,12.781884501704923,20.850427823361713
d:860:4.713602949620697,12.78191297096659,12.781865232755285,20.850175254101178
d:861:4.713511186984491,12.781895033988143,12.78188583447563,20.850269681479283
d:862:4.713575140267661,12.78189711834348,12.781870719891748,20.850192697967568
d:863:4.712721953020594,12.781905842811206,12.781857429071415,20.851041318862027
d:864:4.713445130582226,12.781906877797384,12.78188018808295,20.850341935298108
d:865:4.712774120410746,12.781911136238886,12.781867441276763,20.851004457104903
d:866:4.712744886962188,12.781907607243125,12.781862347901418,20.851025068182356
d:867:4.712320597502121,12.781891515236468,12.781885983849445,20.851456901583795
d:868:4.712537355632545,12.781909410965431,12.78188182475597,20.85125388008886
d:869:4.713385359311431,12.781903417861674,12.781877291408362,20.850395349958603
d:870:4.713211672835062,12.78189533771993,12.781879760157901,20.85056342504277
d:871:4.7131968882350925,12.781896291245317,12.781871261632478,20.850570664642703
d:872:4.7136843148995595,12.781896768712464,12.781871266421389,20.850083720234295
d:873:4.713004030047593,12.781895678911948,12.781880158995142,20.850771807859495
d:874:4.713020201515032,12.781903266390621,12.781878858740187,20.850761923615774
d:875:4.713467805592185,12.781910020946944,12.78188370848046,20.850325923835218
d:876:4.713703244618976,12.781889003354832,12.781887022381376,20.850072781117234
d:877:4.711894812680676,12.781907607243125,12.781863563566896,20.851876358129346
d:878:4.713541207817716,12.781911136238886,12.781866588467532,20.850236516888703
d:879:4.713366938621537,12.781906877797384,12.781879881977405,20.850419821153253
d:880:4.713481346830868,12.781877249112055,12.781875351553271,20.850271253834457
d:881:4.712449416761359,12.781897475164758,12.781862586638432,20.85131064504183
d:882:4.712677027645995,12.781898951347932,12.781883807147716,20.851105730849653
d:883:4.71260984666899,12.781911134840561,12.781862302982498,20.85116359115407
d:884:4.7133872371649765,12.781899485370579,12.781880715489073,20.850392963694677
d:885:4.711837528229246,12.781908871395645,12.78186278052557,20.85193412369197
d:886:4.7130011056041,12.781881316363275,12.781881471941796,20.85076168270097
d:887:4.713003253213287,12.781902887802852,12.781876337519108,20.85077597210867
d:888:4.712840935789746,12.781915351034533,12.781859555680539,20.850933970925325
d:889:4.712440306895193,12.781877469803943,12.781876756242344,20.851313919151092
d:890:4.711934209484465,12.781898127317994,12.781879995946715,20.851843913780247
d:891:4.712237704202558,12.781903417861674,12.781872337774809,20.851538051433927
d:892:4.713354272888829,12.78189704467832,12.781863232848833,20.850406004638323
d:893:4.712175034890329,12.781911490371607,12.781862827341444,20.851599282822722
d:894:4.712914516339687,12.78191591916819,12.781862429274568,20.850863832103073
d:895:4.712681136775743,12.781912747748565,12.781859520727268,20.85109113170009
d:896:4.7127095100412255,12.781912012119985,12.781860533666835,20.851063035745593
d:897:4.712531124867137,12.781916462805102,12.781862481072926,20.85124781901089
d:898:4.712491957550238,12.78191137485486,12.78186302240992,20.85128243971454
d:899:4.712976581813567,12.781893747377815,12.781869409050094,20.850786574614343
d:900:4.712696031183814,12.781905690058005,12.78187905629513,20.851088715169322
d:901:4.7124072570972615,12.781898276658458,12.781883722606958,20.851374742168154
d:902:4.711744829547822,12.781907288592341,12.781855656771524,20.852018115816044
d:903:4.713091466839117,12.78191297096659,12.78186485610117,20.850686360228643
d:904:4.712555456461676,12.781907823873114,12.781879305889296,20.851231673300735
d:905:4.712177450213254,12.78187222129097,12.781874567061381,20.851569338139097
d:906:4.712308768596099,12.781898252190842,12.781868192314306,20.85145767590905
d:907:4.713163806633201,12.781887775315179,12.781887003643735,20.850610972325715
d:908:4.71160175922331,12.78191205469884,12.781863806376315,20.852174101851844
d:909:4.712065092122472,12.781888242375658,12.781885293591515,20.8517084438447
d:910:4.711959921451797,12.781896293572036,12.781863094915444,20.851799467035683
d:911:4.712555983817168,12.781873830409973,12.781875323923137,20.85119317051594
d:912:4.712943496271418,12.781906877797384,12.781876511750301,20.85083989327627
d:913:4.711777624916252,12.781911389523168,12.781861239831462,20.85199500443838
d:914:4.711883885793402,12.781871285951299,12.781872454241533,20.851859854399432
d:915:4.713772379303972,12.781898070260869,12.781880535262843,20.85000622621974
d:916:4.712811961062201,12.781903105996635,12.781873711823179,20.850964856757614
d:917:4.711324282983025,12.781904446373577,12.781863499966684,20.85244366335724
d:918:4.712301305247891,12.781915737598856,12.781862010228677,20.851476442579642
d:919:4.713172497727438,12.781907931324154,12.781859415923737,20.85059484952045
d:920:4.712356590159509,12.781869908276942,12.781874498361617,20.85138781647905
d:921:4.711951297333709,12.781871457460605,12.781873081918455,20.85179324204535
d:922:4.712146966961537,12.781871915135303,12.781873265233413,20.85159821340718
d:923:4.7123443585170115,12.78186598862386,12.781874774580148,20.851396404686998
d:924:4.711475151301265,12.781909895832293,12.781862222102111,20.85229696663314
d:925:4.71249762521278,12.781915351034533,12.781864390210167,20.85128211603192
d:926:4.7122067867975375,12.781896081391896,12.781864315804352,20.85155361039871
d:927:4.711970609939115,12.78190478469742,12.7818791065188,20.851813281277106
d:928:4.71264982694861,12.781889003354832,12.781886111717759,20.85112528812398
d:929:4.7119286867272905,12.781907323128847,12.78185837801949,20.851837014421044
d:930:4.712095791901319,12.78189711834348,12.78186666979837,20.85166799624053
d:931:4.711942378476731,12.781898632397477,12.781882484901876,20.85183873882262
d:932:4.712327580390479,12.781907110996835,12.781858368968964,20.85143789957532
d:933:4.711864713640697,12.781900245464552,12.781874314597193,20.851909846421048
d:934:4.712631734405402,12.78187847463271,12.78188590976678,20.85113264999409
d:935:4.712270037153317,12.781896445095272,12.781866190800443,20.851492598742396
d:936:4.711572440381023,12.781879488923707,12.78188565661585,20.852192705158533
d:937:4.711368111174497,12.78189819030948,12.781869785192123,20.852399864327108
d:938:4.712566060140329,12.78186567223532,12.781874192714133,20.851173804809125
d:939:4.711496078928889,12.78190737693035,12.781877599911034,20.852288897912494
d:940:4.711350082810778,12.78191297096659,12.781862589569167,20.85242547772498
d:941:4.712309198181835,12.781870586913731,12.781874854865135,20.851436243597032
d:942:4.71226071982824,12.78189671067023,12.78187912722085,20.85151511806284
d:943:4.711411596668913,12.781898983513106,12.78186755520485,20.852354942049043
d:944:4.712624542720658,12.781910957174727,12.78186086812027,20.851147282574342
d:945:4.711210869736021,12.78190643176297,12.781853057482817,20.852548619509765
d:946:4.712008868259403,12.7818750044169,12.781880167917063,20.85174630407456
d:947:4.712025922730117,12.781886182912519,12.781883404859835,20.85174366504224
d:948:4.712081817296063,12.781896890942969,12.781880965614,20.851696039260904
d:949:4.711441925690586,12.781897925688618,12.781878739324325,20.85233473932236
d:950:4.712378690111194,12.781898070260869,12.781876896058318,20.851396276207993
d:951:4.711204362112646,12.781899906471319,12.781876935166002,20.852572479524675
d:952:4.7138399651686385,12.781887144340402,12.781877755115005,20.84992493428677
d:953:4.711396585465135,12.781879244152547,12.781877324083462,20.852359982770874
d:954:4.711702241899658,12.781865528257185,12.781869340024631,20.852032626382158
d:955:4.711508639753227,12.781916046689728,12.781855930165976,20.852263337102478
d:956:4.712755945461023,12.78189762223599,12.781857873234806,20.85099955000977
d:957:4.710779517309614,12.781908327462414,12.781872949592897,20.8530017597457
d:958:4.712510924035808,12.781881316363275,12.781878677484741,20.85124906981221
d:959:4.711946162039592,12.781912834316572,12.781856245226214,20.851822917503195
d:960:4.712070724033442,12.781902632362321,12.781866050507116,20.851697958835995
d:961:4.711597429966734,12.78188370686638,12.781880972322336,20.85216724922198
d:962:4.711309201062928,12.781915351034533,12.781857361395238,20.852463511366842
d:963:4.71164392493327,12.781903476129324,12.781873178306423,20.85213272950248
d:964:4.711736810642233,12.781908239869248,12.781853116884138,20.852024546111153
d:965:4.711313191417791,12.78190852696944,12.78187157347873,20.85246690903038
d:966:4.711338305596726,12.781909895832293,12.781853542122374,20.85242513235794
d:967:4.711626032793983,12.781898681286657,12.781874628689817,20.852147277182493
d:968:4.711106721385249,12.781909153005774,12.781857206228539,20.852659637849065
d:969:4.7124579128281425,12.78188018517685,12.781879478904298,20.851301751253004
d:970:4.710647984601728,12.78190327303807,12.781872301347414,20.853127589783757
d:971:4.711118717967494,12.781917296328896,12.7818554038264,20.852653982187803
d:972:4.711996598842639,12.781874736065898,12.781878866852535,20.851757004075793
d:973:4.710788809227619,12.781902530225333,12.781870680687764,20.85298440168548
d:974:4.711508383362048,12.781897592163027,12.781857174791606,20.852246383592583
d:975:4.711907308109932,12.781915351034533,12.781855104622538,20.85186314754714
d:976:4.7117701809927865,12.78185926335314,12.781869459149421,20.851958541509774
d:977:4.710912078513147,12.781872090038688,12.781879416930021,20.85283942845556
d:978:4.7123279325514,12.78188354236797,12.781879881581807,20.851435491398377
d:979:4.710074672161067,12.781891515236468,12.781876157012421,20.853693000087823
d:980:4.710270219620096,12.781898951347932,12.781874227802207,20.853502959530044
d:981:4.712204647100581,12.78190092688675,12.781874369174604,20.851570648960774
d:982:4.712104832211516,12.781896890942969,12.781876850283215,20.85166890901467
d:983:4.7112659780573765,12.781886834899876,12.781879703883584,20.852500560726085
d:984:4.711751248199015,12.781879488923707,12.78188074645123,20.85200898717592
d:985:4.711045999032333,12.78186773118628,12.78187468729065,20.852696419444595
d:986:4.711516758096526,12.781909670836258,12.781851346852887,20.85224425959262
d:987:4.7106300809041315,12.78191297096659,12.781857742111054,20.853140632173513
d:988:4.712024616138706,12.781903266390621,12.78186314756823,20.851741797820146
d:989:4.711237887721328,12.781896615509046,12.781874013917644,20.852532741705364
d:990:4.711954088442251,12.781865528257185,12.781869423427622,20.851780863242556
d:991:4.709995943709014,12.781912928819828,12.781855108382318,20.85377209349313
d:992:4.712582636240317,12.781909410965431,12.781868492824456,20.85119526754957
d:993:4.711131052871771,12.781870565608719,12.78187481856282,20.85261433129977
d:994:4.711204767184544,12.781897952630713,12.781855950470632,20.8525491359168
d:995:4.712461139646724,12.781893031282603,12.781876087592492,20.85130797922837
d:996:4.711789738690495,12.781916197464282,12.781854341293874,20.85198080006766
d:997:4.710196057823605,12.781900352300585,12.781872531455983,20.853576825932965
d:998:4.711775182165134,12.781911464320663,12.781852528543126,20.851988810698657
d:999:4.711315801289366,12.78189671067023,12.781872652851458,20.85245356223232
d:1000:4.710286721583568,12.781915351034533,12.78185463033941,20.853483259790377
