data: dataset/dl4mt/
d:1:3.2669888406894803,9.408920411802608,9.408909180634822,15.55084075174795
d:2:2.421438668932563,9.408919557280633,9.408907178987558,16.39638806733563
d:3:2.163321028895094,9.408917542033732,9.40890005452188,16.65449656766052
d:4:2.0218448763947627,9.408914716429598,9.408891885009172,16.795961725044005
d:5:1.9642124671949226,9.408914279475226,9.408885141631355,16.85358695391166
d:6:1.940830134045246,9.408914716429598,9.408880696516093,16.876965278900446
d:7:1.926183376120541,9.408914279475226,9.408871424857523,16.89160232821221
d:8:1.9191929666279357,9.408908824161994,9.408865716872397,16.898581574406453
d:9:1.911399913564356,9.40890760254824,9.40885925647546,16.906366945459343
d:10:1.9068459087769973,9.408916986707261,9.40884616566725,16.910917243597513
d:11:1.8979591796062358,9.408910255854401,9.408842712250236,16.9197937884984
d:12:1.8961859367651712,9.408916986707261,9.408832353522335,16.921563403464425
d:13:1.892251455030074,9.408916986707261,9.408825715832315,16.925491247509502
d:14:1.8895507974103865,9.40892329397747,9.408818045226411,16.928190541793494
d:15:1.8883555393129967,9.408916986707261,9.408814631127537,16.929376078521802
d:16:1.8848077940230752,9.408916986707261,9.408809836320906,16.93291902900509
d:17:1.8842690652889118,9.40892329397747,9.40879810329899,16.933452331987546
d:18:1.88295171233775,9.408916986707261,9.40879656574802,16.93476184011753
d:19:1.8819629361363646,9.40891763007521,9.408786438001037,16.93574113193988
d:20:1.8781280271824414,9.408924814332646,9.408780239675902,16.939577026826107
d:21:1.8763407247583501,9.408926401474353,9.408764748743069,16.94135042545907
d:22:1.8784215423223252,9.408929552606102,9.408758878849948,16.939266889133723
d:23:1.8762068886408372,9.408921819082543,9.40875363316916,16.94146856361087
d:24:1.8736248774822606,9.408918511036177,9.408751169078982,16.9440448026329
d:25:1.8703924749226175,9.408921974769214,9.408756280528104,16.9472857803747
d:26:1.87187934591525,9.408920117217974,9.408748185620816,16.94578895692354
d:27:1.874962602961709,9.408917420356486,9.408756273665611,16.94271109106039
d:28:1.8699667847945491,9.408919347262824,9.408763350651276,16.947715913119552
d:29:1.8686438737752873,9.40892496871676,9.408756892436507,16.94903798737798
d:30:1.8691196266575183,9.408925014766579,9.40875470309316,16.94856009120222
d:31:1.8699720343070716,9.408929552606102,9.408756399579808,16.94771391787884
d:32:1.8683599158748017,9.408919347262824,9.408751278798823,16.949310710186847
d:33:1.865859017346171,9.40892492259337,9.408749353666966,16.951815258914163
d:34:1.8644669464228336,9.408922788851315,9.408761338659577,16.95321718108806
d:35:1.8641207674858968,9.408920737418265,9.408754014717536,16.953553984649904
d:36:1.863513221840531,9.408922753661315,9.408760362712208,16.954169894532992
d:37:1.8634958705084692,9.408919347262824,9.408745992573044,16.9541694693274
d:38:1.8655248667616533,9.408918511036177,9.408750661645726,16.95214430592025
d:39:1.862771007191494,9.40892317917223,9.408748684016121,16.954900855996858
d:40:1.8636588331666495,9.408926604517609,9.408752881399808,16.954020652750767
d:41:1.8605235325619454,9.40892317917223,9.408753085508394,16.95715273211868
d:42:1.8611204491287516,9.408927710333442,9.408768351584873,16.956575612789564
d:43:1.8611453579724433,9.408923469514964,9.408768586378446,16.956546697920967
d:44:1.862435148391917,9.408927710333442,9.408778390228596,16.95527095217012
d:45:1.8573112448616946,9.408921426294333,9.40876479503159,16.960374976464227
d:46:1.8601196326808598,9.408928345637051,9.40877345096039,16.95758216391658
d:47:1.8561691002135525,9.408927710333442,9.408784110234437,16.961542720354327
d:48:1.859154983668418,9.40892837078489,9.408767121825951,16.958540508942423
d:49:1.8582961133284286,9.408924519838841,9.40878134059883,16.95940974710924
d:50:1.8584627829566926,9.408927710333442,9.408771779296208,16.959236706672957
d:51:1.8576068751228618,9.408924785593111,9.408772516558688,16.960090427028938
d:52:1.8582431770512464,9.408926747684427,9.408762205704917,16.959445776338097
d:53:1.8568173279153122,9.408925075628899,9.408765021618784,16.960872769332372
d:54:1.857489102872158,9.408922753661315,9.408763228530228,16.960196879319383
d:55:1.8576442618437845,9.408927710333442,9.408765105464886,16.960048553954543
d:56:1.8567404748414837,9.408920986775065,9.408771017630475,16.960951529564056
d:57:1.855840469075428,9.408906270694532,9.408770029982817,16.96183583160192
d:58:1.8545785106360668,9.408922530923087,9.408766314140575,16.963110334427597
d:59:1.8554182502656502,9.408917600722948,9.40877066394956,16.962270014406858
d:60:1.8569325150306852,9.408927710333442,9.408767672221808,16.960762867524565
d:61:1.8544131228872125,9.408911076323202,9.408776455891987,16.963274409327976
d:62:1.8565807233275606,9.40891917854975,9.408783030526289,16.961121485748478
d:63:1.8553135867374024,9.408906270694532,9.408775028323385,16.962367712280514
d:64:1.853864025611145,9.408919531451417,9.408762732097028,16.9638182379373
d:65:1.8551716582416766,9.408924086083092,9.408758032531898,16.962510460373313
d:66:1.8522396209317726,9.408927710333442,9.408747993840935,16.965436083242604
d:67:1.8522009856089738,9.408924197549352,9.408759962220392,16.96548317416077
d:68:1.855731658630674,9.408924785593111,9.408759982797617,16.961953109760053
d:69:1.853799709774929,9.408929798621891,9.408761753371651,16.96389184221861
d:70:1.8521408359947813,9.408927710333442,9.408746805330757,16.96553367966942
d:71:1.8526448097639658,9.408931077381737,9.408758128708332,16.965044396326103
d:72:1.8537702045159072,9.408924785593111,9.408751528630377,16.963906109707583
d:73:1.8526311882895143,9.408930789369812,9.408760103047342,16.96505970412764
d:74:1.8507336582761873,9.408934941019648,9.408752824421818,16.96695410716528
d:75:1.8533843567121586,9.408927710333442,9.408748762856451,16.964292116477733
d:76:1.8501415693650038,9.40892791189518,9.408744177169456,16.967530519699633
d:77:1.8497250649528425,9.408927710333442,9.40874817455606,16.96795081993666
d:78:1.8516870525054685,9.40891917854975,9.408750851420324,16.965982977464606
d:79:1.8475903885396185,9.408918711374332,9.408750032551076,16.97007835538579
d:80:1.850586325475426,9.408908586806893,9.408751286086087,16.967073547417556
d:81:1.8503067448712578,9.408940872669753,9.408751833037059,16.967385960835554
d:82:1.8494591403112857,9.408908586806893,9.408739245954637,16.968188692450244
d:83:1.8515542177913495,9.40893871335939,9.408751378020709,16.96613587358875
d:84:1.8482519064419023,9.408937774662013,9.408756333402243,16.969442201622353
d:85:1.8504294935100063,9.408942215811111,9.408752673814792,16.9672653961159
d:86:1.849554949795575,9.408924783004139,9.408743019619125,16.968112852827687
d:87:1.8501913105870216,9.408916432048613,9.408732243953358,16.96745736541495
d:88:1.8470536496462664,9.408930789369812,9.408738131517659,16.970615271241204
d:89:1.8493497568825497,9.408945758224082,9.408736201603526,16.96833220294506
d:90:1.8493300400854302,9.40892172570947,9.40872354033767,16.96831522596171
d:91:1.8472378096207613,9.40895116435137,9.408733371416085,16.970446726146694
d:92:1.8480419008682283,9.408955118053706,9.40873690309079,16.969650120276267
d:93:1.847832075461458,9.40891917854975,9.408723069157194,16.969810172245484
d:94:1.8494351387178334,9.408940813166888,9.408737057377687,16.96824273182674
d:95:1.8486290980784794,9.40892791189518,9.408723431486935,16.969022245303638
d:96:1.8476292977306414,9.408924783004139,9.40871757126819,16.97001305654169
d:97:1.84663361036176,9.408953801261083,9.408722275523532,16.971042466422855
d:98:1.847439751661767,9.40893926549554,9.408729141933721,16.970228655767492
d:99:1.8480059076646427,9.408944138975265,9.408727165811742,16.969665397122363
d:100:1.847723935467485,9.408955118053706,9.408733777054765,16.969964959640986
d:101:1.8479391100243348,9.40894046605669,9.408725742878055,16.96972709891041
d:102:1.8471076442800687,9.408933107166362,9.408722623772263,16.970548086658557
d:103:1.8480486634854998,9.408942215811111,9.408728151556366,16.969621703881977
d:104:1.8475624135813966,9.408930789369812,9.408720608136981,16.970088983925397
d:105:1.845344490603356,9.4089484855321,9.408731881410928,16.972335876339674
d:106:1.846198448474759,9.408935440556625,9.408719744531213,16.971456736613078
d:107:1.8469304245073666,9.408945758224082,9.408733486139525,16.97074881985624
d:108:1.8449697641934293,9.408937774662013,9.408731292328806,16.972699302797388
d:109:1.845972421510524,9.40893871335939,9.408733330894693,16.971699622743557
d:110:1.846727764383349,9.408940730225906,9.40873100599974,16.9709439718423
d:111:1.8498241186020792,9.408935805328115,9.408726988948478,16.967838675674514
d:112:1.845374397957677,9.408937774662013,9.408725651487947,16.972289028192282
d:113:1.8466156505997873,9.408945906021339,9.408740739815675,16.971070995237227
d:114:1.8456222015367558,9.408945758224082,9.40872436118642,16.972047917873745
d:115:1.8451336806358505,9.408955118053706,9.408720149708316,16.97254158712617
d:116:1.8448697018015388,9.40893926549554,9.40872037427883,16.97278993797283
d:117:1.8461870261887583,9.408940872669753,9.408722600779688,16.971476447260684
d:118:1.8457852270180908,9.408955118053706,9.408717486364147,16.97188737739976
d:119:1.8454413437216424,9.408940356006672,9.408727844492901,16.972226856777933
d:120:1.845132549106058,9.40893871335939,9.408719058981381,16.972525223234715
d:121:1.8487077938645022,9.4089440297887,9.408728992382278,16.968965228306477
d:122:1.845484646801225,9.408940652062016,9.408708181676248,16.97216418693704
d:123:1.8469333407152568,9.408951580476602,9.408725094843186,16.97074333460453
d:124:1.8450893890588027,9.408942215811111,9.408736131786682,16.97258895853899
d:125:1.843323382532212,9.408950022854608,9.408730160898807,16.974356801221205
d:126:1.844412989976444,9.408937774662013,9.408733830152586,16.973258614838155
d:127:1.8447239725870084,9.408951598121346,9.408729139698856,16.972956765233196
d:128:1.8451611728421433,9.408919219524282,9.40871482100198,16.97247286768412
d:129:1.8469708648465577,9.408930541873703,9.408723840050666,16.970683517077813
d:130:1.844863412503713,9.40895116435137,9.40871805790166,16.972805809749318
d:131:1.8444360997406513,9.408956386448155,9.408715499507773,16.973235786215277
d:132:1.842872149440236,9.408919219524282,9.40871751786162,16.974764587945668
d:133:1.8439348422423194,9.408947622431977,9.408698566166843,16.973711346356502
d:134:1.846826051011469,9.40893509725305,9.408714159412469,16.97082320565405
d:135:1.844971038558345,9.408930541873703,9.408712055845973,16.97267155916133
d:136:1.8447395681833854,9.4089351389816,9.408709899964055,16.97290547076227
d:137:1.847017532705511,9.408943039385473,9.408711315347052,16.970636822027014
d:138:1.8420951658181082,9.408934289126867,9.408708616164608,16.975547739473367
d:139:1.8450318092150795,9.408940730225906,9.408705616139896,16.972614537150722
d:140:1.8457655547600993,9.40892725196805,9.408713086091357,16.971874783299306
d:141:1.8429924686115378,9.408931807235872,9.408717747432746,16.974657086057082
d:142:1.8445288792328718,9.408940730225906,9.408717234351602,16.973129085344635
d:143:1.8434422799244743,9.408922792795078,9.408725401871466,16.974205914742072
d:144:1.8461171003162775,9.408937774662013,9.408710386771345,16.97153106111708
d:145:1.8422552453169416,9.408939381662277,9.408714212457383,16.97539834880272
d:146:1.8427877216187163,9.408926057021912,9.408728945606324,16.97486728100952
d:147:1.8420436684218764,9.4089484855321,9.408719782832566,16.97562459994279
d:148:1.8409191066696593,9.408935805328115,9.408717387833915,16.97673408649237
d:149:1.8439298144838645,9.408936961721569,9.408706806603478,16.973713953841184
d:150:1.8420776391401255,9.4089349216322,9.408728196553472,16.975585479045545
d:151:1.8420147408145482,9.40894144270423,9.408721844223143,16.975648546112822
d:152:1.8454027146124155,9.408933349148432,9.408709626703823,16.97224026123984
d:153:1.8415568731646097,9.408930541873703,9.408710234228243,16.976083902937336
d:154:1.8438535849561077,9.408947622431977,9.408708874291154,16.973802911767024
d:155:1.842867304579741,9.408942215811111,9.408695759699546,16.974770670930916
d:156:1.8416385205960317,9.408942086748905,9.40869986460986,16.976003430762734
d:157:1.8399766938381852,9.408929740313988,9.408721740378882,16.977674786854685
d:158:1.8422522495856484,9.40894196304758,9.408707258769091,16.975396972231025
d:159:1.8438189370628102,9.408926950937209,9.408727789150106,16.973835803024503
d:160:1.8419784415799718,9.408955118053706,9.40870349337036,16.975680169844093
d:161:1.8433822249239533,9.408900007809505,9.408732564866323,16.974250347751873
d:162:1.843146513600491,9.40892625139453,9.408705872715178,16.974485610509216
d:163:1.8415847258946307,9.408935805328115,9.40871517537329,16.976066254806774
d:164:1.8418416826710704,9.408925930326005,9.40870045501317,16.975784702668104
d:165:1.8435214954696022,9.408930541873703,9.408717480639737,16.974126527043836
d:166:1.8408332840671875,9.408915977401604,9.408724007260409,16.976806700594825
d:167:1.8412933200726442,9.408925558038415,9.408708850139373,16.976341088105144
d:168:1.8407979309188285,9.408916436967989,9.40871816750245,16.97683667355161
d:169:1.8414004145606562,9.408912024491903,9.408709634423309,16.976221244354555
d:170:1.8390930441904771,9.408915788497652,9.408721612463852,16.978544356771025
d:171:1.8406275594824528,9.408934289126867,9.408685996926913,16.97699272657133
d:172:1.8423456084989844,9.408928090037714,9.40870814450979,16.97529062604852
d:173:1.8432196306850237,9.408926301606902,9.40870968851881,16.97441635944069
d:174:1.8395627777307482,9.408933107166362,9.408699700054813,16.978070029490425
d:175:1.8411236825352795,9.408934545594025,9.408715228328738,16.976526091387484
d:176:1.8404658613568259,9.408919219524282,9.40871474680189,16.977168104969344
d:177:1.8409975438415493,9.408943604106224,9.408700809641784,16.976646869906457
d:178:1.8407003825462667,9.408913234160465,9.408725213583464,16.976938065197665
d:179:1.841627474982161,9.408907968013082,9.408725331213533,16.976005824244453
d:180:1.8400070482014428,9.408935805328115,9.408698041877802,16.977626799004476
d:181:1.8424606725244956,9.408909245922008,9.408719222958608,16.975167796356118
d:182:1.84041218560969,9.408916436967989,9.408735782804037,16.977240034162335
d:183:1.8413948568280496,9.408940652062016,9.408707377421255,16.976253172655223
d:184:1.8404263113615542,9.408912841606194,9.408732369982161,16.977218900226802
d:185:1.8393841760584344,9.408935805328115,9.408691243966842,16.97824287323652
d:186:1.8415276854167146,9.408931191728655,9.408695129761014,16.976098636072955
d:187:1.8395944767413823,9.408930541873703,9.408702384321366,16.978038449453685
d:188:1.8408581895064309,9.408926571461084,9.408699989593249,16.9767683715479
d:189:1.841821351594806,9.408900576488744,9.40870792317638,16.975787148070317
d:190:1.8398909793589198,9.408910566074649,9.408701840867128,16.977721427582857
d:191:1.8392074674241243,9.408914419454604,9.408709608949122,16.978416560979603
d:192:1.8419988456362972,9.408919219524282,9.408688284971069,16.975608658859052
d:193:1.8384603960572363,9.408904854533017,9.408717371903565,16.979161830379347
d:194:1.840129873696256,9.408904317956027,9.408724929676065,16.977499373935835
d:195:1.8405079695496944,9.408919839992318,9.408692931478607,16.977104801921232
d:196:1.8400126603989335,9.408916436967989,9.408712878485506,16.97761665505456
d:197:1.8396435594636955,9.408910566074649,9.408707171046913,16.977974177657867
d:198:1.8393355601856705,9.40891194239778,9.408725950212194,16.978302332424303
d:199:1.8399345686829633,9.408945393639343,9.408716036069876,16.977726861026255
d:200:1.8375972830030953,9.40892544690225,9.408746252285782,16.980074416184937
d:201:1.8399623006330117,9.40892544690225,9.408747853237626,16.977710999506865
d:202:1.8399364855802602,9.408939535143004,9.408715878184156,16.9777189277469
d:203:1.8382627306797872,9.408907315090035,9.408735386632705,16.979379971042952
d:204:1.8389478886455457,9.408917600437094,9.408722132428876,16.978691844220425
d:205:1.840184991964673,9.40891558980146,9.408703732484664,16.97743433032145
d:206:1.8398933130324338,9.408911240973868,9.408733444933468,16.977751372874902
d:207:1.840621743964462,9.408934289126867,9.40871722339612,16.977029768558523
d:208:1.8396968781585663,9.4089351389816,9.408712831567817,16.97795109239085
d:209:1.8370613622457341,9.408947622431977,9.408711720240344,16.980597980426587
d:210:1.8395667367935786,9.40892516579884,9.408717533133705,16.978075962138966
d:211:1.838145096082453,9.408914341440052,9.408738976067168,16.97950822142477
d:212:1.8389149609557762,9.40891070070313,9.408725777553157,16.97872151730051
d:213:1.837985556915374,9.408916436967989,9.408720026928796,16.97965090698141
d:214:1.8400774327833602,9.408911511726597,9.408733636285879,16.977567715229114
d:215:1.8373261665383716,9.408930541873703,9.408705897001132,16.980310272336464
d:216:1.8394604525721192,9.40892544690225,9.408716919141442,16.978181913471573
d:217:1.839021959387619,9.40891220702021,9.408723221087607,16.978613468720198
d:218:1.8395299069799549,9.408900673751491,9.40871638208154,16.978087148853078
d:219:1.8378782922335049,9.408900627486922,9.40870670563079,16.97972904088421
d:220:1.8378539173924118,9.408911587539293,9.408701763600302,16.979759433747184
d:221:1.8380522772286412,9.4089351389816,9.408682134108975,16.979564995861935
d:222:1.8378952687772028,9.408887469851567,9.408699464996845,16.97969166607121
d:223:1.8380699258380204,9.408893924906067,9.408690278536293,16.979514277604338
d:224:1.838236368971824,9.408927870623895,9.408687263931885,16.979378765583956
d:225:1.8386907414909501,9.40892544690225,9.408720154006776,16.978954859418074
d:226:1.8378177733317251,9.40891388654979,9.408699155186156,16.97979526840422
d:227:1.8375993261060373,9.408924927123595,9.408695239252681,16.98002084027024
d:228:1.8374780147715555,9.408934289126867,9.408686111200437,16.980142385555748
d:229:1.8389681838998868,9.408908496405767,9.408686981017562,16.97862729352344
d:230:1.8391331421546369,9.408910512893073,9.408719675865708,16.978497046604144
d:231:1.8382307430266636,9.408907860262692,9.408691700745191,16.979368817981218
d:232:1.8403310705455418,9.40893236136168,9.408685538607225,16.977286829423363
d:233:1.8367583547295503,9.408871460293954,9.408707516091122,16.980820621655525
d:234:1.8375886638665087,9.408932856257216,9.408686229312584,16.980030421703294
d:235:1.8381648357418605,9.40891019670346,9.408693086832226,16.979438447793825
d:236:1.837555082949514,9.408900627486922,9.408725285762891,16.9800708303003
d:237:1.839019767268507,9.408908496405767,9.408685001823617,16.97857373096088
d:238:1.8384387561852442,9.40892846988614,9.408689840451009,16.979179554151905
d:239:1.837378587609983,9.408934764664211,9.408678711132515,16.980234888186743
d:240:1.8375070623880205,9.408926572413296,9.40868255210521,16.980102062130484
d:241:1.8359350440104798,9.408905020428598,9.408688327098846,16.981658303516962
d:242:1.837671242807584,9.408910512893073,9.408707813237177,16.979947083322667
d:243:1.8380548062011997,9.408916101247785,9.408681530445538,16.979542825492125
d:244:1.8376370945112406,9.408865608489675,9.408703235038134,16.97993174901657
d:245:1.8373065449094526,9.408881156366899,9.408710429250792,16.98028504070824
d:246:1.8373867805846835,9.408888910662304,9.408711539147337,16.980213669224955
d:247:1.8381324667747165,9.408872421185228,9.40868168547176,16.979421639882272
d:248:1.8352555846243277,9.408931191728655,9.408684109879854,16.98235971698418
d:249:1.8389758168262773,9.408919185819043,9.408697080011791,16.97864044900456
d:250:1.8354849720432398,9.408925558038415,9.408685165254854,16.98212575125003
d:251:1.8358121613478318,9.408883873995238,9.408682652428759,16.981754365076164
d:252:1.8371118326338554,9.408900627486922,9.408688406317278,16.980477201170345
d:253:1.8388761490835854,9.408910512893073,9.408708076860806,16.978742440670292
d:254:1.8363982853830016,9.4088904984363,9.408706828005924,16.981199041059224
d:255:1.8381397590234023,9.408851290923032,9.408686911139121,16.97939844303875
d:256:1.837641438318066,9.40891070070313,9.408675305384019,16.97994456776908
d:257:1.8346489700773105,9.408867215997443,9.408669242017613,16.982887487937745
d:258:1.8354225562853337,9.408911790550665,9.408672283260314,16.982161517525643
d:259:1.8372128829363916,9.408907860262692,9.40866875810699,16.98036373543329
d:260:1.836105529742408,9.408925558038415,9.408664328447513,16.98148435674352
d:261:1.8374863452191228,9.408924934008807,9.408659569751073,16.98009815854076
d:262:1.8353054015371626,9.40891083814248,9.408663305865637,16.982268742470957
d:263:1.8375688582893162,9.408928133796858,9.40867043149661,16.98002970700415
d:264:1.8358651720226788,9.408863829268212,9.408662002759474,16.981660660005005
d:265:1.8366072324492109,9.40891070070313,9.408669875661865,16.980973343915785
d:266:1.8365656449729357,9.408851290923032,9.408689799310405,16.9809754452605
d:267:1.8382452913326333,9.408884504367098,9.408684593718494,16.97932380675296
d:268:1.8363913787157102,9.40892544690225,9.408667692342854,16.981201760529395
d:269:1.837773497095803,9.408907855377697,9.408668348132256,16.979802706414148
d:270:1.8369425629076837,9.40892544690225,9.408666260938263,16.98064914493283
d:271:1.836624940896165,9.408884504367098,9.4086987956377,16.980958359108634
d:272:1.8366154470070235,9.408851290923032,9.408686946936651,16.98092279085266
d:273:1.8362100446908869,9.408916436967989,9.408671446944467,16.98137783922157
d:274:1.8369491665849758,9.408871460293954,9.408688266607925,16.9806105603169
d:275:1.8338440053775749,9.408900059091211,9.408677513486447,16.983733567200083
d:276:1.8367706753108948,9.408874745589644,9.408680563023468,16.980784633302218
d:277:1.83611378859365,9.408852894360127,9.408672382276814,16.981411488043292
d:278:1.8353644004956706,9.408865608489675,9.408688880266167,16.98219008826017
d:279:1.8347291755871247,9.408863472010044,9.408691446899562,16.982825743322483
d:280:1.837194028436457,9.408851290923032,9.408675945386381,16.980333207872956
d:281:1.834842891536134,9.408879715503753,9.408684167691451,16.982720991659072
d:282:1.8351788288081465,9.40890420813564,9.408676347368047,16.982401726695542
d:283:1.8343335505185436,9.408860402790506,9.408693285184224,16.983220137456186
d:284:1.8352808272496226,9.408916436967989,9.408682488614335,16.9823180983327
d:285:1.8359087901169175,9.408851290923032,9.408673772784852,16.981616273590966
d:286:1.8355080153746535,9.408910512893073,9.408681156900807,16.982083654419224
d:287:1.834615580930791,9.40891220702021,9.408670531349777,16.982967157439194
d:288:1.8353331795310979,9.408912648312386,9.408667733451898,16.982247202233186
d:289:1.8348308034768337,9.408917600437094,9.408670190256569,16.98275698721683
d:290:1.837770193947712,9.408910566074649,9.408669400544504,16.97980977267144
d:291:1.8340659480156702,9.408904317956027,9.408671298157303,16.98350966809766
d:292:1.8352420179365723,9.408900627486922,9.408682721120089,16.982341330670437
d:293:1.8362464590249203,9.40885588471974,9.408666456723108,16.981275882417926
d:294:1.834224605337866,9.408916436967989,9.408670327042406,16.983362158672527
d:295:1.8353283294645557,9.408860402790506,9.40870241163308,16.98223448495903
d:296:1.8345304584687092,9.408904854533017,9.408663849408542,16.98303824547285
d:297:1.8354154149973319,9.408871999356652,9.40867229611576,16.98212888047508
d:298:1.8364668687008248,9.408868306733844,9.408683279057733,16.981084717090752
d:299:1.8342290649547373,9.408910512893073,9.408677524683501,16.983358972621836
d:300:1.836528521599213,9.40892544690225,9.408683512246997,16.981080437550034
d:301:1.8340530628310887,9.408911790550665,9.40867576734301,16.983534495062585
d:302:1.8347698737540625,9.408911217146484,9.408678340495854,16.982819683888273
d:303:1.833139563964341,9.40889222717017,9.408689344127712,16.98444200733354
d:304:1.834137057807439,9.408851290923032,9.408683709706526,16.98339794282212
d:305:1.8348391335535013,9.408877674822696,9.408674994653271,16.982713535922464
d:306:1.8349345740189626,9.408920837160558,9.408676827034371,16.982663090175965
d:307:1.8307015558842963,9.40888586418806,9.408685502766327,16.98686981107009
d:308:1.8345624026393175,9.408918047557309,9.408674248558606,16.983029893476598
d:309:1.8344281001729037,9.408882015804203,9.408665212347149,16.983119127978448
d:310:1.8330297128861872,9.408863472010044,9.408688322625101,16.984522081748956
d:311:1.8337068527794465,9.408918560522517,9.408667762003864,16.983879469746935
d:312:1.832942926013832,9.408916436967989,9.408658508419725,16.98463201937388
d:313:1.8362355094933385,9.40890432052249,9.408661578933621,16.981330389962775
d:314:1.8341598759162743,9.408890643313086,9.408678529184288,16.983409296581097
d:315:1.8354333063278858,9.40890125364371,9.408666992571616,16.98213493988744
d:316:1.8348611134892359,9.408908496405767,9.40866484947257,16.9827122323891
d:317:1.8343224827994007,9.408911511726597,9.4086786911641,16.9832677200913
d:318:1.8368646922951228,9.408889801630847,9.408683811803053,16.980708921138778
d:319:1.8342065595635084,9.408871999356652,9.40867801053156,16.983343450324703
d:320:1.8356878092715014,9.40891070070313,9.408662426561087,16.981885317992717
d:321:1.8313361319664168,9.408859755683388,9.408686150778559,16.986209774495528
d:322:1.8371741159361328,9.408920052103149,9.408641984041076,16.98038792020809
d:323:1.8351710114263327,9.408851290923032,9.408691149889059,16.982371429385758
d:324:1.8336144224255548,9.40892544690225,9.408665391100666,16.98397641557736
d:325:1.8315643546985214,9.40890125364371,9.408663633733724,16.986000532678915
d:326:1.835083642776759,9.408885466268048,9.408677713927881,16.98247953741917
d:327:1.835347146124473,9.408868320930543,9.408685290461918,16.98220646526799
d:328:1.8340167539617411,9.408888910662304,9.408658596003676,16.98353075270424
d:329:1.8341569763683943,9.408908017683425,9.408681924423435,16.983432965738466
d:330:1.8350299885613346,9.408910512893073,9.408686480219648,16.982567004551388
d:331:1.8330816291701026,9.408885818722828,9.408668978550482,16.984473168103207
d:332:1.832047554323136,9.408859930030697,9.408703299162934,16.985515674870495
d:333:1.83438776694749,9.40888517636019,9.408704165845,16.9832015752577
d:334:1.8338763975493535,9.40890786091626,9.408698114739966,16.983729578106875
d:335:1.8345169110486523,9.40892544690225,9.408697509391507,16.983106045245105
d:336:1.8338327925329132,9.408851290923032,9.408714934509073,16.98373343289919
d:337:1.8330590888634113,9.408920052103149,9.408677732391759,16.984538695631496
d:338:1.833552731208151,9.408872421185228,9.408695197735547,16.984014887712625
d:339:1.834902526641109,9.408919468951146,9.408679895247092,16.98269683755713
d:340:1.8347340116043753,9.408851290923032,9.408713042052495,16.982830321371154
d:341:1.8345579335040334,9.408919644820413,9.408693271351938,16.983054982668317
d:342:1.830518394780011,9.40890786091626,9.408698528113524,16.987087994249773
d:343:1.834226430034601,9.408881595622903,9.408711125141311,16.983366290729613
d:344:1.8341341527284705,9.408874718931132,9.408692227753857,16.98343279395652
d:345:1.8320992853321592,9.408910512893073,9.408689753440378,16.98550098100129
d:346:1.8317862279065444,9.408923471664039,9.408695919670794,16.98583316342829
d:347:1.8339256684514815,9.408912841606194,9.40868369632001,16.98367086947472
d:348:1.8335744251759998,9.408911558297847,9.408690386713731,16.98402751983558
d:349:1.8350927544294464,9.408918560522517,9.408704396954178,16.982530203047247
d:350:1.834373006761627,9.408881156366899,9.408701927355684,16.983210076960955
d:351:1.8331861114907966,9.408861657209167,9.408715328974992,16.98439087469336
d:352:1.8327261994743296,9.408877301825036,9.408689868603899,16.984840970954608
d:353:1.8340338856095606,9.408910238600988,9.408682793511053,16.983559146502483
d:354:1.8349921456320892,9.408900627486922,9.408686447136054,16.98259492899089
d:355:1.8329049424868877,9.408875743021591,9.408714363643218,16.98468516417792
d:356:1.8341999269001725,9.408947115341329,9.408680686672788,16.983427875113943
d:357:1.8321160840283497,9.408851290923032,9.408712032320228,16.98544723921491
d:358:1.833343806029923,9.408920375120687,9.408680766027558,16.984257335118322
d:359:1.8328051131962013,9.408888050423004,9.408705950698113,16.984788887924914
d:360:1.8336541730024933,9.40892544690225,9.408685749325137,16.983957023224896
d:361:1.835257917794113,9.40890786091626,9.408698258551288,16.982348201673435
d:362:1.8325387913677957,9.408861863297293,9.408703637598432,16.98502670952793
d:363:1.832992364901095,9.408910512893073,9.408690778175913,16.98460892616789
d:364:1.831680002573691,9.408953094084147,9.408687059010433,16.98596015052089
d:365:1.834196182429313,9.408918533004302,9.408695527767632,16.98341787834262
d:366:1.8328324975524275,9.408877674822696,9.408708237586751,16.98475341485702
d:367:1.8328069070832207,9.408874364413165,9.408705246196126,16.984772703526072
d:368:1.8333214539952003,9.408874745589644,9.408725267239875,16.98427855883432
d:369:1.8336020636065093,9.408879465894934,9.408725555956357,16.984002958244783
d:370:1.8357840063287725,9.408884463165055,9.408714583159638,16.981815039995922
d:371:1.8334582970798472,9.40890125364371,9.408724687001495,16.98416764356536
d:372:1.8328552956219255,9.408909916165053,9.408701427926315,16.984756048469443
d:373:1.834007463641239,9.408976582251546,9.408672210568005,16.98364132917831
d:374:1.832770359912118,9.408885982118877,9.408691890554719,16.984807512761478
d:375:1.836315396732104,9.40888139296951,9.408723776245463,16.981289772482867
d:376:1.8319189353434915,9.408918740918665,9.408694387344681,16.985694192919855
d:377:1.8323600062465495,9.408919148139383,9.408683346716787,16.985242488609618
d:378:1.8351292031781874,9.408871999356652,9.408703137964359,16.982445934142824
d:379:1.831643573877649,9.408954871644116,9.408674912703942,16.985986210470408
d:380:1.8316857479185131,9.408851290923032,9.408692771770351,16.98585831477487
d:381:1.8317541849724073,9.408947115341329,9.408677356466237,16.98587028683516
d:382:1.8328371825025727,9.408872350996715,9.408705205597261,16.984740374091402
d:383:1.8319234772263258,9.408988202579694,9.408671113139855,16.985735838493223
d:384:1.8337383661464237,9.408890643313086,9.408694502692416,16.98384677985908
d:385:1.8313219451375673,9.408871950135723,9.408700994649145,16.9862509996473
d:386:1.8348594495553598,9.408975052226069,9.408681902421291,16.982797505092
d:387:1.8324879879116978,9.408915657435438,9.408711829365835,16.985139498889573
d:388:1.8332143136874137,9.408881469486877,9.408729837139227,16.98439699293869
d:389:1.8314404770966206,9.408863472010044,9.408702229152718,16.986125224066143
d:390:1.8314560251533152,9.408910512893073,9.408687545162124,16.98614203290188
d:391:1.8319827677171077,9.40898026066182,9.4086879939933,16.985685486938014
d:392:1.832325158348599,9.408971936892351,9.408685817864466,16.985332596408217
d:393:1.831802628539652,9.40894633102284,9.40867662395534,16.985820326438528
d:394:1.8345637905904084,9.408952398721123,9.408679738273978,16.983068346404693
d:395:1.8305037891601934,9.40897077509912,9.408682327626302,16.98714931356523
d:396:1.8306682157089185,9.408986509507649,9.408687263928321,16.987005557727052
d:397:1.8335833116570228,9.408975852609315,9.408698008979973,16.984090549932265
d:398:1.8325175354745795,9.40889222717017,9.408701610862288,16.98507630255788
d:399:1.8338057756170123,9.408851290923032,9.408678635305112,16.98372415061113
d:400:1.830303002086719,9.408867632347972,9.40872630522832,16.987290935489572
d:401:1.8343852206362143,9.408912449890284,9.408705578445707,16.98323280769978
d:402:1.8330050774938798,9.408972318332607,9.408697481269622,16.98466472210835
d:403:1.8316809240936145,9.408856098085112,9.408693254074278,16.985868428065775
d:404:1.8314880998911391,9.408913802966998,9.408718150972414,16.986143854048272
d:405:1.832490457148456,9.4089727276292,9.40870883780413,16.985191108284877
d:406:1.8304679512420847,9.408871999356652,9.408727362350142,16.98713141046471
d:407:1.8319974144525268,9.408977846354645,9.408694742024942,16.98567517392706
d:408:1.8310078807591204,9.408851290923032,9.408713926508682,16.986557336672593
d:409:1.8310973966777055,9.408954871644116,9.408709584751069,16.98656705971748
d:410:1.8315550471446826,9.408856418570979,9.408695699299143,16.98599707072544
d:411:1.8322728194893685,9.408986509507649,9.408693741497,16.98540743151528
d:412:1.8302527040046996,9.408882015804203,9.40872336235738,16.98735267415688
d:413:1.8335272046679165,9.408900627486922,9.40869804547928,16.984071468298286
d:414:1.8309400275396328,9.408937060479913,9.408718183062037,16.986715216002317
d:415:1.8323471544499874,9.408882562256444,9.408720151294393,16.98525555910085
d:416:1.831145463406532,9.408885066114198,9.408698687932311,16.986438290639978
d:417:1.831406975947612,9.408980959847037,9.408689480004007,16.98626346390343
d:418:1.8342484910688839,9.408915944578437,9.408730662371427,16.98339811588098
d:419:1.8298761233411014,9.408884463165055,9.40872449103143,16.987732830855386
d:420:1.8329693695705416,9.408851290923032,9.408706756296157,16.984588677648645
d:421:1.8319245860163846,9.408888414889729,9.408690902331083,16.985654731204427
d:422:1.831121096952689,9.409000319412923,9.408694481735145,16.98657370419538
d:423:1.8320344513538025,9.4089727276292,9.408688900980753,16.985627177256152
d:424:1.829935606534839,9.408969984066667,9.408700222020084,16.987734599551914
d:425:1.8321968730968337,9.40898026066182,9.408702263547733,16.985485651112718
d:426:1.8296987478645335,9.408966855252464,9.40870674037658,16.987974847764512
d:427:1.8304338720742734,9.408966962642896,9.40869665368749,16.987229744256112
d:428:1.8298121523215904,9.40898745510261,9.408692326891254,16.987867629672273
d:429:1.8340518799155383,9.409022395126152,9.40868602451127,16.983656539721885
d:430:1.8294659336715213,9.408874718931132,9.408696053357144,16.988104838616756
d:431:1.8307967846842388,9.408883243174234,9.40869988495479,16.986786343444784
d:432:1.8324463570726444,9.408890643313086,9.408714319171084,16.985158605411524
d:433:1.830164302316284,9.408920375120687,9.408707899791215,16.98746397259562
d:434:1.8322060932835385,9.408973844489998,9.408695248452316,16.985462999658775
d:435:1.8310183610582556,9.408880447523469,9.408698012048445,16.986560098513657
d:436:1.8334236850124164,9.408880802572595,9.40872438710397,16.984181504664146
d:437:1.8316369507633503,9.408954966742979,9.408715746703935,16.986033762683565
d:438:1.8322284558474387,9.409008421198518,9.408679722988847,16.985459688339926
d:439:1.8317796358082248,9.408882015804203,9.408708937683603,16.98581131767958
d:440:1.8323791539119618,9.408986509507649,9.408682322012934,16.985289677608623
d:441:1.831275353485168,9.408859755683388,9.408700951825475,16.986285354023693
d:442:1.82973970467134,9.40891565899069,9.408711067585939,16.987887021905287
d:443:1.832439512112387,9.409013481594513,9.408661849994179,16.985235819476305
d:444:1.8305424742423142,9.408918740918665,9.408712429232555,16.987088695908906
d:445:1.8331054663332544,9.409006985386602,9.408663583463662,16.98456510251701
d:446:1.8318329093958319,9.408904931239785,9.408700538210216,16.98577256005417
d:447:1.8306926076346635,9.408868306733844,9.408681865861539,16.98685756496072
d:448:1.82956847790879,9.408971936892351,9.408698578469455,16.988102037453015
d:449:1.831473214631334,9.408875374828233,9.408684048296802,16.9860862084937
d:450:1.8305496922843076,9.40902123454824,9.4086936932705,16.987165235534434
d:451:1.8295763786705734,9.408912449890284,9.408701405267035,16.988037476486745
d:452:1.8308066082433605,9.408881595622903,9.408688619434535,16.986763606814076
d:453:1.8309695350894692,9.409008183599022,9.408667241185885,16.98670588969544
d:454:1.8297381949510054,9.408975501101375,9.408682277463802,16.987919583614172
d:455:1.831619651796128,9.40890125364371,9.408710516649569,16.98599211849715
d:456:1.8288146118329571,9.408851290923032,9.408682426071767,16.98871910516184
d:457:1.8300905665980345,9.409018990855504,9.408687443255891,16.98761586751336
d:458:1.8308231573482736,9.408971044548379,9.408674973737273,16.986822860937377
d:459:1.8291937528481625,9.408952398721123,9.408697762202788,16.98845640807575
d:460:1.8317044257969037,9.408920052103149,9.408724573427055,16.9859401997333
d:461:1.8294039399393185,9.408864918528602,9.408701486103405,16.98816246469269
d:462:1.831574984725716,9.408871999356652,9.40869544738922,16.985992462020157
d:463:1.8268073385298038,9.40885588471974,9.408693131488711,16.99074167767865
d:464:1.8297228659670566,9.408861895994502,9.408689098398492,16.98782812842594
d:465:1.8310364156929175,9.408863472010044,9.408694316328653,16.98652137264578
d:466:1.8291677421065664,9.409038697493937,9.408647701775138,16.98851865716251
d:467:1.82912025890424,9.408859930030697,9.408695345569628,16.988435016696087
d:468:1.8291383768583955,9.408861657209167,9.408693936974819,16.98841721732559
d:469:1.8306977271942273,9.40886221090879,9.408695782042168,16.986860265756732
d:470:1.8303117881730984,9.408881447817455,9.408704367708909,16.987274027353266
d:471:1.830616499597344,9.408890643313086,9.408716762624843,16.986990906340584
d:472:1.828331102277037,9.408915944578437,9.408740206520035,16.989325048821435
d:473:1.8317478989195166,9.408977846354645,9.408714597128228,16.985944544563356
d:474:1.8298735990472323,9.408985974034339,9.408697342577664,16.987809717564772
d:475:1.831621644969026,9.409025792230397,9.408701674858445,16.986105822119818
d:476:1.8289455176400153,9.408851290923032,9.40869893686921,16.988604710152227
d:477:1.83010317261677,9.40890125364371,9.408715625921046,16.987513706947986
d:478:1.8283793549671437,9.408975501101375,9.408719747841106,16.989315893975338
d:479:1.830660828657745,9.409008183599022,9.408691699016432,16.98703905395771
d:480:1.8277650500179625,9.408851290923032,9.40869461198908,16.98978085289415
d:481:1.8303720480217969,9.408918740918665,9.408716142034688,16.987262834931556
d:482:1.830188321391958,9.408983639776034,9.408681463754546,16.98747678213862
d:483:1.829439260412741,9.409023604686842,9.408635086416098,16.9882194306902
d:484:1.829351589091882,9.408915944578437,9.408719664401707,16.988284019888262
d:485:1.8320574173198274,9.409031377882794,9.408675438302234,16.985649398865203
d:486:1.8310462137718488,9.408871999356652,9.408696423319222,16.986522208904027
d:487:1.8309499577988255,9.408978685943717,9.408711985087752,16.986740713232646
d:488:1.828764702880477,9.409022253842156,9.408644358840096,16.988901909801776
d:489:1.827957200902997,9.40894107798025,9.408713191214012,16.989697068291267
d:490:1.830494978742724,9.40902220072344,9.408651819133501,16.987179041114217
d:491:1.828835730181602,9.40891565899069,9.408730252914207,16.988810181723295
d:492:1.8274011214985322,9.40902220072344,9.408660412423375,16.990281491648282
d:493:1.8288607481906851,9.408932442333096,9.408708474282236,16.988780168424647
d:494:1.830628603814322,9.409022253842156,9.408642244719069,16.987035894746903
d:495:1.8276259183141654,9.408986509507649,9.408698917213757,16.99005950840724
d:496:1.8282714152730684,9.4088817903233,9.408702617825261,16.989312992875494
d:497:1.8282035525335978,9.409019526818394,9.408690011414171,16.989505985698965
d:498:1.8287477236697782,9.408915814256257,9.408716982265114,16.988885072851595
d:499:1.8289106059180398,9.409025160217382,9.408658978842071,16.988773533141412
d:500:1.827835585218505,9.408973844489998,9.408708931850356,16.98984719112185
d:501:1.831101948533302,9.40890786091626,9.40871074281313,16.986516655196088
d:502:1.827571314245013,9.409021108319516,9.408662232508322,16.990112026582825
d:503:1.8308292673597677,9.408986530827065,9.40869819600374,16.986855459471037
d:504:1.8278700498482436,9.408911325289715,9.408714453168251,16.989755728609722
d:505:1.831550479992611,9.40888586418806,9.40870333628862,16.986038720484068
d:506:1.829885531246056,9.409033549065166,9.408689188825896,16.987837206645004
d:507:1.8292646688145382,9.40898745510261,9.408694143365706,16.988416929653777
d:508:1.8293801929301416,9.408947115341329,9.408733297170597,16.988300219581784
d:509:1.8301171487143506,9.408876910992692,9.40869611000354,16.98745587228188
d:510:1.8274339407320213,9.409045431002824,9.408632008719394,16.990243498990196
d:511:1.8308049455080706,9.409035618917368,9.408681529049668,16.986912202458967
d:512:1.8315587188538238,9.409005210443084,9.408687391115174,16.986133882704433
d:513:1.830824742365106,9.4089727276292,9.408707473872948,16.986855459137043
d:514:1.8259117877265894,9.408970118551524,9.408697055294677,16.991755386119614
d:515:1.8311448166631585,9.40890985956966,9.408722056045015,16.986487098951518
d:516:1.8294037628792879,9.408915657435438,9.408709181663005,16.988221076219155
d:517:1.8296417989649214,9.408894843562368,9.40871692648669,16.987969971084137
d:518:1.8284171373310443,9.408884463165055,9.408708890334555,16.989176216168566
d:519:1.8295114827248327,9.408879465894934,9.408717373772488,16.98808535694259
d:520:1.8283929431710924,9.408873908061132,9.40870910010237,16.98919006499241
d:521:1.8293203299281942,9.408880394117743,9.408709477550731,16.98826954174028
d:522:1.8297857165137827,9.408871999356652,9.408717734093013,16.987804016935883
d:523:1.827207933158757,9.408882562256444,9.408724647543735,16.990399276641423
d:524:1.8287497505810464,9.408880802572595,9.408711832245304,16.988842884236853
d:525:1.8292744636901865,9.40890125364371,9.408716074740841,16.988342864694363
d:526:1.8264929728551138,9.408918547980923,9.408715631021982,16.99114120614779
d:527:1.8289174045139838,9.408932442333096,9.40873178724178,16.988746825060893
d:528:1.8296833646174129,9.408986509507649,9.408710000114008,16.988013145004242
d:529:1.8288748715047518,9.408980326459204,9.40872622779881,16.988831682753265
d:530:1.8284299531963057,9.409006985386602,9.408706262006522,16.989283294196817
d:531:1.8281425706170573,9.409030133485686,9.408694685311207,16.989582248179836
d:532:1.829783593631923,9.409076158009473,9.408642415806828,16.987934980184377
d:533:1.8274572186115599,9.408876910992692,9.408718192916249,16.990137885297383
d:534:1.8300157164703563,9.408947115341329,9.408735712208747,16.98766711107972
d:535:1.8300632737761795,9.40898745510261,9.408712704384858,16.987636885711286
d:536:1.8282973962909317,9.409033549065166,9.408722668646833,16.989458821421067
d:537:1.827873418190066,9.409083820241284,9.408651006666055,16.989861408717275
d:538:1.829447441778143,9.408919896329452,9.408716491898485,16.988188946449796
d:539:1.829842355755705,9.408966962642896,9.408736747184472,16.987861354071665
d:540:1.828979567628874,9.40902220072344,9.408714112095055,16.988756745189622
d:541:1.8262742187336798,9.409080891823475,9.40867459175764,16.991481264847437
d:542:1.8300583410621059,9.408953094084147,9.408746695661993,16.987641448684034
d:543:1.827545345305893,9.40901682382964,9.40870676782908,16.990178246352826
d:544:1.8281539317993598,9.409085670857522,9.408650165272999,16.98958190433116
d:545:1.828096848402783,9.408933673991196,9.40873097076404,16.989567796352453
d:546:1.830015071154861,9.409017202758239,9.408710355724223,16.9877124873276
d:547:1.8285711378528475,9.409084352693961,9.40868033984745,16.989193554688562
d:548:1.8282334701098684,9.408986509507649,9.408740084503664,16.989493123901443
d:549:1.8268820223828222,9.409022253842156,9.40871717320666,16.990857404665995
d:550:1.8287061322089642,9.40891808960807,9.408733214235045,16.98894517163415
d:551:1.8275021843025918,9.409021874375286,9.408711626249701,16.990231316322397
d:552:1.8273172855234705,9.40909128353132,9.40868042871356,16.990454426721406
d:553:1.8273327845083678,9.408985974034339,9.408750826456936,16.990404015982907
d:554:1.8276849335965295,9.40907597750455,9.40865780299481,16.99004884690283
d:555:1.8267659297273404,9.40898026066182,9.408744588996948,16.990958919931426
d:556:1.8302971269758466,9.409079818881695,9.408679013719597,16.987461705625446
d:557:1.8268386465239423,9.408978685943717,9.408759672541105,16.990899711960882
d:558:1.828986762713857,9.409083395500721,9.408683392375984,16.98878002516285
d:559:1.8282035227882538,9.408958929218478,9.408750303120486,16.98950570955071
d:560:1.8259972200965962,9.409086626881622,9.408672304697925,16.99176171148295
d:561:1.8280838726646067,9.408977159850055,9.408745352586227,16.989638639771677
d:562:1.826897091847414,9.40908893708381,9.408690487187172,16.990882332423567
d:563:1.8273893005577229,9.409022011270627,9.408719654845251,16.990352365558156
d:564:1.827361773723723,9.408918740918665,9.408737192669042,16.990294159863986
d:565:1.832408370839378,9.409027724804274,9.408714266300558,16.985333620265454
d:566:1.8280890591066878,9.408966855252464,9.408757618022822,16.989635414168596
d:567:1.8263575920999457,9.409087519166475,9.408684873385253,16.991414800451782
d:568:1.8299812065401468,9.409028879410442,9.408734011230996,16.987781684101293
d:569:1.828511755009199,9.408956921912917,9.408746587036115,16.98919175393983
d:570:1.8261904975352543,9.409087302986658,9.408663765959476,16.99156057141088
d:571:1.8292504659534607,9.409025792230397,9.408730966991987,16.988506293268923
d:572:1.8278644538641338,9.408953094084147,9.408751367222271,16.989840007442286
d:573:1.8278904541252743,9.409092186292769,9.408694263043614,16.989895995211107
d:574:1.8299166085363296,9.40902220072344,9.408734706528435,16.987840298715547
d:575:1.8274960094182582,9.40898026066182,9.408773018205588,16.99025726944915
d:576:1.828037321626546,9.408890643313086,9.408731013516725,16.989584335203265
d:577:1.8290329764749522,9.40907083594329,9.408704639807397,16.988742499275734
d:578:1.8298991210171351,9.409016113312951,9.408738109301668,16.987855101597482
d:579:1.8291478205039624,9.408975052226069,9.40876544821699,16.988592679939096
d:580:1.8269089196521051,9.40890093505307,9.40872887716792,16.990720892568888
d:581:1.8272530784786127,9.409084382420927,9.408676426772761,16.990507730715073
d:582:1.8280144815296104,9.409038697493937,9.408715158437847,16.989739374402173
d:583:1.827925707899606,9.40899693255309,9.408763063572986,16.989834288226472
d:584:1.827721269839003,9.40895113890578,9.408749653162221,16.989979522229
d:585:1.828795722582793,9.40890125364371,9.4087332725366,16.988838803597517
d:586:1.8289584588316536,9.40910169846363,9.40867691407326,16.988820153705237
d:587:1.8278867642671734,9.409029688697593,9.40871540632518,16.9898583307556
d:588:1.8277381946953781,9.40902220072344,9.408730645674144,16.990014651702204
d:589:1.8300774617043452,9.409014722324098,9.408741548522395,16.98767880914215
d:590:1.82687688772398,9.408974630994756,9.408762151545734,16.99085989481651
d:591:1.8297840042228692,9.408952398721123,9.40873967617456,16.987908070672812
d:592:1.8264929112265271,9.408918740918665,9.408723054349114,16.99114888404125
d:593:1.8300867402120105,9.409142325400309,9.408676973196107,16.987732558384405
d:594:1.8272226254235164,9.409087955213518,9.408673199538674,16.990538529328674
d:595:1.8261414694569318,9.409097105834654,9.40864816083389,16.991603797211614
d:596:1.8280890505456284,9.409086626881622,9.408665063022076,16.98966263935807
d:597:1.8270065160415996,9.409071348827908,9.408684726790643,16.99074955957695
d:598:1.8273886895538318,9.409042253635455,9.408706849835472,16.990360413917095
d:599:1.8274076101567793,9.409015710813401,9.408701939592794,16.990310040249415
d:600:1.825163779324317,9.409027724804274,9.408720734669663,16.99258468014962
d:601:1.8267219605354867,9.409025278274555,9.408708765100172,16.99101208283924
d:602:1.8280536227365225,9.40902045655496,9.40871296668935,16.98967980050779
d:603:1.8268824579221103,9.409029529575768,9.408724166797974,16.990871238451632
d:604:1.8284862601976428,9.409028765645793,9.408709811242405,16.989252316690553
d:605:1.8260771287750899,9.409059334207983,9.40870529440375,16.991687499836644
d:606:1.8292136231826923,9.409083820241284,9.408682711675809,16.988552908734402
d:607:1.825713340950827,9.409082883074849,9.408662609066964,16.992032151190983
d:608:1.8268695249480231,9.409092782570081,9.40865025359896,16.990873511221018
d:609:1.8300293385211681,9.40910976157528,9.408665293299729,16.98774571635384
d:610:1.8255214663944201,9.409134870090197,9.408672100123917,16.992285503819694
d:611:1.829904473847975,9.408918740918665,9.40872371708458,16.98773798415527
d:612:1.8265210502536888,9.408952398721123,9.408713556386196,16.99114490485363
d:613:1.8282459319772144,9.408974630994756,9.408746208368648,16.98947490738619
d:614:1.8270135848750435,9.409014722324098,9.40872913783305,16.990730275282107
d:615:1.8262510972948967,9.40902220072344,9.408713780141403,16.991484883569946
d:616:1.829422642491302,9.409029688697593,9.408713890074177,16.988320936280466
d:617:1.8246076539421132,9.40910169846363,9.408656300515577,16.993150345037094
d:618:1.8276650742585971,9.409141331027953,9.408683194383137,16.990159451152493
d:619:1.8269227870349027,9.40891442816319,9.408720684588754,16.99071232571704
d:620:1.8292195883201536,9.408973844489998,9.408741343735363,16.988495599905207
d:621:1.8260241358076605,9.409026661918954,9.408732233589086,16.991734759700382
d:622:1.8254635317020451,9.4090512374247,9.408714140568037,16.99230184629069
d:623:1.830251958544732,9.409092157867233,9.408660260920872,16.98750046024337
d:624:1.8267057426704163,9.408918740918665,9.408719908462775,16.990932906711024
d:625:1.8244002498563496,9.408973844489998,9.408745813370691,16.99331940800434
d:626:1.8282658789085424,9.409024194788653,9.408705831576281,16.989464147456392
d:627:1.8280476032774793,9.409087302986658,9.408677717523268,16.989717417232445
d:628:1.82751898172911,9.40916466404259,9.408673373494032,16.990319055807515
d:629:1.8269239971590387,9.40898026066182,9.408721514997799,16.990777778500583
d:630:1.8293128796294802,9.40902220072344,9.408705997532804,16.988415318626764
d:631:1.827398678460824,9.409092186292769,9.408658941512135,16.99035244934408
d:632:1.8293195112613496,9.408913802966998,9.408708644550838,16.988302936256485
d:633:1.826306049979305,9.409000319412923,9.408731120020345,16.991425389453962
d:634:1.8284732210477301,9.409034405972589,9.408698664571746,16.989259849496605
d:635:1.826257572838454,9.409134870090197,9.40865730988967,16.991534607141414
d:636:1.8268894758305798,9.408969984066667,9.408723228389679,16.990803736625768
d:637:1.8280643167544923,9.409018118568914,9.408709012503309,16.989662814317732
d:638:1.8275332484554667,9.409143300990992,9.408659919361705,16.99026997189723
d:639:1.8283124079310085,9.408966855252464,9.408719597787599,16.989374045109052
d:640:1.8268702565880055,9.409027724804274,9.408696147732414,16.990853615948684
d:641:1.8260176970005944,9.409140308616042,9.40865946569154,16.991782077306986
d:642:1.8271151646351242,9.40898745510261,9.408722030344228,16.990594320811713
d:643:1.827221163423296,9.409080432796069,9.408695384532011,16.990554653904784
d:644:1.828063310325355,9.409207881394737,9.408705743135483,16.989850314204865
d:645:1.8269627276462685,9.409024749128656,9.408717768871552,16.99077979035394
d:646:1.8290415954297856,9.40909861368148,9.408636690850043,16.98869370910174
d:647:1.826458896041128,9.408958929218478,9.408717022638811,16.99121705581616
d:648:1.8279664779562452,9.409083395500721,9.408713109721369,16.989830027265846
d:649:1.826487247887286,9.408915944578437,9.40870014516719,16.99112884185834
d:650:1.8272843324596764,9.409037128008997,9.408705565692244,16.990458361241565
d:651:1.825872720106851,9.409156101437619,9.408658090906062,16.99194147223683
d:652:1.8273950488997315,9.409005210443084,9.408725146390134,16.990335307933485
d:653:1.8268237462108488,9.409098915339547,9.408646005724858,16.990921174853554
d:654:1.827655435850712,9.408985974034339,9.408736702072988,16.990067240256614
d:655:1.8289716415841148,9.40909128353132,9.408678909729494,16.988798551676698
d:656:1.8276968324964677,9.40897547053349,9.408697103537492,16.989975741574515
d:657:1.8256339380642395,9.409083056879696,9.408688635250275,16.992137754065734
d:658:1.825542019823338,9.408987492038538,9.408719405549537,16.992164877764736
d:659:1.8266600462713107,9.409085003037697,9.408705003158296,16.99112995992468
d:660:1.8269267660432646,9.408986509507649,9.408721038963154,16.99078078242754
d:661:1.8311038522758274,9.409084352693961,9.408687946659525,16.98666844707766
d:662:1.8272453947713068,9.40896373721689,9.408698374594305,16.99041671703989
d:663:1.8279208186616138,9.409086956531915,9.408668221748927,16.989834359619227
d:664:1.8247243002966762,9.408967832660434,9.408726588314575,16.992970120678333
d:665:1.8276370644530182,9.409118284155864,9.40864375905709,16.990124978759937
d:666:1.8265285455283298,9.40901682382964,9.408721772063329,16.99121005036464
d:667:1.8280638144888606,9.409160788384686,9.40866991792339,16.989766891819215
d:668:1.8284530925281466,9.409027159398564,9.40871957097054,16.989293637840955
d:669:1.8262622989236696,9.409227585772058,9.408694589272432,16.99165987612082
d:670:1.8280610478565933,9.409072517072799,9.40871994097873,16.989731410194935
d:671:1.8288487556090125,9.408966962642896,9.408699520569309,16.988817727603195
d:672:1.8267771479632913,9.409132426925161,9.408632986020335,16.990988264982207
d:673:1.8268061592311824,9.409017477895475,9.40871991856231,16.990931237226604
d:674:1.8291152518658897,9.409216722262636,9.408708836776613,16.98881030717336
d:675:1.8278601168350868,9.40907968453486,9.408711137133732,16.989930704833505
d:676:1.8252347267980014,9.40898745510261,9.40871473835714,16.99246746666175
d:677:1.8271739431054037,9.409168272331604,9.40866722565527,16.99066155488147
d:678:1.8276506805415274,9.409027724804274,9.408700575726881,16.990077619989627
d:679:1.8278637096855768,9.408987492038538,9.408702067361169,16.98982584971413
d:680:1.825687987572362,9.409143300990992,9.408634674598707,16.992089988017337
d:681:1.8278964682362293,9.409030133485686,9.408706036440282,16.98983970168974
d:682:1.8269630633555778,9.408977846354645,9.408706053349567,16.990720836348636
d:683:1.827382232077472,9.409144327786354,9.408624074264745,16.99038616997363
d:684:1.8287912248278495,9.409022253842156,9.408707483733862,16.988938512748167
d:685:1.8272324919037395,9.408986509507649,9.40869749039128,16.99045150799519
d:686:1.8251878379516349,9.409156101437619,9.408643453643348,16.992611717129332
d:687:1.8279473052735256,9.409038051367302,9.408672890547612,16.98976363664139
d:688:1.8260714582511852,9.408967832660434,9.408682067819129,16.991578442228377
d:689:1.8266439664846672,9.40922214139902,9.408657983758827,16.991236158673182
d:690:1.8253681038951974,9.40909128353132,9.408663942369316,16.992387122005436
d:691:1.8275762937828013,9.409023295662532,9.408681110916664,16.990128112796395
d:692:1.825906459668733,9.408971936892351,9.408687699800616,16.991753177024233
d:693:1.8270762081707659,9.40916318498548,9.408629385721254,16.99071636253597
d:694:1.827800835921753,9.409082638683808,9.408669499286916,16.98995130204897
d:695:1.8266470442318266,9.409027940582474,9.408695473816719,16.991076370167367
d:696:1.8264100344212828,9.408975438387449,9.408676400926357,16.99124180489252
d:697:1.8289725380917048,9.409157382974337,9.408633711596883,16.988818556479515
d:698:1.8262382418038463,9.409084405762666,9.408677497932448,16.991523661891268
d:699:1.8275197296966148,9.409038697493937,9.40870674758456,16.990225715381882
d:700:1.828341452603997,9.408973844489998,9.408689051468047,16.989321443354047
d:701:1.8270554481207348,9.409230451867842,9.408681497427217,16.990856501174324
d:702:1.827753276356539,9.409141331027953,9.408627169786323,16.990015224457736
d:703:1.8259081310451606,9.409077326318144,9.408673015917373,16.991842211190356
d:704:1.830356341631898,9.409033549065166,9.408686791778349,16.987363999211617
d:705:1.8245748800592736,9.4089727276292,9.408692211698103,16.993090059268027
d:706:1.8265012574709587,9.409233951698015,9.408677169950543,16.991409864177598
d:707:1.8284306975587157,9.409149846608424,9.408653058949923,16.98937220799963
d:708:1.8275691649142125,9.409092054927408,9.408671669871447,16.990194559884642
d:709:1.8283425861945979,9.409045431002824,9.408680088935448,16.989382933743673
d:710:1.8279496409972538,9.409028879410442,9.408708385185008,16.989787623598197
d:711:1.8278442834056925,9.408985974034339,9.408689755348739,16.989831445977384
d:712:1.8265792519664998,9.409237690934352,9.408715509788953,16.991373948756806
d:713:1.8248750029874152,9.40922368870827,9.408648148790137,16.992996834510993
d:714:1.8282482111220801,9.409156101437619,9.40861786691291,16.98952575722845
d:715:1.8262464176797693,9.409095836863486,9.408671042465738,16.991520461649454
d:716:1.8268546798098093,9.409083820241284,9.408670492853824,16.9908996332853
d:717:1.8253789873298096,9.409022801564406,9.408701980239059,16.992345794473653
d:718:1.8284103789327943,9.409026059434115,9.408700547501347,16.989316228002668
d:719:1.8250642202435863,9.408986530827065,9.408685246556692,16.992607557140172
d:720:1.8279160866050397,9.408986509507649,9.408678031458255,16.989748454360864
d:721:1.8270743111737282,9.409240365411678,9.408674671443293,16.99084072568124
d:722:1.8306484270195682,9.409238743509029,9.408668874328189,16.98725919081765
d:723:1.829406906484735,9.409200848989718,9.408638759647094,16.988432702152075
d:724:1.824859918923277,9.409162238627049,9.408621906147404,16.992924225851176
d:725:1.8283566222657939,9.409143300990992,9.40864516203403,16.98943184075923
d:726:1.8274017006119543,9.409087955213518,9.40867495461912,16.990361209220683
d:727:1.8260945992955797,9.40909221968018,9.408684487192225,16.991682107576825
d:728:1.827058146120855,9.409086626881622,9.408690112132891,16.990718592893657
d:729:1.8270613270677245,9.409083395500721,9.40869106843325,16.990713136866248
d:730:1.8261820501584012,9.409030687148668,9.408700324875666,16.99154896186593
d:731:1.8276876771805561,9.40902045655496,9.408705955779606,16.99003873515401
d:732:1.8267756046090966,9.409022253842156,9.40871985057765,16.99096649981071
d:733:1.8256085032945712,9.409023253069334,9.408703248210486,16.99211799798525
d:734:1.8277865982806603,9.409029538955684,9.4087090606646,16.989952001339624
d:735:1.8269334795083232,9.40902220072344,9.408723357626084,16.9908120788412
d:736:1.8285830965439231,9.409033549065166,9.408726115490168,16.98917656801141
d:737:1.8258880315517025,9.409033549065166,9.408723364686246,16.991868882199707
d:738:1.825620427977693,9.40902220072344,9.408717503187198,16.992119275932946
d:739:1.8272130221434253,9.409029538955684,9.408716024691843,16.990532541504102
d:740:1.8275233701343616,9.409023253069334,9.40870576163697,16.99020564457194
d:741:1.8264886687378699,9.409022253842156,9.408688400072172,16.99122198517646
d:742:1.828077700279362,9.40902045655496,9.40872075498619,16.98966351126179
d:743:1.8266998089908313,9.409030687148668,9.408708648832343,16.99103952699018
d:744:1.8274940379421025,9.409083395500721,9.408707547709266,16.990296905267883
d:745:1.827595269301895,9.409086626881622,9.408685921371035,16.99017727895076
d:746:1.827065166712039,9.40909221968018,9.408673565009927,16.990700617978067
d:747:1.8274667558138198,9.409087955213518,9.408690338437264,16.990311537836963
d:748:1.82526476620302,9.409143300990992,9.408655487838738,16.99253402262671
d:749:1.8279871955839333,9.409162238627049,9.408627656161093,16.98980269920421
d:750:1.827700973023898,9.409200848989718,9.408646798063051,16.99014667402887
d:751:1.8269017101710467,9.409238743509029,9.408634813995683,16.990971847333665
d:752:1.8269477319483123,9.409240365411678,9.408686869276815,16.99097950274018
d:753:1.8277500217700506,9.409245492522977,9.4087110961589,16.990206566911827
d:754:1.8248979948044877,9.408968954242788,9.408683693136226,16.992754652574526
d:755:1.8277035152335692,9.409008183599022,9.408685093364491,16.989989761729944
d:756:1.828380521415454,9.40902220072344,9.40869507957205,16.989336758880036
d:757:1.827209069445587,9.409026484896605,9.408690644073008,16.990508059524025
d:758:1.826070329526594,9.409078741560299,9.408661140105496,16.9916695521392
d:759:1.8266338146116645,9.409127970620077,9.408667449945701,16.991161605954115
d:760:1.828538064955822,9.4091633350332,9.40860388345462,16.989229153532
d:761:1.8283322106704603,9.409237721603729,9.4086347017203,16.98954021265357
d:762:1.8274478327397716,9.409240160244648,9.408691552182963,16.99048387968784
d:763:1.827574495440217,9.408985974034339,9.408673157935995,16.990084636530117
d:764:1.8263223565958846,9.409028879410442,9.408683398971633,16.99138992178619
d:765:1.827120581375329,9.409045431002824,9.408672039800166,16.99059688942766
d:766:1.825883221524574,9.409092054927408,9.408639611274225,16.991848444677057
d:767:1.826758095260221,9.409149846608424,9.40859717414739,16.990988925495593
d:768:1.8263556685057623,9.409233951698015,9.408623774086088,16.99150205727834
d:769:1.8267619033380065,9.409274675312735,9.408713499785144,16.991226271759874
d:770:1.8263283838734594,9.40900892529344,9.40866338413749,16.991343925557473
d:771:1.8249493706748794,9.409029529575768,9.408653549834067,16.992733708734956
d:772:1.82631715850518,9.40908893708381,9.40864370748861,16.99141548606724
d:773:1.8274926295626805,9.409167538035097,9.408605290947294,16.99028019941971
d:774:1.826044195853619,9.409238567933324,9.408657913525614,16.99185228560532
d:775:1.8264682200885467,9.408973844489998,9.408653611532383,16.991159235933832
d:776:1.8295015129507917,9.409038697493937,9.408684269535364,16.98822145407851
d:777:1.8284130822089608,9.409084405762666,9.408636559296184,16.98930788284989
d:778:1.8249308182329749,9.409157382974337,9.408595932883049,16.992822497624413
d:779:1.8300263827926244,9.409231953864753,9.408652624706695,16.987858195778824
d:780:1.8260588361873076,9.40898745510261,9.408658545290706,16.99158716420601
d:781:1.8271915719455265,9.409020751627455,9.408676733436844,16.990505913118774
d:782:1.8278463800507936,9.40909861368148,9.408647375465153,16.989899609095836
d:783:1.8270432765551874,9.409223736359847,9.408599933593191,16.99078039339785
d:784:1.82730883480259,9.409282101128108,9.408701603876759,16.990674870202277
d:785:1.8275768572684754,9.409023295662532,9.4086698271573,16.990116265551357
d:786:1.8269661507205228,9.40909128353132,9.408647830706197,16.990772963516996
d:787:1.827396621750502,9.40922214139902,9.408586878272644,16.990412397921162
d:788:1.830002167367141,9.409271917577259,9.40868639597687,16.98795614618699
d:789:1.8274738205691676,9.409017864669853,9.408657214735332,16.990201258836017
d:790:1.826071892552438,9.409081355271582,9.408635727464743,16.991645190183885
d:791:1.8254175184116974,9.409227180533291,9.408612418221724,16.992422080343317
d:792:1.8278182154021927,9.409301531778217,9.408710814356574,16.9901941307326
d:793:1.8264821489928167,9.409022253842156,9.408665563867652,16.991205668716994
d:794:1.827162958141912,9.409144327786354,9.408656291580124,16.990637661224568
d:795:1.8279117322500866,9.409233393763458,9.408629936757215,16.989951598270586
d:796:1.8262473896541955,9.409030456196547,9.408656278562619,16.99143934510497
d:797:1.8297319256387503,9.409089394320223,9.408655421552936,16.98801289023441
d:798:1.825971391137255,9.409218387263818,9.408585909977967,16.99183290610453
d:799:1.8280546341418074,9.409308768034323,9.408726374385836,16.98998050827835
d:800:1.8260052350587017,9.409027724804274,9.40869566261527,16.99171815236084
d:801:1.825487542816326,9.409168272331604,9.408629177236397,16.992309906751675
d:802:1.8250081051866331,9.409259767403222,9.408661326289886,16.992912988506475
d:803:1.827415947352904,9.409035618917368,9.40868222168813,16.990301893252592
d:804:1.8258456332624995,9.409141931623896,9.408681648022329,16.991977946383724
d:805:1.8280096989542258,9.409232644040728,9.408675381807516,16.989898326894018
d:806:1.8244862217554179,9.409017477895475,9.408672672034184,16.993203928174243
d:807:1.8273265170808237,9.409132426925161,9.408658753940788,16.990464663785126
d:808:1.826461311954347,9.40923074817559,9.408669249851735,16.99143868607298
d:809:1.8277020705390008,9.409024985037892,9.408660905406627,16.989983819905518
d:810:1.8256728330015122,9.409141331027953,9.408671854595113,16.992140352621554
d:811:1.8283527203616536,9.40925462880943,9.408646583500206,16.989548491947982
d:812:1.8266101748728936,9.409027159398564,9.408674739727674,16.991091724253344
d:813:1.8258964209243054,9.409160788384686,9.40862373623969,16.99188810370007
d:814:1.8274569749991407,9.409301531778217,9.40871326703631,16.990557823815386
d:815:1.8275542417055277,9.409059334207983,9.408674636402461,16.990179728904916
d:816:1.8254523321505367,9.40922512839387,9.408592539870387,16.99236533611372
d:817:1.8267273602983067,9.409300002762516,9.4087139472938,16.99128658975801
d:818:1.8281518674552757,9.409086956531915,9.408661145533458,16.989596234610097
d:819:1.8289964703594563,9.409228917129258,9.40864377528872,16.988876222058522
d:820:1.8262000424385256,9.40902220072344,9.40864767555201,16.991469833836923
d:821:1.8262493699390703,9.40915422672784,9.408643161244441,16.99154801803321
d:822:1.8245883684355668,9.409287647060987,9.408731730823087,16.993431009448507
d:823:1.8281495195368365,9.409085003037697,9.408681943713065,16.989617427213926
d:824:1.826072523114842,9.409240365411678,9.408632469556649,16.991800311853485
d:825:1.8244138544407562,9.409017864669853,9.408676836890637,16.993280847119735
d:826:1.8271763380344943,9.409149846608424,9.408645572654471,16.9906190812284
d:827:1.8275400815941936,9.409290922853621,9.408724268787479,16.99047511004691
d:828:1.8271618437597859,9.40909128353132,9.408687925054506,16.99061736482604
d:829:1.826060662768949,9.409237200244032,9.40867209664545,16.991848634120533
d:830:1.825617769930652,9.40902278265454,9.408689952448954,16.992094965172843
d:831:1.8278814956387066,9.409223736359847,9.40860107428417,16.989943315005313
d:832:1.8250435973052035,9.409005210443084,9.40866990339166,16.992631516529542
d:833:1.82841246512724,9.409156101437619,9.408684830956476,16.989428467266855
d:834:1.8269022365152878,9.409289817484147,9.408739215221663,16.99112679619052
d:835:1.8279497345110762,9.4090888886927,9.408682146755304,16.989821300936928
d:836:1.8270278499292694,9.409266434237246,9.408676273843211,16.99091485815119
d:837:1.82852157241458,9.409083395500721,9.408704231315888,16.98926605440203
d:838:1.8266190883118618,9.409243570924318,9.408647721018287,16.991272203630743
d:839:1.8279628255575773,9.409029920704226,9.40869512264045,16.9897622177871
d:840:1.826949844786025,9.409229703585607,9.4086120189156,16.990891877715182
d:841:1.8262962311471753,9.409024749128656,9.408684681301567,16.99141319928305
d:842:1.8272091727982094,9.409207881394737,9.408646376713083,16.990645085309612
d:843:1.8280626539973,9.409284105822774,9.408778294247725,16.9899997460732
d:844:1.826015530306588,9.40915583484836,9.40866861508802,16.991808919629793
d:845:1.8249017638433536,9.409304314815378,9.408745559364851,16.993148110336875
d:846:1.8254276285206572,9.409140308616042,9.408654944585018,16.992367624680405
d:847:1.827729057571112,9.409295191071047,9.40872035758403,16.990286491083964
d:848:1.8274090329775916,9.40914005954898,9.408668655904185,16.990399682475573
d:849:1.8247266064281717,9.40929550355814,9.408721564508587,16.993290461638555
d:850:1.8264849333671869,9.409143300990992,9.408664572943238,16.99132294056704
d:851:1.8280518679214666,9.409293500371081,9.408730432908008,16.989972065357623
d:852:1.8278146169733773,9.409141931623896,9.4086633565235,16.98999067117402
d:853:1.8278042322938788,9.409295892001861,9.40872068408141,16.990212343789395
d:854:1.8283790590431543,9.409134870090197,9.408658262572825,16.989414073619866
d:855:1.8273501278742508,9.409302186893754,9.408714778061213,16.990666837080717
d:856:1.8254670789399299,9.409162238627049,9.408652555069256,16.992347714756377
d:857:1.826938462253569,9.409294933238908,9.408740083521,16.99109655450634
d:858:1.8269069145478554,9.409169319424702,9.408650005959208,16.990912410836053
d:859:1.8280050297154027,9.409022377800797,9.408659912569673,16.989677260655068
d:860:1.8276987250220174,9.409222639014759,9.408609698306455,16.990133612299196
d:861:1.8258428974419836,9.40902220072344,9.408655356688573,16.991834659970028
d:862:1.8270642838860738,9.409227854299953,9.408612737418323,16.990776307832203
d:863:1.8277398317428322,9.409027157273382,9.40866828556666,16.98995561109721
d:864:1.8271061703489657,9.409245492522977,9.408619030226276,16.990758352400288
d:865:1.8242078248083118,9.409087302986658,9.408651017664772,16.993530495843117
d:866:1.8279599138137463,9.409320766154329,9.408643563376847,16.99000441571743
d:867:1.8245513754684808,9.409122018982742,9.408639492347591,16.99321013586185
d:868:1.8273461557564339,9.40930950497226,9.408698228023141,16.990661577238967
d:869:1.8289771544109001,9.409169319424702,9.408653398890268,16.98884556390407
d:870:1.8254978776887363,9.409024749128656,9.408641779836804,16.992168651276724
d:871:1.8272331410117388,9.409231242924825,9.408584939388145,16.99058304130123
d:872:1.8280121594051622,9.4090512374247,9.408666090811778,16.989705168831314
d:873:1.8255567702384887,9.40930712494001,9.40863965541703,16.99239001011855
d:874:1.827187758342351,9.40909861368148,9.408648529221184,16.99055938456031
d:875:1.825739663535952,9.409306364556725,9.40868944864819,16.992256149668965
d:876:1.8277756264468046,9.409222160338068,9.408612926388846,16.99005946028011
d:877:1.8277381253952925,9.409040555948296,9.408640047135613,16.989942477688615
d:878:1.8254421736688968,9.40923868091127,9.408594307855095,16.99239081509747
d:879:1.8267400557182256,9.40910169846363,9.40863601477984,16.99099765752524
d:880:1.828363172626684,9.409295191071047,9.408699163156141,16.989631181600505
d:881:1.8270429021747638,9.409174129724326,9.408629325584213,16.990760553133775
d:882:1.826835417292127,9.40902220072344,9.408637509711069,16.99082429314238
d:883:1.8280084654371755,9.409233174536627,9.408588030881987,16.98981273998144
d:884:1.828086284562712,9.409086956531915,9.408640742366646,16.98964141433585
d:885:1.8271043210275906,9.409306364556725,9.408679764796814,16.99088180832595
d:886:1.8276989521569362,9.40922512839387,9.408579420490021,16.990105596726956
d:887:1.8260485143500809,9.409027935893091,9.408621636055043,16.991601057598054
d:888:1.827691117127241,9.409301531778217,9.40861419401501,16.990224608665986
d:889:1.8240826538534591,9.409134870090197,9.408597354129837,16.993649570366575
d:890:1.8282379104373447,9.409239363116267,9.408701032290073,16.989702484968994
d:891:1.8276770560435303,9.409233463310958,9.40857079831543,16.99012720558286
d:892:1.827866085470962,9.409092782570081,9.408619539256243,16.989846236355362
d:893:1.8264488316727956,9.409294066325945,9.408666039080188,16.991511273733337
d:894:1.8253699681120032,9.409240518496794,9.408564056154493,16.992434606539284
d:895:1.8264942466794345,9.409083820241284,9.408636853000269,16.99122642656212
d:896:1.8274267295858628,9.409295191071047,9.408663523913724,16.990531985398906
d:897:1.8254273012756137,9.40922368870827,9.408601687868067,16.992398075300724
d:898:1.8257635115698783,9.409028765645793,9.408614182219887,16.9918794362958
d:899:1.827434324403054,9.409289788877311,9.408624308252763,16.99047977272702
d:900:1.8279118665642073,9.409200848989718,9.408614040167773,16.989903022593282
d:901:1.8255400356879967,9.40902045655496,9.408615420303814,16.992095841170777
d:902:1.8273904003261698,9.409283082993916,9.408602971685065,16.99049565435281
d:903:1.8273317655030041,9.409192752313368,9.408606114300586,16.99046710111095
d:904:1.8277841778883541,9.409027724804274,9.408625421407228,16.989868968323147
d:905:1.828009449625867,9.409291170990748,9.408633045075987,16.98991476644087
d:906:1.8270398300324757,9.409218387263818,9.408606315815161,16.990784873046504
d:907:1.8264534395920613,9.409042253635455,9.408595741880728,16.99118455592412
d:908:1.826888488883455,9.409295900716458,9.408664732481295,16.9910721443143
d:909:1.8248544287039863,9.409234607329086,9.408580326362436,16.992960504987536
d:910:1.8271684914128876,9.409086626881622,9.408636710321716,16.990554845790452
d:911:1.8264025860372186,9.409286317703272,9.408656685022601,16.991540416688654
d:912:1.8268688834260693,9.409231953864753,9.408536865968593,16.990899936407278
d:913:1.824931809932746,9.409087955213518,9.408622335849207,16.992778481129978
d:914:1.8285769667236913,9.409231174614238,9.4087018686249,16.989356076515445
d:915:1.8272586207301664,9.409271368738121,9.408557586076958,16.99057033408491
d:916:1.8250744883797836,9.409161126768026,9.408592122894754,16.992678761282995
d:917:1.8277103856170775,9.409018118568914,9.408601373510969,16.989909106462807
d:918:1.826281552635514,9.409296888131658,9.40863232572291,16.991647661219055
d:919:1.8264737749701787,9.409240309248297,9.408575539074675,16.991342073352794
d:920:1.8290528614249482,9.40909128353132,9.408642419282401,16.98868084138877
d:921:1.8279431235920889,9.409233833159039,9.40870273660198,16.989993446168928
d:922:1.826916883976594,9.409282101128108,9.408557028555272,16.990922245706784
d:923:1.829659237469972,9.409158694079336,9.40860735517703,16.988106811786395
d:924:1.8257678152993364,9.409029688697593,9.408623233822066,16.991885107220323
d:925:1.8252958011791875,9.409291915956397,9.408670971736218,16.99266708651343
d:926:1.827710758011932,9.409231072895084,9.408548508556047,16.9900688234392
d:927:1.825495948887351,9.409141331027953,9.408619937151679,16.99226531929228
d:928:1.8272649374579863,9.409027159398564,9.408619067179202,16.990381289119778
d:929:1.8279797359750063,9.409300216133303,9.408657823534547,16.989978303692844
d:930:1.8278724715709167,9.409233393763458,9.408565914560436,16.989926836752975
d:931:1.8276571427480413,9.409118284155864,9.408653999847909,16.990115141255732
d:932:1.8266459276290803,9.409239210196986,9.40874375903058,16.991337041598484
d:933:1.8259955098456473,9.4092936850465,9.408657981073661,16.99195615627451
d:934:1.8272584249813093,9.409238567933324,9.408561616250921,16.990541759202934
d:935:1.8241904485896185,9.409143300990992,9.408628931108378,16.993581783509754
d:936:1.8272402453003238,9.409022253842156,9.408614912975825,16.990396921517657
d:937:1.827112393957023,9.409298202929076,9.408677603727972,16.990863412700023
d:938:1.825536345631047,9.409238387949598,9.408565041025568,16.99226708334412
d:939:1.8268279767645517,9.40916318498548,9.408617944156578,16.990953152377507
d:940:1.826765936131821,9.40907083594329,9.408627020191703,16.99093192000317
d:941:1.8296854438918366,9.409265237980938,9.408677291899254,16.988257085988355
d:942:1.826685134132294,9.409309639030464,9.408595332304898,16.99121983720307
d:943:1.8270771782417263,9.409225583125794,9.408620660345541,16.99076906522961
d:944:1.8269832866273212,9.409092054927408,9.408658974978632,16.99076774327872
d:945:1.8287183599799661,9.40923661293098,9.408729664096084,16.9892479170471
d:946:1.824645558619924,9.4093112742978,9.408684121498286,16.99334983717616
d:947:1.827736660288096,9.409247091862964,9.408572626641678,16.99008305821655
d:948:1.8268444536891195,9.409169319424702,9.40861226853931,16.990937134274894
d:949:1.8259273973514851,9.409083056879696,9.408631227153197,16.99178688668141
d:950:1.8282965385285905,9.409233103098844,9.408725252419789,16.989661816990044
d:951:1.8297631398531244,9.409302186893754,9.408639154062161,16.98817820110279
d:952:1.8265656450928276,9.409238387949598,9.40855387199505,16.99122661485182
d:953:1.826275225089315,9.40917189814633,9.408623921261077,16.991520594318093
d:954:1.827583646175789,9.409078741560299,9.408641190679745,16.990136286064256
d:955:1.825906922819371,9.409241874207265,9.408736512400601,16.992071463788495
d:956:1.8285354224272794,9.409298581191091,9.408678547468039,16.98944170623185
d:957:1.8257765345046906,9.409277291438105,9.408573203985862,16.992073960919278
d:958:1.8252021718385691,9.40923070085238,9.408609734272666,16.992638263286477
d:959:1.8260376584115718,9.40910976157528,9.408639974084146,16.991712077247854
d:960:1.8276101561788032,9.409027724804274,9.40861564923577,16.990033217861242
d:961:1.82567874564403,9.409229670503658,9.408679456790844,16.992230381650472
d:962:1.8275475733546465,9.409293500371081,9.408617868351017,16.990363795367454
d:963:1.8247507627975459,9.409239495677491,9.408555526354121,16.993044259234065
d:964:1.8268681005486442,9.409200848989718,9.408603360042125,16.990936108483197
d:965:1.8280471181890405,9.40908893708381,9.40864602205431,16.98968784094908
d:966:1.828314757447778,9.409266563510116,9.408718521187701,16.98967032725004
d:967:1.8265726509199744,9.40922636976752,9.408676048181752,16.991329767029296
d:968:1.8271410529384937,9.409295191071047,9.408618985070266,16.99077312320282
d:969:1.8247145539081977,9.40924767737622,9.40855849633349,16.99309161980151
d:970:1.8268497206068908,9.409222639014759,9.408613205480416,16.990986123888284
d:971:1.8278766858604882,9.409134030855226,9.408646203704077,16.989903548698813
d:972:1.8254919956454465,9.409083395500721,9.408640093274572,16.992231493129847
d:973:1.827801568606894,9.4092335414838,9.408749865506246,16.99018183838315
d:974:1.8267967296832808,9.409277516212422,9.408698155837609,16.99117894236675
d:975:1.823629205538463,9.409289817484147,9.408619287848268,16.994279899793952
d:976:1.828966272000244,9.40923074817559,9.408579959865682,16.988844436041028
d:977:1.8267645064934186,9.409218551846488,9.408635427455955,16.991089472809023
d:978:1.8256142283650831,9.409145969483008,9.408650269566683,16.99218201068461
d:979:1.825652985322911,9.40907597750455,9.40864017662241,16.992063168804048
d:980:1.8272994531261908,9.40924805043203,9.408733632274584,16.990682229580425
d:981:1.8269381249843626,9.409226612279385,9.40870138192981,16.99098986922483
d:982:1.8268211059609172,9.409301792119164,9.408624184472869,16.991104870631116
d:983:1.828494099027484,9.409305907306074,9.408581534979275,16.989393343257863
d:984:1.8270446938793228,9.409231953864753,9.408595232186713,16.990782492172144
d:985:1.8257088792068572,9.40922056724844,9.408615828141569,16.992127516183153
d:986:1.8277951788721793,9.409143300990992,9.40863694980759,16.989985071926405
d:987:1.8238202552562655,9.409082855755031,9.408636136585725,16.993898737084493
d:988:1.8267492499690476,9.409269546171029,9.408728637107266,16.991248933309247
d:989:1.8273063832168823,9.409240505270219,9.408725319434003,16.99065944148734
d:990:1.8262077622180044,9.409263033028468,9.408701721616511,16.991756992426975
d:991:1.8244951960975655,9.409306079155499,9.408637897986853,16.993448781044787
d:992:1.8284238087339233,9.409306214493498,9.408595517712241,16.989477923471817
d:993:1.8272726609085765,9.409228917129258,9.408598105702186,16.990554361922868
d:994:1.8270583219319931,9.409227382854827,9.408624843786823,16.990793904709655
d:995:1.8284218445572513,9.409168678082374,9.408655524179443,16.989402357704567
d:996:1.825552337605071,9.409087955213518,9.408651108149744,16.99218672575819
d:997:1.826306727348804,9.409085670857522,9.408641515264037,16.991420458772755
d:998:1.8308019871850725,9.409275596128415,9.408741975095879,16.987215584039223
d:999:1.82664259008693,9.40923661293098,9.408732431605667,16.991326454449716
d:1000:1.8275584882919311,9.409229412629749,9.408694234643376,16.990365158981195
