data: dataset/dl4mt/
d:1:2.2645041038447182,6.521766655553898,6.521758870701613,10.779021422410793
d:2:1.6784133862694368,6.5217660632443994,6.5217574832654535,11.365110160240416
d:3:1.499499871824673,6.521764666381692,6.5217525449621565,11.544017339519176
d:4:1.4014360756026019,6.521762707822153,6.521746882287457,11.642073514507008
d:5:1.3614883336568564,6.521762404948464,6.521742208134136,11.682016279425744
d:6:1.3452809353592379,6.521762707822153,6.521739127015025,11.69822089947794
d:7:1.335128576399395,6.521762404948464,6.521732700391026,11.708366528940095
d:8:1.3302831937686346,6.5217586236134775,6.52172874391723,11.713204173762072
d:9:1.3248814610096584,6.521757776855346,6.521724265911307,11.718600581756995
d:10:1.3217248654310438,6.521764281458714,6.521715192054508,11.721754608082179
d:11:1.3155650541619295,6.521759615987031,6.521712798328239,11.72790736015334
d:12:1.314335935886204,6.521764281458714,6.521705618205202,11.729133963777711
d:13:1.3116087609645515,6.521764281458714,6.521701017309077,11.73185653780324
d:14:1.3097368077498093,6.521768653325277,6.521695700450223,11.733727546025692
d:15:1.308908317969566,6.521764281458714,6.521693333977215,11.734549297466364
d:16:1.3064492083245067,6.521764281458714,6.5216900104705156,11.737005083604723
d:17:1.3060757900213336,6.521768653325277,6.521681877759455,11.7373747410634
d:18:1.3051626705374346,6.521764281458714,6.521680812010335,11.738282422931615
d:19:1.3044773031012458,6.521764727407395,6.52167379199107,11.738961216297218
d:20:1.3018191467721252,6.5217697071551815,6.521669495639478,11.741620056022533
d:21:1.3005802831360622,6.52177080727798,6.521658758143061,11.742849282284977
d:22:1.3020225959637912,6.52177299147607,6.521654689443195,11.741405084955474
d:23:1.3004875150085375,6.521767631006016,6.521651053414345,11.742931169411824
d:24:1.2986978012538017,6.5217653380430045,6.5216493454371856,11.744716882226388
d:25:1.2964572705331516,6.5217677389197934,6.521652888423732,11.746963356810374
d:26:1.2974878909695509,6.521766451363389,6.52164727746157,11.745925837855408
d:27:1.2996250418982438,6.521764582041452,6.521652883667016,11.743792423810223
d:28:1.2961622046210994,6.521765917671149,6.5216577890596765,11.747261502109726
d:29:1.2952452325779529,6.521769814166095,6.521653312566318,11.74817789415446
d:30:1.2955749993469148,6.521769846085396,6.52165179502915,11.747846641767632
d:31:1.2961658433058965,6.52177299147607,6.5216529709440865,11.747260119114259
d:32:1.2950484079598397,6.521765917671149,6.521649421489184,11.748366931200493
d:33:1.2933149171958416,6.521769782195796,6.521648087089465,11.750102952089419
d:34:1.2923500071601914,6.521768303198508,6.521656394453302,11.751074690491619
d:35:1.2921100542060984,6.521766881253472,6.521651317883528,11.751308144930903
d:36:1.2916889356549444,6.5217682788066575,6.5216557179781365,11.75173506112985
d:37:1.29167690862805,6.521765917671149,6.521645757356689,11.751734766399787
d:38:1.2930833016603067,6.5217653380430045,6.521648993711256,11.750331030093953
d:39:1.2911744716635951,6.521768573748348,6.52164762292287,11.752241725007623
d:40:1.2917898657350992,6.52177094801684,6.5216505323275396,11.75163161460928
d:41:1.2896166409607464,6.521768573748348,6.52165067380483,11.753802606592432
d:42:1.290030391996055,6.521771714509969,6.521661255442698,11.753402577956612
d:43:1.2900476574908204,6.521768774998596,6.521661418189202,11.753382535696979
d:44:1.2909416720835978,6.521771714509969,6.52166821370029,11.75249825612666
d:45:1.2873900527981643,6.521767358745976,6.52165879022782,11.756036096175631
d:46:1.2893366788969338,6.521772154868872,6.521664790060462,11.754100266032399
d:47:1.2865983784555048,6.521771714509969,6.521672178506213,11.756845514560677
d:48:1.28866803515373,6.521772172300025,6.521660403038768,11.754764540185064
d:49:1.2880727115991029,6.521769503027629,6.521670258741101,11.755367050169628
d:50:1.288188238182025,6.521771714509969,6.521663631351145,11.755247107679088
d:51:1.2875949680801764,6.521769687234453,6.521664142382556,11.755838861536832
d:52:1.2880360189678264,6.521771047252518,6.521656995443337,11.755392023728028
d:53:1.28704769565935,6.521769888271941,6.5216589472860935,11.756381139898686
d:54:1.2875133345766603,6.5217682788066575,6.521657704411816,11.755912648641813
d:55:1.2876208825803843,6.521771714509969,6.521659005403782,11.755809837333366
d:56:1.2869944251679115,6.521767054094435,6.52166310340469,11.756435732331214
d:57:1.2863705887086816,6.521756853684704,6.521662418819501,11.757048683795524
d:58:1.2854958657744469,6.521768124416283,6.5216598431939286,11.757932101835765
d:59:1.2860779289311104,6.521764707061956,6.521662858251764,11.75734963638261
d:60:1.287127537283606,6.521771714509969,6.521660784544106,11.756304961770468
d:61:1.285381227722631,6.521760184692668,6.521666872920325,11.758045829890362
d:62:1.286883693856442,6.521765800728156,6.521671430109555,11.756553536981269
d:63:1.2860053817015853,6.521756853684704,6.521665883405172,11.757417355388291
d:64:1.2850006224938788,6.521766045340952,6.5216573603105426,11.758422783157616
d:65:1.2859070043649297,6.521769202371057,6.521654102820223,11.75751630082635
d:66:1.283874670970274,6.521771714509969,6.521647144529885,11.75954418806958
d:67:1.2838478910052125,6.52176927963358,6.521655440378361,11.759576829006729
d:68:1.2862951670556768,6.521769687234453,6.521655454641409,11.757129974820185
d:69:1.2849560421533326,6.521773162001217,6.521656681909808,11.758473801757692
d:70:1.283806198469728,6.521771714509969,6.521646320717406,11.759611836757648
d:71:1.2841555264669164,6.521774048369998,6.5216541694846475,11.75927269138773
d:72:1.2849355906662332,6.521769687234453,6.521649594659222,11.758483691227443
d:73:1.2841460847802963,6.521773848735346,6.521655537992166,11.759283301947216
d:74:1.2828308172015355,6.521776726439724,6.521650492833406,11.760596402071595
d:75:1.2846681413489396,6.521771714509969,6.5216476775708205,11.75875125073185
d:76:1.2824204124421108,6.5217718542219165,6.521644499014811,11.760995940794617
d:77:1.2821317135831176,6.521771714509969,6.521647269792064,11.761287270718915
d:78:1.2834916597235217,6.521765800728156,6.521649125252981,11.759923266257616
d:79:1.280652068645896,6.5217654769068325,6.521648557656072,11.762761965917008
d:80:1.2827286938860745,6.5217584590914575,6.521649426540328,11.760679191745712
d:81:1.282534903378565,6.521780837946273,6.521649805657854,11.760895740225562
d:82:1.2819473886675858,6.5217584590914575,6.521641080957162,11.761452151381032
d:83:1.2833995857159408,6.521779341226379,6.521649490264553,11.76002924577499
d:84:1.2811105979147452,6.52177869057094,6.521652925073295,11.762321017729489
d:85:1.2826199862514276,6.521781768940916,6.52165038844057,11.760812171130057
d:86:1.2820137987414952,6.521769685439914,6.521643696662063,11.761399583360483
d:87:1.2824548904299071,6.521763896998637,6.521636227539718,11.760945234108448
d:88:1.2802800295952625,6.521773848735346,6.5216403084883146,11.763134127628398
d:89:1.2818715698523615,6.521784224354479,6.521638970773772,11.76155162527589
d:90:1.2818579032100281,6.521767566284737,6.521630194653042,11.761539857727751
d:91:1.2804076795623551,6.521787971596368,6.521637009037328,11.76301730107134
d:92:1.2809650331434614,6.521790712093992,6.521639457007694,11.762465135958225
d:93:1.2808195932543427,6.521765800728156,6.521629868055625,11.762576075529438
d:94:1.281930752030755,6.5217807967020285,6.52163956395122,11.761489608622494
d:95:1.2813720472341714,6.5217718542219165,6.521630119203463,11.762029926191207
d:96:1.280679038441944,6.521769685439914,6.521626057209364,11.762716704207334
d:97:1.2799888805494906,6.521789799362899,6.521629317950687,11.763430236764096
d:98:1.2805476551187152,6.521779723937997,6.521634077383553,11.762866146202834
d:99:1.2809400845558656,6.5217831019767285,6.5216327076401726,11.762475725061035
d:100:1.2807446363224138,6.521790712093992,6.521637290204635,11.762683365976212
d:101:1.2808937839598222,6.521780556103573,6.5216317213377,11.762518493481451
d:102:1.2803174558234502,6.52177545530949,6.521629559338315,11.763087558824356
d:103:1.2809697206325499,6.521781768940916,6.52163339090628,11.762445439214646
d:104:1.2806326778824726,6.521773848735346,6.521628162206404,11.762769333059277
d:105:1.2790953308235355,6.521786114780341,6.521635976244455,11.76432676020126
d:106:1.2796872493144242,6.521777072692371,6.521627563600499,11.763717386978445
d:107:1.2801946164376634,6.521784224354479,6.52163708855756,11.763226696474375
d:108:1.2788355902690256,6.52177869057094,6.521635567923843,11.764578668225758
d:109:1.2795305793614258,6.521779341226379,6.5216369809500385,11.763885742814992
d:110:1.2800541431440902,6.52178073921172,6.521635369455659,11.76336196552329
d:111:1.2822003723408155,6.521777325532701,6.521632585047902,11.761209538239788
d:112:1.2791160610218686,6.52177869057094,6.5216316579909055,11.764294287539977
d:113:1.2799764317911126,6.521784326799731,6.52164211642273,11.763450011431349
d:114:1.279287825374034,6.521784224354479,6.52163076362204,11.764127162602485
d:115:1.2789492084889336,6.521790712093992,6.521627844447864,11.764469348052922
d:116:1.2787662323041982,6.521779723937997,6.521628000108284,11.764641491742083
d:117:1.2796793319890902,6.521780837946273,6.521629543401078,11.76373104935826
d:118:1.2794008260267926,6.521790712093992,6.521625998358362,11.764015884425563
d:119:1.2791624642894135,6.521780479822713,6.521633178066105,11.764251193599405
d:120:1.2789484241722384,6.521779341226379,6.521627088413565,11.764458005467706
d:121:1.281426594996379,6.521783026294369,6.521633973722391,11.76199040502038
d:122:1.27919247969694,6.52178068503264,6.521619548840183,11.764207754175883
d:123:1.2801966377989338,6.521788260032396,6.521631272154158,11.76322289438762
d:124:1.2789185079071785,6.521781768940916,6.521638922380426,11.764502183414162
d:125:1.2776944054624284,6.5217871803711045,6.52163478367633,11.765727558585006
d:126:1.2784496637903118,6.52177869057094,6.521637327009242,11.76496635378987
d:127:1.278665220510014,6.5217882722628016,6.521634075834461,11.764757127587249
d:128:1.2789682646341998,6.521765829129536,6.521624150870093,11.76442171536543
d:129:1.2802226475447593,6.5217736771841155,6.521630402398261,11.763181432037618
d:130:1.2787618728951529,6.521787971596368,6.52162639451798,11.764652493219195
d:131:1.2784656822582061,6.521791591278029,6.521624621174471,11.764950530194293
d:132:1.2773816345169458,6.521765829129536,6.521626020190748,11.766010214803337
d:133:1.2781182370365105,6.5217855165249246,6.521612883876946,11.76528016336536
d:134:1.280122270243261,6.521776834732467,6.521623692291188,11.763278256780394
d:135:1.278836473591479,6.5217736771841155,6.521622234210003,11.764559437802639
d:136:1.278676030553676,6.521776863656492,6.521620739866529,11.764721572969346
d:137:1.2802549952396074,6.521782339799165,6.521621720935263,11.76314906549482
d:138:1.2768430705099298,6.521776274582081,6.521619850004563,11.766553054076713
d:139:1.2788785966008493,6.52178073921172,6.52161777054589,11.76451991315676
d:140:1.279387190256628,6.5217713967952875,6.521622948321686,11.764007154860344
d:141:1.2774650334112962,6.521774554266334,6.521626179317327,11.765935700172363
d:142:1.2785299921016673,6.52178073921172,6.5216258236765805,11.764876570786633
d:143:1.2777768188546421,6.521768305932116,6.521631484969945,11.765622972047419
d:144:1.2796308630677267,6.52177869057094,6.521621077295632,11.763768904798845
d:145:1.276954029163205,6.521779804458643,6.52162372905912,11.766449504354558
d:146:1.2773231136105032,6.521770568521742,6.52163394129977,11.766081396211009
d:147:1.2768073752349256,6.521786114780341,6.5216275901489755,11.766606329694392
d:148:1.276027888427004,6.521777325532701,6.521625930062411,11.767375367168109
d:149:1.2781147520599099,6.521778127083564,6.521618595712368,11.765281970736023
d:150:1.276830921942496,6.521776713001371,6.521633422095897,11.766579213154772
d:151:1.2767873241454701,6.521781233064059,6.521629018996042,11.766622927914632
d:152:1.2791356886312713,6.52177562303868,6.521620550456969,11.764260484864378
d:153:1.276469954474834,6.5217736771841155,6.521620971560808,11.76692469427009
d:154:1.2780619137776714,6.5217855165249246,6.52162002892425,11.765343631671504
d:155:1.2773782763155452,6.521781768940916,6.521610938582054,11.766014431207424
d:156:1.2765265481617316,6.521781679481812,6.521613783889063,11.766868915209143
d:157:1.2753746576299463,6.52177312158526,6.5216289470166835,11.768027410971996
d:158:1.2769519526805055,6.521781593738588,6.521618909129687,11.76644855018777
d:159:1.2780378976881206,6.521771188136609,6.521633139705402,11.765366430153891
d:160:1.2767621634333643,6.521790712093992,6.521616299154173,11.766644847814801
d:161:1.2777351919003532,6.521752512583606,6.521636449979634,11.765653770662887
d:162:1.277571809261076,6.521770703250573,6.521617948390325,11.765816842379824
d:163:1.2764892605161204,6.521777325532701,6.521624396501568,11.766912461518148
d:164:1.2766673693812418,6.52177048070283,6.521614193125453,11.76671730444704
d:165:1.277831726886415,6.5217736771841155,6.521625994390506,11.765567944688208
d:166:1.2759684007320775,6.521763581861343,6.521630518299221,11.767425699428488
d:167:1.276287273392212,6.521770222652737,6.5216200121835115,11.767102961444037
d:168:1.2759438957969707,6.521763900408489,6.521626470487457,11.767446475098975
d:169:1.2763615056346378,6.52176084191313,6.521620555807711,11.767019892086203
d:170:1.274762158368036,6.521763450923103,6.521628858352741,11.768630150907809
d:171:1.2758258033161916,6.521776274582081,6.521604171543728,11.767554642809618
d:172:1.2770166641480625,6.521771977700913,6.521619523078355,11.766374836631206
d:173:1.2776224901620683,6.521770738055136,6.521620593303854,11.765768841196921
d:174:1.2750877528470888,6.52177545530949,6.521613669828197,11.768301372290598
d:175:1.2761696896114767,6.521776452351569,6.521624433207487,11.767231195947579
d:176:1.275713722716315,6.521765829129536,6.521624099438509,11.76767620585173
d:177:1.276082256931554,6.52178273123376,6.521614438935279,11.767314913237485
d:178:1.275876280417565,6.521761680391484,6.521631354458649,11.767516754432569
d:179:1.27651889192561,6.521758030176271,6.521631435993597,11.766870574244258
d:180:1.2753956976712626,6.521777325532701,6.521612520467477,11.767994148328915
d:181:1.2770964204529331,6.521758915955241,6.521627202073917,11.766289697576225
d:182:1.2756765175235127,6.521763900408489,6.521638680484088,11.767726063369064
d:183:1.2763576533079508,6.52178068503264,6.5216189913731,11.76704202309779
d:184:1.2756863087485932,6.521761408293595,6.521636314896226,11.767711414441228
d:185:1.2749639556014856,6.521777325532701,6.52160780851466,11.768421178445877
d:186:1.2764497230696819,6.521774127629243,6.521610501941936,11.766934906501497
d:187:1.275109724926935,6.5217736771841155,6.521615530419989,11.768279482677169
d:188:1.2759856638670666,6.521770925103804,6.521613870520947,11.767399131757685
d:189:1.2766532769530539,6.521752906762018,6.521619369661726,11.76671899947069
d:190:1.2753152448803196,6.5217598310153235,6.521615153726216,11.76805973986122
d:191:1.274841470509827,6.521762501974775,6.5216205381503505,11.768541569615298
d:192:1.27677630644747,6.521765829129536,6.521605757495084,11.76659528017715
d:193:1.274323640098201,6.521755872076344,6.521625919020335,11.769058150998477
d:194:1.2754808338166885,6.521755500149515,6.521631157669034,11.76790582400186
d:195:1.2757429098914876,6.521766259205207,6.521608978208683,11.767632327522403
d:196:1.275399587750126,6.521763900408489,6.521622804420276,11.76798711707864
d:197:1.2751437464775286,6.5217598310153235,6.521618848325308,11.768234932863102
d:198:1.2749302576463393,6.521760785009819,6.521631865050774,11.768462392414254
d:199:1.275345458697375,6.521783971643595,6.521624993090978,11.7680635060372
d:200:1.2737253757182074,6.521770145619019,6.521645937375842,11.769690707276654
d:201:1.2753646810203616,6.521770145619019,6.521647047071099,11.768052511669756
d:202:1.2753467873893207,6.521779910843375,6.521624883652938,11.768058007106992
d:203:1.2741866288991233,6.521757577604503,6.521638405879045,11.769209354584426
d:204:1.2746615442113267,6.5217647068638165,6.521629218765031,11.768732381417522
d:205:1.2755190388890334,6.521763313197396,6.521616464895577,11.76786073920394
d:206:1.2753168624595261,6.521760298819814,6.521637059995696,11.768080496355983
d:207:1.2758217723062977,6.521776274582081,6.521625816082817,11.7675803183586
d:208:1.2751807041805439,6.521776863656492,6.521622771899412,11.76821893137536
d:209:1.2733539037562451,6.5217855165249246,6.521622001585909,11.770053614354588
d:210:1.2750904970603294,6.521769950772979,6.521626030776551,11.7683054844892
d:211:1.2741050908096359,6.5217624478992064,6.521640893885422,11.769298250974993
d:212:1.274638720476002,6.521759924332674,6.521631745372649,11.76875294922932
d:213:1.2739945066858063,6.521763900408489,6.5216277593435885,11.769397153066272
d:214:1.2754444845457762,6.521760486491303,6.521637192631079,11.767953194576606
d:215:1.2735374521050762,6.5217736771841155,6.521617965224064,11.769854190303104
d:216:1.2750168264518909,6.521770145619019,6.521625605189547,11.768378924356675
d:217:1.2747128861373618,6.521760968432113,6.521629973365763,11.768678055660514
d:218:1.2750649685788584,6.5217529741794165,6.521625232927989,11.768313238528547
d:219:1.2739201564739773,6.521752942111259,6.521618525723435,11.769451311360717
d:220:1.2739032611215997,6.5217605390406606,6.521615100168935,11.769472378087997
d:221:1.274040753682815,6.521776863656492,6.521601494042365,11.769337604016041
d:222:1.2739319237173792,6.52174382193341,6.521613506898429,11.76942540511446
d:223:1.2740529867666552,6.521748296236238,6.521607139329198,11.769302448798781
d:224:1.2741683563555704,6.5217718256148425,6.521605049764653,11.769208519023925
d:225:1.274483303386127,6.521770145619019,6.521627847427331,11.768914689660223
d:226:1.2738782079678472,6.521762132593305,6.521613292154024,11.769497216779481
d:227:1.2737267918892599,6.521769785335907,6.521610577835777,11.769653571282426
d:228:1.273642705279789,6.521776274582081,6.521604250752098,11.76973782005439
d:229:1.2746756118096556,6.5217583964301715,6.521604853663386,11.768687638283902
d:230:1.274789952158839,6.521759794152663,6.521627516005199,11.768597357999022
d:231:1.2741644567475507,6.5217579554893925,6.521608125129287,11.769201623871128
d:232:1.2756202928455025,6.521774938357077,6.521603853860729,11.767758499372302
d:233:1.2731438749507085,6.521732724953689,6.521619087491727,11.770207937494707
d:234:1.273719401387984,6.5217752813925225,6.5216043326212,11.76966021262574
d:235:1.2741187732988983,6.521759574986724,6.521609085891605,11.76924988757943
d:236:1.273696124870039,6.521752942111259,6.521631404489612,11.769688221730831
d:237:1.2747113666761702,6.5217583964301715,6.521603481790685,11.768650511544687
d:238:1.274308640481939,6.521772240991779,6.52160683567162,11.76907043618146
d:239:1.2735737876230697,6.5217766041994505,6.521599121415882,11.769801937992263
d:240:1.2736628395532392,6.521770925763825,6.521601783775277,11.769709869985864
d:241:1.2725731994470628,6.521755987066398,6.521605786695835,11.77078857431517
d:242:1.2737766407481743,6.521759794152663,6.521619293457679,11.769602446862168
d:243:1.2740425066330214,6.521763667704976,6.5216010756147575,11.769322236686712
d:244:1.2737529709528346,6.521728668792052,6.5216161200919185,11.769591817931136
d:245:1.2735238514283207,6.521739445759313,6.521621106740139,11.769836701071132
d:246:1.2735794665603848,6.521744820627312,6.5216218760618,11.769787230128728
d:247:1.2740963368405946,6.521733390992769,6.521601183070746,11.76923823722292
d:248:1.272102234089246,6.521774127629243,6.521602863542378,11.771274757082374
d:249:1.2746809025510633,6.521765805766846,6.521611853752763,11.768696756968547
d:250:1.272261233331923,6.521770222652737,6.521603595072585,11.771112584393398
d:251:1.272488023675912,6.521741329475735,6.521601853314263,11.770855159114086
d:252:1.273388887163474,6.521752942111259,6.521605841605867,11.769969896553652
d:253:1.2746118181362238,6.521759794152663,6.521619476187654,11.768767452204093
d:254:1.2728942938983465,6.52174592118838,6.5216186105474145,11.770470237837447
d:255:1.2741013914421977,6.5217187446111,6.521604805227342,11.769222158396243
d:256:1.2737559818502948,6.521759924332674,6.521596760730915,11.769600703213294
d:257:1.27168176092629,6.521729783031528,6.521592557925587,11.771640580030825
d:258:1.2722179700252987,6.521760679757418,6.52159466595439,11.771137375686509
d:259:1.2734589298957566,6.5217579554893925,6.521592222504302,11.769891248097938
d:260:1.272691371151474,6.521770222652737,6.521589152098326,11.770668003599589
d:261:1.2736484795060292,6.521769790108373,6.521585853621303,11.769707164223647
d:262:1.2721367645419228,6.521760019598371,6.521588443298581,11.77121169835503
d:263:1.2737056732080028,6.521772008032439,6.521593382409599,11.769659717234035
d:264:1.2725247678757192,6.521727435529712,6.521587540054216,11.77079020770821
d:265:1.2730391249681734,6.521759924332674,6.521592997134313,11.770313796498813
d:266:1.2730102987262395,6.5217187446111,6.521606807155124,11.770315253039984
d:267:1.2741745408648075,6.521741766416214,6.521603198913769,11.769170424465175
d:268:1.2728895065613788,6.521770145619019,6.521591483772897,11.770472122830538
d:269:1.273847518019748,6.521757952103373,6.521591938331472,11.769502372415097
d:270:1.2732715583300216,6.521770145619019,6.5215904915988405,11.770089078887837
d:271:1.2730513995282617,6.521741766416214,6.521613042934026,11.77030340982198
d:272:1.2730448188657562,6.5217187446111,6.521604830040298,11.770278755785641
d:273:1.2727638153933452,6.521763900408489,6.521594086264419,11.770594171279564
d:274:1.273276135650315,6.521732724953689,6.521605744766721,11.770062334070095
d:275:1.2711238019142197,6.521752548129377,6.521598291270888,11.772227037486045
d:276:1.2731524149269369,6.521735002147134,6.521600405048875,11.77018299226907
d:277:1.2726970957509227,6.521719856029003,6.5215947345873975,11.770617494865478
d:278:1.2721776595036758,6.521728668792052,6.521606170122203,11.77115717941058
d:279:1.2717373551492823,6.521727187897219,6.5216079491769054,11.771597781924841
d:280:1.2734458609523003,6.5217187446111,6.521597204346749,11.769870088005549
d:281:1.2718161770387244,6.521738447029086,6.521602903614325,11.771525173604687
d:282:1.272049031011667,6.521755424027822,6.521597482979205,11.77130387599536
d:283:1.271463128748442,6.521725060476352,6.521609223378737,11.771871155106647
d:284:1.272119730943798,6.521763900408489,6.521601739766755,11.771245909231446
d:285:1.2725550016347587,6.5217187446111,6.521595698414124,11.770759441390465
d:286:1.2722772057521379,6.521759794152663,6.5216008166932795,11.771083405093805
d:287:1.2716586173335216,6.521760968432113,6.5215934516225404,11.771695802721132
d:288:1.2721560187800929,6.5217612743125395,6.521591512267513,11.771196767799958
d:289:1.2718077982345015,6.5217647068638165,6.521593215194745,11.77155012382406
d:290:1.2738452284519575,6.5217598310153235,6.521592667808054,11.76950727037142
d:291:1.271277640828064,6.521755500149515,6.521593983133016,11.772071842454467
d:292:1.2720928303778862,6.521752942111259,6.521601900927464,11.771262012660838
d:293:1.2727890558863049,6.521721928788338,6.521590627306551,11.770523500208585
d:294:1.271387613703629,6.521763900408489,6.521593310007463,11.771969596712323
d:295:1.2721526569701531,6.521725060476352,6.5216155493510275,11.771187952857225
d:296:1.2715996149389408,6.521755872076344,6.521588820053813,11.771745077191216
d:297:1.272213020061665,6.521733098603478,6.521594674865109,11.771114753406922
d:298:1.2729418322317283,6.521730539072391,6.521602287660368,11.77039099450103
d:299:1.271390704874479,6.521759794152663,6.521598299032093,11.771967388310278
d:300:1.2729845667644124,6.521770145619019,6.521602449294849,11.770388028149457
d:301:1.2712687094986972,6.521760679757418,6.521597080936487,11.772089051195207
d:302:1.2717655649689608,6.521760282303927,6.521598864510127,11.771593581845094
d:303:1.2706355203347766,6.521747119455386,6.5216064916465255,11.772718090767135
d:304:1.2713269303797397,6.5217187446111,6.521602586163366,11.771994400394727
d:305:1.271813572203671,6.521737032536767,6.521596545348774,11.77152000568187
d:306:1.2718797264932125,6.521766950389562,6.521597815458566,11.771485039354916
d:307:1.268945621907907,6.521742708972279,6.52160382901771,11.774400916082083
d:308:1.2716217569507258,6.521765016783933,6.52159602819536,11.771739288028567
d:309:1.27152866557479,6.521740041475859,6.521589764770866,11.771801140671935
d:310:1.2705593773696648,6.521727187897219,6.521605783594871,11.772773594122425
d:311:1.2710287349775253,6.521765372344322,6.5215915320582285,11.772328169425025
d:312:1.270499221293779,6.521763900408489,6.5215851179624735,11.772849797077184
d:313:1.2727814662493646,6.521755501928452,6.521587246280524,11.770561281959612
d:314:1.2713427466875515,6.521746021609317,6.521598995298982,11.772002270220748
d:315:1.27222542138699,6.521753376130072,6.521590998728436,11.771118953471518
d:316:1.2718288075341526,6.5217583964301715,6.521589513245375,11.771519102141394
d:317:1.2714554571901218,6.521760486491303,6.521599107574832,11.771904136876014
d:318:1.2732175825344765,6.521745438199644,6.521602656931287,11.770130512596454
d:319:1.2713751053260012,6.521733098603478,6.521598635796306,11.771956629073783
d:320:1.2724018293848047,6.521759924332674,6.521587833811109,11.770945928758978
d:321:1.2693854765300827,6.521724611935876,6.5216042781855625,11.773943413591356
d:322:1.2734320586588357,6.52176640622923,6.521573664136002,11.769908011706397
d:323:1.2720436124154961,6.5217187446111,6.521607743304909,11.771282875500512
d:324:1.2709646671383226,6.521770145619019,6.52158988867336,11.772395367154058
d:325:1.2695436684733785,6.521753376130072,6.521588670559419,11.773798378216114
d:326:1.2719830530823781,6.5217424331551435,6.521598430206303,11.771357810279069
d:327:1.2721656996849173,6.521730548912793,6.521603681859508,11.771168531087385
d:328:1.271243542108282,6.521744820627312,6.521585178671042,11.772086457190072
d:329:1.271340736874107,6.521758064605129,6.521601348699425,11.772018676430447
d:330:1.2719458628142402,6.521759794152663,6.5216045065367245,11.771418437875147
d:331:1.2705953629954916,6.52174267745818,6.521592375304089,11.772739689766778
d:332:1.2698785969308357,6.521724732784223,6.521616164539845,11.773462300393232
d:333:1.2715007087133046,6.521742232206329,6.521616765278072,11.771858288771096
d:334:1.2711462544567613,6.5217579559424115,6.52161257097168,11.772224272457331
d:335:1.271590224582921,6.521770145619019,6.521612151376102,11.7717920724122
d:336:1.2711160297625668,6.5217187446111,6.521624229547216,11.772226944395749
d:337:1.270579739245452,6.52176640622923,6.521598443004486,11.772785109988265
d:338:1.2709219060449133,6.521733390992769,6.521610549058292,11.772422034006148
d:339:1.2718575129436047,6.521766002019066,6.521599942181563,11.771508431257026
d:340:1.271740707221003,6.5217187446111,6.5216229177962735,11.77160095518637
d:341:1.2716186591821899,6.521766123922351,6.5216092137909225,11.771756678531084
d:342:1.2688186643048844,6.5217579559424115,6.521612857500397,11.774552149137925
d:343:1.2713888784870253,6.521739750228376,6.521621589094691,11.771972460836041
d:344:1.271324916732441,6.521734983668862,6.521608490423857,11.772018557360278
d:345:1.2699144541338754,6.521759794152663,6.521606775360444,11.773452115379232
d:346:1.2696974592619554,6.521768776488221,6.521611049465672,11.773682366691936
d:347:1.271180406443655,6.521761408293595,6.52160257688454,11.77218357873448
d:348:1.2709369431575688,6.521760518772035,6.521607214312083,11.772430789926549
d:349:1.2719893687987565,6.521765372344322,6.521616925470748,11.771392929016313
d:350:1.271490477732094,6.521739445759313,6.521615213675515,11.771864181702735
d:351:1.2706677846215033,6.521725929973108,6.5216245029701545,11.77268264832176
d:352:1.2703489979039713,6.52173677399449,6.521606855185714,11.772994631276232
d:353:1.2712554168616723,6.521759604027878,6.521601951105057,11.772106138271264
d:354:1.2719196320945212,6.521752942111259,6.521604483604925,11.771437793621663
d:355:1.2704728931191784,6.521735693514276,6.521623833853156,11.772886634248254
d:356:1.2713705079141224,6.521785165036473,6.521600490756054,11.772015147878404
d:357:1.269926098102772,6.5217187446111,6.521622217903198,11.773414864411526
d:358:1.270777090146682,6.521766630127927,6.521600545760588,11.772590085741834
d:359:1.2704036967278007,6.521744224354867,6.521618002443978,11.772958530071044
d:360:1.2709922201386572,6.521770145619019,6.521603999919256,11.772381925399618
d:361:1.2721038513193008,6.5217579559424115,6.521612670654092,11.771266775277201
d:362:1.2702190965033182,6.521726072822512,6.521616399125454,11.773123375444648
d:363:1.27053348971911,6.521759794152663,6.521607485652992,11.772833790086544
d:364:1.269623829471982,6.521789309185201,6.521604907723925,11.773770387437144
d:365:1.2713679124446973,6.521765353270149,6.5216107778191,11.772008218644553
d:366:1.270422678117109,6.521737032536767,6.5216195875943885,11.772933942014047
d:367:1.2704049401555277,6.521734737935732,6.521617514120412,11.772947311900618
d:368:1.2707615968968309,6.521735002147134,6.521631391650438,11.77260479690074
d:369:1.2709561006577452,6.521738274013436,6.521631591773454,11.772413765129144
d:370:1.2724685081038274,6.521741737857134,6.521623986010345,11.770897215763652
d:371:1.2708564492951329,6.521753376130072,6.52163098945984,11.772527916294779
d:372:1.2704384805346987,6.521759380532317,6.5216148674974574,11.772935767495076
d:373:1.271237102548815,6.521805589942209,6.521594615567918,11.772163102961313
d:374:1.2703796075869196,6.521742790715692,6.521608256695226,11.772971439823998
d:375:1.2728368398636754,6.521739609759746,6.5216303581718655,11.770533128067935
d:376:1.2697894450477243,6.5217654973854025,6.521609987338149,11.773586039675827
d:377:1.2700951721006,6.521765779649296,6.52160233455805,11.773272942106747
d:378:1.2720146331461724,6.521733098603478,6.521616052805506,11.77133451826281
d:379:1.2695985790240343,6.52179054129588,6.521596488545828,11.773788450817674
d:380:1.2696278118415538,6.5217187446111,6.5216088675073545,11.7736998002769
d:381:1.2696752487925096,6.521785165036473,6.521598182432773,11.773708098676735
d:382:1.2704259254771042,6.521733342341797,6.521617485979423,11.772924902844116
d:383:1.269792593241002,6.521813644539903,6.5215938548886925,11.773614906187595
d:384:1.271050578378988,6.521746021609317,6.521610067291105,11.772305510521434
d:385:1.2693756429696528,6.52173306448613,6.521614567172608,11.773971988689086
d:386:1.2718276541830686,6.521804529409365,6.521601333448701,11.771578208674997
d:387:1.2701838822309632,6.521763360077697,6.521622077225934,11.773201555072667
d:388:1.2706873328945623,6.521739662797546,6.521634559263286,11.77268688916627
d:389:1.2694578030628847,6.521727187897219,6.521615422865278,11.773884807699613
d:390:1.2694685801545607,6.521759794152663,6.521605244698599,11.773896458696703
d:391:1.2698336902775171,6.52180813962192,6.521605555804665,11.773580005149068
d:392:1.270071017378383,6.52180237002458,6.521604047427098,11.773335400073295
d:393:1.269708827314556,6.521784621388324,6.521597674694909,11.773673468768678
d:394:1.2716227190051015,6.521788827196281,6.521599833376093,11.771765941567272
d:395:1.2688085404606788,6.521801564730878,6.521601628178354,11.774594652448553
d:396:1.268922512259353,6.521812470991788,6.52160504976218,11.774495008494616
d:397:1.2709431027968368,6.521805084192755,6.52161249766444,11.772474479060358
d:398:1.270204363040854,6.521747119455386,6.52161499429901,11.773157750713542
d:399:1.2710973030634758,6.5217187446111,6.521599068856332,11.772220510403956
d:400:1.268669365466808,6.521730071623724,6.521632111129202,11.774692817286118
d:401:1.271498943744831,6.521761136776818,6.52161774441827,11.771879937450258
d:402:1.2705423014169508,6.521802634418818,6.521612131883498,11.772872464885365
d:403:1.269624468220922,6.521722076681943,6.5216092018149645,11.773706810275986
d:404:1.2694908126686375,6.5217620746581275,6.52162645902971,11.7738977210192
d:405:1.2701855937754587,6.521802918121598,6.521620003633372,11.773237327979512
d:406:1.2687836995087913,6.521733098603478,6.521632843870211,11.774582242964897
d:407:1.2698438426208725,6.521806466151707,6.521610233183771,11.773572856714605
d:408:1.2691579501312145,6.5217187446111,6.521623530854584,11.774184325334469
d:409:1.2692199978378085,6.52179054129588,6.521620521377538,11.774191064835609
d:410:1.2695372169686703,6.521722298825818,6.521610896715683,11.77379597857283
d:411:1.2700347388456787,6.521812470991788,6.5216095396706475,11.773387271816757
d:412:1.2686345014930733,6.521740041475859,6.521630071286506,11.774735611269291
d:413:1.270904212395516,6.521752942111259,6.52161252296383,11.772461252679573
d:414:1.269110917863447,6.521778195537633,6.521626481272541,11.774293758946726
d:415:1.270086263914047,6.521740420247689,6.5216278455472505,11.773282001880892
d:416:1.2692533151553764,6.521742155789633,6.521612968278339,11.774101808912596
d:417:1.2694345818359025,6.521808624260182,6.521606585828795,11.773980628253074
d:418:1.271404170030733,6.52176355911006,6.521635131270663,11.77199452034999
d:419:1.2683734756678469,6.521741737857134,6.521630853623742,11.77499911581303
d:420:1.270517550570558,6.5217187446111,6.52161856084199,11.772819754882532
d:421:1.2697933617957027,6.5217444769839465,6.521607571710798,11.773558686899042
d:422:1.2692364256165902,6.521822043288693,6.521610052764632,11.774195670436734
d:423:1.2698695146445669,6.521802918121598,6.521606184480459,11.77353958795749
d:424:1.268414706275884,6.521801016428965,6.521614031626951,11.775000341780032
d:425:1.269982096817813,6.52180813962192,6.521615446706087,11.773441489510194
d:426:1.2682505283563703,6.521798847700221,6.52161854980738,11.77516686915123
d:427:1.2687600776297092,6.521798922137594,6.521611558247279,11.774650402755164
d:428:1.2683291343360388,6.521813126428269,6.521608559140664,11.775092551232895
d:429:1.2712678895641272,6.521837345007075,6.521604190663747,11.772173646106696
d:430:1.2680891538548789,6.521734983668862,6.521611142129988,11.775256971943971
d:431:1.269011629482094,6.521740892223937,6.521613797991095,11.774343060732939
d:432:1.2701550259322438,6.521746021609317,6.521623803027422,11.773214798704496
d:433:1.2685732261119966,6.521766630127927,6.521619353452366,11.774812757468297
d:434:1.269988487764234,6.5218036922705105,6.521610584212477,11.773425788718754
d:435:1.2691652145210206,6.521738954426489,6.521612499791341,11.77418623969681
d:436:1.2708324580381802,6.521739200527791,6.521630781586715,11.772537524076325
d:437:1.269593988231028,6.521790607213389,6.521624792517793,11.773821411500153
d:438:1.2700039883123573,6.521827659018536,6.521599822781247,11.773423493487424
d:439:1.269692889967592,6.521740041475859,6.521620072864547,11.773667224372813
d:440:1.2701084442508979,6.521812470991788,6.521601624287465,11.773305651028355
d:441:1.2693433480971539,6.521724611935876,6.5216145374895005,11.773995801328223
d:442:1.2682789174515197,6.521763361155715,6.521621549200346,11.77510599290454
d:443:1.2701502813673375,6.521831166617751,6.521587434165384,11.773268319415797
d:444:1.2688353549162805,6.5217654973854025,6.521622493021859,11.77455263549098
d:445:1.2706118856579138,6.521826663789553,6.521588635714868,11.772803413846507
d:446:1.2697298164046416,6.521755925245423,6.5216142507932515,11.773640359634033
d:447:1.2689394194539112,6.521730539072391,6.521601308107412,11.774392427725893
d:448:1.2681602321038277,6.52180237002458,6.521612892404469,11.775255030325221
d:449:1.2694804949927683,6.521735438302088,6.521602820856259,11.773857764165578
d:450:1.2688403580817447,6.521836540555768,6.521609506242586,11.77460568871661
d:451:1.2681657084945854,6.521761136776818,6.521614851791239,11.775210280073471
d:452:1.2690184386544079,6.521739750228376,6.521605989327493,11.77432730090146
d:453:1.2691313709384158,6.521827494327114,6.521591171054716,11.774287294443415
d:454:1.2682778709931295,6.5218048405460145,6.52160159340836,11.775128562961244
d:455:1.26958199750068,6.521753376130072,6.521621167320355,11.773792545949746
d:456:1.2676376919588463,6.5217187446111,6.521601696415551,11.775682749067805
d:457:1.2685221164067784,6.521834985346474,6.521605174062581,11.774918043002277
d:458:1.269029909619812,6.521801751498872,6.521596530850908,11.774368372729969
d:459:1.2679004924845678,6.521788827196281,6.521612326611528,11.775500661323242
d:460:1.2696407583602927,6.52176640622923,6.521630910736038,11.773756558604976
d:461:1.268046183074203,6.52172819054748,6.521614907822742,11.77529691529602
d:462:1.2695510366467548,6.521733098603478,6.5216107221050335,11.773792784061756
d:463:1.2662463561281587,6.521721928788338,6.521609116845124,11.777084689505303
d:464:1.2682672457511313,6.521726095486493,6.521606321320008,11.775065171055369
d:465:1.269177729040127,6.521727187897219,6.521609938113588,11.774159396970681
d:466:1.2678824632123629,6.521848644947344,6.521577627367247,11.775543809102228
d:467:1.2678495503645522,6.521724732784223,6.521610651529068,11.77548583394874
d:468:1.2678621087733966,6.521725929973108,6.52160967516555,11.775473496365262
d:469:1.2689429680621664,6.521726313768442,6.521610954068779,11.774394299775054
d:470:1.2686754555178155,6.521739647777444,6.521616905199473,11.774681097459101
d:471:1.2688866653824178,6.521746021609317,6.521625496700507,11.774484852927406
d:472:1.2673025486733849,6.52176355911006,6.521641746770359,11.776102757207035
d:473:1.2696708916326624,6.521806466151707,6.521623995692633,11.773759570211679
d:474:1.2683717259606606,6.521812099829974,6.521612035749558,11.775052409618871
d:475:1.2695833790628495,6.521839699700306,6.5216150386577665,11.773871359295223
d:476:1.267728428949919,6.5217187446111,6.521613140828248,11.775603456489428
d:477:1.2685308542331288,6.521753376130072,6.521624708797474,11.774847230694418
d:478:1.2673359948894838,6.5218048405460145,6.521627565894741,11.776096411551272
d:479:1.2689173919456582,6.521827494327114,6.521608123931002,11.774518226312457
d:480:1.2669101911459624,6.5217187446111,6.52161014304978,11.776418696514918
d:481:1.2687172244620388,6.5217654973854025,6.52162506654019,11.774673339463552
d:482:1.2685898748665725,6.521810481845411,6.521601029388083,11.774821636366921
d:483:1.2680706653607672,6.521838183410658,6.5215688830666965,11.775336401116586
d:484:1.2680098962319057,6.52176355911006,6.521627508058959,11.775381170937113
d:485:1.2698854334391712,6.521843571379515,6.521596852862801,11.773554990803145
d:486:1.2691845205509171,6.521733098603478,6.521611398568161,11.774159976620721
d:487:1.2691178009946054,6.521807048110508,6.521622185164142,11.774311432280046
d:488:1.2676030977091468,6.521837247076473,6.521575310221248,11.775809459588574
d:489:1.2670433799901613,6.521780980256663,6.521623021187157,11.776360621453659
d:490:1.2688024335446588,6.521837210257385,6.521580481302587,11.774615258015315
d:491:1.2676523300826723,6.521763361155715,6.521634847456544,11.775745878529587
d:492:1.2666579351187899,6.521837210257385,6.521586437717235,11.77676571285583
d:493:1.2676696712451232,6.521774994482186,6.521619751659195,11.775725074896258
d:494:1.2688950553862846,6.521837247076473,6.521573844824217,11.774516036514406
d:495:1.2668137523977432,6.521812470991788,6.521613127204126,11.77661184579817
d:496:1.2672611767948698,6.521739885184404,6.521615692272556,11.77609440066209
d:497:1.26721413792834,6.521835356847642,6.521606954174252,11.776228173093555
d:498:1.267591328617117,6.521763468777609,6.521625648943541,11.775797789104033
d:499:1.2677042299882757,6.521839261622267,6.521585444034396,11.775720475668386
d:500:1.2669590824213444,6.5218036922705105,6.521620068821249,11.776464678670415
d:501:1.2692231529436846,6.5217579559424115,6.52162132408499,11.774156127083717
d:502:1.2667759037411592,6.521836453060685,6.521587699303983,11.77664824862351
d:503:1.2690341447570486,6.521812485769279,6.521612627299437,11.774390968311666
d:504:1.2669829714822782,6.521760357263105,6.5216238959071795,11.776401281688006
d:505:1.2695340512600932,6.521742708972279,6.521616190273407,11.773824847985592
d:506:1.268379996730646,6.5218450763284554,6.521606383999509,11.77507146359732
d:507:1.2679496476867183,6.521813126428269,6.521609818224808,11.775473296966359
d:508:1.268029722901744,6.521785165036473,6.521636957574279,11.775392399709009
d:509:1.2685405417257591,6.521736503090152,6.521611181394278,11.774807142758672
d:510:1.266680683677956,6.521853312260043,6.521566749769904,11.77673937835199
d:511:1.2690172861341313,6.521846511040674,6.521601074647212,11.774430299553755
d:512:1.2695397620035145,6.5218254334924595,6.521605137921391,11.773890809410336
d:513:1.2690310082697511,6.521802918121598,6.521619058228319,11.774390968080167
d:514:1.265625607613849,6.521801109646764,6.521611836620164,11.777787338653079
d:515:1.2692528668670224,6.52175934130338,6.521629165819772,11.774135640256128
d:516:1.2680460603455295,6.521763360077697,6.521620241978181,11.77533754171035
d:517:1.2682110543871588,6.521748933000263,6.521625610280883,11.775163488893988
d:518:1.2673621836284976,6.521741737857134,6.521620040044689,11.775999594273324
d:519:1.2681207260527607,6.521738274013436,6.521625920315773,11.775243468276448
d:520:1.2673454135147413,6.521734421616607,6.521620185444659,11.776009193546525
d:521:1.2679882290307152,6.5217389174084595,6.521620447071927,11.77537113544967
d:522:1.2683108104303855,6.521733098603478,6.52162617007093,11.775048458244022
d:523:1.266524027165758,6.521740420247689,6.521630962109805,11.776847355191737
d:524:1.2675927335649622,6.521739200527791,6.52162207922183,11.77576854618466
d:525:1.2679564369771654,6.521753376130072,6.52162501989565,11.775421959048558
d:526:1.2660284544470723,6.52176536365115,6.521624712333173,11.777361621537251
d:527:1.267708942415883,6.521774994482186,6.521635910971376,11.77570196303768
d:528:1.2682398655019949,6.521812470991788,6.521620809285189,11.775193414774982
d:529:1.267679460780455,6.52180818522919,6.521632057459158,11.775760781907893
d:530:1.2673710669093694,6.521826663789553,6.521618218226523,11.776073815106706
d:531:1.2671718684848248,6.521842708829168,6.521610193872805,11.776281034217147
d:532:1.2683093389608047,6.5218746105980685,6.521573963413214,11.775139235050478
d:533:1.266696818674525,6.521736503090152,6.521626488102962,11.776666172518588
d:534:1.2684702342518133,6.521785165036473,6.521638631551162,11.774953562335822
d:535:1.2685031984642627,6.521813126428269,6.521622683742903,11.774932611706909
d:536:1.2672791854641456,6.5218450763284554,6.5216295904429975,11.776195481307306
d:537:1.2669853062389098,6.521879921652446,6.521579918143068,11.776474533556604
d:538:1.2680763362511218,6.521766298255132,6.521625309047295,11.775315271051305
d:539:1.2683500697612402,6.521798922137594,6.52163934894167,11.775088201318024
d:540:1.267752030603699,6.521837210257385,6.521623659493256,11.775708839146944
d:541:1.26587682564457,6.521877891827897,6.5215962660828035,11.777597332266131
d:542:1.2684997793674118,6.521789309185201,6.521646244700811,11.774935774518601
d:543:1.2667579034442316,6.521833483278606,6.521618568836004,11.776694148670378
d:544:1.2671797434563032,6.521881204401873,6.5215793349338425,11.776280795879412
d:545:1.2671401762609076,6.521775848202527,6.521635345032131,11.77627101697375
d:546:1.268469786953201,6.521833745931897,6.521621055775404,11.774985014754101
d:547:1.2674689286559886,6.521880290720517,6.521600250355048,11.776011612419577
d:548:1.267234875211983,6.521812470991788,6.521641662195058,11.776219257974862
d:549:1.2662981230303139,6.521837247076473,6.5216257812941345,11.777164905340292
d:550:1.2675624996133248,6.5217650459313,6.521636900087733,11.775839446405708
d:551:1.266727986516491,6.521836984050082,6.521621936436556,11.776730933970148
d:552:1.2665998244490364,6.521885094810892,6.52160031195234,11.776885582314195
d:553:1.266610567526726,6.521812099829974,6.5216491079496794,11.776850640252928
d:554:1.266854658674319,6.521874485481589,6.521584628999181,11.77660445580645
d:555:1.2662176537334773,6.52180813962192,6.521644784471876,11.777235270360318
d:556:1.2686652931502778,6.521877148121327,6.5215993311532685,11.774811186124317
d:557:1.2662680571760117,6.521807048110508,6.521655239587982,11.777194230522479
d:558:1.2677570178565638,6.521879627244721,6.5216023662065945,11.775724975594752
d:559:1.2672141173104432,6.521793353792113,6.521648745200496,11.776227981682165
d:560:1.2656848248202568,6.521881867067284,6.521594680813809,11.777791723060837
d:561:1.2671311821645812,6.521805990302989,6.521645313751633,11.77632012189004
d:562:1.2663085683872044,6.521883468377415,6.521607283954967,11.777182183945177
d:563:1.2666497414669902,6.521837078938701,6.521627501434928,11.776814838906638
d:564:1.2666306613196188,6.5217654973854025,6.521639657728041,11.776774493793825
d:565:1.2701286958817573,6.5218410392584385,6.521623766380366,11.773336109757048
d:566:1.2671347771322914,6.521798847700221,6.521653815504426,11.776317886072356
d:567:1.265934615658331,6.5218824855520126,6.521603392763995,11.777551262657678
d:568:1.2684463137909923,6.521841839570452,6.52163745252323,11.77503297830269
d:569:1.2674277676053407,6.521791962433919,6.52164616940709,11.776010364235667
d:570:1.2658187945319241,6.5218823357075815,6.521588762211328,11.777652303386986
d:571:1.267939803013613,6.521839699700306,6.521635342417545,11.775535239104238
d:572:1.2669790926416749,6.521789309185201,6.521649482779648,11.776459699323174
d:573:1.2669971146493761,6.521885720557445,6.521609901179213,11.77649850708728
d:574:1.2684015378667688,6.521837210257385,6.521637934466688,11.775073606857305
d:575:1.2667237064128187,6.52180813962192,6.52166449009769,11.77674892330679
d:576:1.2670989154437908,6.521746021609317,6.521635374666037,11.776282480831563
d:577:1.2677890507947769,6.521870921622898,6.521617093803774,11.775698964631895
d:578:1.2683894164421528,6.521832990785967,6.521640293089361,11.775083867433176
d:579:1.267868654609691,6.521804529409365,6.521659242981436,11.77559511778111
d:580:1.2663167667966668,6.521753155299872,6.521633893861884,11.777070282365088
d:581:1.2665553195169377,6.52188031132568,6.5215975380183595,11.776922529827102
d:582:1.267083083895006,6.521848644947344,6.521624384762813,11.77638994581515
d:583:1.2670215507036513,6.5218196956963475,6.521657590072169,11.776455735064866
d:584:1.2668798450383445,6.521787953958827,6.521648294683756,11.77655640360424
d:585:1.2676245989283554,6.521753376130072,6.5216369404992935,11.775765717701011
d:586:1.2677373991004153,6.521892313891859,6.521597875789327,11.775752790580771
d:587:1.2669945570346322,6.521842400525555,6.521624556585218,11.776472400076141
d:588:1.2668915764548263,6.521837210257385,6.5216351196969855,11.776580753499545
d:589:1.2685130327866663,6.521832026625966,6.521642676975513,11.774961670814813
d:590:1.2662945639560004,6.521804237434066,6.5216569579030494,11.777166631381116
d:591:1.2683096235607696,6.521788827196281,6.52164137916289,11.775120582798403
d:592:1.266028411729394,6.5217654973854025,6.521629857791443,11.77736694344745
d:593:1.2685194641580928,6.52192047433847,6.52159791677016,11.774998926950538
d:594:1.2665342110676487,6.521882787796792,6.521595301070151,11.776943877799294
d:595:1.265784810857669,6.521889130524032,6.521577945562524,11.777682265228888
d:596:1.2671347711982133,6.521881867067284,6.521589661266612,11.776336757135683
d:597:1.2663844154588837,6.521871277127426,6.521603291152354,11.777090152820897
d:598:1.266649317951373,6.521851109876811,6.521618625678504,11.776820417603941
d:599:1.2666624327139555,6.521832711794539,6.5216152221576325,11.776785501238216
d:600:1.2651071276987782,6.5218410392584385,6.521628249912174,11.778362161471835
d:601:1.2661871766121156,6.521839343453263,6.52161995323883,11.777272120079978
d:602:1.2671102145122113,6.521836001291919,6.5216228655585216,11.776348652338228
d:603:1.2662984249231375,6.521842290230714,6.521630628882235,11.777174494189811
d:604:1.2674100959485894,6.521841760714803,6.521620678369369,11.776052343135584
d:605:1.2657402132954427,6.5218629492275,6.52161754753539,11.777740283467447
d:606:1.2679142655509246,6.521879921652446,6.521601894381188,11.775567550482709
d:607:1.2654880547907439,6.5218792720581735,6.521587960314543,11.777979177581972
d:608:1.2662894604686077,6.521886133865381,6.521579396156732,11.777176069553507
d:609:1.2684796763379431,6.521897902814966,6.521589820882916,11.77500804735994
d:610:1.2653550574829424,6.521915306711289,6.521594539013912,11.778154788242258
d:611:1.2683931267417545,6.5217654973854025,6.521630317164664,11.775002687808312
d:612:1.266047916216733,6.521788827196281,6.521623274305228,11.777364185284776
d:613:1.267243513120194,6.521804237434066,6.521645906934803,11.776206631248675
d:614:1.2663893152008558,6.521832026625966,6.5216340745411845,11.777076785966296
d:615:1.2658607990844661,6.521837210257385,6.521623429400518,11.777599840573437
d:616:1.268059146695368,6.521842400525555,6.521623505600111,11.775406759430298
d:617:1.2647216509580819,6.521892313891859,6.521583587559939,11.778754250493717
d:618:1.2668408932302349,6.521919785092078,6.521602228968414,11.776681120830258
d:619:1.266326378933961,6.521762508011105,6.521628215198734,11.777064344275878
d:620:1.2679184002691262,6.5218036922705105,6.521642535027957,11.775527827029341
d:621:1.2657034813694903,6.521840302522476,6.521636220355752,11.777773041508738
d:622:1.265314900214273,6.521857336964995,6.521623679229223,11.778166115979944
d:623:1.2686339847795995,6.521885700854365,6.521586332703701,11.774838048778467
d:624:1.2661759352446662,6.5217654973854025,6.521627677229199,11.777217239369934
d:625:1.2645778894007869,6.5218036922705105,6.521645633143083,11.778871436012807
d:626:1.2672573392794089,6.5218385924380655,6.521617919875016,11.776199173033673
d:627:1.2671060421411564,6.5218823357075815,6.521598432698435,11.77637472626486
d:628:1.2667396296053148,6.521935958305386,6.5215954216468175,11.776791750346888
d:629:1.2663272177280938,6.52180813962192,6.521628790794421,11.777109712688247
d:630:1.2679830648771695,6.521837210257385,6.521618034907312,11.775472180287528
d:631:1.2666562417340934,6.521885720557445,6.521585418159256,11.776814896982607
d:632:1.267987661574102,6.5217620746581275,6.5216198696804,11.775394282764426
d:633:1.2658988893827274,6.521822043288693,6.52163544848872,11.777558602394686
d:634:1.2674010578985904,6.52184567029142,6.521612952086029,11.776057564478858
d:635:1.265865287589218,6.521915306711289,6.5215842872047425,11.777634306326814
d:636:1.266303289366613,6.521801016428965,6.521629978427171,11.777127705489523
d:637:1.2671176270406193,6.521834380723484,6.521620124725617,11.776336878408483
d:638:1.266749518546467,6.521921150566402,6.521586095952929,11.776757727972864
d:639:1.2672895907401447,6.521798847700221,6.5216274618855765,11.776136718845652
d:640:1.2662899676027966,6.5218410392584385,6.521611207545941,11.777162279201583
d:641:1.2656990183285277,6.521919076410143,6.521585781492733,11.777805839574347
d:642:1.2664597249251628,6.521813126428269,6.521629148005347,11.776982549508453
d:643:1.2665331976863232,6.521877573654345,6.521610678535734,11.776955054503757
d:644:1.2671169294371083,6.521965914291179,6.521617858572525,11.776466843426595
d:645:1.2663540636561184,6.521838976677274,6.521626194177576,11.777111107198731
d:646:1.2677950249990175,6.521890175683808,6.521569995175562,11.775665145860351
d:647:1.266004834199542,6.521793353792113,6.521625676928455,11.777414196521026
d:648:1.267049810353459,6.521879627244721,6.5216229647007635,11.776452781592026
d:649:1.2660244862017702,6.52176355911006,6.521613978356586,11.777353051264877
d:650:1.2665769831257947,6.521847557063282,6.521617735578245,11.776888309515734
d:651:1.265598528003384,6.521930023159892,6.5215848285640545,11.777916323720563
d:652:1.2666537259140558,6.5218254334924595,6.521631307883779,11.776803015462184
d:653:1.2662577290660089,6.521890384777247,6.521576451754775,11.777209107466014
d:654:1.2668342123949827,6.521812099829974,6.52163931767277,11.776617205107762
d:655:1.2677465366881187,6.521885094810892,6.5215992590728185,11.77573781719559
d:656:1.2668629063632686,6.521804819357974,6.521611870059536,11.77655378305424
d:657:1.2654330169037795,6.521879392530513,6.521606000290127,11.778052375916861
d:658:1.2653693040342482,6.521813152030304,6.5216273286363045,11.77807117663236
d:659:1.2661442609144622,6.521880741504444,6.5216173456594255,11.777353826249406
d:660:1.2663291369723915,6.521812470991788,6.521628460832351,11.777111794851749
d:661:1.2692244725174326,6.521880290720517,6.521605522995391,11.774261341198475
d:662:1.2665499935768718,6.521796686442653,6.521612751088983,11.776859443954764
d:663:1.2670181617421221,6.521882095563453,6.521591850729223,11.776455784550553
d:664:1.2648025040498592,6.521799525187797,6.521632307349641,11.778629328487579
d:665:1.2668214783124636,6.521903810217668,6.521574894483346,11.77665722638855
d:666:1.2660531115452187,6.521833483278606,6.5216289689786695,11.777409340712056
d:667:1.2671172788966132,6.521933271904037,6.52159302642777,11.776409019435194
d:668:1.2673871058720003,6.521840647349066,6.521627443297406,11.776080984774472
d:669:1.265868563461856,6.521979572324763,6.521610127303797,11.777721136166702
d:670:1.2671153612132517,6.521872086893078,6.521627699767542,11.776384425447368
d:671:1.2676613586209537,6.521798922137594,6.521613545418326,11.775751108934967
d:672:1.266225429622093,6.521913613238331,6.521567427183293,11.777255610799532
d:673:1.2662455387006428,6.521833936642496,6.521627684229664,11.777216082171517
d:674:1.2678460797500417,6.521972042313837,6.5216200029211535,11.77574596548495
d:675:1.2669760864422095,6.521877054999197,6.521621597407203,11.776522565964191
d:676:1.2651563047401275,6.521813126428269,6.521624093585054,11.778280915273195
d:677:1.2665004670561117,6.521938459380742,6.521591160289714,11.777029152614343
d:678:1.2668309162658193,6.5218410392584385,6.5216142767978225,11.77662439979044
d:679:1.2669785768163973,6.521813152030304,6.521615310719922,11.776449885933829
d:680:1.2654704811679487,6.521921150566402,6.521568597616632,11.778019267015086
d:681:1.267001283313423,6.521842708829168,6.5216180618759205,11.776459487391666
d:682:1.2663542963520804,6.521806466151707,6.521618073596543,11.777070243396171
d:683:1.2666448419698373,6.521921862286714,6.521561250025034,11.77683827034191
d:684:1.2676214813221893,6.521837247076473,6.521619065063383,11.775834830817667
d:685:1.2665410499906002,6.521812470991788,6.52161213820615,11.776883559207338
d:686:1.2651238038684767,6.521930023159892,6.521574682786673,11.778380902078087
d:687:1.2670365208624972,6.521848197086486,6.521595086893868,11.776406763117857
d:688:1.2657362827878007,6.521799525187797,6.521601448093746,11.777664690493742
d:689:1.266133115255677,6.521975798572942,6.521584754295251,11.777427437612516
d:690:1.2652487546990088,6.521885094810892,6.52158888448931,11.778225224601194
d:691:1.2667793552937425,6.521837969211328,6.5216007848194995,11.776659398737085
d:692:1.2656219144855747,6.52180237002458,6.521605351885834,11.77778580742484
d:693:1.2664327223617313,6.521934933101122,6.521564931646139,11.77706714238553
d:694:1.2669349960442702,6.521879102659212,6.521592736251078,11.776536842866019
d:695:1.266135248587446,6.521841188824489,6.521610740423178,11.77731668066022
d:696:1.265970965905506,6.521804797076036,6.521597520102999,11.777431351273528
d:697:1.2677471580998283,6.521930911453455,6.521567930114632,11.77575168346826
d:698:1.2658518883370906,6.521880327504941,6.521598280489678,11.777626719657528
d:699:1.2667401480568827,6.521848644947344,6.5216185548035694,11.776727051694031
d:700:1.2673097229733354,6.5218036922705105,6.521606288790302,11.776100258087476
d:701:1.2664183325915754,6.5219815589509755,6.521601052728199,11.777164279087598
d:702:1.2669020302657437,6.521919785092078,6.521563395677088,11.776581150503421
d:703:1.2656230729954334,6.521875420407929,6.521595173793564,11.77784752120606
d:704:1.268706337622163,6.5218450763284554,6.521604722492759,11.774743461199051
d:705:1.2646989338335803,6.521802918121598,6.521608479294857,11.778712463582876
d:706:1.2660341969051867,6.521983984848392,6.521598053149944,11.77754784109315
d:707:1.2673715828620775,6.52192568764267,6.521581340677845,11.776135445458438
d:708:1.2667744139385828,6.521885629501914,6.521594240785626,11.776705456348958
d:709:1.2673105087184737,6.521853312260043,6.5216000764361,11.77614287997767
d:710:1.2670381398628123,6.521841839570452,6.521619689901704,11.776423389609343
d:711:1.2669651115452716,6.521812099829974,6.521606776683218,11.776453764967922
d:712:1.266088258569873,6.5219865766895175,6.521624628300841,11.777522946420486
d:713:1.264906963195049,6.521976871085984,6.521577937214431,11.778647845105366
d:714:1.267245092903039,6.521930023159892,6.52155694741661,11.776241877673463
d:715:1.2658575554224356,6.521888250940244,6.521593805901128,11.777624501418938
d:716:1.266279170602914,6.521879921652446,6.521593424939177,11.77719417598871
d:717:1.2652562985210274,6.521837626728605,6.521615250331478,11.778196578539056
d:718:1.2673574990638024,6.5218398849118095,6.521614257233371,11.776096643081377
d:719:1.2650381186026785,6.521812485769279,6.521603651426726,11.778378018593326
d:720:1.2670148817304518,6.521812470991788,6.521598650301587,11.776396239562922
d:721:1.2664314074635854,6.521988430495934,6.521596321316688,11.777153344349037
d:722:1.2689087957851104,6.521987306278684,6.5215923030626985,11.774670813556272
d:723:1.2680482393267933,6.521961039799467,6.5215714291564035,11.775484229629077
d:724:1.2648965077185164,6.5219342771354425,6.521559747200612,11.77859751661754
d:725:1.2673202377816377,6.521921150566402,6.521575866952858,11.776176779737623
d:726:1.266658336529627,6.521882787796792,6.521596517599213,11.776820968866378
d:727:1.2657523229374856,6.521885743699834,6.521603125075386,11.777736545837735
d:728:1.2664202027027507,6.521881867067284,6.52160702398715,11.777068688351683
d:729:1.2664224075671022,6.521879627244721,6.521607686844047,11.777064906521666
d:730:1.2658129392564774,6.521843092599103,6.521614102921009,11.777644256263635
d:731:1.2668565603818607,6.521836001291919,6.521618005966201,11.77659744687626
d:732:1.2662243598504812,6.521837247076473,6.521627637106287,11.77724052433228
d:733:1.2654153868648947,6.521837939687973,6.5216161292222985,11.778038682045377
d:734:1.2669251272634945,6.521842296732374,6.52162015810848,11.776537327577358
d:735:1.2663337903917622,6.521837210257385,6.521630068007022,11.777133487872646
d:736:1.26747721778899,6.5218450763284554,6.521631979612736,11.775999838152202
d:737:1.2656091410882127,6.5218450763284554,6.521630072900753,11.777866008140997
d:738:1.2654236524253868,6.521837210257385,6.521626010019214,11.778039567851213
d:739:1.266527554581133,6.521842296732374,6.521624985204328,11.77693972735557
d:740:1.2667426714160452,6.521837939687973,6.521617871396778,11.776713139668706
d:741:1.26602547106034,6.521837247076473,6.521605837277087,11.777417613293219
d:742:1.267126903793148,6.521836001291919,6.5216282639945184,11.77633736149329
d:743:1.2661718223313958,6.521843092599103,6.5216198726481105,11.777291142915818
d:744:1.2667223398896734,6.521879627244721,6.521619109407755,11.776776396762804
d:745:1.2667925081213074,6.521881867067284,6.521604119172385,11.776693478118363
d:746:1.2664250690057361,6.521885743699834,6.521595554395521,11.777056229089618
d:747:1.2667034293593744,6.521882787796792,6.521607180849387,11.776786539286805
d:748:1.2651771264690357,6.521921150566402,6.521583024255278,11.778327048352645
d:749:1.2670641707186903,6.5219342771354425,6.521563732806388,11.77643383922314
d:750:1.2668657763581876,6.521961039799467,6.521577000961762,11.776672264403041
d:751:1.2663117695651902,6.521987306278684,6.521568694239252,11.777244230952746
d:752:1.2663436694303591,6.521988430495934,6.521604776210602,11.777249537276177
d:753:1.2668997743582917,6.521991984338676,6.521621569005613,11.776713778985998
d:754:1.2649228999082283,6.521800302609446,6.521602574677709,11.778479977378925
d:755:1.2668675384836448,6.521827494327114,6.521603545241984,11.776563501085453
d:756:1.267336803409835,6.521837210257385,6.521610467153597,11.776110874001146
d:757:1.2665248147797712,6.521840179819934,6.5216073926999405,11.776922757740103
d:758:1.2657355004155217,6.52187640137904,6.521586942108044,11.777727843071562
d:759:1.2661260785135315,6.521910524363026,6.521591315755994,11.777375761605489
d:760:1.2674460042706688,6.521935037106275,6.521547254821922,11.776036287657528
d:761:1.2673033169531625,6.521986597947909,6.521568616415888,11.776251897410635
d:762:1.2666903128839522,6.521988288284986,6.521608022153796,11.77690599755483
d:763:1.266778108777654,6.521812099829974,6.521595272233371,11.776629263285692
d:764:1.265910192268036,6.521841839570452,6.52160237077835,11.777534018080766
d:765:1.2664634795233596,6.521853312260043,6.521594497200674,11.776984329937356
d:766:1.2656058070314664,6.521885629501914,6.52157201945935,11.777851841929797
d:767:1.2662122232946729,6.52192568764267,6.521542604284532,11.777256068632528
d:768:1.2659332823244434,6.521983984848392,6.521561041957044,11.777611744480993
d:769:1.266214862853058,6.522012212307116,6.5216232350723695,11.777420584526428
d:770:1.2659143700584803,6.521828008430509,6.521588497552494,11.777502135924523
d:771:1.2649585109479435,6.521842290230714,6.5215816809328055,11.778465460215576
d:772:1.265906589226109,6.521883468377415,6.5215748587388,11.777551737890107
d:773:1.266721363675451,6.5219379504051895,6.521548230421501,11.77676481715124
d:774:1.2657173859337885,6.521987184578881,6.5215847056132965,11.77785450425839
d:775:1.2660112971367283,6.5218036922705105,6.5215817236988185,11.7773741188326
d:776:1.26811381553199,6.521848644947344,6.521602974207145,11.775337803622499
d:777:1.267359372832063,6.521880327504941,6.521569903989375,11.776090858662252
d:778:1.2649456513751396,6.521930911453455,6.521541743905654,11.778527003983971
d:779:1.2684776275830263,6.521982600055899,6.521581039683376,11.77508601215625
d:780:1.265727533839808,6.521813126428269,6.52158514351949,11.77767073610795
d:781:1.2665126864369327,6.521836205820588,6.521597750581704,11.77692126996536
d:782:1.266966564828909,6.521890175683808,6.521577401186399,11.776501012041297
d:783:1.2664098959052286,6.521976904115543,6.521544516986607,11.77711152519692
d:784:1.2665939668556927,6.522017359490106,6.521614989457011,11.777038382091424
d:785:1.2667797458722525,6.521837969211328,6.521592963513512,11.776651186852586
d:786:1.266356436350387,6.521885094810892,6.521577716735445,11.77710637519595
d:787:1.266654816131135,6.521975798572942,6.521535467727979,11.776856450169786
d:788:1.2684608427291124,6.522010300790548,6.521604448144081,11.775153906205517
d:789:1.2667083262746317,6.521834204734067,6.521584221248783,11.776710099708218
d:790:1.2657365838224912,6.521878213065645,6.521569327407756,11.77771095665091
d:791:1.265283006231801,6.521979291434655,6.521553170671677,11.77824945587453
d:792:1.2669470425821423,6.522030827790447,6.521621373675126,11.77670515888343
d:793:1.2660209519174366,6.521837247076473,6.52159000842631,11.777406303585346
d:794:1.2664928528596366,6.521921862286714,6.521583581366352,11.77701259079343
d:795:1.2670118635215903,6.521983598117626,6.52156531359516,11.776537048191196
d:796:1.265858229143765,6.521842932515292,6.521583572343307,11.777568275714833
d:797:1.2682735254370154,6.521883785309546,6.521582978309462,11.775193238181993
d:798:1.2656669215499061,6.521973196404711,6.521534796557255,11.77784107141206
d:799:1.2671109155649347,6.522035843580966,6.521632159065537,11.776557087081567
d:800:1.2656903803686355,6.5218410392584385,6.5216108712883605,11.777761530178164
d:801:1.2653315434504453,6.521938459380742,6.521564787135448,11.778171703065745
d:802:1.2649992226091626,6.52200187893167,6.52158707116123,11.778589727483737
d:803:1.2666682116179508,6.521846511040674,6.521601554747609,11.776779854170332
d:804:1.2655797528335917,6.521920201393462,6.5216011571127765,11.777941605672646
d:805:1.2670797688663562,6.52198307844943,6.521596813703647,11.77650012328672
d:806:1.2646374805802303,6.521833936642496,6.521594935431902,11.778791391494167
d:807:1.266606223277,6.521913613238331,6.521585288144706,11.776892678106037
d:808:1.2660065087829722,6.521981764335855,6.521592563355786,11.777567818908668
d:809:1.2668665370976804,6.5218391401970965,6.521586779427187,11.776559382526603
d:810:1.2654599768198835,6.521919785092078,6.521594368826314,11.778054177098507
d:811:1.2673175331877893,6.521998317129872,6.52157685223813,11.776257636180212
d:812:1.2661096926952489,6.521840647349066,6.521596368647815,11.777327323301632
d:813:1.2656149561581724,6.521933271904037,6.521561015723918,11.777879331469782
d:814:1.2666966498152625,6.522030827790447,6.52162307374317,11.776957251718354
d:815:1.2667640699585565,6.5218629492275,6.5215962970282355,11.77669517629718
d:816:1.2653071372767233,6.521977869000001,6.521539392048493,11.778210123771771
d:817:1.2661909194424812,6.522029767957523,6.521623545261729,11.777462393776771
d:818:1.267178312562022,6.521882095563453,6.52158694587042,11.776290728871851
d:819:1.2677637466837481,6.521980495151253,6.521574905734255,11.775791654201761
d:820:1.2658254105547169,6.521837210257385,6.521577609190757,11.777589408893425
d:821:1.265859601772645,6.521928723710095,6.521574480111196,11.777643602048647
d:822:1.2647082832635803,6.522021203637844,6.521635871864916,11.77894879223918
d:823:1.2671766851089767,6.521880741504444,6.521601362069977,11.776305418465444
d:824:1.26573702089504,6.521988430495934,6.521567069197945,11.77781847879884
d:825:1.2645873193801123,6.521834204734067,6.521597822290408,11.778844707644364
d:826:1.2665021270944425,6.52192568764267,6.521576151573258,11.776999712121485
d:827:1.266754254917311,6.522023474244273,6.521630699575974,11.776899918902936
d:828:1.2664920804288062,6.521885094810892,6.521605508019934,11.77699852240202
d:829:1.2657287999297289,6.521986236568906,6.521594536602823,11.777851973242
d:830:1.2654218100075685,6.521837613621286,6.521606913302678,11.778022716916395
d:831:1.266990905099659,6.521976904115543,6.521545307653345,11.776531306669229
d:832:1.2650238238710898,6.5218254334924595,6.5215930163551405,11.77839462597651
d:833:1.2673589451036058,6.521930023159892,6.5216033633546076,11.776174441410895
d:834:1.2663121343992323,6.522022708060539,6.521641059654688,11.777351633315995
d:835:1.267038204681647,6.521883434835253,6.521601502808132,11.776446732961737
d:836:1.2663992029829796,6.522006500028876,6.521597432015675,11.777204729061571
d:837:1.267434572512208,6.521879627244721,6.521616810659037,11.77606186539155
d:838:1.266115871020352,6.521990652387983,6.521577640705581,11.777452422073212
d:839:1.2670472787036253,6.521842561340301,6.521610497006337,11.776405779643014
d:840:1.2663451339378629,6.521981040281253,6.521552893893763,11.777188800237154
d:841:1.2658920834869107,6.521838976677274,6.52160325962173,11.777550152812093
d:842:1.2665248864183472,6.521965914291179,6.5215767089042185,11.777017736777049
d:843:1.2671164745051602,6.522018749038562,6.521668147171423,11.776570421704823
d:844:1.2656975164906825,6.521929838374301,6.521592123371107,11.777824445254726
d:845:1.2649255124068954,6.522032756844806,6.521645457079652,11.778752701517563
d:846:1.2652900140253145,6.521919076410143,6.521582647700492,11.77821171008532
d:847:1.2668852430829105,6.522026432747147,6.52162798853633,11.776769178200567
d:848:1.266663418938192,6.521918903770011,6.521592151662718,11.776847636494537
d:849:1.2648041025384025,6.522026649346695,6.521628825112684,11.778851371920975
d:850:1.2660228818986834,6.521921150566402,6.521589321569847,11.777487590237564
d:851:1.2671089981671102,6.522025260843234,6.521634972218738,11.776551234894862
d:852:1.2669445483413515,6.521920201393462,6.521588478411937,11.776564131464047
d:853:1.2669373502300374,6.522026918595366,6.521628214847069,11.776717783212398
d:854:1.2673357897706197,6.521915306711289,6.521584947554388,11.776164464495057
d:855:1.266622589031904,6.522031281881933,6.5216241211058215,11.77703281395585
d:856:1.2653173589722115,6.5219342771354425,6.521580991414381,11.778197909577612
d:857:1.2663372441675786,6.522026254031527,6.521641661513926,11.777330671377873
d:858:1.2663153769643234,6.521939185170373,6.521579224505937,11.777203032711986
d:859:1.2670765323966204,6.521837332998055,6.52158609124505,11.776346891846485
d:860:1.2668642181620164,6.521976143493889,6.521551285370076,11.776663210701948
d:861:1.2655778565073188,6.521837210257385,6.521582933348912,11.777842287098979
d:862:1.2664244570774166,6.521979758454116,6.521553391921899,11.777108693298599
d:863:1.2668927111696568,6.5218406458760025,6.521591894964305,11.77653982967065
d:864:1.2664534905610534,6.521991984338676,6.52155775376399,11.777096247541612
d:865:1.2644445105212743,6.5218823357075815,6.521579925766797,11.779017750953104
d:866:1.2670452604365945,6.522044160044016,6.521574758848139,11.776573658455561
d:867:1.2646826416927404,6.521906399002386,6.521571937025687,11.778795694335333
d:868:1.266619835769628,6.522036354387416,6.521612649493594,11.777029168111383
d:869:1.2677503578884632,6.521939185170373,6.521581576306534,11.775770403588444
d:870:1.2653387070381061,6.521838976677274,6.521573522592389,11.778073792231558
d:871:1.266541499917972,6.521982107269891,6.5215341237956554,11.776974731147574
d:872:1.267081474320987,6.521857336964995,6.521590373676148,11.776366236320156
d:873:1.265379528242935,6.522034704674774,6.521572050056809,11.77822722648865
d:874:1.2665100430486511,6.521890175683808,6.521578200909139,11.776958333544297
d:875:1.2655063002164049,6.522034177617244,6.521606564094599,11.778134441495439
d:876:1.2669175221677893,6.52197581170049,6.521553522906285,11.776611812438986
d:877:1.2668915284196718,6.52184993312974,6.521572321575442,11.77653072628551
d:878:1.2653000959538243,6.521987262889228,6.521540617522108,11.778227784457512
d:879:1.2661997192370027,6.521892313891859,6.521569526559407,11.777262121214264
d:880:1.2673247781458166,6.522026432747147,6.521613297678394,11.776314952279725
d:881:1.266409636404493,6.521942519415995,6.521564889962317,11.777097772973818
d:882:1.2662658188430758,6.521837210257385,6.521570562766772,11.777141954181081
d:883:1.267078913857489,6.521983446161166,6.521536266655896,11.776440798959573
d:884:1.2671328539649522,6.521882095563453,6.521572803472872,11.776322045071373
d:885:1.2664522087091683,6.522034177617244,6.521599851760321,11.777181820668396
d:886:1.2668643755999351,6.521977869000001,6.521530298386981,11.776643791787047
d:887:1.2657203792874352,6.521841185574057,6.521559559986853,11.777680366273474
d:888:1.2668589447712026,6.522030827790447,6.521554401557786,11.77672628457703
d:889:1.2643577486268303,6.521915306711289,6.521542729038857,11.779100287123315
d:890:1.2672379530124562,6.5219877357576985,6.52161459326331,11.776364376008553
d:891:1.2668491983706787,6.521983646324279,6.5215243219509755,11.776658769904575
d:892:1.2669802235853407,6.521886133865381,6.521558106596675,11.776464016876716
d:893:1.265997858111005,6.522025653133251,6.52159033781854,11.777618132840786
d:894:1.2652500468756358,6.521988536606451,6.52151964864113,11.778258138371946
d:895:1.266029337394814,6.521879921652446,6.521570107569533,11.777420691827166
d:896:1.266675685292327,6.522026432747147,6.521588594437997,11.776939341892817
d:897:1.2652897871963376,6.521976871085984,6.521545732957294,11.778232816846941
d:898:1.2655228304138895,6.521841760714803,6.521554393382033,11.777873323682947
d:899:1.2666809496184506,6.522022688231791,6.521561412213168,11.77690315082651
d:900:1.2670119566210492,6.521961039799467,6.521554294919009,11.776503378097427
d:901:1.2653679287364472,6.521836001291919,6.521555251556415,11.778023324111887
d:902:1.2666505037683962,6.522018040067623,6.521546622831426,11.776914159130653
d:903:1.2666098612060424,6.521955427611084,6.521548801126513,11.776894367531554
d:904:1.2669234495753852,6.5218410392584385,6.521562183793048,11.776479773476101
d:905:1.2670795960451091,6.522023646239823,6.521567468117554,11.776511518312267
d:906:1.2664075069577354,6.521973196404711,6.521548940805774,11.777114630252749
d:907:1.2660010520772556,6.521851109876811,6.521541611512935,11.777391669312491
d:908:1.2663026052669846,6.522026924635865,6.521589432153202,11.777313751522081
d:909:1.2648927021885008,6.52198443929722,6.521530926289893,11.778622663398611
d:910:1.2664966882308129,6.521881867067284,6.521570008672295,11.776955187508767
d:911:1.2659658030790908,6.522020282197292,6.521583854079897,11.777638333198098
d:912:1.2662890157994724,6.521982600055899,6.521500801840433,11.777194386096859
d:913:1.2649463387690396,6.521882787796792,6.521560045047204,11.778496494074957
d:914:1.2674729689213873,6.521982059920602,6.521615172966438,11.776124263965654
d:915:1.266559161112971,6.522009920364246,6.5215151639251285,11.776965923176403
d:916:1.265045235932341,6.521933506453496,6.521539103023009,11.778427373544165
d:917:1.2668723006706077,6.521834380723484,6.5215455150615576,11.776507595114433
d:918:1.2658819091179492,6.522027609059926,6.521566969499997,11.777712669441973
d:919:1.2660151474872556,6.521988391566445,6.521527607994878,11.777500852074068
d:920:1.2678028339918122,6.521885094810892,6.5215739658223,11.775656226641381
d:921:1.2670336223417973,6.521983902683434,6.521615774602304,11.77656605494394
d:922:1.2663222872457425,6.522017359490106,6.521514777480544,11.777209849724908
d:923:1.2682231418377743,6.521931820242188,6.521549661236524,11.775258339640937
d:924:1.2655258135318324,6.521842400525555,6.521560667474561,11.777877254468285
d:925:1.265198638275253,6.522024162610662,6.52159375687516,11.778419281210569
d:926:1.266872558795047,6.521981989414256,6.521508871867102,11.77661830248631
d:927:1.2653373700948656,6.521919785092078,6.521558382396776,11.778140797393988
d:928:1.2665635395350492,6.521840647349066,6.521557779377807,11.776834887191825
d:929:1.2670590001117876,6.522029915854883,6.521584643236244,11.77655555897934
d:930:1.266984650092514,6.521983598117626,6.52152093678997,11.776519884815082
d:931:1.2668353955260585,6.521903810217668,6.521581992858631,11.77665040755024
d:932:1.2661344746174112,6.521987629762127,6.521644209183028,11.777497364327743
d:933:1.2656836393646351,6.522025388850479,6.521584752434034,11.777926501919879
d:934:1.2665590254302064,6.521987184578881,6.521517957428849,11.776946116577525
d:935:1.264432466244271,6.521921150566402,6.521564616532505,11.779053300854637
d:936:1.2665464242355888,6.521837247076473,6.521554899903449,11.776845722744334
d:937:1.2664578044374455,6.522028520408051,6.5215983538215445,11.77716906979215
d:938:1.2653653709838633,6.521987059823669,6.52152033130174,11.778142020141546
d:939:1.266260661462379,6.521934933101122,6.521557000957842,11.777231272596584
d:940:1.2662176581727156,6.521870921622898,6.521563291986,11.777216555436182
d:941:1.2682413067452014,6.52200567084719,6.5215981376783505,11.77536250178034
d:942:1.2661616504945652,6.522036447309484,6.521541327616602,11.77741612443152
d:943:1.2664333947636734,6.521978184196151,6.521558883676561,11.777103673109039
d:944:1.2663683140558728,6.521885629501914,6.5215854413564625,11.777102756802504
d:945:1.267570975258323,6.521985829474518,6.521634439318922,11.776049293535117
d:946:1.2647479244786233,6.522037580790424,6.521602871595663,11.778892527907463
d:947:1.2668905128847392,6.521993092916676,6.5215255892501585,11.776628169282095
d:948:1.2662720823961884,6.521939185170373,6.521553066919732,11.777220169693916
d:949:1.2656364273813416,6.521879392530513,6.5215662080294985,11.777809173178671
d:950:1.2672785909085924,6.521983396644268,6.521631381377938,11.776336187113614
d:951:1.268295161481701,6.522031281881933,6.521571702544096,11.775307822944328
d:952:1.2660788270037493,6.521987059823669,6.521512589519725,11.777420822339645
d:953:1.2658775231971315,6.521940972603996,6.52156114397097,11.777624593377835
d:954:1.2667844515842166,6.52187640137904,6.521573114219832,11.776665064014656
d:955:1.2656222355171245,6.521989476313341,6.52163918620189,11.778006426998108
d:956:1.2674441726094603,6.522028782599297,6.521599007972313,11.776183617962149
d:957:1.2655318572244294,6.5220140256670405,6.521525989434652,11.778008157877263
d:958:1.26513373936179,6.521981731533906,6.5215513102999525,11.778399302472067
d:959:1.2657128545242706,6.521897902814966,6.5215722709400215,11.777757319230716
d:960:1.2668028269180454,6.5218410392584385,6.521555410239953,11.776593622580346
d:961:1.2654640751513764,6.521981017350594,6.521599638266852,11.77811658046607
d:962:1.2667594478099407,6.522025260843234,6.52155694841343,11.776822761446724
d:963:1.264820846457729,6.521987827642135,6.52151373623405,11.778680717418455
d:964:1.2662884731501904,6.521961039799467,6.5215468920200275,11.777219458669304
d:965:1.267105705903461,6.521883468377415,6.521576463073489,11.776354225547443
d:966:1.2672912193010646,6.522006589634002,6.521626715643394,11.776342085976331
d:967:1.2660836830730826,6.521978729454646,6.5215972755990705,11.777492321980633
d:968:1.2664776693296478,6.522026432747147,6.521557722464229,11.77710648588173
d:969:1.264795748368158,6.521993498763541,6.521515794866877,11.77871354526226
d:970:1.2662757331453953,6.521976143493889,6.52155371635782,11.777254126706314
d:971:1.2669875712154592,6.521914724997933,6.521576588983515,11.776503742765989
d:972:1.2653346299163815,6.521879627244721,6.52157235355653,11.77811735088487
d:973:1.2669355039029195,6.5219837005095656,6.521648441869419,11.776696638476066
d:974:1.266239002636091,6.522014181468724,6.521612599458396,11.777387778291029
d:975:1.2640434422057574,6.522022708060539,6.521557932333948,11.77953719818873
d:976:1.2677428147762058,6.521981764335855,6.521530672253701,11.77576962181335
d:977:1.2662166672228903,6.521973310484723,6.521569119457512,11.777325762719345
d:978:1.2654193551813773,6.5219230002241195,6.521579407224715,11.778083052267457
d:979:1.2654462194574307,6.521874485481589,6.521572411328848,11.778000677353006
d:980:1.2665874639731491,6.521993757346123,6.5216371898506615,11.777043483223636
d:981:1.2663370103903908,6.52197889755106,6.52161483561511,11.777256722775778
d:982:1.266255898984209,6.522031008245039,6.521561326415483,11.777336435676313
d:983:1.2674155294113962,6.522033860675242,6.5215317640392465,11.776150095303093
d:984:1.266410878319462,6.521982600055899,6.521541258219962,11.7771129799564
d:985:1.265484962145484,6.521974707454904,6.521555534248004,11.778045279557423
d:986:1.2669310748763092,6.521921150566402,6.521570174671257,11.77656025036135
d:987:1.2641758677790023,6.521879253121519,6.521569610988811,11.779272996331327
d:988:1.266206092206044,6.522008657057005,6.52163372746452,11.777436292315482
d:989:1.266592267545958,6.521988527438488,6.521631427828649,11.777027687721178
d:990:1.265830761498096,6.5220041424906015,6.5216150710679885,11.777788452060493
d:991:1.264643701120196,6.522033979792187,6.521570831899039,11.77896111057103
d:992:1.2673668078925928,6.522034073601339,6.521541456131179,11.776208721839925
d:993:1.266568893023047,6.521980495151253,6.521543249989114,11.77695485211732
d:994:1.2664203245657468,6.521979431673255,6.521561783417093,11.777120890524602
d:995:1.2673654464290678,6.521938740625745,6.521583049444734,11.77615634364141
d:996:1.2653764557755665,6.521882787796792,6.5215799884862,11.778086320507425
d:997:1.265899358899473,6.521881204401873,6.5215733392045205,11.777555184706921
d:998:1.2690152355808664,6.52201285056791,6.52164297265372,11.774640587640764
d:999:1.266132161209475,6.521985829474518,6.521636357610386,11.777490025875428
d:1000:1.2667670134679412,6.521980838606019,6.521609881493667,11.776823706631745
