data: dataset/hutter-text/text8
d:1:2.3535536862369977,7.533166330000286,7.533166758651193,12.712779402414482
d:2:1.662998946199144,7.533166368516591,7.533166595901106,13.403334018218553
d:3:1.4374992436676415,7.533166855250332,7.533166162809334,13.628833774392024
d:4:1.309776723760562,7.533166660305913,7.533166963534773,13.756556900080124
d:5:1.269552947580376,7.533167370708787,7.5331665092088755,13.796780932337287
d:6:1.2559122228535546,7.533167370708787,7.533166605330608,13.81042175318584
d:7:1.2430708311837684,7.5331677898398155,7.533166591228195,13.823263549884242
d:8:1.2355851027792735,7.533167370708787,7.533167099722085,13.830749367651599
d:9:1.2297780520279922,7.533167771444191,7.533167050018145,13.836556769434344
d:10:1.2279952763903452,7.533168474950491,7.533167561000036,13.838340759560182
d:11:1.2253574235417837,7.533168008086401,7.533167155658758,13.840977740203375
d:12:1.2243522597726226,7.533168564828927,7.533167485927493,13.841983790983797
d:13:1.2232876730424689,7.533168834141831,7.533167784613896,13.843048945713258
d:14:1.2200413970101476,7.533168554272164,7.533167590593578,13.846294747855595
d:15:1.2157144710731504,7.533168608169461,7.533167174816191,13.850621311912501
d:16:1.213450476904855,7.533168554272164,7.533167454685753,13.852885532053062
d:17:1.208847629259287,7.533168608169461,7.533166815453972,13.857487794364147
d:18:1.206089315101483,7.533168757353975,7.53316775316536,13.860247195417852
d:19:1.2023549403918459,7.533169022230112,7.533168736542494,13.86398281838076
d:20:1.2014150647115898,7.533169104742438,7.533167647923271,13.86492168795412
d:21:1.1974605159744947,7.533168870432535,7.533168439724049,13.86887679418209
d:22:1.196514498978818,7.533168362466203,7.53316737264741,13.869821236134795
d:23:1.196092490922224,7.5331690135515625,7.5331692585378995,13.870245781167238
d:24:1.1972631782691394,7.533168757353975,7.533167776048314,13.86907335513315
d:25:1.197251676631721,7.533169037223702,7.533167340313732,13.869084700905713
d:26:1.197837751076527,7.533168870432535,7.533167942389399,13.868499061745407
d:27:1.1981188733413521,7.533169285208949,7.533168266623203,13.8682186784908
d:28:1.196575354155753,7.533167581654167,7.533169047059502,13.869761274557916
d:29:1.194687254923311,7.5331690135515625,7.5331681759443025,13.871649934572554
d:30:1.1935106238177635,7.533168870432535,7.533167602258274,13.872825848873045
d:31:1.1898840775231339,7.533168889309394,7.533167029514582,13.876451841300842
d:32:1.188628700769712,7.533168045771449,7.533169052076188,13.877708397077924
d:33:1.186866464532935,7.53316912697016,7.533168682435287,13.879471344872512
d:34:1.1854303778353845,7.533169076518259,7.533167741453642,13.880906440136517
d:35:1.183479016693079,7.533168870432535,7.5331672339681095,13.882857087707565
d:36:1.183026194463249,7.533167737958255,7.533169691480065,13.883311234975071
d:37:1.1818833712821153,7.53316933566073,7.533168515259103,13.884454479637718
d:38:1.1815941625861512,7.533168045771449,7.533169361697626,13.884743244882923
d:39:1.1815433799714974,7.53316753195236,7.533169736792495,13.884793888773357
d:40:1.1828328739587768,7.5331687936072775,7.533168445752718,13.883504365401219
d:41:1.182682683064053,7.5331687936072775,7.533168191408533,13.883654301951758
d:42:1.182513834783153,7.533167959995156,7.533169848649829,13.883823973861832
d:43:1.1817177510303605,7.533168370397439,7.53317020727326,13.884620826640338
d:44:1.1807348991111102,7.53316912697016,7.5331680271681485,13.885602255027198
d:45:1.1792436517074751,7.533167737958255,7.533169730387007,13.887093816637787
d:46:1.1778597718901054,7.533167615610729,7.533169532090186,13.88847737581081
d:47:1.1762826606049845,7.533168798261446,7.533170048278935,13.890056185935396
d:48:1.175769324215338,7.533168045771449,7.53316850069867,13.89056722225478
d:49:1.174177491544679,7.533167581654167,7.533167473269513,13.892157563379001
d:50:1.1741091832874506,7.533167597229179,7.533168605754252,13.89222701969598
d:51:1.1740145703854044,7.533167811435714,7.533169764202116,13.892323005252425
d:52:1.1737356939023407,7.53316772020996,7.533169128811956,13.892601155119575
d:53:1.1739654245838835,7.533169123759135,7.533168936034629,13.892372635209881
d:54:1.1745743658493986,7.533167737958255,7.533169248541604,13.89176262065046
d:55:1.1741026925247517,7.533168756084901,7.533170598182046,13.892236661742196
d:56:1.174085059104641,7.533167959995156,7.53317020838683,13.892253109277345
d:57:1.173319133652189,7.5331692319898895,7.533169760223043,13.893019858560743
d:58:1.1728853891023672,7.533167800057543,7.533169421469093,13.893451832424269
d:59:1.171903728364173,7.533169130017171,7.533169417231202,13.8944348188842
d:60:1.1717255591744742,7.533167737958255,7.533169196352022,13.894611375135803
d:61:1.1700908348340437,7.533169283460396,7.533169943541788,13.89624839216814
d:62:1.1694846579615188,7.533169107368444,7.533170808832335,13.89685525823926
d:63:1.1690937499978613,7.533170078346744,7.533169571594023,13.897245899942906
d:64:1.1675200646917094,7.533168756084901,7.533170465738861,13.898819157132053
d:65:1.1676640668931366,7.533168962664314,7.533170714227531,13.898675609998708
d:66:1.1677289179347543,7.533169130017171,7.533170893577529,13.898611105659946
d:67:1.167221788043296,7.533167800057543,7.53316839807678,13.899114410091027
d:68:1.1683223615657532,7.533169466499061,7.533170899232317,13.898018004165625
d:69:1.1677267751626648,7.533168691725701,7.53317035980503,13.898612276368066
d:70:1.1677877592683519,7.533169466499061,7.533170465056857,13.898552172287566
d:71:1.1674868513903416,7.533170547351514,7.533169656670138,13.89885335263131
d:72:1.167050375779116,7.533169108967584,7.533170429897041,13.899289163085509
d:73:1.1660166548027373,7.53316753195236,7.53316845518261,13.900319332332232
d:74:1.166031364953744,7.533168051621342,7.533169445460418,13.900306132128016
d:75:1.1648174674153253,7.533168124693402,7.533169405051064,13.90152006232914
d:76:1.1641568226088683,7.533170772837533,7.533170052221765,13.90218400245043
d:77:1.1637259038661636,7.533170684963942,7.533169218411121,13.9026139995089
d:78:1.1637060785067401,7.533169283460396,7.533170314937914,13.90263351989157
d:79:1.1626440747500535,7.533170405092596,7.533168799446454,13.903695129788996
d:80:1.163043516682725,7.533168756084901,7.533168718090279,13.903293957492455
d:81:1.1631190754208838,7.53317066389444,7.533168884804292,13.903220473277848
d:82:1.162839566725399,7.533170479842971,7.533170097658028,13.9035010107756
d:83:1.1629638429739515,7.53316841791235,7.533167882974027,13.903372457912425
d:84:1.1626702082577598,7.533170397380893,7.53316945880627,13.903669647929403
d:85:1.1624321734274012,7.533169466499061,7.533170036768924,13.903907329840584
d:86:1.1618499186813995,7.533169326883122,7.533169975559151,13.904489383760874
d:87:1.161991528541959,7.533169193997201,7.533169656454856,13.904347321910098
d:88:1.1619362165323217,7.533168756084901,7.533168740546213,13.904401280098792
d:89:1.160292406311692,7.533170872802497,7.5331694865016186,13.906047952992424
d:90:1.1605462872443884,7.533170863009969,7.533169514051947,13.905794089817528
d:91:1.1601960495895014,7.533170568798877,7.533170771752548,13.906145290961923
d:92:1.1595521138779095,7.533169225874621,7.533170222940653,13.906787334937365
d:93:1.1596599473369107,7.533170863009969,7.533169441579126,13.906680357252185
d:94:1.1588864427553212,7.533170449208253,7.5331709760743255,13.907454982527257
d:95:1.1590374545247926,7.5331692319898895,7.533170436208184,13.907302213673281
d:96:1.1590829990145544,7.533170809459445,7.533169823085057,13.907257633529948
d:97:1.1589879537736731,7.533170449208253,7.533171063720852,13.907353559155432
d:98:1.1588651508419616,7.533170583114606,7.533169413942138,13.907474846214782
d:99:1.1584158809311766,7.533169893732209,7.533169489477222,13.907923502278255
d:100:1.1586784059328732,7.533169466499061,7.533169112062346,13.907660172628534
d:101:1.1584758967752986,7.533170633068897,7.5331706333451045,13.907865369638703
d:102:1.1580950201780045,7.533169893732209,7.533169613971923,13.908244487526128
d:103:1.1569862842934189,7.533169216852393,7.5331698071563356,13.90935273971531
d:104:1.1569168769125753,7.533170028853494,7.533169629062083,13.909422781003002
d:105:1.1564226199781231,7.533170684963942,7.533170733311703,13.909918798297522
d:106:1.1562558474691578,7.533170863009969,7.533169243782348,13.91008425932316
d:107:1.1564522540421809,7.533170118737063,7.533170448479508,13.90988831317439
d:108:1.1562270166576063,7.533169893732209,7.533169389909116,13.910112266983718
d:109:1.1556176879885616,7.533169417407553,7.533169426274082,13.910721155693073
d:110:1.1557428439477757,7.533169879915899,7.533170561136782,13.910597597104905
d:111:1.1556907471746811,7.533169641595931,7.53316913175685,13.9106480261781
d:112:1.1554561422532963,7.533170506303419,7.533170185573505,13.910884549623628
d:113:1.1550723998972536,7.533169960045356,7.533169497822019,13.911267057970122
d:114:1.1555623994967537,7.533169326883122,7.533169628426913,13.910776555813282
d:115:1.154928186363648,7.533170863009969,7.533170876079684,13.911413552726005
d:116:1.1551744668977566,7.533169774429348,7.533169442466937,13.911164749998528
d:117:1.1543545628719638,7.533169469783585,7.5331694200675905,13.911984326979212
d:118:1.1542947714200036,7.533171622395582,7.533170788910873,13.91204763988645
d:119:1.154017739603571,7.533171342523149,7.5331709967378,13.912324599657378
d:120:1.1540671964139442,7.533170607299153,7.533168833306041,13.91227224419125
d:121:1.1540111715924173,7.533171711750825,7.5331708725129225,13.91233141267133
d:122:1.1534592050985424,7.533172252886175,7.533171046506473,13.912884094294105
d:123:1.153318376154493,7.533170507802858,7.533170734634863,13.913022866283228
d:124:1.1533576131100798,7.5331708695870425,7.53317112253872,13.912984379015683
d:125:1.1529229394602876,7.533169990515992,7.533169879396093,13.913416930451797
d:126:1.1526461496972082,7.533171764198725,7.5331719902773635,13.91369760477888
d:127:1.1523423854220667,7.533170589486373,7.533171141842439,13.913999345906745
d:128:1.152692303991147,7.533170809459445,7.533170302873444,13.913648808341742
d:129:1.1522728257521706,7.533169326883122,7.533171059207373,13.914067560338324
d:130:1.1524016088337863,7.533170028853494,7.533170767150384,13.913939187170092
d:131:1.1517280164057304,7.533171744747632,7.533171132716186,13.914614861058087
d:132:1.1522812192482164,7.533169893732209,7.533171083752803,13.914059758236796
d:133:1.1515593031673372,7.533171342523149,7.533170428112799,13.91478246746861
d:134:1.15160487712218,7.533170281961011,7.533169352005681,13.914734756844512
d:135:1.1512910501082096,7.533169941472382,7.5331689729481734,13.915047864312346
d:136:1.1510596056781193,7.533169893732209,7.533170430601611,13.915280718655701
d:137:1.1507636474685317,7.5331708695870425,7.533169052831319,13.91557627494983
d:138:1.150744421307655,7.533170863009969,7.533169572790214,13.915596014492529
d:139:1.15064561286629,7.5331714095081335,7.5331694991225095,13.915695295764353
d:140:1.1509966291926688,7.533171764198725,7.533170644858812,13.915345779864868
d:141:1.1505995060081773,7.533169680105411,7.533169964154451,13.915740138251685
d:142:1.1498784896159222,7.53317174004199,7.53317132129127,13.916464571717338
d:143:1.1502104733763243,7.5331708695870425,7.533168076292961,13.91612847250368
d:144:1.1494452099028116,7.533171764198725,7.533169605953825,13.916896160249738
d:145:1.149580483332869,7.533169774429348,7.5331697287853085,13.916759019881788
d:146:1.149023392157039,7.533170583114606,7.5331673442182865,13.917314535175853
d:147:1.1492012307999655,7.533171764198725,7.533170123654976,13.917140657053736
d:148:1.1497757587650668,7.533170872802497,7.533168296881247,13.916563410918677
d:149:1.148737970713329,7.53317186466907,7.533171557759818,13.91760545171556
d:150:1.148587247930008,7.533170863009969,7.533168315413743,13.917751930493704
d:151:1.1486882137309742,7.5331700458833755,7.533170387148036,13.917652219300438
d:152:1.1488225619020334,7.533169990515992,7.533168917828199,13.917516346442158
d:153:1.1485426819905626,7.533169893732209,7.53316946453473,13.917796676276376
d:154:1.148343501937683,7.5331708695870425,7.533168349762155,13.917995717411515
d:155:1.1479780424322144,7.533170863009969,7.533167477092192,13.918360297669947
d:156:1.1478256896294141,7.533172432811853,7.533169953257161,13.9185166964396
d:157:1.1481279474659623,7.533171441198084,7.533168185962511,13.918211679694632
d:158:1.1474827809695896,7.533171718107081,7.533170903933163,13.918859841070654
d:159:1.147607205968427,7.533171585540142,7.533171137494454,13.91873551706617
d:160:1.1477276586582903,7.533171764198725,7.533168835410409,13.918612940950844
d:161:1.1475261727278667,7.533171342523149,7.533167650936871,13.918812820732153
d:162:1.146852875739059,7.533171431878381,7.533167690189421,13.919486246328743
d:163:1.1468426747185703,7.533171844576579,7.533167593381426,13.919496763239435
d:164:1.1464857680017335,7.533170507802858,7.533168688189107,13.919853427990232
d:165:1.1463693073679941,7.5331712197065155,7.533170373055102,13.919972285393623
d:166:1.1463666947881617,7.533170028853494,7.53316597386201,13.919969307927342
d:167:1.1464259005808017,7.533172470527601,7.533168982086403,13.919915552033203
d:168:1.146139354425575,7.533171764198725,7.533167627854402,13.920200037627552
d:169:1.146033268535346,7.533172384506646,7.5331684652810385,13.920307581252338
d:170:1.1459004295101494,7.533171909099851,7.533168844698974,13.920440324288675
d:171:1.1456538389180793,7.533171975813131,7.5331684892937165,13.920686626188768
d:172:1.145929456655125,7.5331721408170775,7.533167852569001,13.920410536730953
d:173:1.1452692586537623,7.53316956155412,7.533166373257952,13.92106667615831
d:174:1.1451220394576236,7.533169774429348,7.5331669513323245,13.92121468630405
d:175:1.1455006804613017,7.533171853461292,7.533168664445077,13.920839837445067
d:176:1.1454164948613101,7.533172419089604,7.53316775307435,13.920923677302644
d:177:1.1452605940724734,7.533172000382107,7.533168303563947,13.921079709873581
d:178:1.1449968187494033,7.5331715326376845,7.533170107113563,13.921344821001844
d:179:1.1456137207383499,7.533169990515992,7.533168131595664,13.920724401373306
d:180:1.1453055534670327,7.533171764198725,7.533166778980968,13.92103298971266
d:181:1.1450647053195464,7.533172207956502,7.533166720496769,13.921274223133725
d:182:1.14492184186153,7.5331708695870425,7.53316805553278,13.921417083258293
d:183:1.1444121764265347,7.533171702804099,7.533168591294894,13.921928117672458
d:184:1.1441435370318924,7.533171680502461,7.533168710255282,13.92219685372585
d:185:1.1443449488919875,7.533169867554289,7.533166850568003,13.921991769230305
d:186:1.1440016665968749,7.533171008786601,7.533170118284108,13.922339460473834
d:187:1.1442345514287116,7.533169741843475,7.533169242149079,13.922104432563842
d:188:1.1441100338318169,7.533171957457226,7.533168338972905,13.922230262598314
d:189:1.1443471266016072,7.533171508779663,7.533169173756555,13.92199355593461
d:190:1.1438209967701436,7.533169990515992,7.533167335051285,13.922516328797133
d:191:1.1438904024056473,7.533172000382107,7.533168213192232,13.922449811168692
d:192:1.1437596116893385,7.533171008786601,7.5331699118383355,13.922581308935598
d:193:1.143427873579446,7.5331699600952895,7.533168776370745,13.922910862886589
d:194:1.1436544697327573,7.533171438524679,7.533169540568428,13.92268650936035
d:195:1.1428871641241205,7.533171844576579,7.5331681704499385,13.923452850902397
d:196:1.14296829706187,7.533171764198725,7.533166993827942,13.923370460964797
d:197:1.1430755098064207,7.533169975612314,7.533169651484808,13.923264117290701
d:198:1.1428694286696537,7.53316987073741,7.533169332408841,13.923469774476597
d:199:1.142712253994702,7.53317250723153,7.533166855671036,13.923627108907864
d:200:1.143076578291371,7.533169990515992,7.5331667342814015,13.923260146506022
d:201:1.1433170045563958,7.533170281961011,7.533166251495604,13.92301952890022
d:202:1.1425321268513944,7.533172171751454,7.533168379749558,13.923808424649618
d:203:1.1429962332984704,7.533171470870572,7.533168528844209,13.92334376641631
d:204:1.1425543601824106,7.533169614861913,7.533169190070025,13.923784444749527
d:205:1.1424607708728125,7.533171657366397,7.533168202713744,13.923879089207329
d:206:1.1423207397547124,7.533171825838304,7.533168432070095,13.924019518153687
d:207:1.1423781404237783,7.533169975612314,7.533170030844735,13.92396186603327
d:208:1.1419186117120503,7.533170076349624,7.53316913598001,13.924420600617584
d:209:1.142257886197001,7.533171405394782,7.533169881829387,13.924083401027168
d:210:1.141582576366515,7.533171764198725,7.533167834960436,13.924757022792646
d:211:1.141636270924927,7.533171680502461,7.533167209974076,13.92470261955161
d:212:1.1414604603103058,7.533172419089604,7.533166327185315,13.924878285964613
d:213:1.1413456733591385,7.533169987868241,7.533169431252263,13.924993745761366
d:214:1.1413103800703617,7.533171566723436,7.5331688726875825,13.925030059340656
d:215:1.1409214949360376,7.533169980884953,7.533169649972546,13.925418135921461
d:216:1.1412872943527788,7.533169060559359,7.533168723835146,13.925050490041727
d:217:1.1409445698994212,7.5331708695870425,7.53316540191677,13.925391701604392
d:218:1.1406671482655515,7.533171469377757,7.533168477841981,13.925672798954187
d:219:1.1407755203074146,7.533171680502461,7.533166685508281,13.925562845703327
d:220:1.1401602786049612,7.5331712197065155,7.533167671857727,13.926178612959282
d:221:1.1405251842159956,7.533169741843475,7.533169352509642,13.925813910137121
d:222:1.1406099717339568,7.533171431878381,7.533166279523103,13.925727739667527
d:223:1.1403246874465705,7.5331710014539315,7.533168805618482,13.926015119625843
d:224:1.1403696231987066,7.533171764198725,7.533167645863259,13.925969786863277
d:225:1.1409194582001145,7.533169457360884,7.533169907233617,13.925419906394387
d:226:1.1402765474542527,7.533172088781095,7.533166703682756,13.926062245009598
d:227:1.1402128293987186,7.533170039311456,7.53316892376594,13.926126133678677
d:228:1.1399682450007838,7.533171975813131,7.533167058998666,13.926370789811013
d:229:1.1405241201675391,7.5331696221626085,7.533169163599904,13.925814665594974
d:230:1.1396639456383149,7.533169294115025,7.533169780362023,13.926675128838733
d:231:1.1399614863924477,7.53316987073741,7.533169827209907,13.92637821155487
d:232:1.1395174154762078,7.533171470870572,7.533166708357371,13.926820763751735
d:233:1.139140379131769,7.533169180639504,7.533167973279184,13.92719677478692
d:234:1.1392415979995523,7.533169980884953,7.533168267917256,13.927096650802657
d:235:1.1394836847203074,7.533170352544737,7.533169214007778,13.926855881832207
d:236:1.1391028064566164,7.533167568485229,7.53317026109597,13.927235023124583
d:237:1.1386739729924393,7.53316736441931,7.533169934454641,13.927663325881511
d:238:1.1394119965869827,7.533170769420488,7.533168248821134,13.92692702165464
d:239:1.1390969028227769,7.533169340685118,7.5331683261553,13.927240764017641
d:240:1.1389799443623314,7.533171764198725,7.533166074457725,13.927357894294119
d:241:1.1388682511891908,7.533171764198725,7.533165909535596,13.92746942254513
d:242:1.1386606133284491,7.533170291017603,7.533167763677847,13.927677441367
d:243:1.1382749407346395,7.533171508779663,7.533166519652546,13.92806308769757
d:244:1.1384302413382432,7.533169590589608,7.53316793547218,13.927907284723545
d:245:1.1382511895078515,7.533171764198725,7.533165305613936,13.92808588030481
d:246:1.1384405087051874,7.53316736441931,7.533169101343754,13.927895957057876
d:247:1.1386483642527736,7.533168516537241,7.533170087824244,13.927690240108712
d:248:1.1383349109966954,7.533171008786601,7.533167640116744,13.92800373790665
d:249:1.1387044888463205,7.533171751662266,7.533164666622648,13.927631929438594
d:250:1.1382282015816187,7.53316736441931,7.533168170726061,13.928107333563752
d:251:1.1380369365654666,7.533167177949691,7.533168079388783,13.928298320773008
d:252:1.1377821145896103,7.533169068999674,7.533169832289801,13.928556786699865
d:253:1.1375974359950956,7.533171830321031,7.533165410508326,13.928739804834262
d:254:1.1380011468852906,7.5331699057102846,7.5331686026804885,13.928337361505482
d:255:1.1375999084522554,7.533171909099851,7.533166409109343,13.928738409756939
d:256:1.1377442894672072,7.533169902561889,7.533168756752071,13.928594369846753
d:257:1.1375928181715604,7.5331720610600925,7.533166520056152,13.928745762944684
d:258:1.1371140546074052,7.533169980884953,7.533166768213203,13.92922269449075
d:259:1.1375597809249722,7.533171470870572,7.533166629788861,13.92877831973446
d:260:1.137006495009441,7.533169980884953,7.533167408709632,13.929330894585144
d:261:1.1374435389818593,7.533172288520811,7.533164854469236,13.928893604008188
d:262:1.1373950082244821,7.533169590589608,7.533166576605385,13.928941158970511
d:263:1.1365323380219028,7.533170185585346,7.533167734626732,13.929805582190175
d:264:1.1368759255502638,7.533170111720473,7.533166887573373,13.929461073743582
d:265:1.137013130349212,7.533170280294939,7.533168102578829,13.929325252524556
d:266:1.136646211455707,7.533169590589608,7.53316581438963,13.929689193523531
d:267:1.1362314824021116,7.533168455209047,7.533168870093588,13.930105842900524
d:268:1.1371027629701729,7.533171566723436,7.533164529888392,13.929233333641655
d:269:1.1365948183200665,7.533170352544737,7.533165957920435,13.929741492145105
d:270:1.1363662916779713,7.533171530494311,7.53316429852803,13.92996953734437
d:271:1.1369099376153287,7.533169068999674,7.533168293506259,13.929427424890605
d:272:1.1365437070293698,7.5331713833192335,7.533165850100087,13.92979352638995
d:273:1.1359062499891923,7.533171508779663,7.533165710324113,13.930430969114584
d:274:1.1361322943216337,7.533168740731378,7.533167607001376,13.93020405341112
d:275:1.1363755367874706,7.5331712197065155,7.533165683178801,13.929961366097846
d:276:1.136172731765999,7.533171680502461,7.533165419495516,13.930164368231978
d:277:1.136009791647325,7.533167813248001,7.5331664878605,13.930324509461176
d:278:1.1362728923748069,7.5331687900552,7.533168108399611,13.930064006080004
d:279:1.1364025318830215,7.533170615291208,7.533167292037351,13.929935375445538
d:280:1.136066139233634,7.533167543177617,7.533167968318713,13.930269372262696
d:281:1.1359506901023515,7.533168516537241,7.533166715237623,13.930384541672513
d:282:1.1354210201412993,7.5331713115587196,7.533165614252695,13.930915905670116
d:283:1.1355900443213347,7.533171470870572,7.533165480046852,13.93074690659609
d:284:1.1356153905977528,7.533170164984501,7.533167053544226,13.930721827930974
d:285:1.1359107873893652,7.533169279502003,7.533165575908873,13.93042406802151
d:286:1.135618816684154,7.533168588658977,7.53316743842344,13.930717210398264
d:287:1.1353987992912078,7.53316736441931,7.533165907588652,13.930934472716753
d:288:1.1353045358233818,7.533166805388566,7.5331679839534065,13.93103025351859
d:289:1.1352131564613792,7.533169014038725,7.533166734326985,13.93112259190433
d:290:1.1350398153898684,7.533168393676709,7.533165581648705,13.931294159935545
d:291:1.1344675575988834,7.533171438524679,7.533165310672908,13.931869191598704
d:292:1.1352223313512546,7.533171680502461,7.53316239992512,13.931111749076326
d:293:1.1348215046076682,7.533170307030288,7.533163673412522,13.931512475835142
d:294:1.1345764046997537,7.53316610849491,7.53316757046162,13.931757274256777
d:295:1.1349581896222798,7.5331681146168705,7.533167370149057,13.931377295143648
d:296:1.1351979854080625,7.533171470870572,7.5331627793178,13.93113626478031
d:297:1.134942608770956,7.533167893299192,7.533165287303989,13.931390571832225
d:298:1.1349207963426942,7.533170202480052,7.5331658639698755,13.931415270107234
d:299:1.1347583019876364,7.533168621072223,7.533164973163322,13.931575292247908
d:300:1.1337718299941297,7.5331712197065155,7.53316285348502,13.932562243197406
d:301:1.133827876419378,7.53316862731325,7.533165854570861,13.932506605464733
d:302:1.134607236720015,7.533168740731378,7.533164896134522,13.931726400145886
d:303:1.1342067678593448,7.533166083979701,7.533167267766675,13.932126583887031
d:304:1.1343156273578483,7.533169590589608,7.5331627157663785,13.932016678998139
d:305:1.1342099891682693,7.533165888386463,7.5331668863669865,13.93212278558518
d:306:1.13376920613082,7.533168634987348,7.533164735850903,13.932564164707431
d:307:1.1339759457216338,7.533168393676709,7.533164107691537,13.932356555646612
d:308:1.1335087075221892,7.533167543177617,7.5331650521454225,13.93282388780085
d:309:1.1338877672637508,7.533171825838304,7.533161893826341,13.932445952400894
d:310:1.1344569986163826,7.533167506748276,7.533165028651775,13.931875536783668
d:311:1.1338425530811946,7.533170827478644,7.533162603811343,13.932490878208792
d:312:1.133934432204681,7.533167717762893,7.533166485448994,13.932399771007207
d:313:1.133743634945521,7.53316594565937,7.5331660445539015,13.93258835526775
d:314:1.1339658549658207,7.533165883980635,7.53316579453919,13.932365823554004
d:315:1.1335756179563745,7.533166793571986,7.533166186857894,13.932757362473506
d:316:1.1333624961713085,7.533169514112725,7.5331659622521165,13.932972980193533
d:317:1.1336499186347755,7.533170035307593,7.53316216492269,13.932682281595508
d:318:1.1340233164737619,7.533168109251701,7.5331649063837425,13.932309699161681
d:319:1.1332358446809305,7.533167963886054,7.533166556510066,13.93309867571519
d:320:1.1330967100850842,7.533169902561889,7.533162846641217,13.933236039118022
d:321:1.133434072438643,7.533166481063152,7.533166215071287,13.932898623695795
d:322:1.133526880593685,7.533169294115025,7.533161815945936,13.932804229467276
d:323:1.133124943779313,7.533166090133815,7.5331657886323615,13.933206934986863
d:324:1.133063875854063,7.533169060559359,7.533162463880835,13.933267648586131
d:325:1.1332675635634484,7.533166478358877,7.533166441857347,13.933065356652776
d:326:1.133022541294288,7.533169049224254,7.533162232274707,13.933308740204673
d:327:1.1330854870521474,7.533166481063152,7.533166173621138,13.933247167632143
d:328:1.1326137680866797,7.533170076349624,7.533163904522933,13.933720212785877
d:329:1.1331678078447762,7.53316862731325,7.5331647194321665,13.93316553890064
d:330:1.1331943078561313,7.5331702450975975,7.533166538640032,13.933142475881498
d:331:1.1327595603858782,7.533169904185915,7.5331631680042825,13.933573511804319
d:332:1.1327274053828358,7.533169068999674,7.533165317905997,13.933606981522836
d:333:1.132617772118591,7.533166793571986,7.5331669451704695,13.933715966623865
d:334:1.132214918065765,7.533168434672165,7.533168126055202,13.934121642661601
d:335:1.1324338296792842,7.533169220808411,7.53316802389444,13.933903415023567
d:336:1.132881962073787,7.533167717762893,7.533167451099883,13.93345320678899
d:337:1.1329389801499161,7.533167649078209,7.533165427153817,13.93339409608211
d:338:1.13254266705394,7.533169980884953,7.533164678352847,13.93379199218386
d:339:1.1322980012178014,7.533169869208422,7.533167839620358,13.934039707610978
d:340:1.1322796862409845,7.533169014038725,7.53316519293541,13.93405452073315
d:341:1.1321980097075546,7.533166936941264,7.533166804761615,13.934135731995324
d:342:1.1319971198660106,7.533169718715447,7.5331680228739675,13.934340621723404
d:343:1.1322195325302644,7.533170204224518,7.533167820375915,13.93411849207017
d:344:1.1317704978876737,7.533168434672165,7.533167790103695,13.934565726888186
d:345:1.1315860429554832,7.533169080196778,7.533166757964704,13.934749795205999
d:346:1.1322905137131727,7.533170769420488,7.533162844549292,13.934043100256607
d:347:1.1316461226244297,7.533167893299192,7.533165803404218,13.93468757407898
d:348:1.131424600421294,7.533166805388566,7.533165228550995,13.934907433518267
d:349:1.131897299902084,7.533166861575605,7.533165228314802,13.934434789988323
d:350:1.131424322006234,7.53316736441931,7.533164988833986,13.934908031247062
d:351:1.1314580854395935,7.533168494267352,7.533167144287978,13.934877553115737
d:352:1.1320541915772768,7.533170111720473,7.533164411072393,13.93428033121559
d:353:1.1313442901498174,7.5331686700709,7.533166558652049,13.934990938573131
d:354:1.1319284782770964,7.533167568485229,7.533164995633353,13.934404085841486
d:355:1.131208663193819,7.533168625577375,7.533165782973738,13.935125745357293
d:356:1.1315055437427493,7.533168455209047,7.5331664818663775,13.934829393332675
d:357:1.131047614577895,7.533167717762893,7.533167097919263,13.935287201104261
d:358:1.1311698612902816,7.533166716314465,7.533166025751383,13.935162880775566
d:359:1.1314241729928796,7.533167813248001,7.533164866000497,13.934908506255619
d:360:1.1311457735423094,7.533169220808411,7.533167225112093,13.935190672378194
d:361:1.1310588816764007,7.533168271957372,7.533167233022164,13.935276623303135
d:362:1.1311234781709416,7.533169856103195,7.533167719244828,13.93521409717708
d:363:1.1307925708473103,7.533167893299192,7.533164650706297,13.935539973158178
d:364:1.130792525533714,7.533167717762893,7.533166457578567,13.935541649807746
d:365:1.130748509893877,7.533167837030065,7.533166835377388,13.935586162513577
d:366:1.1314984380274051,7.533168634987348,7.533164971939238,13.93483516889918
d:367:1.1307459418623864,7.5331701490867236,7.533168516419575,13.935592723643913
d:368:1.1311522551517434,7.533168271957372,7.533167599731161,13.93518361653679
d:369:1.1306038831070833,7.533167386251041,7.533166400578905,13.935729903722862
d:370:1.1303439357261542,7.533169676861549,7.5331632823764,13.935989023511794
d:371:1.1307024341670093,7.533170280294939,7.533163605485573,13.935631451613503
d:372:1.1306155212147093,7.533168899909837,7.533166832225373,13.9357202109205
d:373:1.1308587043831437,7.533168759491691,7.533166378299816,13.935476433408363
d:374:1.13039829765955,7.533166090133815,7.533165780682143,13.935933573156408
d:375:1.1307611017814558,7.53316736441931,7.533163856830409,13.935570119468263
d:376:1.1300033722957945,7.533169220808411,7.533167837231543,13.93633368574416
d:377:1.1305235588697116,7.533169641729833,7.533167775408229,13.93581385826835
d:378:1.130271872660975,7.533169068999674,7.533166150556513,13.936063346895212
d:379:1.130153242720496,7.533169519261081,7.533167957392871,13.936184233933457
d:380:1.1306456286740794,7.533167837030065,7.533166070493289,13.935688278849275
d:381:1.1302772693484915,7.5331699057102846,7.533165358887725,13.936057995249518
d:382:1.1297432290634308,7.533168393676709,7.5331650558705014,13.93659022048378
d:383:1.130279295000193,7.533169435442828,7.533163386422897,13.936053526865532
d:384:1.1302596592147793,7.533166805388566,7.533166608581974,13.93607375475576
d:385:1.1300268450218223,7.533167543177617,7.53316658945139,13.936307287607185
d:386:1.130323693146119,7.5331681322612045,7.533165697785016,13.936010136900101
d:387:1.1297702900765358,7.533169980884953,7.533165303050252,13.936564993858669
d:388:1.1298499960250137,7.533168919815722,7.533167105697059,13.936486029487767
d:389:1.1298358134619981,7.5331673700679875,7.533163449877474,13.936495006483463
d:390:1.1296432172017958,7.533169980884953,7.5331645909973055,13.936691354680462
d:391:1.1297613764509418,7.533169560924467,7.533166665390594,13.936574849864119
d:392:1.1294845651275054,7.533170204224518,7.533167172800026,13.936852811897039
d:393:1.1300048868396289,7.533168512861396,7.533164789970174,13.936328415991941
d:394:1.1296891514816565,7.533166917845053,7.533165556724262,13.936643323087658
d:395:1.1299146629595072,7.53316736441931,7.533162542221641,13.936415243681443
d:396:1.1291957463762543,7.533167311952811,7.533164941043838,13.937136506620394
d:397:1.1293046433652716,7.533168597362566,7.5331642050439065,13.937028159041201
d:398:1.1292940182171467,7.533168724138097,7.533167862220703,13.937042568141653
d:399:1.1292376207703985,7.533169718715447,7.533166745001358,13.937098842946407
d:400:1.1290042529489543,7.533169902561889,7.533163018793299,13.937328668406234
d:401:1.1296651534413442,7.533169180639504,7.533162257929124,13.936666285127284
d:402:1.1296278907444783,7.533169220808411,7.533166225611808,13.93670755567574
d:403:1.128861808407045,7.533169641729833,7.533166756109182,13.93747458943197
d:404:1.128585406132805,7.5331701013219465,7.533164990902616,13.937749686091758
d:405:1.1293827422851361,7.533167893299192,7.5331638772158165,13.936949028229872
d:406:1.1283697743852166,7.533169041039116,7.533167735147195,13.937967001801095
d:407:1.12883407987791,7.533168131753314,7.533167645017526,13.93750169689293
d:408:1.1291307848773933,7.533167717762893,7.533166281154401,13.9372032140399
d:409:1.1288916749253506,7.533169887441744,7.533167088415741,13.937445300932135
d:410:1.1286601699251957,7.53316736441931,7.533165404647887,13.937672599142001
d:411:1.1284832056664627,7.533168740731378,7.5331643901099525,13.937849925174868
d:412:1.1281872211067316,7.5331686424953705,7.533168336751828,13.938149758140467
d:413:1.1286586223622717,7.533167789665955,7.533167271182245,13.937676438485928
d:414:1.128232156848302,7.533167311952811,7.533167163717058,13.938102318821567
d:415:1.1282377655853253,7.5331674720517245,7.533166547792204,13.938096254258603
d:416:1.1284712693169343,7.533169447670263,7.533166874893405,13.937865053246734
d:417:1.1285093279276648,7.533168075001026,7.533166765002898,13.937825512076259
d:418:1.1287993490379549,7.533166090133815,7.533167475081694,13.937534216177554
d:419:1.128512371791306,7.533168455209047,7.533165890929913,13.937821974347655
d:420:1.1280035082949134,7.533167881696306,7.533168814156065,13.938333187557458
d:421:1.1283657515017982,7.533168189503796,7.5331671523066035,13.937969590308601
d:422:1.128157082468718,7.533168964797726,7.53316896423752,13.938180846566528
d:423:1.127888810544981,7.533169220808411,7.533167243941859,13.938447654205289
d:424:1.128007087000812,7.533168638053507,7.533169969397937,13.938331520450632
d:425:1.1278876754603893,7.533167009113626,7.533167225392745,13.938446559045982
d:426:1.1279499454817916,7.533166716314465,7.5331682093933185,13.938384980225992
d:427:1.1284188205751597,7.5331688091362246,7.5331671541411716,13.937917142702236
d:428:1.1277202009250331,7.533168886113092,7.5331692050669155,13.938617890254974
d:429:1.1278152192226063,7.533168588658977,7.533165213170108,13.938518582606479
d:430:1.1280742758890732,7.533172201896516,7.53316746678145,13.938265392788892
d:431:1.128159220097178,7.533166573367891,7.5331665968380115,13.938173950108725
d:432:1.1275140284227838,7.533171169139003,7.533166602206478,13.938823742922697
d:433:1.1274182659819871,7.533172510814625,7.5331674275305485,13.938921672363186
d:434:1.1280777216434537,7.53316954753269,7.5331679333722725,13.93825975926151
d:435:1.127935476598127,7.533169641729833,7.533166830614576,13.938400995746282
d:436:1.1280015760036015,7.533169604400657,7.533168014096068,13.938336042493123
d:437:1.1277338391954892,7.533168271957372,7.533168105808155,13.938602538570038
d:438:1.1275328937241156,7.533169044727471,7.53316855692251,13.938804707925865
d:439:1.12760709472699,7.533165888386463,7.533165593160911,13.938724386820384
d:440:1.1276691698824273,7.533167543177617,7.53316497411852,13.93866334741371
d:441:1.1269868944356798,7.533168862250324,7.533167652767412,13.939349620582057
d:442:1.1271505214589688,7.533167717762893,7.533166262300149,13.939183458604074
d:443:1.127317965086009,7.533169425180278,7.533165899586017,13.939017359680285
d:444:1.127281743151542,7.533168549240594,7.5331626844235355,13.939049490512588
d:445:1.1268962726620106,7.533171697189779,7.533165082581341,13.93944050710911
d:446:1.1275864632388242,7.533166716314465,7.533164713077584,13.938744966153225
d:447:1.127401702760757,7.533171274371913,7.5331653697476035,13.93893494135876
d:448:1.1271920476549333,7.533167969442275,7.533163920060527,13.939139841847869
d:449:1.1271909156372253,7.533167894327892,7.533167226699815,13.939144205390482
d:450:1.1270055085457926,7.533169220808411,7.533166395871319,13.939330108133937
d:451:1.1271211104255947,7.533168302927079,7.5331672945387105,13.939214487040195
d:452:1.1271158021685856,7.53316853923212,7.533163285478013,13.939216022541547
d:453:1.1270110397589672,7.533168740731378,7.533165130376712,13.939322831349124
d:454:1.127172324547022,7.5331702450975975,7.533165520202221,13.939163440752797
d:455:1.1267061652764383,7.533168516537241,7.533164610197337,13.93962696145814
d:456:1.126627469492469,7.533168455209047,7.5331637380840455,13.939704723800624
d:457:1.1267230478716197,7.533169365670899,7.533168050921583,13.939614368720862
d:458:1.1266129348702592,7.533167717762893,7.533165983005491,13.939720765898125
d:459:1.1266900143829481,7.533169994073843,7.533165791754387,13.939645771445281
d:460:1.1267861358517859,7.533172241933029,7.533165212397012,13.939551318478255
d:461:1.126739264273663,7.533167832784869,7.533167491129088,13.939596059640294
d:462:1.1263767664790265,7.533172001825237,7.533165425052351,13.939960660398562
d:463:1.1261007072338085,7.533168940930434,7.53316609019965,13.940234323896275
d:464:1.1257755576335615,7.533166805388566,7.533163291614459,13.940554539369463
d:465:1.1267093386437868,7.533169641729833,7.533166268366568,13.939626571452614
d:466:1.126261125358365,7.533171697189779,7.53316449411936,13.940075065950774
d:467:1.1265340289450272,7.533171117392863,7.533166721340379,13.939803809788215
d:468:1.1266366958765506,7.533171848572971,7.533165467540968,13.939700620237389
d:469:1.1266886230853306,7.533167539760809,7.533165987143896,13.939644903819374
d:470:1.1269575332616153,7.533169220808411,7.53316589284195,13.939377580388745
d:471:1.126153473753627,7.533169365670899,7.533166734750468,13.94018262666774
d:472:1.1267437982287376,7.5331699327418935,7.53316281568779,13.939588950200946
d:473:1.1264784149180898,7.533172201896516,7.533165384939544,13.93985917191797
d:474:1.1261177975781997,7.5331702901876945,7.533162610791177,13.940215103400671
d:475:1.1259351334549663,7.533167642316771,7.533165462098294,13.940397970960099
d:476:1.1266786427677236,7.533167717762893,7.533164862665515,13.939653937660685
d:477:1.1263845732165638,7.533169994073843,7.53316647746877,13.939951898326049
d:478:1.1261276667720779,7.533172001825237,7.53316523470493,13.940209569758089
d:479:1.1262416168907645,7.533168625577375,7.533167686836274,13.940094695522884
d:480:1.1257215859700889,7.533169579579731,7.533167627649826,13.940615621259468
d:481:1.126142474445862,7.533171848572971,7.53316563944832,13.94019501357543
d:482:1.1255088996142124,7.533169299062806,7.533167656878115,13.940828056326708
d:483:1.125782575192881,7.533169041039116,7.533167050179829,13.940553516026064
d:484:1.1258897509747428,7.533172001825237,7.533165887534098,13.940448138384593
d:485:1.1260167028657868,7.533169641729833,7.533166192325201,13.940319131189247
d:486:1.1258611822370739,7.533166481063152,7.533163585254419,13.940468884080497
d:487:1.1254136123426868,7.533169869208422,7.533166429024922,13.940922685890657
d:488:1.1257711879301198,7.533172241933029,7.533165727004713,13.940566781007622
d:489:1.1253902307347712,7.533168864451023,7.53316778692122,13.940946420637472
d:490:1.1254410352247675,7.533168222819661,7.533167931438285,13.94089511903318
d:491:1.125963644998011,7.533171848572971,7.533165740242978,13.940373943817939
d:492:1.1257041390427531,7.533168302927079,7.533166819927532,13.940630983811857
d:493:1.125443577262871,7.533169145301672,7.533167083237807,13.940892651276608
d:494:1.1261344265950157,7.533168748412804,7.533168103617969,13.940202425435757
d:495:1.1259560889160802,7.5331693315350545,7.533164180830804,13.940377423449778
d:496:1.1252669023477004,7.5331718136439125,7.533167514611302,13.941072425907514
d:497:1.1256613433276037,7.5331721644274285,7.533166717860267,13.940677538960092
d:498:1.125635199761323,7.533169068999674,7.533163239410426,13.940697108648777
d:499:1.1254103815056524,7.533168572345474,7.533168855734083,13.940927046573904
d:500:1.1254565967223922,7.533168625577375,7.533167205592756,13.940879234447738
d:501:1.1254671874210356,7.53316874533345,7.533169903964321,13.940871461876736
d:502:1.1254478786898083,7.533169461671179,7.533164890880592,13.940886473861962
d:503:1.1251265700595532,7.533169306067553,7.533169511640287,13.941212247648286
d:504:1.125310076573422,7.533168249591965,7.53316952146298,13.941027694481523
d:505:1.1250459979061063,7.533172241933029,7.533169038279917,13.94129528230684
d:506:1.1249979566674426,7.533167311952811,7.533165650172004,13.941335005457372
d:507:1.1251561910092,7.533170044446928,7.5331679270161,13.941181780453828
d:508:1.1251840365385313,7.533170735612837,7.5331677945578495,13.941154493632155
d:509:1.1252582905926563,7.533166805388566,7.533166514569631,13.94107502936554
d:510:1.124964147658316,7.533169007409214,7.533169485144908,13.941374344895806
d:511:1.1251621475409976,7.5331686464110135,7.533168272152144,13.94117477102216
d:512:1.1253381473093427,7.533168271957372,7.533168197549902,13.940998322197931
d:513:1.1247950734575465,7.5331699797515,7.533169216166895,13.941544122460849
d:514:1.1251085548066744,7.533165882237817,7.533165982131353,13.941223309562496
d:515:1.12493985883739,7.533169779783606,7.533167394062932,13.941397315009148
d:516:1.1248920448905118,7.53316977215764,7.533167095843286,13.941444823110414
d:517:1.1243667798374553,7.533166936941264,7.533165970938672,13.94196612804248
d:518:1.1247611679465184,7.533171411271267,7.533168294171702,13.94157853749645
d:519:1.1245701947935327,7.533168794090905,7.533166477788452,13.941765077085824
d:520:1.124802780385334,7.533168638053507,7.533166970478803,13.941532828146975
d:521:1.1247682678518007,7.5331708733635665,7.533169282379687,13.941571887891453
d:522:1.1243687798877762,7.533166805388566,7.533164965094114,13.941962990594904
d:523:1.1243824985138584,7.533171950206308,7.533166688055328,13.941956139747777
d:524:1.1250532025956126,7.533171570559292,7.533166639818841,13.94128500778252
d:525:1.1244560645559734,7.53316801495828,7.533164424649058,13.941876375051365
d:526:1.1243889902089919,7.533167894327892,7.533167487467145,13.941946391586045
d:527:1.1246689419495013,7.533167653284519,7.533166358454633,13.94166506978965
d:528:1.1244725742419188,7.5331693315350545,7.533166926692736,13.941863683985872
d:529:1.124627477830579,7.533168292797162,7.533166004927258,13.941706819893842
d:530:1.12462840834959,7.533168638053507,7.533167773473517,13.941708003177434
d:531:1.124586011068736,7.5331686159141675,7.533164635885466,13.941747240730898
d:532:1.1248206144003614,7.533171968455202,7.533166937864404,13.941518291919245
d:533:1.1244171301454955,7.533171950206308,7.533167491433188,13.941922311494
d:534:1.1242237499889,7.533167675946437,7.5331658595971085,13.942109785554646
d:535:1.1245282516610793,7.533168886113092,7.53316905467177,13.941809689123783
d:536:1.1245863205184765,7.533169220808411,7.533164946598204,13.941747846888138
d:537:1.1243006927027928,7.533166716314465,7.533166384794978,13.94203240840665
d:538:1.1240982716314445,7.533169992045032,7.533166208664182,13.94223792907777
d:539:1.1245175945306585,7.533172001825237,7.533169084799189,13.941823492093768
d:540:1.1241599261563167,7.533169220808411,7.533165274698241,13.942174569350335
d:541:1.124356935376408,7.533168174290445,7.53316652070944,13.941977759623477
d:542:1.1245627453586433,7.533167780159614,7.533166720745847,13.941771755546817
d:543:1.1243830779460957,7.533169856103195,7.533165051022612,13.941951829179711
d:544:1.124341464898185,7.533171783691095,7.533168700541562,13.941999019334473
d:545:1.1241478356401444,7.533168420437393,7.53316681464217,13.942187399439419
d:546:1.1241463239868743,7.533167717762893,7.533166372954451,13.94218776673047
d:547:1.1242962949863387,7.5331697105122615,7.533165412334368,13.94203882786029
d:548:1.1235279238831613,7.533168886113092,7.533168458902793,13.942809421132724
d:549:1.1241682945710725,7.533168285330884,7.533166257784309,13.94216624854412
d:550:1.124068447146012,7.533172201896516,7.5331686477262885,13.942272402476792
d:551:1.1246814409605346,7.5331699797515,7.533168989446022,13.941657528236988
d:552:1.1240237005404268,7.533172241933029,7.5331689729164815,13.942317514309083
d:553:1.1239903829745224,7.533168427151651,7.533164510190437,13.942342554367565
d:554:1.1240656883711555,7.5331686424953705,7.533167102661224,13.94227005678544
d:555:1.1238368999915167,7.533166793571986,7.533165021363224,13.942494914943694
d:556:1.123772840368222,7.533167544219166,7.5331664270180525,13.942561130868997
d:557:1.1241656417591859,7.533167010000033,7.533163830750457,13.942165198991304
d:558:1.1237897726179398,7.533168899909837,7.533168137031577,13.942547264323474
d:559:1.1238336524216859,7.533168585620569,7.533167281839818,13.9425022150387
d:560:1.1237584301131882,7.533171248794629,7.53316896553264,13.942581784214081
d:561:1.1239574569503272,7.533168326088543,7.533167252160837,13.942378121299052
d:562:1.1239488713139885,7.533169135927409,7.533167979055744,13.942388243669164
d:563:1.123596720981082,7.533171169096766,7.533166385380378,13.942740833496062
d:564:1.123782234568063,7.533169220808411,7.533165957865274,13.942552944105621
d:565:1.1240114464282982,7.5331693315350545,7.533166101114688,13.942323986221444
d:566:1.124130134819504,7.533171655392529,7.533168729057595,13.94221024963062
d:567:1.1232965640970765,7.533171423636343,7.533168499002269,13.943043358541535
d:568:1.1236284460296844,7.533168692821718,7.5331667194605885,13.942706966252622
d:569:1.1237591710325798,7.533170271923547,7.533164471361324,13.942575572252291
d:570:1.1233265935002343,7.5331693315350545,7.533166001549814,13.943008739584634
d:571:1.1239128783735595,7.533171623769697,7.533168863710326,13.942427609106463
d:572:1.1234713073850724,7.533169447670263,7.533167373926741,13.942865514211931
d:573:1.1234880230584672,7.533171692484846,7.533168722741351,13.94285239216773
d:574:1.1231008342574533,7.533168292797162,7.533164366582197,13.943231825121906
d:575:1.123108476915398,7.533168922375044,7.533167863047872,13.943228308507518
d:576:1.1231456414103942,7.533167010000033,7.5331637167906855,13.943185085380325
d:577:1.1229294950311584,7.533168291069115,7.533167582973141,13.943406379011098
d:578:1.1233086851070357,7.533167653284519,7.533166273160086,13.943025241337569
d:579:1.1231229373915053,7.5331667437647205,7.533163389640521,13.943207196013736
d:580:1.1234601019308386,7.533168886113092,7.533166725202973,13.942875509385226
d:581:1.1226457045453628,7.533166954773149,7.533165824617331,13.943687074845117
d:582:1.1227623026260503,7.533172108370614,7.533168034775665,13.943577840520229
d:583:1.1230802801855262,7.533171962051366,7.533168917914196,13.943260599780036
d:584:1.122899703341627,7.5331714323842895,7.533167894014337,13.943439623057
d:585:1.122734114519087,7.533168310951137,7.533166317116194,13.943600513548244
d:586:1.1229609862178638,7.533168598290546,7.533164324308867,13.94337193638155
d:587:1.1228906160076022,7.533168692821718,7.533165993574567,13.943444070388683
d:588:1.1229858620417055,7.533172001825237,7.533168158686756,13.943354298470288
d:589:1.1227239382831318,7.533168629654051,7.533166594986447,13.943611286357367
d:590:1.1227830891957549,7.5331706256335185,7.533168285895647,13.94355582233341
d:591:1.1229406020084465,7.533169218823785,7.53316643664394,13.943395053459279
d:592:1.1228820960964008,7.533168434672165,7.533163827757303,13.943450166333067
d:593:1.122499713354232,7.533170235640661,7.533168011320161,13.94383853360659
d:594:1.1230184886038135,7.533169207854009,7.5331661790641835,13.943316898314379
d:595:1.1229168919796813,7.533168650898277,7.533165653995253,13.943417412913849
d:596:1.1226380453326676,7.5331686424953705,7.5331664080314,13.943697005194103
d:597:1.1227642056572513,7.533172063572813,7.5331683667355716,13.943576224651133
d:598:1.1226802215954415,7.533167254333286,7.53316447676055,13.943651509498395
d:599:1.1226549286733132,7.533169837537711,7.5331656324918495,13.943680541356247
d:600:1.1225916068301132,7.533169220808411,7.533163311413855,13.943740925392152
d:601:1.1229877888831687,7.533166965349498,7.533164786216943,13.943343962683272
d:602:1.1224510600831739,7.533166886699204,7.533165010420497,13.943880837036527
d:603:1.122781284319803,7.533169220808411,7.53316339260742,13.943551329096028
d:604:1.122618741796913,7.533169837537711,7.5331667290174735,13.943717824758272
d:605:1.1223695524733373,7.533167254333286,7.53316477448883,13.943962476348778
d:606:1.1226382846088079,7.533172241933029,7.5331691995916525,13.943703156915873
d:607:1.1227166080148372,7.533169041039116,7.533166270197389,13.943618703221668
d:608:1.122315838895961,7.533168271957372,7.533165339606478,13.94401777266789
d:609:1.1223824610686073,7.533169041039116,7.533166292755746,13.943952872726255
d:610:1.1220172680614624,7.533172241933029,7.533169499881259,13.944324473752825
d:611:1.1222967657678602,7.533167254333286,7.5331648469990835,13.944035335564509
d:612:1.1217630861813586,7.533169007409214,7.533167202531915,13.94457312375977
d:613:1.1218916764863618,7.533165678160808,7.533165355939168,13.944439357613614
d:614:1.1216992006286652,7.533166810776029,7.533165845001923,13.944633455149287
d:615:1.121911831816245,7.5331673803126,7.533164692432331,13.944420240928686
d:616:1.1221906418969638,7.533165995596983,7.53316499393997,13.944140347639989
d:617:1.122077126777075,7.533168638053507,7.533165483056205,13.944256994332637
d:618:1.1215791044291095,7.533169779783606,7.533169604104081,13.944760279458578
d:619:1.1222792365606082,7.533168727237596,7.533166964623868,13.944056455300856
d:620:1.121701101565728,7.533166518790342,7.533165304274515,13.944630721499129
d:621:1.1224658582965183,7.533168360730009,7.533167919455565,13.943870421889056
d:622:1.1218583400385338,7.5331684775553285,7.533168837774719,13.944478975291513
d:623:1.1219920962243428,7.533167675946437,7.533168202667801,13.944343782389895
d:624:1.1220187687915875,7.533165390660866,7.5331653532889575,13.944311975158236
d:625:1.1218916792445555,7.5331716090045955,7.53316778361039,13.94444771337043
d:626:1.1217689347071147,7.53316632751665,7.53316401837616,13.944561411185695
d:627:1.1216709850726385,7.5331693315350545,7.533169347525632,13.944667693988048
d:628:1.1219452816957016,7.533172338203627,7.5331696293086114,13.944396685816537
d:629:1.1219131673283087,7.533171411271267,7.5331680464174795,13.944426290360438
d:630:1.121593954959442,7.533171423636343,7.533169747872426,13.944747216549327
d:631:1.1212107712592232,7.53316802526493,7.533167205036088,13.945124459041795
d:632:1.1225728247337763,7.533161896721035,7.533167696839175,13.943756768826434
d:633:1.1217257960614617,7.533170563195769,7.533169859817905,13.944614626952212
d:634:1.1219066442252004,7.533169214749444,7.5331660515460666,13.94442862207031
d:635:1.1220125714570859,7.533166562480796,7.53316415256127,13.94431814358498
d:636:1.1217164630317562,7.533167010000033,7.533166085965027,13.944616632933304
d:637:1.1222864269951138,7.533167288337209,7.5331662900956715,13.944047151437767
d:638:1.1219724269476448,7.533163101108988,7.533165875640549,13.944356549801892
d:639:1.1211753385266174,7.533168000816028,7.533168739301711,13.945161401591122
d:640:1.1214959659586654,7.533168009119898,7.533168041549532,13.944840084710764
d:641:1.1214725172424096,7.533167846693416,7.533167506232113,13.94486283568312
d:642:1.1211928425650726,7.533165923812838,7.533164253677105,13.94513733492487
d:643:1.121627534368109,7.5331673803126,7.533167969828488,13.94470781577298
d:644:1.1213748695995491,7.533168292797162,7.533167021988952,13.944960445186565
d:645:1.121975552984571,7.5331673803126,7.533167927074508,13.944359754402537
d:646:1.121180895479073,7.533165923812838,7.533164145820926,13.945149174154691
d:647:1.1212801639392662,7.533168416285248,7.533167244496019,13.945055496842
d:648:1.1214610277004216,7.533167947793871,7.533167222560445,13.944874142653894
d:649:1.1211025866494975,7.533167789665955,7.533167178957852,13.945232381974309
d:650:1.1214012123385917,7.533165390660866,7.533164806871422,13.944928985193696
d:651:1.121103694259089,7.533166518790342,7.533168785767771,13.945231610299023
d:652:1.1214998251288844,7.533168009119898,7.53316746534151,13.944835649332523
d:653:1.1211090909357946,7.533166518790342,7.53316847018707,13.945225898041617
d:654:1.1214115253261436,7.533165390660866,7.533164516039291,13.944918381374013
d:655:1.1213161997996401,7.533168495305514,7.533166856438211,13.945019151944084
d:656:1.1210394521488816,7.533168292797162,7.533167659941048,13.945296500589329
d:657:1.1207965772684023,7.533169044727471,7.5331651335337995,13.945537600992868
d:658:1.1216627040316496,7.5331662429371224,7.5331660578614486,13.944669596766921
d:659:1.1211570048582207,7.533168285330884,7.5331679939435485,13.945179274416212
d:660:1.1211708334779136,7.5331693315350545,7.5331686622941625,13.945167160351303
d:661:1.1209219156060506,7.53316801495828,7.53316904464581,13.945415143998039
d:662:1.1209414823156436,7.5331667657472465,7.533167500079491,13.945392783511094
d:663:1.1208019585543738,7.533162135275322,7.53316533888407,13.945525515605018
d:664:1.1209721103456047,7.533171329123162,7.533167875185672,13.94536709396323
d:665:1.1212656917018133,7.5331658619162685,7.53316619890138,13.945066369115835
d:666:1.1208075624234421,7.533171848572971,7.533169187579293,13.945533473728823
d:667:1.121148179748527,7.533169041039116,7.5331666773335915,13.94518753862418
d:668:1.1209578608008037,7.533162908478253,7.533166255502481,13.94537130317993
d:669:1.1208627325520286,7.533162972445922,7.5331646042890235,13.945464844182917
d:670:1.1208029232436978,7.53316306872423,7.533166935711282,13.945527081191814
d:671:1.1209638645170994,7.5331692802958266,7.5331656805169995,13.945371096295727
d:672:1.121219055662774,7.533171393986654,7.533169694727796,13.945122033051677
d:673:1.1203969451190918,7.533166274531531,7.533166007937595,13.945935337350035
d:674:1.1210502227923573,7.53317198233343,7.53316729323927,13.945289052780343
d:675:1.1202810665806986,7.533162924197931,7.533166890293664,13.946048747910897
d:676:1.1206152206375002,7.533166227682896,7.533167490224537,13.945718497269933
d:677:1.1206818964568264,7.533168870029227,7.53316938503945,13.945656358611851
d:678:1.120622237748444,7.5331693315350545,7.533169885682604,13.945716979469214
d:679:1.1207626748774295,7.533168427151651,7.533169204104544,13.945574956378765
d:680:1.1203114507094583,7.533167366112892,7.53316649124813,13.946022406651563
d:681:1.1205737432313043,7.533163711106308,7.533167617630957,13.94575758550596
d:682:1.1205734349576844,7.533171722979949,7.533168238898229,13.945766526920494
d:683:1.1205687421486328,7.533162617003898,7.533163671568486,13.945757546423751
d:684:1.12083703164555,7.5331693315350545,7.533169475117958,13.945501775007463
d:685:1.1204359158326316,7.533168886113092,7.533165458010853,13.945898428291313
d:686:1.1207138052419676,7.533164068317255,7.533167434431121,13.945617697506409
d:687:1.1205212453383329,7.533163127786262,7.533165008478665,13.945806890926594
d:688:1.1205767230003119,7.533163541141244,7.533165812095868,13.9457526302368
d:689:1.1205911008802953,7.533165771085526,7.533165933333192,13.945740603538423
d:690:1.1207464544583576,7.533172241933029,7.533168103071288,13.94559389054596
d:691:1.1202981134840986,7.533167089498237,7.5331666890659505,13.946035665080089
d:692:1.1206334690665027,7.533168794090905,7.533164432686474,13.945699757710877
d:693:1.1204462263040877,7.533167311592813,7.5331672460461405,13.945888331334865
d:694:1.1205555117032695,7.533170907191284,7.533167431455935,13.94578282694395
d:695:1.1206024316998793,7.533164555597105,7.533167809379998,13.945729933277224
d:696:1.120602924875664,7.533163101108988,7.5331642137899895,13.945724390023313
d:697:1.1204255276889103,7.533165923812838,7.533167063496654,13.945907459620582
d:698:1.1204144575549648,7.533163015078555,7.53316428017818,13.945912837701771
d:699:1.1208075758894243,7.533164122274556,7.533167551034447,13.945524097419579
d:700:1.1196965113108277,7.533171248794629,7.533166902023554,13.946641639507355
d:701:1.12000605762538,7.5331680085104935,7.533168508584401,13.946330459469515
d:702:1.11996839307227,7.533165617013509,7.533165976716322,13.946363200657562
d:703:1.120147333757501,7.533167759969956,7.533169112781355,13.94618953899381
d:704:1.1201293526555052,7.533169447670263,7.533166352604178,13.946206447618936
d:705:1.1202870971253027,7.533163751127596,7.533166527936151,13.946043181938444
d:706:1.1201996782756982,7.533165797559343,7.5331661273233514,13.946132246606997
d:707:1.1197910653677976,7.53316604163968,7.533167405773064,13.946542382044946
d:708:1.1201795382702588,7.5331662429371224,7.533165118582911,13.946151823249775
d:709:1.1200349753828416,7.5331628165573505,7.533163424968663,13.946291266143172
d:710:1.1196069328510916,7.53316565868707,7.53316601919305,13.946724745029028
d:711:1.1195576031375296,7.5331702901876945,7.533168647582611,13.946781334632776
d:712:1.1198508665410447,7.533163448137945,7.533165979064178,13.946478560661077
d:713:1.1199463560550509,7.533171527021059,7.533168031383589,13.946393202349597
d:714:1.1196995992180163,7.5331642170596655,7.5331642569390915,13.94662887478074
d:715:1.1193873551738314,7.533167254333286,7.53316618721799,13.946946086377444
d:716:1.1198340178556183,7.533170735612837,7.533166548915512,13.94650326667273
d:717:1.1198417099936542,7.533172001825237,7.533166087183361,13.946496379014944
d:718:1.1197917568271247,7.533170645870175,7.533165490265949,13.946544379309
d:719:1.1198937761433605,7.533172201896516,7.533167058837476,13.946445484590631
d:720:1.1198665812848496,7.5331693315350545,7.533168062160376,13.946470812410581
d:721:1.119687864876159,7.533165995596983,7.53316680288,13.946644933600824
d:722:1.1201515830738522,7.533165477842319,7.533164755991281,13.946178650759748
d:723:1.1197387787894897,7.533168852449613,7.5331682432148614,13.946598316874985
d:724:1.1192377656783972,7.533164767705676,7.533166273470847,13.947093275498126
d:725:1.1195913609652273,7.533167743917209,7.533168344496589,13.946744727448571
d:726:1.119664424940515,7.533172001825237,7.533165741383561,13.946673318268283
d:727:1.1194614144222612,7.533166043863165,7.533164439152827,13.946869068593731
d:728:1.1196334563937356,7.533163703014722,7.533164647672184,13.94669489429317
d:729:1.1197975410710725,7.533162924197931,7.533163301631198,13.946528684758057
d:730:1.1199160020381544,7.533164014269916,7.5331646368516285,13.94641264908339
d:731:1.1194920155481611,7.533165850535033,7.533164803093404,13.946838638080276
d:732:1.1197408162083438,7.533172241933029,7.533165876267768,13.946597301992453
d:733:1.1197273188572012,7.5331671731307335,7.533168103672303,13.946607957945835
d:734:1.1194869422232703,7.533165617013509,7.533166732359442,13.94684540714968
d:735:1.1191644695462557,7.53316801495828,7.533168627664255,13.947172173076279
d:736:1.1193025422962215,7.533165799565568,7.533165043993831,13.947028301263177
d:737:1.1195425825830743,7.533165995596983,7.533166674653231,13.94679008766714
d:738:1.1190957954908711,7.533169790041185,7.533167444177963,13.947241438728277
d:739:1.1190843979929426,7.5331706256335185,7.533165041228019,13.947251268868595
d:740:1.1194177135885024,7.533168131753314,7.533164260380719,13.94691467854553
d:741:1.1194622380454167,7.533165791024846,7.533165856371305,13.946869409350734
d:742:1.119166434347024,7.533169672785295,7.533164634601182,13.947167873039453
d:743:1.1190925757541361,7.53317219592239,7.533167562957956,13.94724718312621
d:744:1.1192534457085248,7.533166518790342,7.533168209554251,13.947081282636068
d:745:1.119006108161944,7.533164203340034,7.533164513707453,13.947322608885543
d:746:1.1189177345179822,7.533171570559292,7.5331676374919905,13.9474214735333
d:747:1.1189671348438157,7.533162135275322,7.53316629090112,13.947361291332626
d:748:1.118803161363891,7.533170735612837,7.533167339964093,13.947534914213039
d:749:1.1190160996400156,7.533165803059802,7.533166130513353,13.94731583393314
d:750:1.1189642412490706,7.533165390660866,7.533164688152851,13.947365837564647
d:751:1.1189075288709738,7.533167664577547,7.533168894767794,13.947429030474368
d:752:1.1189808704877855,7.533168294841918,7.533169683765289,13.947357108119421
d:753:1.1185235985144377,7.533169461671179,7.5331678531150015,13.947813716271742
d:754:1.1194195323076777,7.533168989128955,7.533169478449054,13.94691893527033
d:755:1.1182898577332132,7.533166611134753,7.5331688304854225,13.948045583886962
d:756:1.118759940333673,7.533162291417986,7.533166776571905,13.947569127656218
d:757:1.118621248733504,7.533165290693098,7.533166737719512,13.947710779679106
d:758:1.1189472893163241,7.53316861004074,7.533169515628959,13.947390836353375
d:759:1.1188183034911958,7.533163998558999,7.533164677713582,13.947510372781386
d:760:1.119084410374695,7.5331693315350545,7.533167297035867,13.947252218196226
d:761:1.118706137485919,7.533165475393584,7.533165945010367,13.947625282918032
d:762:1.1185098584624562,7.533166562480796,7.533167349634448,13.947824053652788
d:763:1.1184818392936755,7.533168707966318,7.5331685293836905,13.947855398056333
d:764:1.118640770719587,7.533171692484846,7.533165985007756,13.947696906773015
d:765:1.1181842893103386,7.533169007409214,7.533165598524683,13.948150316623558
d:766:1.118867694517851,7.533169135927409,7.533164277942982,13.94746571935254
d:767:1.1189368276906855,7.5331706256335185,7.533164628377181,13.947398426320014
d:768:1.1186361842208434,7.533171393986654,7.533167594142689,13.9477028039085
d:769:1.1187247940537333,7.533167089498237,7.5331683313307405,13.947610626775244
d:770:1.1187834250648603,7.5331642170596655,7.533164477881055,13.94754526987586
d:771:1.1185746337204563,7.533170922436735,7.53316568211757,13.947761970833849
d:772:1.1187800839325988,7.5331667437647205,7.5331669032346635,13.947553563066785
d:773:1.1186904263199757,7.533167539180232,7.533165568134601,13.947642680994857
d:774:1.1187882546917383,7.533165681519087,7.533167051183925,13.947544478011274
d:775:1.1186529972877644,7.533170235640661,7.533167766336717,13.947685004689614
d:776:1.1187465873166147,7.53316691985137,7.533165961345697,13.947586293880452
d:777:1.1181358639800596,7.53316441077766,7.533163743388499,13.9481922901861
d:778:1.1184680477356412,7.533162617003898,7.533164528736343,13.9478590980046
d:779:1.1187246282241947,7.533165923812838,7.533167624218285,13.947608919806928
d:780:1.118622884641951,7.533165390660866,7.533167373522289,13.947709879541204
d:781:1.1189850712172493,7.533162911217547,7.533166528148993,13.94734436814929
d:782:1.1186633339308187,7.533165799565568,7.533167144212889,13.947669609847638
d:783:1.1184675137055233,7.5331699797515,7.533165064565939,13.947867530611916
d:784:1.1182271742300838,7.533168292797162,7.533169207685166,13.948110326252245
d:785:1.1186787860319658,7.533164016857576,7.533163233981091,13.9476484648067
d:786:1.118392086475632,7.533171570559292,7.533166704536551,13.947946188620211
d:787:1.1180924398694874,7.533163324560418,7.533166736578183,13.948237621269113
d:788:1.1183132142789614,7.533169218823785,7.533167306585357,13.94802331113018
d:789:1.1181879333012787,7.533165863786033,7.533165169483182,13.948143099967936
d:790:1.1181056925630646,7.533161896721035,7.533164557855201,13.948220762013172
d:791:1.1181577526561313,7.533166954773149,7.5331692245874216,13.94817842670444
d:792:1.118609590532781,7.5331693315350545,7.533166899838557,13.94772664084083
d:793:1.11866030934471,7.533171950206308,7.5331665144112865,13.947678155272884
d:794:1.118421803190973,7.533171937564495,7.533166474377886,13.947916608751408
d:795:1.1184689146390774,7.533169606406188,7.53316804663535,13.94786873840246
d:796:1.1183945895415714,7.533167425443109,7.5331697767145975,13.947942612616135
d:797:1.1186706528146555,7.533164885129175,7.533167077692017,13.947661310006536
d:798:1.1186967266725674,7.533165475393584,7.533167108952211,13.947635857673228
d:799:1.1184062195689233,7.533171498539723,7.533166468426128,13.947931747396927
d:800:1.1177594847906889,7.533165390660866,7.533167484315143,13.94857339018532
d:801:1.118321700603973,7.533167428362793,7.533165828306185,13.948011556065005
d:802:1.1185069736061362,7.5331655485946705,7.533167232277618,13.947825807266153
d:803:1.1178828066691793,7.5331714323842895,7.533165737822085,13.948454363537195
d:804:1.1185520225499666,7.533165859174229,7.533167572283302,13.947781408907565
d:805:1.1181327411573445,7.533166050251081,7.533167799804488,13.948201108898225
d:806:1.1182630730116934,7.533167653284519,7.533169593797533,13.948074174070358
d:807:1.1180101540169662,7.533171864563501,7.53316779554779,13.948329506094325
d:808:1.1179379240953615,7.533172241933029,7.5331674720843385,13.948401789922006
d:809:1.118598276720416,7.533171855484676,7.533167650405659,13.94774122916992
d:810:1.1183119723320623,7.533171423636343,7.533166213226147,13.948025664530428
d:811:1.1179866696262106,7.533168852449613,7.533169376707113,13.948351559530515
d:812:1.1181560203130054,7.533166886699204,7.533170100116484,13.948180966502683
d:813:1.1178066107898434,7.533163751127596,7.5331678748694895,13.948525015207242
d:814:1.1183065879181058,7.533167458292443,7.533166863779346,13.948027734153683
d:815:1.117434912079542,7.533168009119898,7.533170699554169,13.948903796594525
d:816:1.1178160875687304,7.533165799565568,7.53316672043686,13.948516432433697
d:817:1.1176319346585561,7.533168585620569,7.5331682852597215,13.948704936221734
d:818:1.1175420105170097,7.533165225103405,7.533169064036082,13.948792278622477
d:819:1.1173783982837673,7.533167288337209,7.533170895764606,13.948959785818047
d:820:1.118192959288736,7.533171697189779,7.533168193816355,13.948146931717398
d:821:1.1179085241020488,7.533165443638051,7.533168763856796,13.948425683392799
d:822:1.1177978293128827,7.533163899336513,7.533168348183436,13.948534418207066
d:823:1.1177103422831909,7.533165828481513,7.533168848906648,13.94862433510497
d:824:1.1180189053407403,7.533165995596983,7.533171576552066,13.948318666808309
d:825:1.117786825210871,7.533166982030371,7.5331707976945115,13.948550954514012
d:826:1.1178527789729067,7.5331662429371224,7.533170572308496,13.948484036272712
d:827:1.1176454943058136,7.5331628165573505,7.533170059217554,13.94868738146909
d:828:1.1181304307148707,7.533165799565568,7.533167293744208,13.948202662594905
d:829:1.1179910839337257,7.533167636755769,7.53316761224055,13.948344165062593
d:830:1.117735905160993,7.533168795283599,7.533169609769233,13.94860249989184
d:831:1.118106585530219,7.533163324560418,7.533167639747731,13.94822437877793
d:832:1.1177839164252745,7.533167664883328,7.533169340821987,13.94855308928004
d:833:1.117734593302277,7.533166536061566,7.533170908094299,13.948602850853588
d:834:1.1176151490480706,7.533167485876856,7.533168327228269,13.948720664057054
d:835:1.1176298829379903,7.533162908478253,7.5331701632101815,13.948703188750445
d:836:1.1174249254340296,7.5331693315350545,7.533171082834965,13.94891548893599
d:837:1.117688612178398,7.5331678012068775,7.533169272202395,13.948648461230874
d:838:1.1174640818235666,7.533164471000557,7.53316868761144,13.94886907678843
d:839:1.11742715085526,7.533166135311992,7.533169305742268,13.948908290199
d:840:1.1179285536169914,7.533166518790342,7.533171918006326,13.948409883179677
d:841:1.1172437118668839,7.533167759729045,7.533169856819354,13.949093904681515
d:842:1.1175754458078835,7.533168291069115,7.533169820701493,13.948762665962725
d:843:1.1173972399478274,7.533167478505643,7.533170091486202,13.948940330044017
d:844:1.1172480478899978,7.533166227890682,7.533171414066889,13.949089594067573
d:845:1.1176206239294242,7.53316320009505,7.533169422519292,13.948711998684917
d:846:1.1169443572739297,7.533165272180254,7.533168880677856,13.94938979558418
d:847:1.1173355534438922,7.533166631265026,7.5331717754905885,13.949002853311722
d:848:1.1170207665578538,7.533167010000033,7.533172472560889,13.949318716003068
d:849:1.1172538309896503,7.533164838550723,7.533167635892697,13.94907864345377
d:850:1.1179056556262488,7.5331693843635215,7.5331694887999685,13.948433217537241
d:851:1.1177699785635795,7.533165771085526,7.533167889762174,13.94856368228412
d:852:1.1178450025314337,7.533168692821718,7.533170623898473,13.948494314188757
d:853:1.1169959593379861,7.533167522004987,7.533169156066581,13.949340718733582
d:854:1.11713921801055,7.53316470488436,7.533169203495902,13.949194690369712
d:855:1.1170907869458233,7.5331693315350545,7.533168991297211,13.949247535886443
d:856:1.1174141637380561,7.533167664883328,7.533168706266979,13.94892220741225
d:857:1.1171664308468152,7.533165730018707,7.533169506559524,13.949168805731416
d:858:1.1170502695698872,7.533165617013509,7.533168237607523,13.949283585051145
d:859:1.1171618421954896,7.533163932711208,7.533169706267659,13.949171796783377
d:860:1.1172493666261278,7.533163541141244,7.533169457037385,13.9490836315525
d:861:1.116821485820802,7.533163711106308,7.533166843832804,13.94950906911831
d:862:1.1171656018591438,7.533165653166844,7.533166332695114,13.949166384002814
d:863:1.1166389576480373,7.533167642802338,7.533168726124359,13.94969741127866
d:864:1.1176615306286202,7.533166754592566,7.533171023444453,13.948676247408399
d:865:1.116988662546234,7.533168297020978,7.5331694361107004,13.949349070585445
d:866:1.1172358308227217,7.5331642170596655,7.533169956114753,13.949098342351697
d:867:1.1171850699559833,7.533168113759814,7.533168266085335,13.949151309889166
d:868:1.1170670119665171,7.533166518790342,7.5331710201423245,13.94927052696615
d:869:1.1170099809061078,7.533165720030816,7.533169637622432,13.94932537674714
d:870:1.1169940212452811,7.533167743917209,7.533169848849461,13.94934357152139
d:871:1.1171949800073104,7.533168028156407,7.533167558665681,13.949140606814778
d:872:1.1170382401295988,7.533165390660866,7.533171706514546,13.949298857045813
d:873:1.1171380716147095,7.533172108370614,7.533169519467565,13.94920355622347
d:874:1.1170525118654915,7.533168114840288,7.5331687311358735,13.94928433411067
d:875:1.1168175914358542,7.533164160438847,7.533168103395347,13.94951467239834
d:876:1.1169320198609967,7.5331662429371224,7.5331724179495545,13.94940664102568
d:877:1.1167139592727313,7.533167478505643,7.533170318073745,13.949623837306657
d:878:1.116968581051168,7.533168198184947,7.533169940919194,13.949369558052974
d:879:1.1169706807341857,7.533169606406188,7.533168595839932,13.949367521511935
d:880:1.116653484402244,7.5331693315350545,7.533169626264508,13.949685473397318
d:881:1.1164177641060942,7.533167899002047,7.533171490869439,13.949921625765391
d:882:1.116578089493828,7.533167288337209,7.533172123946104,13.949761322789485
d:883:1.1169188229935827,7.53316278883621,7.533169449791346,13.949413415633973
d:884:1.1165089149231715,7.533166068820888,7.533167951011425,13.949825104909142
d:885:1.1167229342829081,7.533167271151818,7.533171077559777,13.949615414428687
d:886:1.1168839041425986,7.533166663475656,7.533170881651969,13.949453640985027
d:887:1.1162229461789472,7.53316565868707,7.533167850992221,13.950110563500344
d:888:1.1166305753302588,7.533171848572971,7.533167874757639,13.949709148000352
d:889:1.1164439786321818,7.533163551498916,7.533170655587428,13.949890228454162
d:890:1.1165270751102447,7.5331693493757665,7.533172400043918,13.94981467430944
d:891:1.1164282820232163,7.533165617013509,7.533168741981173,13.949906076971466
d:892:1.116612134517931,7.533168262831328,7.533170814906635,13.949726943220032
d:893:1.1167393972898179,7.533168002363016,7.533169820175798,13.949598425248997
d:894:1.1166286344594791,7.533164203340034,7.53317135322995,13.949706922110504
d:895:1.1163390145347734,7.53316644460981,7.533171210624511,13.949998640699548
d:896:1.1167024334666031,7.533171393986654,7.5331696468576865,13.949638607377738
d:897:1.1161311481083196,7.533167246774088,7.53316919781882,13.950205296484588
d:898:1.116793213126332,7.533167495583562,7.533168891278072,13.949543173735302
d:899:1.116895721971792,7.533167521462605,7.533170345764505,13.949442145255318
d:900:1.1158589799601781,7.533167399036268,7.533170149698506,13.950478568774596
d:901:1.1165979971516542,7.533168289923347,7.533171133498037,13.94974142626973
d:902:1.1164016333195992,7.5331680713586575,7.533169442595415,13.949935880634474
d:903:1.1163935808116978,7.533167750594805,7.533171961693366,13.949946131476473
d:904:1.1164584408530107,7.5331693315350545,7.533168594096933,13.949879484778977
d:905:1.1160954011677298,7.5331662182157295,7.533173300512697,13.950244117560697
d:906:1.1164288911112674,7.533165799565568,7.533169938646303,13.949906847100603
d:907:1.1163613726295782,7.533167414458502,7.53317069932919,13.949976741158114
d:908:1.1161839943715943,7.533166810776029,7.533170960912917,13.950153777317352
d:909:1.1162775114119743,7.533165272180254,7.533166967095916,13.950054727864195
d:910:1.1160534949495897,7.533169422383512,7.533169971802225,13.950285899236148
d:911:1.1158545322866864,7.533165812731692,7.533169528130578,13.950480808575584
d:912:1.1158337447008542,7.5331693315350545,7.533169184462448,13.950504771296648
d:913:1.1164188646767066,7.53316691985137,7.533168193251372,13.949916248426035
d:914:1.1156608268549544,7.533165830376154,7.5331730191344946,13.950678022655694
d:915:1.1163510646124237,7.533169205206731,7.533173056539249,13.949991197133556
d:916:1.115846605769848,7.533167314100947,7.533168654552293,13.950489362883392
d:917:1.1163237282256482,7.53316278883621,7.533170675428636,13.950009736039197
d:918:1.1162858117545298,7.533166611882477,7.5331711969561965,13.950051997084143
d:919:1.1158338749009733,7.533169452986389,7.533170133544834,13.95050571163025
d:920:1.116311124647078,7.53316942245724,7.533173550920029,13.950031848730191
d:921:1.116110700297133,7.533167077779687,7.533169797959724,13.950226175442278
d:922:1.116119455626647,7.533166788485989,7.533169267010651,13.950216599869993
d:923:1.1162308225366147,7.533167531628047,7.533169425764509,13.950106134855941
d:924:1.1162264842374157,7.533169033430012,7.533173446805213,13.950115995997809
d:925:1.1161890519325723,7.533170235640661,7.533168966013161,13.95015014972125
d:926:1.1164802720588867,7.533167082061304,7.533172322282905,13.949859132285322
d:927:1.1160156117301554,7.533162135275322,7.533173338573825,13.950319862118992
d:928:1.115881792276916,7.533166344925247,7.533168241070946,13.950452793719277
d:929:1.1161987586160436,7.533168241162015,7.533170779859544,13.950140262405515
d:930:1.1164215840332297,7.533166518790342,7.533172226621939,13.949917161379052
d:931:1.1163152193258519,7.533165475393584,7.53316988779385,13.950020143861583
d:932:1.1159659381307776,7.533169973608475,7.533173008219155,13.950377043696852
d:933:1.1161351063331963,7.533162924197931,7.5331718627791115,13.950199680643847
d:934:1.1159133898958942,7.533168943726729,7.533171948265641,13.950427502096476
d:935:1.11585749992906,7.5331642170596655,7.533170533760556,13.950477250891161
d:936:1.1161373046432264,7.533171291002498,7.533172849808551,13.950206836167823
d:937:1.1157020025399955,7.533165863786033,7.533167815428543,13.95063167667458
d:938:1.1157917891889486,7.533165995596983,7.533171444623614,13.950545651031648
d:939:1.1161864114261366,7.533169995408652,7.533173043419305,13.950156627401821
d:940:1.11609811618945,7.533168021624359,7.533170480062951,13.95024038549786
d:941:1.1161033397601852,7.533164555597105,7.533170252238438,13.950231468075359
d:942:1.1158923886046583,7.533166213001053,7.533172780061342,13.950446604457737
d:943:1.115905769632942,7.533168292797162,7.533170039475838,13.950432562640058
d:944:1.1154641442519146,7.533172080178707,7.5331710779035745,13.950879013830367
d:945:1.116169911377705,7.533170758557997,7.533172476984683,13.950173324164975
d:946:1.115307520568157,7.533170237521825,7.533173480143862,13.95103619709753
d:947:1.1156798632498557,7.533170758557997,7.533173309222656,13.950664204530797
d:948:1.1156263164510527,7.533172080178707,7.533171603673621,13.950717367401275
d:949:1.116101454656258,7.533167653284519,7.533168931425305,13.950235130053565
d:950:1.1157003503771605,7.5331658619162685,7.533171608486926,13.950637120026034
d:951:1.1154203556983404,7.533164203340034,7.53317158268989,13.950915430331584
d:952:1.1159424246819167,7.533168289923347,7.533169253923173,13.950395119164604
d:953:1.115635742961345,7.533169642038219,7.5331733745569505,13.950707273633824
d:954:1.1156043691537452,7.533167010000033,7.533172722160501,13.950735363006789
d:955:1.1159235843055146,7.533164935217885,7.533170182298088,13.950411533210458
d:956:1.1154040542797716,7.533169933701263,7.533173775769477,13.950939655190968
d:957:1.116007101147435,7.533163101108988,7.533174081645621,13.950330081607174
d:958:1.115248649248965,7.533167407519011,7.533170407435007,13.951089165705053
d:959:1.114950353642591,7.533166536061566,7.5331728086421545,13.95138899106113
d:960:1.1154394858388113,7.533166754592566,7.533171557460028,13.950898826213782
d:961:1.1154216453376673,7.533162935119297,7.533173126903575,13.950914416685205
d:962:1.1153694120243536,7.533171767175601,7.533173370013278,13.950975725164525
d:963:1.1156954457917916,7.5331676169750175,7.5331681589347586,13.950640330117984
d:964:1.115269761182919,7.533165238116581,7.533173217533346,13.951068694467008
d:965:1.1149246219844962,7.533171560069844,7.53317124361161,13.951418181696958
d:966:1.1157684995043287,7.533167246774088,7.533170425382673,13.950569172652433
d:967:1.1152848952176075,7.5331655111333955,7.533170328022447,13.951050943938235
d:968:1.115217869700798,7.533163823895217,7.533171583772646,13.951117537967065
d:969:1.115161728446596,7.533165923812838,7.533172881225818,13.95117707659206
d:970:1.1148436463564302,7.5331665373682135,7.533172267654637,13.95149515866642
d:971:1.1150770154448058,7.533167425443109,7.533170106924592,13.951260516922895
d:972:1.1153837106304305,7.533167947793871,7.533169078955174,13.950953316118614
d:973:1.1150275208320757,7.533167544219166,7.533169825756238,13.951309849143328
d:974:1.114751606715247,7.533166886699204,7.5331717257376045,13.951587005721562
d:975:1.115450091775946,7.533165390660866,7.533173115864283,13.950888414749203
d:976:1.115729645100025,7.533164413608153,7.533170974379628,13.950605742887756
d:977:1.1152227014894418,7.533167314100947,7.533169303017809,13.951113915629314
d:978:1.1154946279929838,7.533167088458189,7.533170157274865,13.95084261774007
d:979:1.115577611120866,7.533174070221497,7.53317049935869,13.95076695845932
d:980:1.1154025006721842,7.5331631434354005,7.533173003447322,13.950933646210538
d:981:1.1151909991144784,7.533168141861479,7.533167999776635,13.951145142523636
d:982:1.115310266679355,7.533172230221599,7.533173212398754,13.951035175940998
d:983:1.1149672337729033,7.533162935119297,7.53317260667365,13.951368308020044
d:984:1.1153620016605998,7.533166754592566,7.5331691309494655,13.950973883881431
d:985:1.1152359504118117,7.5331657676728785,7.533170970198512,13.951100787459579
d:986:1.1150592444907446,7.533167145414447,7.5331699935062755,13.951277894429978
d:987:1.1152269438368325,7.5331662429371224,7.533170613979124,13.951109913079414
d:988:1.1148528343454416,7.533168112982986,7.533169546308564,13.951484824946109
d:989:1.1147513272638019,7.533163998558999,7.533172563640372,13.95158523493557
d:990:1.1151613134657072,7.533175701713883,7.533170322685416,13.951184710933592
d:991:1.114971858108193,7.533167648595738,7.533170505775519,13.951366296263064
d:992:1.1148483845702,7.533164413608153,7.533171119095554,13.951487148133507
d:993:1.1151016372837077,7.5331667657472465,7.533168009373089,13.951233137836628
d:994:1.115095874027853,7.533171220779993,7.533172050905334,13.951247397657474
d:995:1.1149792702030723,7.533166136446972,7.533168425299817,13.951355291543717
d:996:1.1149816339921301,7.53316691985137,7.533169015890719,13.951354301749959
d:997:1.1147141298625396,7.5331654730005155,7.533170136589709,13.951621479727685
d:998:1.1149526607099887,7.533163204086028,7.533171790119493,13.951382333495532
d:999:1.114911723653412,7.533162806375662,7.533171557506334,13.951422640228584
d:1000:1.1148168497610254,7.533165390660866,7.533169949786416,13.951518490686256
