data: dataset/hutter-text/text8
d:1:2.474531083498867,7.525009946366293,7.52501034107368,12.575489203941107
d:2:1.8304035091184403,7.52500998440296,7.525010177843938,13.219616653128458
d:3:1.6233940206541266,7.525010469697779,7.525009777256712,13.426626226300366
d:4:1.4982783267247317,7.525010275233001,7.525010544518321,13.55174249302659
d:5:1.4607475876834304,7.525010983717315,7.525010122217334,13.589273518251218
d:6:1.4491200019743093,7.525010983717315,7.525010218339067,13.600901200082072
d:7:1.437422360632862,7.525011401889058,7.525010203277354,13.61259924453355
d:8:1.430488595936831,7.525010983717315,7.525010678787048,13.619533066567532
d:9:1.4253043435114403,7.52501138157401,7.5250106601487445,13.624717698211315
d:10:1.424432173594667,7.525012083161741,7.525011169212066,13.62559107877914
d:11:1.422277263184629,7.525011619656002,7.525010733284789,13.627745089756162
d:12:1.421672533039473,7.525012172080885,7.525011093180234,13.628350732221646
d:13:1.4210505095428374,7.525012438986711,7.525011389467594,13.628973318911468
d:14:1.418069238433679,7.5250121595966855,7.525011195927388,13.631954117090395
d:15:1.4139941529877174,7.525012213973623,7.525010780629642,13.636028841615547
d:16:1.4119239248458229,7.5250121595966855,7.5250110600195645,13.638099294770427
d:17:1.4074199216426333,7.525012213973623,7.525010421259263,13.642602713590252
d:18:1.4048062723686954,7.525012358841253,7.52501135465301,13.645217441125567
d:19:1.4011566091455219,7.525012621308567,7.525012335631932,13.648868347794977
d:20:1.4001504933183888,7.525012708148295,7.525011251330355,13.649873466160262
d:21:1.396387504504645,7.525012469031341,7.5250120383338475,13.653637002860544
d:22:1.3955624570737566,7.525011968750013,7.525010944988837,13.654460456665094
d:23:1.3953581717702104,7.525012609752133,7.525012854749475,13.654667292731398
d:24:1.3967799185235368,7.525012358841253,7.52501137753575,13.653243817853467
d:25:1.396876628783522,7.52501263823134,7.525010941159788,13.653146950607606
d:26:1.397717247866419,7.525012469031341,7.52501154083641,13.652306762001333
d:27:1.3981685513377435,7.5250128823688245,7.525011863631256,13.651856194662336
d:28:1.3967197089548993,7.525011206967105,7.525012638782606,13.65330413679481
d:29:1.3949349016986208,7.525012609752133,7.525011771993066,13.655089480046579
d:30:1.3937692299173605,7.525012469031341,7.525011200706099,13.65625443982008
d:31:1.3902118159462766,7.525012489837377,7.525010629880972,13.659811303772074
d:32:1.3889427667964078,7.525011669165821,7.525012641880695,13.661081544250107
d:33:1.387174154944244,7.525012722691087,7.5250122780052475,13.66285084575209
d:34:1.3856999417502305,7.525012674157779,7.5250113389421776,13.664324071349727
d:35:1.3837912089137596,7.525012469031341,7.525010832415934,13.666232092533516
d:36:1.3833852410738174,7.525011355542327,7.525013275528733,13.666639389997243
d:37:1.3823399473967761,7.525012930902016,7.525012110349424,13.667685093854665
d:38:1.3821660101866549,7.525011669165821,7.525012951510629,13.667858610489795
d:39:1.382217413546515,7.525011145209747,7.525013316513366,13.667807048176597
d:40:1.3836466153220002,7.5250124213531935,7.525012039403733,13.666377845434926
d:41:1.3836016786093506,7.5250124213531935,7.525011785059545,13.666422527803388
d:42:1.383448662803227,7.525011571813606,7.52501342693176,13.666576335942139
d:43:1.3828167682125372,7.525011980297318,7.525013783636608,13.667208995721388
d:44:1.3818358337555399,7.525012722691087,7.5250115887941735,13.66818847772972
d:45:1.380375617262123,7.525011355542327,7.5250133144354,13.669649052715604
d:46:1.3789497415523222,7.525011234154086,7.525013117106734,13.671074609708498
d:47:1.3773934170495625,7.525012404803803,7.5250136212847405,13.672632609038981
d:48:1.376892569990149,7.525011669165821,7.525012090512521,13.673131189688194
d:49:1.3752768080670936,7.525011206967105,7.525011065001916,13.674745463901926
d:50:1.3752101384226378,7.525011219609999,7.525012194608797,13.674813275796158
d:51:1.3752213791152474,7.5250114261417265,7.525013345372611,13.67480339239909
d:52:1.3749940682170134,7.525011339712613,7.525012714787793,13.675029986283391
d:53:1.3752860044833373,7.525012721440498,7.525012535754626,13.674739252711786
d:54:1.3759707794614133,7.525011355542327,7.525012832598841,13.674053408679756
d:55:1.3755995030169093,7.525012364066191,7.5250141726374,13.674427033686682
d:56:1.3756478677932247,7.525011571813606,7.525013786679457,13.674377490699838
d:57:1.3748773866156565,7.525012825833885,7.525013356105883,13.67514879532411
d:58:1.3744533733797795,7.525011415722848,7.525013003607754,13.675571045950822
d:59:1.3735452484388215,7.525012725300103,7.525013014552992,13.676480491414273
d:60:1.3733946265210228,7.525011355542327,7.525012780410123,13.676629509431427
d:61:1.3716906069207635,7.525012875865458,7.525013537985693,13.678335806930386
d:62:1.3710862197412617,7.525012711512433,7.525014379450517,13.678940871221688
d:63:1.3707180060347444,7.525013667873936,7.525013163105773,13.679308824944965
d:64:1.3691606118645971,7.525012364066191,7.525014040194311,13.680865792395904
d:65:1.3693412272485208,7.5250125613049645,7.525014281477566,13.68068561553401
d:66:1.369430979803294,7.525012725300103,7.525014457470018,13.680596202966827
d:67:1.36900545017901,7.525011415722848,7.525011980216171,13.681017945760008
d:68:1.3701323715663047,7.52501306274149,7.525014464084001,13.679895155259187
d:69:1.3696319166521764,7.525012299227347,7.525013933789586,13.680394316364756
d:70:1.3696599227011816,7.52501306274149,7.5250140299084896,13.680367169948799
d:71:1.369441476700505,7.52501412824447,7.525013239547758,13.680585891091724
d:72:1.3689779455842679,7.525012707128586,7.52501399667787,13.681048758222188
d:73:1.3680164593851831,7.525011145209747,7.525012034923724,13.682006720748287
d:74:1.3680379607735276,7.525011662480506,7.525013022803303,13.681986724510281
d:75:1.3667954092181969,7.525011735072924,7.525012981914302,13.68322930776903
d:76:1.3661806597647157,7.525014357568267,7.525013638991154,13.683847336794706
d:77:1.3658103594422908,7.525014264417822,7.525012799795536,13.684216704771067
d:78:1.3657014059268295,7.525012875865458,7.525013875898086,13.684325345836713
d:79:1.3646921784485588,7.525013985026116,7.5250123813105105,13.685334187888069
d:80:1.3651519744988363,7.525012364066191,7.525012292501011,13.684872682068367
d:81:1.3652934030988213,7.525014240452427,7.525012463310754,13.684733300664359
d:82:1.3650380922734815,7.525014065532998,7.5250136858467895,13.684989659106305
d:83:1.3651235297613962,7.525012027332586,7.52501145882364,13.68489995639483
d:84:1.3648647797756208,7.525013966744125,7.525013030108118,13.685162217076622
d:85:1.3647164767768185,7.52501306274149,7.525013601576946,13.685310187541617
d:86:1.364096220383999,7.525012927294263,7.525013543983111,13.685930250893374
d:87:1.3642879240898296,7.525012795742962,7.5250132246292765,13.685738096282408
d:88:1.3642348727536557,7.525012364066191,7.525012281013249,13.685789772325784
d:89:1.3626337650860805,7.5250144460029365,7.525013061650546,13.687393742567401
d:90:1.3628448674868228,7.525014435251112,7.525013088241576,13.687182656005865
d:91:1.3624771463309475,7.525014154968547,7.525014326477235,13.687551335114835
d:92:1.3618842797940154,7.525012820198265,7.525013785838715,13.688142326242964
d:93:1.3619710900592104,7.525014435251112,7.525013015768524,13.688056360960426
d:94:1.36128669270669,7.525014031060504,7.5250145264819315,13.688741864835746
d:95:1.3614242250134705,7.525012825833885,7.525013998626601,13.688602599447016
d:96:1.3614642485063673,7.525014384578497,7.525013400206905,13.688563536279036
d:97:1.3615075596682633,7.525014031060504,7.5250146141284455,13.688521085520685
d:98:1.3613171690245736,7.525014159192947,7.52501299202328,13.688709982191654
d:99:1.3608421085963283,7.5250134912654705,7.525013055023019,13.68918443769216
d:100:1.361213317796098,7.52501306274149,7.525012676879745,13.688812421825137
d:101:1.3609975287430949,7.525014213482205,7.52501418231363,13.68903086705274
d:102:1.360615775900131,7.5250134912654705,7.525013179527297,13.689410894892637
d:103:1.3595310628979718,7.525012810216743,7.525013369095819,13.69049511641459
d:104:1.359411550196274,7.525013596280127,7.525013198454862,13.690615244538716
d:105:1.3590038426765396,7.525014264417822,7.525014281320933,13.691024703062215
d:106:1.358796876641014,7.525014435251112,7.525012818026136,13.691230376636234
d:107:1.3590054058447176,7.525013706345671,7.525014004662307,13.69102230516326
d:108:1.3588209116115113,7.5250134912654705,7.525012955464638,13.691205535118597
d:109:1.3582645637089286,7.525013008853322,7.5250129862949215,13.691761431439314
d:110:1.3584145693853653,7.525013466852108,7.525014116130105,13.691613013596848
d:111:1.3583771683944423,7.525013232562054,7.52501269129804,13.691648755465652
d:112:1.3581409353298888,7.525014089114967,7.52501373695094,13.691886890736019
d:113:1.3577653046734603,7.525013557098972,7.525013062897908,13.69226131532342
d:114:1.3583230997765376,7.525012927294263,7.525013196914876,13.691703024432602
d:115:1.3576405625901309,7.525014435251112,7.5250144168940585,13.69238828955504
d:116:1.3579135743864637,7.525013366206588,7.525013002266322,13.692112794086446
d:117:1.3570702438588302,7.525013058638486,7.525012976979376,13.692955791759031
d:118:1.3570244240557905,7.5250151949396455,7.52501432736818,13.693005098252035
d:119:1.3568329965647283,7.525014915546858,7.525014535674953,13.693196454657082
d:120:1.3568013998807853,7.52501419394847,7.525012388530102,13.693225182597788
d:121:1.356772534895196,7.52501528285346,7.525014409531266,13.69325715748953
d:122:1.3562922366190566,7.525015820631253,7.525014580167252,13.693738164179448
d:123:1.3560987614886653,7.5250140880236955,7.525014282912784,13.693929609447816
d:124:1.3562142803003407,7.5250144459706645,7.525014666979279,13.693814832649602
d:125:1.3557286198758707,7.525013572655421,7.525013429592213,13.694298382371764
d:126:1.3555525927064167,7.525015327108737,7.525015519141205,13.694478253543526
d:127:1.3552201131873591,7.5250141598089115,7.52501468074817,13.694808727369724
d:128:1.3555757859956241,7.525014384578497,7.52501384657567,13.694452445158543
d:129:1.3551791513350473,7.525012927294263,7.525014594265175,13.694848370224392
d:130:1.3553257455841052,7.525013596280127,7.525014303167486,13.694702153863508
d:131:1.3546274849933262,7.525015316812043,7.5250146728393466,13.695402504658063
d:132:1.3551452253919578,7.5250134912654705,7.525014615932689,13.694882881806201
d:133:1.3544936648222592,7.525014915546858,7.525013969195188,13.695535219919787
d:134:1.3545120505350408,7.525013865059764,7.52501290317057,13.695514717695293
d:135:1.3542841074513383,7.525013526010086,7.525012525549365,13.695741944108113
d:136:1.3540139982560149,7.5250134912654705,7.525013962778551,13.696013455788005
d:137:1.353749132020278,7.5250144459706645,7.525012597152696,13.696277911103083
d:138:1.3538262450284293,7.525014435251112,7.525013113504599,13.696201303727282
d:139:1.3536216358615025,7.525014983011495,7.525013040565961,13.696406387715953
d:140:1.354060560813016,7.525015327108737,7.525014173603921,13.695968939899641
d:141:1.3535818094594863,7.525013273321692,7.5250134918921825,13.696444955754389
d:142:1.3529522508376068,7.525015286610962,7.525014833720866,13.697077869494223
d:143:1.353291871821794,7.5250144459706645,7.525011620607713,13.696734194756583
d:144:1.3524845427877707,7.525015327108737,7.5250131346923075,13.697543919013274
d:145:1.3526874542919973,7.525013366206588,7.525013255083943,13.697339166998534
d:146:1.3521468912955008,7.525014159192947,7.525010888764107,13.697878156661552
d:147:1.352288441859736,7.525015327108737,7.525013654539303,13.697740539788304
d:148:1.3528951607230297,7.5250144460029365,7.525011838549169,13.697131123829076
d:149:1.3518421106010496,7.5250154097990825,7.525015068750314,13.698188367948346
d:150:1.351690693989017,7.525014435251112,7.525011856122369,13.698335597384464
d:151:1.3517837574059808,7.525013635742021,7.525013911528079,13.69824378986412
d:152:1.3519072714646665,7.525013572655421,7.5250124679631085,13.698118769153863
d:153:1.3516572847314983,7.5250134912654705,7.525012996599772,13.698369203133744
d:154:1.3514344869533321,7.5250144459706645,7.52501189408666,13.698591853103993
d:155:1.3511722706468134,7.525014435251112,7.525011017800667,13.698853182404966
d:156:1.3509793356072386,7.525015984189597,7.525013470482503,13.69905011906486
d:157:1.3512575023455344,7.525015015663111,7.5250117283673035,13.69876924168488
d:158:1.350672873438361,7.5250152557686825,7.525014407727417,13.699356790057738
d:159:1.3507674802254392,7.525015115046984,7.52501463311641,13.699262267937954
d:160:1.3509217628853403,7.525015327108737,7.525012366293466,13.699105930516863
d:161:1.3507067566242696,7.525014915546858,7.52501119190254,13.699319350825128
d:162:1.350094931072288,7.525015003460666,7.525011229716132,13.69993130210451
d:163:1.3499902241236956,7.525015414719915,7.525011131468986,13.700036322065205
d:164:1.3497411860215855,7.5250140880236955,7.525012236918555,13.700285138920666
d:165:1.3495753314310708,7.525014753530351,7.525013873011875,13.700453295111155
d:166:1.349612432779148,7.525013596280127,7.52500950977264,13.700410673273618
d:167:1.3497141323132062,7.525016024803778,7.525012504335475,13.700314396826046
d:168:1.3494538296052792,7.525015327108737,7.525011158737375,13.700572656240833
d:169:1.349335574414745,7.525015942140474,7.5250119908878155,13.700692358613544
d:170:1.34925584712812,7.525015457596315,7.525012359046289,13.700771969514484
d:171:1.3489122785778722,7.525015521422799,7.5250120007628984,13.701115243607825
d:172:1.3492307580022818,7.525015699889858,7.525011379614715,13.700796321502292
d:173:1.348606375218706,7.525013160526321,7.525009872826454,13.701416658134068
d:174:1.348473022829685,7.525013366206588,7.5250104776488405,13.701550821025743
d:175:1.3488183213704321,7.525015399550611,7.525012176393941,13.701209254574119
d:176:1.3488254721004083,7.525015974325092,7.525011276282593,13.701201778507277
d:177:1.3486087666322533,7.525015544552815,7.525011813593936,13.701418591514498
d:178:1.3483872533712677,7.525015053568278,7.525013594580943,13.701641394777953
d:179:1.348926027434576,7.525013572655421,7.525011648310114,13.70109919353096
d:180:1.3486687695090929,7.525015327108737,7.5250103098735766,13.701356867473221
d:181:1.3484683798707504,7.525015766069983,7.52501024658295,13.701557632782182
d:182:1.3483030117961565,7.5250144459706645,7.525011566480769,13.701723000655276
d:183:1.3477889674598469,7.525015240945358,7.525012095569015,13.702238369054525
d:184:1.3476119212841216,7.525015220082682,7.525012215968372,13.702415514766932
d:185:1.3477042777399735,7.5250134569332605,7.525010374487068,13.702319553680356
d:186:1.3474490026362798,7.525014558864646,7.525013600954777,13.702579157183143
d:187:1.347684898621253,7.525013282677733,7.525012749632395,13.702341133688876
d:188:1.3475258828045682,7.525015528080215,7.52501184416491,13.702501489440557
d:189:1.3477793707363634,7.525015041164475,7.525012672274671,13.702248342702783
d:190:1.3472440781643904,7.525013572655421,7.5250108517743985,13.70278034626543
d:191:1.3472865502862064,7.525015544552815,7.525011725367967,13.702740719634576
d:192:1.3471908792667264,7.525014558864646,7.525013394508842,13.70283707410676
d:193:1.3468723811287386,7.525013500449897,7.525012283374223,13.703153402695381
d:194:1.3471062900529347,7.525014960414586,7.525013029012978,13.70292169937463
d:195:1.3463234077695105,7.525015414719915,7.525011675162126,13.70370368211253
d:196:1.346430794972111,7.525015327108737,7.525010524774842,13.703595056911468
d:197:1.346556938415869,7.525013515487263,7.525013124064433,13.703469701135827
d:198:1.3463574754031047,7.525013405516749,7.525012834615709,13.703668764729352
d:199:1.3461870506475098,7.525016064385705,7.5250103808074975,13.703839394545692
d:200:1.3465919600521534,7.525013572655421,7.525010251005347,13.703431863608616
d:201:1.346825744643036,7.525013865059764,7.525009769178856,13.703197889595584
d:202:1.3460260109788393,7.525015737577762,7.525011880144824,13.704001606743747
d:203:1.346496865364779,7.525015006613358,7.525012032865764,13.703530174114343
d:204:1.3461779078467195,7.525013146751638,7.52501268939894,13.703847928303858
d:205:1.3460041503781692,7.525015217878129,7.525011731776767,13.704022799276727
d:206:1.3458331172516402,7.5250153539061815,7.525011926271059,13.7041941629256
d:207:1.345985946261333,7.525013515487263,7.525013503442312,13.704041072668243
d:208:1.3454024481910736,7.525013610169649,7.525012603283308,13.704623765261884
d:209:1.3458612286337992,7.525014922967647,7.5250133659575456,13.704167060291393
d:210:1.3451771357378792,7.525015327108737,7.525011332477733,13.70484952384859
d:211:1.3452285407455413,7.525015220082682,7.525010717832983,13.704797397170124
d:212:1.3450868462414238,7.525015974325092,7.52500985045766,13.704938978541328
d:213:1.3449963265196008,7.525013533615317,7.525012909623888,13.705030116719604
d:214:1.344875363578634,7.525015084775972,7.525012357295368,13.705152078492706
d:215:1.3444943610268556,7.525013489633722,7.525013126232621,13.705532254839488
d:216:1.3449099720245083,7.525012586618239,7.52501221740808,13.70511483200181
d:217:1.3445509004893594,7.5250144459706645,7.525008912884807,13.705472458366113
d:218:1.3443224311478374,7.525014989349035,7.5250119643683915,13.70570452256959
d:219:1.34438632092232,7.525015220082682,7.525010193367179,13.70563909252754
d:220:1.343861351329224,7.525014753530351,7.525011173960548,13.706164576161676
d:221:1.3441824414706538,7.525013282677733,7.52501282608434,13.705843667291418
d:222:1.3442589937060827,7.525015003460666,7.525009785694417,13.705765795449
d:223:1.343938752004112,7.525014552011634,7.525012288787093,13.706088088794615
d:224:1.344068838374266,7.525015327108737,7.525011143391062,13.705957632125532
d:225:1.344541867553378,7.525012987757369,7.525013371197088,13.705484491401078
d:226:1.3439162901339081,7.525015631512845,7.525010214429314,13.70610955580825
d:227:1.343920323723589,7.525013556241362,7.525012408225008,13.70610564074278
d:228:1.3437259567001263,7.525015521422799,7.525010572677732,13.706300137400405
d:229:1.344200851356037,7.525013166949986,7.525012641012622,13.705824956606572
d:230:1.3433294811268475,7.52501282211293,7.525013241927192,13.706696582913274
d:231:1.3435871043378498,7.525013405516749,7.525013295508343,13.706439596687241
d:232:1.3431990786913595,7.525015006613358,7.525010212388365,13.706826140310362
d:233:1.3428531664422767,7.525012701886337,7.5250114620499,13.707170997493959
d:234:1.342932728273853,7.525013489633722,7.525011744172089,13.707092505531959
d:235:1.3431794874143677,7.5250138885824365,7.525012682780579,13.706847083948649
d:236:1.3428598701412664,7.525011059748562,7.525013720080189,13.707164909687483
d:237:1.3424395176619672,7.5250108585606865,7.525013396319198,13.707584737217918
d:238:1.343190827753979,7.5250143185391565,7.5250117305455335,13.70683522133071
d:239:1.3428579116712793,7.52501288391767,7.525011802123589,13.707166774369979
d:240:1.3427292171328222,7.525015327108737,7.525009571989821,13.707295681965736
d:241:1.3426290128130987,7.525015327108737,7.52500940706769,13.707395721363328
d:242:1.3423732578507241,7.525013837246108,7.5250112425240925,13.707651821919477
d:243:1.3419560901988294,7.525015041164475,7.525010020320872,13.708068971286517
d:244:1.3421769696568706,7.525013132862849,7.525011410481146,13.707847573687124
d:245:1.3420292793142146,7.525015327108737,7.525008803146026,13.707994850940548
d:246:1.3421804248119926,7.5250108585606865,7.525012563208287,13.70784299695698
d:247:1.342443557723291,7.5250119938902165,7.5250135328571215,13.707581969024046
d:248:1.3421475931724736,7.525014558864646,7.525011124946262,13.707878090638435
d:249:1.3424845538693493,7.5250153131333075,7.525008162715554,13.707538921979511
d:250:1.3419702154741735,7.5250108585606865,7.525011632590415,13.708052275676927
d:251:1.3418174247446881,7.5250106711316676,7.525011540288183,13.708204786675163
d:252:1.3416627957697234,7.525012542979013,7.525013273959214,13.708363021168504
d:253:1.3414126966764002,7.525015358868559,7.525008907332906,13.708611569525065
d:254:1.3418127778634528,7.525013420241895,7.525012050803186,13.708212693181629
d:255:1.3414089272174685,7.525015457596315,7.525009892235465,13.708616422614313
d:256:1.3416247164520758,7.525013420930778,7.525012208712021,13.708400913190724
d:257:1.3414092081252118,7.525015604271492,7.525009997905905,13.708616394052186
d:258:1.3410430603054042,7.525013489633722,7.525010244502832,13.708980673831151
d:259:1.3414219734651844,7.525015006613358,7.525010100429806,13.708603133577979
d:260:1.340885479585305,7.525013489633722,7.5250108510549385,13.709138861103357
d:261:1.3412453757145144,7.525015838459535,7.52500833903842,13.708778801783442
d:262:1.341253735846502,7.525013132862849,7.525010053749063,13.708769450765411
d:263:1.3404467650036942,7.525013699637296,7.525011182264801,13.709578116898403
d:264:1.3407231307226013,7.525013614712932,7.525010358105503,13.709300842095832
d:265:1.3409083633445587,7.525013791468888,7.525011547338919,13.709116975463248
d:266:1.3405547951349277,7.525013132862849,7.5250092915331805,13.709467629261102
d:267:1.3401653157096511,7.52501192342882,7.525012306021454,13.709858913740621
d:268:1.3409422847751138,7.525015084775972,7.525008016634649,13.709080816635506
d:269:1.3404927774191506,7.5250138885824365,7.52500942668221,13.709530537845495
d:270:1.3403075931052904,7.525015049506178,7.525007786232726,13.709715242633614
d:271:1.3407719378745515,7.525012542979013,7.525011735209678,13.709252340314139
d:272:1.3404255876292694,7.525014915224392,7.5250093169008085,13.70959864449593
d:273:1.3397562014823912,7.525015041164475,7.52500917760449,13.710268017286573
d:274:1.3400484691213652,7.525012217604691,7.525011051585145,13.709974800068471
d:275:1.3403276217021887,7.525014753530351,7.525009151908773,13.709696283736935
d:276:1.340112283525544,7.525015220082682,7.525008893990361,13.7099118305475
d:277:1.3399419756712962,7.525011308866193,7.525009951196137,13.710079284391034
d:278:1.3402361678912804,7.525012262114339,7.5250115481843665,13.709787642407425
d:279:1.3403111413476605,7.52501411972303,7.525010730080167,13.709713708455537
d:280:1.3400413181791304,7.525011003704126,7.52501139654974,13.709981082074735
d:281:1.3399043411471325,7.5250119938902165,7.525010160300389,13.710117813043473
d:282:1.339389931626803,7.525014836326827,7.5250090743374844,13.710633979037508
d:283:1.3395619410113113,7.525015006613358,7.525008950703738,13.710462016305783
d:284:1.339540115473266,7.52501367567879,7.525010497840276,13.7104840580458
d:285:1.3398703376637737,7.525012802680353,7.525009032676725,13.710151497693305
d:286:1.3395435739639883,7.525012059758786,7.525010877250096,13.710479363044893
d:287:1.3393771003530155,7.5250108585606865,7.52500936948377,13.71064312769144
d:288:1.3392882293453674,7.525010261905628,7.525011408346128,13.710733440906388
d:289:1.3392751062901507,7.525012513017239,7.525010167092343,13.71074757381943
d:290:1.3390084682092596,7.52501187822472,7.5250090339501625,13.711012443965624
d:291:1.3384813980876853,7.525014960414586,7.525008767878642,13.711542330205543
d:292:1.339164372578269,7.525015220082682,7.525005874418025,13.710856721922438
d:293:1.3388505615348887,7.525013845945925,7.525007147204115,13.711170431615152
d:294:1.3385921698625083,7.525009559920217,7.525010991975208,13.711428382032917
d:295:1.3389244995764145,7.5250115775597965,7.525010800817361,13.711097878800743
d:296:1.339166542699198,7.525015006613358,7.525006249967415,13.710854713881576
d:297:1.3389658127490591,7.525011380245527,7.525008741997001,13.71105430949347
d:298:1.3389161612853933,7.525013708350851,7.525009303461596,13.711106850527054
d:299:1.3387569822778467,7.5250121046609095,7.525008424498537,13.7112635468816
d:300:1.3378297723554429,7.525014753530351,7.525006322216004,13.712191303390911
d:301:1.33793311617249,7.525012094573696,7.525009289549805,13.71208826795101
d:302:1.338669966683776,7.525012217604691,7.525008340748769,13.711350591669683
d:303:1.3382381032603679,7.525009533965904,7.525010687868065,13.7117821185736
d:304:1.338373359590154,7.525013132862849,7.525006192842937,13.711645966115633
d:305:1.3382391256337467,7.525009339331998,7.525010307312027,13.711780521010278
d:306:1.3378145710291651,7.525012117616712,7.525008186105531,13.712205732693077
d:307:1.3381076355607693,7.52501187822472,7.525007559858342,13.711911802522293
d:308:1.337629008509344,7.525011003704126,7.525008480280846,13.712390475475628
d:309:1.3379474068331056,7.5250153539061815,7.525005356669115,13.71207330374219
d:310:1.3385176230182445,7.525010996092918,7.525008451684422,13.711501824759097
d:311:1.3379682077822181,7.52501437466809,7.525006052232201,13.712052219118073
d:312:1.3380533850110972,7.525011148479131,7.525009886645864,13.711967650113898
d:313:1.3378202627484708,7.525009396125238,7.525009464996724,13.712198598373492
d:314:1.3380393454576751,7.525009337324705,7.52500921786486,13.71197920973189
d:315:1.3377347006377605,7.525010234921599,7.525009598148449,13.712285132432287
d:316:1.3374650552719611,7.5250129294786445,7.52500934781364,13.712557222020324
d:317:1.3377066244004698,7.5250135686479585,7.525005633768181,13.71231257801567
d:318:1.3381080400779268,7.525011594759033,7.52500832545153,13.711911880132636
d:319:1.3373818499619468,7.525011389805389,7.525009952794296,13.712639492637738
d:320:1.337192947199208,7.525013420930778,7.525006300491105,13.712826774222675
d:321:1.3376259434562954,7.525009926732283,7.525009630601519,13.712393613877506
d:322:1.3376275783585552,7.52501282211293,7.525005279398948,13.712390523153323
d:323:1.3372770860714631,7.5250095377216235,7.525009206083727,13.712741657733886
d:324:1.3372374811802459,7.525012586618239,7.525005925415197,13.71278103085319
d:325:1.3373855494651519,7.525009922106831,7.52500985546889,13.712634228110568
d:326:1.3372105544522679,7.525012573361916,7.525005691890228,13.712807710799877
d:327:1.3371549686410376,7.525009926732283,7.525009589153826,13.712864547245072
d:328:1.3368019643393598,7.525013610169649,7.525007374300883,13.713219020131172
d:329:1.3372973120851395,7.525012094573696,7.525008154198877,13.712722936687433
d:330:1.337353697399271,7.525013649885787,7.525009913532329,13.712669866018844
d:331:1.3368771788587246,7.525013419676847,7.52500661897549,13.713142859793612
d:332:1.3368973711855077,7.525012542979013,7.525008725443018,13.713123897236525
d:333:1.3368664825742194,7.525010234921599,7.525010356382967,13.713154108730347
d:334:1.3364347413161113,7.5250118577134755,7.525011519481241,13.713588635878605
d:335:1.3365206609682012,7.525012640011899,7.5250114134625905,13.713503392506288
d:336:1.337104800235812,7.525011148479131,7.5250108522007615,13.71291720044408
d:337:1.3371655207405002,7.5250111110597135,7.525008856643397,13.712854446962611
d:338:1.336706606436783,7.525013489633722,7.525008122608765,13.713315005805704
d:339:1.33653448708281,7.525013278320131,7.525011219103153,13.713490010340474
d:340:1.336518049882578,7.525012513017239,7.5250086254520365,13.713503088586698
d:341:1.3363727078975707,7.525010379250214,7.525010216938292,13.713647888290936
d:342:1.3362596661856951,7.525013129266655,7.525011403795781,13.71376486687674
d:343:1.3363149645485635,7.525013608053361,7.5250111943087035,13.7137098378135
d:344:1.3360438151054819,7.5250118577134755,7.525011183522846,13.71397922613084
d:345:1.3357865760144367,7.525012552736723,7.525010164073771,13.714236140796059
d:346:1.3365089576359654,7.5250143185391565,7.525006260841506,13.713511621744697
d:347:1.3359529406153854,7.525011380245527,7.525009223921989,13.71406766355213
d:348:1.3356070241262739,7.525010261905628,7.525008652757064,13.714411890536418
d:349:1.3361563080419252,7.525010320173071,7.525008654439634,13.71386266657078
d:350:1.3356536346588044,7.5250108585606865,7.5250084165467745,13.714365640448657
d:351:1.3357504179154898,7.525011886718567,7.525010507660158,13.714271976463236
d:352:1.3362473074372758,7.525013614712932,7.525007849565164,13.71377415684082
d:353:1.3355906152393562,7.525012147903546,7.525009970055404,13.714431502719593
d:354:1.336177395135504,7.525011059748562,7.525008420467952,13.713842085081009
d:355:1.3354449725100928,7.52501199592021,7.525009157789337,13.714576181199455
d:356:1.3357032989095732,7.52501192342882,7.525009883658197,13.714318508177444
d:357:1.335291216306251,7.525011148479131,7.525010499053961,13.714730431226842
d:358:1.335487205988736,7.525010156063333,7.525009435522518,13.714532385597115
d:359:1.3357254817640207,7.525011308866193,7.525008297297402,13.714294124399574
d:360:1.335402840793373,7.525012640011899,7.525010614691454,13.71462041390998
d:361:1.3353515244557368,7.525011663449234,7.525010595433358,13.714670734426855
d:362:1.3354500665422737,7.525013269550423,7.525011103068112,13.714574306076262
d:363:1.3350708644408016,7.525011380245527,7.525008071221674,13.714948587026399
d:364:1.3350938875742902,7.525011148479131,7.525009858713432,13.714927119618272
d:365:1.335020715466836,7.525011265827633,7.5250102345935765,13.715000784954373
d:366:1.335795349358193,7.525012117616712,7.5250083881376275,13.714225156396147
d:367:1.3350633836227868,7.525013557718764,7.525011895446064,13.714962069542041
d:368:1.3355164714293668,7.525011663449234,7.525010962142359,13.714506154162226
d:369:1.3348631729227467,7.5250108184063285,7.525009803152806,13.715157448636388
d:370:1.3347577342230181,7.525013209710606,7.52500671726117,13.715262192748757
d:371:1.3350385016440427,7.525013791468888,7.525007052194898,13.714982342019743
d:372:1.334912383826575,7.5250122664152075,7.525010203215368,13.715110085804001
d:373:1.3352100131352582,7.525012228192974,7.525009780587214,13.714811995644931
d:374:1.334755994357094,7.5250095377216235,7.525009198170826,13.715262741535357
d:375:1.3350865136785615,7.5250108585606865,7.525007286686945,13.714931631569069
d:376:1.334348108968877,7.525012640011899,7.525011226849417,13.71567575789244
d:377:1.3349044197547162,7.525013053720059,7.525011157792462,13.715119791757806
d:378:1.334625258010325,7.525012542979013,7.525009558120843,13.71539684308953
d:379:1.3345001187909329,7.5250129351066715,7.525011343653036,13.715524159968774
d:380:1.334960625314201,7.525011265827633,7.525009469709435,13.715060110222867
d:381:1.3346073522172262,7.525013420241895,7.525008775535378,13.715414843560048
d:382:1.334086928143444,7.52501187822472,7.525008476133352,13.715933426214628
d:383:1.334600166235088,7.5250129620017585,7.525006815071775,13.715419610838445
d:384:1.3346192506027155,7.525010261905628,7.525009998859198,13.71540101016211
d:385:1.3344269375898108,7.525011003704126,7.525009983583968,13.715594049698282
d:386:1.3346417467207434,7.525011550314115,7.525009052335336,13.715378855928707
d:387:1.3340651431992523,7.525013489633722,7.525008713930992,13.715957060365463
d:388:1.3342245174506857,7.525012284401935,7.52501044081438,13.71579820776563
d:389:1.3342281663648592,7.525010862290641,7.525006877815855,13.715789573741636
d:390:1.3340211356169096,7.525013489633722,7.525008001869175,13.716000355885987
d:391:1.3341498921707693,7.525012975331036,7.525010050160593,13.71587313332086
d:392:1.3338593685422389,7.525013608053361,7.525010546976194,13.716164786487315
d:393:1.3343995034767353,7.525011991173703,7.525008203943953,13.715620691640922
d:394:1.3341057127636535,7.525010359674334,7.5250089344587,13.71591358136938
d:395:1.334368547576359,7.5250108585606865,7.525005971918608,13.715648282902935
d:396:1.3336316984318692,7.525010748823669,7.525008347810317,13.716387398202116
d:397:1.333729510791283,7.525012067982709,7.525007609081079,13.716290166272504
d:398:1.3336799261452317,7.5250121185080205,7.525011227646867,13.716343420009656
d:399:1.333646507511201,7.525013129266655,7.5250101258181274,13.71637674757358
d:400:1.3334245906381952,7.525013420930778,7.525006439118638,13.71659526941122
d:401:1.3340431971963298,7.525012701886337,7.52500568113244,13.715975185822447
d:402:1.3340952788508638,7.525012640011899,7.525009615065082,13.715926976226118
d:403:1.3332706565847943,7.525013053720059,7.52501013836734,13.716752535502604
d:404:1.3330111042843402,7.52501360238145,7.525008393939558,13.717010892036667
d:405:1.3337806267507286,7.525011380245527,7.5250072997178,13.716238053212598
d:406:1.332831167834744,7.525012410422602,7.5250110753235635,13.717192317911422
d:407:1.3332864114029288,7.525011550765568,7.525010966543432,13.71673610590607
d:408:1.3336053822429985,7.525011148479131,7.525009682164849,13.716415448400982
d:409:1.3332321873326105,7.525013298952303,7.525010470194252,13.716791581813945
d:410:1.3331385652584444,7.5250108585606865,7.5250088349138675,13.716881128216109
d:411:1.3329711554431718,7.525012217604691,7.525007802521516,13.717048864683036
d:412:1.3326545291670424,7.525012035269475,7.525011666367311,13.717369172469743
d:413:1.333145183365808,7.525011201239876,7.525010621369053,13.716876639243122
d:414:1.3327566591625057,7.525010748823669,7.525010536549375,13.717264626210538
d:415:1.3326969848495764,7.525010903247632,7.52500991533011,13.717323833728166
d:416:1.3329634912844632,7.5250128769560005,7.525010208341754,13.717059594013291
d:417:1.3329584889382993,7.525011509083496,7.52501010402677,13.717063124171968
d:418:1.3333393686735828,7.5250095377216235,7.5250108584855315,13.716681027533573
d:419:1.3330371782237869,7.52501192342882,7.525009294707377,13.71698403991241
d:420:1.332542894376111,7.525011271269316,7.525012174777922,13.717480551671127
d:421:1.3328126268973612,7.525011613984122,7.525010547073752,13.717209534160514
d:422:1.3326487413262402,7.52501233034375,7.525012300569087,13.717375889586597
d:423:1.3324112906480394,7.525012640011899,7.525010633432472,13.717611982796331
d:424:1.3324390752987192,7.525012018025898,7.5250133204261935,13.717586263153372
d:425:1.3323660747779407,7.525010467231424,7.525010616951159,13.717655009404641
d:426:1.3324353796868262,7.525010156063333,7.525011585121824,13.71758636149833
d:427:1.3328845892806012,7.525012240820329,7.525010490766666,13.717138142306394
d:428:1.3322158117426461,7.525012293369949,7.525012516991652,13.717808998618956
d:429:1.3322842730360858,7.525012059758786,7.525008619825613,13.717736406548314
d:430:1.3325807754427768,7.525015599491471,7.525010768441714,13.717445592490408
d:431:1.3326696443813226,7.525010030844279,7.52500998791671,13.717350374379667
d:432:1.332032779734945,7.52501458306761,7.525009920218362,13.717991723551027
d:433:1.3319825178716531,7.52501590505105,7.52501072583198,13.718044113011377
d:434:1.3326042699031024,7.525012943845381,7.5250113007518555,13.717419974694133
d:435:1.3324569694883461,7.525013053720059,7.52501021290889,13.717566297140602
d:436:1.3324844865034304,7.525013009738812,7.525011321955164,13.717539845190545
d:437:1.3322163723669291,7.525011663449234,7.5250114662427325,13.717806757325038
d:438:1.3320385947696138,7.525012436542228,7.525011883432196,13.71798572520481
d:439:1.332158762645017,7.525009339331998,7.525008977738585,13.717859554425566
d:440:1.3321772766213265,7.525011003704126,7.525008368036763,13.717842095119563
d:441:1.331531692035064,7.525012241743043,7.525011001127154,13.718491550835132
d:442:1.331691195697669,7.525011148479131,7.525009627205511,13.718329579986975
d:443:1.3318106374204302,7.525012821972639,7.525009265257489,13.718211449809697
d:444:1.3318031960914976,7.525012046299333,7.525006081285374,13.71821493149321
d:445:1.3314855502747172,7.5250150899812915,7.525008374975065,13.71853791468164
d:446:1.3321479468758852,7.525010156063333,7.525008084310143,13.71787029349759
d:447:1.332022294687535,7.525014660901566,7.525008655878525,13.718001022092556
d:448:1.3317509445111764,7.525011456868275,7.525007305173421,13.718267817530519
d:449:1.3317406547897743,7.525011278137704,7.525010577107565,13.718281200455495
d:450:1.331570223671271,7.525012640011899,7.525009746938879,13.718452163279506
d:451:1.3317268365116153,7.5250116751886225,7.525010633395637,13.718295472072645
d:452:1.33169912460491,7.525012005533237,7.52500668285022,13.718319563778547
d:453:1.3316068793936697,7.525012217604691,7.52500850492618,13.718413843137201
d:454:1.3316962269456507,7.525013649885787,7.525008890806105,13.71832631374624
d:455:1.3312266795982115,7.5250119938902165,7.525007985226466,13.718793299518472
d:456:1.3312284565189785,7.52501192342882,7.525007137429498,13.71879060433934
d:457:1.33127542552438,7.525012742285552,7.525011394134182,13.718748710895355
d:458:1.3311639155810475,7.525011148479131,7.525009345603955,13.718856578502038
d:459:1.3312724332242905,7.525013400301042,7.525009163797436,13.718750130874186
d:460:1.3313928959771832,7.525015644324991,7.52500851442033,13.718631262768138
d:461:1.3313464874206922,7.525011242919769,7.525010801858179,13.718675557357255
d:462:1.3309674614448763,7.525015409974352,7.525008732897092,13.719056681426567
d:463:1.3307053679633398,7.525012360613589,7.525009441763856,13.719316434414106
d:464:1.3304043923751845,7.525010261905628,7.525006679392032,13.719612548922475
d:465:1.3313309682978165,7.525013053720059,7.52500961223797,13.718691697660212
d:466:1.3308820458497461,7.5250150899812915,7.525007786512091,13.719140830643637
d:467:1.331137716134002,7.525014540922509,7.525010011498945,13.718886836287453
d:468:1.3312454524245751,7.525015227907209,7.525008746475578,13.718778521958212
d:469:1.3313453744837407,7.525010925968989,7.525009339953855,13.718674891439102
d:470:1.3315696956181764,7.525012640011899,7.525009243926191,13.718452188319914
d:471:1.3307571393776723,7.525012742285552,7.525010077966429,13.71926568087431
d:472:1.3313903642602334,7.525013292068646,7.525006075216797,13.71862900302521
d:473:1.3311943638348094,7.525015599491471,7.525008682164847,13.718829917821509
d:474:1.3307483231736388,7.525013651435443,7.525005872238936,13.71927120050074
d:475:1.3306022253702476,7.52501102468753,7.525008811070309,13.719417610387593
d:476:1.3312076679704976,7.525011148479131,7.525008225262615,13.71881170577125
d:477:1.3310046534068842,7.525013400301042,7.525009815583555,13.719018562477713
d:478:1.3307167463952965,7.525015409974352,7.525008543327874,13.71930720690693
d:479:1.330873675449876,7.52501199592021,7.525011023813994,13.719149344284329
d:480:1.3303914678318876,7.525012940327721,7.525010954992947,13.71963242748878
d:481:1.33074583724963,7.525015227907209,7.5250089184093465,13.719278309066926
d:482:1.3301537848271554,7.525012658851342,7.5250109832618834,13.719869857286069
d:483:1.3304020057389323,7.525012410422602,7.525010386198163,13.719620790881834
d:484:1.3305990468315798,7.525015409974352,7.525009196275034,13.719425559417807
d:485:1.330701248833595,7.525013053720059,7.5250095362142195,13.719321341100684
d:486:1.3305071412193126,7.525009926732283,7.525006964397581,13.719509749910552
d:487:1.33004285951991,7.525013278320131,7.525009770035749,13.719980188835969
d:488:1.3305677946275534,7.525015644324991,7.525009029871432,13.71945687956887
d:489:1.3300386611056272,7.525012228077064,7.525011117180899,13.719984684152335
d:490:1.3301037495843762,7.5250116466606505,7.525011253984541,13.719919151060816
d:491:1.3306551353698701,7.525015227907209,7.5250090192039405,13.71936911174128
d:492:1.330398594045846,7.5250116751886225,7.525010158826273,13.71962323996905
d:493:1.3301184740193222,7.525012542573703,7.525010413198023,13.719904481752405
d:494:1.3308214515459884,7.52501217129445,7.525011425204875,13.719202144953337
d:495:1.3306444162357405,7.525012675482446,7.525007425009519,13.719375684256224
d:496:1.329994417228967,7.525015219874294,7.525010821445724,13.72003162409105
d:497:1.3303403330499641,7.525015565860034,7.525010019883777,13.719685252693846
d:498:1.3303772292964862,7.525012542979013,7.525006611100646,13.719641924783174
d:499:1.3301191345943408,7.525012004988925,7.525012155702445,13.71990502609703
d:500:1.3301441179449718,7.52501199592021,7.52501054257274,13.719878420547978
d:501:1.3301698471264913,7.525012153069979,7.525013212599713,13.719855518543202
d:502:1.3301930758670046,7.5250128084967685,7.5250081379374905,13.719827870567254
d:503:1.3297768580028233,7.525012736312638,7.525012809210189,13.720248687520003
d:504:1.3300383081001694,7.525011666685512,7.525012837293626,13.719986195878969
d:505:1.3297677813728992,7.525015644324991,7.525012341276825,13.720260204228916
d:506:1.329713280098451,7.525010748823669,7.525009020680946,13.720306489406164
d:507:1.329862914808892,7.525013404253365,7.525011187242222,13.720161676686695
d:508:1.3299249285707315,7.525014100701672,7.525011060087472,13.720100232218412
d:509:1.3299458770926442,7.525010261905628,7.525009868981252,13.720074253794236
d:510:1.3297107462415063,7.525012438613641,7.525012783682467,13.7203144760546
d:511:1.3298155483067866,7.525012039341914,7.5250115977946175,13.720208088829745
d:512:1.3300819452156016,7.525011663449234,7.525011521751696,13.71994123998533
d:513:1.329567302371201,7.525013406638865,7.525012510376782,13.720458614644446
d:514:1.3298595944376093,7.5250093317442985,7.525009331744588,13.720159069051277
d:515:1.3296349216838053,7.525013138132997,7.525010652874632,13.720388869323823
d:516:1.329664627481586,7.525013127628914,7.525010351749971,13.7203588518973
d:517:1.3291773087299124,7.525010379250214,7.525009313345591,13.720842383865893
d:518:1.3294698107080016,7.525014826159797,7.525011576115098,13.720556591566893
d:519:1.3293221761132479,7.525012172144575,7.525009822485463,13.72069981851679
d:520:1.3295294503874437,7.525012018025898,7.525010283149686,13.72049285078814
d:521:1.3294859233611938,7.525014294011934,7.525012570353102,13.720540941003842
d:522:1.3290571948542915,7.525010261905628,7.5250083195124535,13.72096138656379
d:523:1.3291386476320355,7.525015323304203,7.52500996081338,13.720886636485547
d:524:1.32983392413764,7.525014955649907,7.525009925413894,13.720190956926162
d:525:1.3291977282162915,7.525011351416891,7.525007661629588,13.720821284830189
d:526:1.329192302034544,7.525011278137704,7.525010803993303,13.720829780096464
d:527:1.3294507686872912,7.5250109689764315,7.525009574808049,13.72056977509719
d:528:1.3292351642722764,7.525012675482446,7.525010171085701,13.720787682295871
d:529:1.3293898033123774,7.5250116056109535,7.52500921838611,13.720631020684685
d:530:1.3294022800120366,7.525012018025898,7.525011086162248,13.720620824176109
d:531:1.3294101313062274,7.5250119466165355,7.525007867109503,13.720609682419811
d:532:1.3295571142256861,7.525015349708162,7.52501021962185,13.720468455104324
d:533:1.3292774228100193,7.525015323304203,7.5250107642572175,13.720748664751401
d:534:1.3290524106678454,7.525010981794239,7.525009066337047,13.72096763746344
d:535:1.3292784431375235,7.525012293369949,7.525012362863039,13.720746213095465
d:536:1.329349670705886,7.525012640011899,7.525008299835679,13.720671269141691
d:537:1.3291416132853175,7.525010156063333,7.525009724813957,13.720878267591972
d:538:1.328870304926017,7.525013394913,7.52500954343635,13.721152633423333
d:539:1.329328220845909,7.525015409974352,7.525012360026379,13.720699549154823
d:540:1.3290247161171447,7.525012640011899,7.525008627935306,13.72099655183006
d:541:1.3291534780696335,7.525011484705754,7.525009731785564,13.720867738421685
d:542:1.3293390196364747,7.52501108792617,7.525009929407503,13.720681997697199
d:543:1.3291820443885527,7.525013269550423,7.525008398493683,13.720839623655554
d:544:1.3291753195187148,7.5250151822454034,7.525011966174389,13.720851828901077
d:545:1.3289682256403417,7.525011812408941,7.525010139340881,13.721053726109481
d:546:1.32897227296621,7.525011148479131,7.525009704328003,13.721048579840923
d:547:1.329109062839592,7.52501312443916,7.525008760294759,13.720912821894327
d:548:1.3283845765514375,7.525012293369949,7.525011767098229,13.721639483916741
d:549:1.328988830333513,7.525011598624365,7.525009471738642,13.721032240029494
d:550:1.3288959745138715,7.525015599491471,7.525011912399763,13.721131537377362
d:551:1.3294503354989384,7.525013406638865,7.525012283687251,13.720575354827178
d:552:1.3288175340732007,7.525015644324991,7.525012242387346,13.721210352639137
d:553:1.3287851886506594,7.525011750039873,7.525007733738714,13.721234295127928
d:554:1.3289360233574605,7.525012035269475,7.525010428170057,13.721086440082072
d:555:1.3286645976693645,7.525010234921599,7.525008362830328,13.721354000082561
d:556:1.328506249872195,7.525010843317571,7.525009627043555,13.721514220488931
d:557:1.3290384377909188,7.525010284078944,7.525007001278943,13.720978847566968
d:558:1.3286118717846502,7.5250122664152075,7.52501143414263,13.721411828773187
d:559:1.3287222188828025,7.525011920160417,7.525010514972361,13.721300216249976
d:560:1.3286181945192457,7.525014670405192,7.525012252351439,13.721408728237385
d:561:1.3288264926283055,7.525011750409212,7.525010573125512,13.721195830906419
d:562:1.3287756435112552,7.525012540144468,7.525011282227161,13.721248178860373
d:563:1.3284280081320823,7.525014537363135,7.525009652038736,13.721596181269788
d:564:1.3286520430847197,7.525012640011899,7.525009275568161,13.721369872495341
d:565:1.3289264076892042,7.525012675482446,7.525009343375777,13.72109561116902
d:566:1.3290036976417277,7.525015047223642,7.525011985816728,13.721023335398641
d:567:1.328149830235084,7.525014811605645,7.52501175192298,13.721876733293541
d:568:1.3285358538027552,7.525012024963143,7.525009950046754,13.721486121207143
d:569:1.3285887036368536,7.5250136743118405,7.525007805488778,13.721432776163766
d:570:1.3281830481102617,7.525012675482446,7.525009243661505,13.72183887103369
d:571:1.328750703564765,7.525015035779602,7.525012140760623,13.721276472975461
d:572:1.328302327089789,7.5250128769560005,7.525010668289061,13.721721218155272
d:573:1.3284100460841248,7.525015089119663,7.5250119844088745,13.721617027444413
d:574:1.3279783171091033,7.5250116056109535,7.525007577736166,13.722040866238016
d:575:1.328052043517232,7.525012314669475,7.525011151829555,13.721971422981799
d:576:1.328049680341115,7.525010284078944,7.525006889358373,13.721967493096203
d:577:1.3278497673398526,7.525011610599481,7.525010801060019,13.722172644319649
d:578:1.3281733110954335,7.5250109689764315,7.52500948723275,13.721847145113749
d:579:1.3280596586427542,7.525010006330734,7.525006548478902,13.721956896166882
d:580:1.328361112126112,7.525012293369949,7.525010031122301,13.721661212366138
d:581:1.3275542053834126,7.525010243722877,7.525009012249751,13.722465050589216
d:582:1.3276695747466558,7.525015479064611,7.525011269843421,13.722357174161376
d:583:1.3279439053646573,7.525015364923008,7.52501218585014,13.72208364540849
d:584:1.3278114615520593,7.525014819393634,7.525011145813284,13.72221450365486
d:585:1.327593666159201,7.525011632879968,7.525009537600707,13.722427504321475
d:586:1.3278823473177965,7.525011991701119,7.5250076502805925,13.722137294663915
d:587:1.3278182035062027,7.525012024963143,7.525009224159557,13.722203045616498
d:588:1.3278741227949151,7.525015409974352,7.525011431898368,13.722152719077805
d:589:1.3276672587691927,7.525012031710197,7.525009896107952,13.722354669048958
d:590:1.327644168257775,7.525014042440751,7.525011567782618,13.722381441965593
d:591:1.327869997961125,7.525012568527484,7.525009685378581,13.72215225594494
d:592:1.3278418076191603,7.5250118577134755,7.525007149154501,13.722177199248817
d:593:1.3274252350242843,7.525013596408727,7.5250112372726745,13.722599598657117
d:594:1.327929210866122,7.525012614151512,7.525009484023318,13.722092887308708
d:595:1.3278210272134814,7.525012023647661,7.5250089571849985,13.722199953619178
d:596:1.3275218464277057,7.525012035269475,7.525009697308647,13.722499886150416
d:597:1.327676497171824,7.5250154616474445,7.52501162987272,13.72235059434834
d:598:1.3276035828092425,7.525010544722101,7.5250076658461245,13.722414627758983
d:599:1.3275513856281869,7.525013264904752,7.525008924933468,13.722470804210033
d:600:1.3275753783682198,7.525012640011899,7.525006628972648,13.722443890616326
d:601:1.3279081304444151,7.525010237989331,7.525007957534021,13.722110065078938
d:602:1.3274185062184038,7.525010158859343,7.525008181257877,13.722599833898816
d:603:1.3277573439197905,7.525012640011899,7.525006710166213,13.72226200625832
d:604:1.3275903509222307,7.525013264904752,7.525010021503647,13.722432935486168
d:605:1.327375392325763,7.525010544722101,7.525007963574422,13.72264311597076
d:606:1.327607447695673,7.525015644324991,7.525012467084394,13.722420663713713
d:607:1.3277118742180427,7.525012410422602,7.525009570028397,13.722310106232957
d:608:1.3272750874299408,7.525011663449234,7.525008663713244,13.722745239732538
d:609:1.3273509238810028,7.525012410422602,7.525009594732608,13.722671081274207
d:610:1.327024715325697,7.525015644324991,7.525012767374128,13.723003696373423
d:611:1.3272212588947827,7.525010544722101,7.5250080360846665,13.722797321911985
d:612:1.3268069724525393,7.525012438613641,7.52501049885576,13.72321596501686
d:613:1.3269391069797933,7.525008908919387,7.52500848303424,13.723078284973834
d:614:1.3266888271555572,7.525010094448927,7.525009027371708,13.723330294665079
d:615:1.3269292749398023,7.525010673111593,7.525007883916483,13.723089282088273
d:616:1.327215210949424,7.525009253757595,7.525008151327088,13.72280219413526
d:617:1.3271300153906243,7.525012018025898,7.525008795595874,13.722890798231148
d:618:1.3265590796907283,7.525013138132997,7.525012828079346,13.723466886521614
d:619:1.327253109319189,7.525012121127841,7.525010257698632,13.722769269507284
d:620:1.3266404147669189,7.525009804382182,7.525008488563099,13.723377878178363
d:621:1.3275275207838781,7.525011695749542,7.525011153798455,13.722495328764118
d:622:1.3268309654291262,7.525011819321924,7.525012078952952,13.72319293284575
d:623:1.3270315652307776,7.525010981794239,7.525011407348216,13.722990823911678
d:624:1.3269820243524784,7.5250086180447875,7.525008477025089,13.723035070717398
d:625:1.3268363113131763,7.525015018592745,7.525011058302374,13.723189765581942
d:626:1.326784698452963,7.525009573204395,7.5250071609039635,13.723232035655395
d:627:1.326707519678136,7.525012675482446,7.525012556686889,13.7233177124912
d:628:1.3269771166827713,7.525015738676878,7.525012894886561,13.723051516880668
d:629:1.3269363902998474,7.525014826159797,7.525011326430806,13.723089762290757
d:630:1.3265887454458056,7.525014811605645,7.525013000935079,13.723439067094917
d:631:1.3261887112062851,7.525011343835904,7.525010422223404,13.723833054853023
d:632:1.3275837089708133,7.525005138685065,7.525010801386152,13.722432231100404
d:633:1.3267285446458512,7.5250139258860465,7.525013088109962,13.723298469350157
d:634:1.3269385588188474,7.525012591843773,7.525009361207127,13.723083394232054
d:635:1.3270624265065365,7.52500980433097,7.525007291251413,13.722954669075847
d:636:1.3267323133211324,7.525010284078944,7.525009258738747,13.723287229496558
d:637:1.327283171947471,7.525010553781567,7.525009454234654,13.722736836068751
d:638:1.3269784028937845,7.525006350748712,7.525008987862399,13.723036935717326
d:639:1.3261804911978547,7.52501143633752,7.5250120060316945,13.72384295117136
d:640:1.3265340247190647,7.525011314008324,7.525011245268451,13.723488534557712
d:641:1.3266189733070757,7.525011257787663,7.5250107820759995,13.723403066556587
d:642:1.3262140916100744,7.525009156970001,7.525007383730756,13.723802449090682
d:643:1.3266445158281392,7.525010673111593,7.525011161527406,13.72337731881086
d:644:1.3264603711202998,7.5250116056109535,7.5250102334180635,13.723561467908718
d:645:1.3270571570012404,7.525010673111593,7.525011118773321,13.722964634883674
d:646:1.326219201144152,7.525009156970001,7.525007275874477,13.723797231700326
d:647:1.3263658408569903,7.52501183241945,7.5250105232180875,13.723656514780547
d:648:1.3265114090800036,7.5250112567612435,7.525010430131613,13.723510277812853
d:649:1.3261841651257456,7.525011201239876,7.525010455281309,13.72383749139544
d:650:1.3264624861417573,7.5250086180447875,7.525007931166004,13.723554063069034
d:651:1.3261703975286814,7.525009804382182,7.525011970271107,13.723851377124607
d:652:1.3265357469731747,7.525011314008324,7.525010669072524,13.723486236107673
d:653:1.3260706344647613,7.525009804382182,7.5250116546892984,13.72395082460672
d:654:1.3264785867763784,7.5250086180447875,7.525007640335271,13.72353767160368
d:655:1.326357570198848,7.52501191191939,7.525010137543311,13.723664479263853
d:656:1.3262146627453273,7.5250116056109535,7.5250108711938415,13.723807814059468
d:657:1.3258246247111725,7.525012436542228,7.525008423753008,13.724196235584065
d:658:1.3267219185803434,7.525009487665475,7.525009201590054,13.723296770675185
d:659:1.3261578587426008,7.525011598624365,7.525011206454764,13.723864946336528
d:660:1.3262839366707606,7.525012675482446,7.5250118716332715,13.723740610444958
d:661:1.3259933568887856,7.525011351416891,7.525012246766127,13.724030241294232
d:662:1.3260514747026928,7.525010057095439,7.525010690123562,13.723969272516308
d:663:1.3258611509695317,7.525005377719248,7.525008443667194,13.724152670416911
d:664:1.3260330870887973,7.525014739190987,7.525011116212814,13.723992768315004
d:665:1.3263449201099142,7.525009113360995,7.525009349365388,13.723673542616469
d:666:1.3259090638189228,7.525015227907209,7.5250124318016685,13.724118595889955
d:667:1.3262544237605525,7.525012410422602,7.525009945699139,13.723767932361188
d:668:1.3260457798122154,7.525006140848319,7.525009350211524,13.723969711247626
d:669:1.3259586398985412,7.525006220646342,7.525007715227231,13.724055295975031
d:670:1.3259040945926301,7.525006296296797,7.525010025622758,13.724112227326925
d:671:1.3260764344473976,7.525012642003169,7.5250089746381,13.723945182193871
d:672:1.3262908959919901,7.525014761773343,7.525012927399057,13.723736793180409
d:673:1.3255180575765841,7.525009510621221,7.525009143030368,13.724500596075004
d:674:1.3261413756228784,7.525015378008887,7.525010553819545,13.723884556205554
d:675:1.325367237361215,7.5250061493700375,7.525009977805458,13.724648889814281
d:676:1.3257470553404467,7.525009505599356,7.525010666808973,13.724273117067883
d:677:1.3257530575365504,7.525012198812851,7.525012579483481,13.724271720759782
d:678:1.3257826209516832,7.525012675482446,7.525013095294678,13.724243149825442
d:679:1.3258289430921444,7.525011750039873,7.525012392393427,13.724195199341157
d:680:1.3254657163972396,7.525010632516658,7.5250096561416555,13.724554572261074
d:681:1.325676236614811,7.52500691876591,7.525010687846941,13.72434136999804
d:682:1.3257180759785143,7.525015099435615,7.525011480245062,13.724308503702161
d:683:1.325674256916976,7.525005862805822,7.525006780267671,13.724338386156518
d:684:1.3259429829188747,7.525012675482446,7.525012684728958,13.724082377292529
d:685:1.325529958505049,7.525012293369949,7.525008731918588,13.724491066783488
d:686:1.325842367723741,7.52500727261893,7.525010501289118,13.724175406184306
d:687:1.3256103984637573,7.52500635871722,7.525008101746543,13.724404062000007
d:688:1.3257225426731782,7.525006763914845,7.525008897208487,13.724293118450154
d:689:1.3256930086262244,7.5250089509187585,7.525008974893679,13.724324917186213
d:690:1.3259295262102935,7.525015644324991,7.525011336439183,13.724097454553881
d:691:1.325417681256809,7.525010378927662,7.525009877224837,13.72460257489569
d:692:1.3257802235463707,7.525012172144575,7.525007675759627,13.724239624357832
d:693:1.3255112457604756,7.525010607296827,7.525010440507314,13.724509802043665
d:694:1.3256595077418005,7.525014323039165,7.525010678273813,13.724365493571177
d:695:1.325692337217875,7.525007754142345,7.525010870479925,13.724326287404393
d:696:1.325716942660085,7.525006350748712,7.52500732854334,13.724296736631967
d:697:1.325555633228399,7.525009156970001,7.5250101957297195,13.724463719471322
d:698:1.3255124812292607,7.52500626567767,7.525007396052618,13.724501180501028
d:699:1.3259935810186008,7.525007322738611,7.525010614054685,13.724024355774695
d:700:1.3248521588278113,7.525014670405192,7.525010154597781,13.725172666175162
d:701:1.3251890088763911,7.525011311959803,7.525011711619043,13.724834014702454
d:702:1.3251086812543882,7.525008803086424,7.525009024520277,13.724909146352314
d:703:1.3252598682066665,7.525011066777132,7.525012285238929,13.724763483809395
d:704:1.3252475709692089,7.5250128769560005,7.525009614999373,13.724774920986166
d:705:1.3254113036588269,7.525006961667192,7.5250096010543315,13.724605259062697
d:706:1.3253377665483494,7.525009029757085,7.5250092585957855,13.72468052180452
d:707:1.3249241286641436,7.525009296442368,7.525010559794589,13.725095727572814
d:708:1.325328089517079,7.525009487665475,7.525008262327744,13.724689660476141
d:709:1.325133323531647,7.525006052285304,7.52500652359483,13.724879252348488
d:710:1.3247652015200195,7.525008818852025,7.525009041047498,13.725252658379503
d:711:1.3247422288835224,7.525013651435443,7.525011874537072,13.725283297088993
d:712:1.3249880068848956,7.525006701620966,7.5250090978442525,13.725027792580322
d:713:1.3250858295018926,7.525014918372485,7.525011253706376,13.72494034257697
d:714:1.3247711418312722,7.525007435036255,7.525007371188624,13.725243664393608
d:715:1.3245017537180992,7.525010544722101,7.525009411114582,13.725518202118584
d:716:1.3250169784778016,7.525014100701672,7.52500981364222,13.72500693586609
d:717:1.3250102611873356,7.525015409974352,7.5250093602591095,13.725014509046126
d:718:1.3249143669001633,7.52501406459611,7.525008776040865,13.725108473736812
d:719:1.325051090631856,7.525015599491471,7.525010321359556,13.724974830219171
d:720:1.325048121267896,7.525012675482446,7.525011305737344,13.724975859951895
d:721:1.3249333760842656,7.525009253757595,7.525009994235736,13.725085871909066
d:722:1.3253806719050498,7.525008653358162,7.525007827175607,13.724635808628719
d:723:1.324918010777095,7.525012194716288,7.5250114853527625,13.725105669291954
d:724:1.3244301785121912,7.525007963372698,7.5250093656528865,13.725587150513393
d:725:1.3247670140854169,7.525011043975075,7.525011544171966,13.725255574061624
d:726:1.3248538624302064,7.525015409974352,7.525009014459307,13.725170562003452
d:727:1.3246767264320791,7.525009210264546,7.525007501215332,13.725339985047798
d:728:1.3248393377184673,7.525006914034022,7.525007755205815,13.725175331521369
d:729:1.3249929852855757,7.5250061493700375,7.525006423639227,13.72501958772369
d:730:1.325113042320167,7.525007222411001,7.52500774150701,13.724901921597844
d:731:1.3246631947599745,7.525009011179733,7.525007859399314,13.725353675819072
d:732:1.3249439509800514,7.525015644324991,7.525009143587291,13.72508083693223
d:733:1.3249855506253425,7.525010465449971,7.525011295672412,13.725036210497041
d:734:1.3247275058824552,7.525008803086424,7.525009814928784,13.725291112132753
d:735:1.3243560460430963,7.525011351416891,7.525011864045859,13.725667169419655
d:736:1.3245502014679573,7.525008968365483,7.525008108462173,13.725466875359698
d:737:1.3246986566084722,7.525009253757595,7.525009866009016,13.72532046315814
d:738:1.3243122256558753,7.525013142628721,7.52501069643276,13.725711613405606
d:739:1.3242989637305502,7.525014042440751,7.525008325084358,13.725723403794559
d:740:1.3246546338331218,7.525011550765568,7.525007544469203,13.725364461401648
d:741:1.3246671430261099,7.5250089208787525,7.52500894983077,13.725350727683413
d:742:1.3243660420590153,7.5250131011116865,7.525007930034403,13.725654989087074
d:743:1.3243528513964087,7.525015568540604,7.525010800518092,13.725673517662287
d:744:1.3244575431871652,7.525009804382182,7.525011428784244,13.72556368997926
d:745:1.32424024867999,7.525007406682304,7.525007613565733,13.725774771568046
d:746:1.3241170098890134,7.525014955649907,7.525010887542199,13.725908833303093
d:747:1.324194836719883,7.525005377719248,7.52500943258691,13.725819973586276
d:748:1.3240892861249147,7.525014100701672,7.525010604735884,13.725935419312641
d:749:1.324264719446834,7.525008967062645,7.525009190184577,13.725753437800389
d:750:1.3242226274502418,7.5250086180447875,7.525007848563274,13.72579383915782
d:751:1.3240800202311807,7.525010960770936,7.5250120910277065,13.725943031567462
d:752:1.3242753083117549,7.5250116308208455,7.525012919705748,13.725749242214839
d:753:1.3237248911450692,7.5250128084967685,7.525011099613511,13.72629901696521
d:754:1.3246634809285283,7.52501231743289,7.525012706675884,13.725361543180245
d:755:1.3235715337529168,7.525009891929464,7.525012044918437,13.726450403094985
d:756:1.3240553930014194,7.525005529544435,7.525009913940343,13.725960050483359
d:757:1.3238698128629967,7.52500842391314,7.525009766645496,13.726148377695639
d:758:1.3241896371819752,7.525011941222796,7.525012746772467,13.725835050813288
d:759:1.3240271318405181,7.525007200462159,7.5250077765313,13.725987845152941
d:760:1.3243339792575881,7.525012675482446,7.52501054065619,13.725689236881049
d:761:1.3239082002831406,7.525008632648939,7.525008997965531,13.726109430331329
d:762:1.3237675369130475,7.52500980433097,7.5250105246803844,13.726252792098306
d:763:1.3236940124670422,7.525012041067112,7.525011762448059,13.726329791048128
d:764:1.3239435663780288,7.525015089119663,7.525009248714562,13.726080771456196
d:765:1.323429313199199,7.525012438613641,7.525008863413516,13.726591988827959
d:766:1.3241043184383372,7.525012540144468,7.5250075495571185,13.72591577126325
d:767:1.3242250152315407,7.525014042440751,7.525007912295418,13.72579693950463
d:768:1.323913625052139,7.525014761773343,7.525010826903371,13.726111963624575
d:769:1.3239667731632725,7.525010378927662,7.525011520872366,13.726055126636755
d:770:1.32402826229964,7.525007435036255,7.525007595077038,13.725986767813653
d:771:1.3238857020760086,7.525014346446055,7.525008939811033,13.726137584181078
d:772:1.3240314859627702,7.525010006330734,7.525010099306273,13.725988619674236
d:773:1.3239087081525653,7.525010646964386,7.525008639492554,13.726110578304375
d:774:1.3239487490875756,7.525008911797968,7.5250102146875735,13.726070377397965
d:775:1.323848119221843,7.525013596408727,7.5250109928614,13.726176470048284
d:776:1.3239768902157767,7.525010042509393,7.525008979714841,13.726042132008457
d:777:1.3233421102963234,7.5250076083634925,7.52500683804803,13.7266723361152
d:778:1.3237018903105966,7.525005862805822,7.525007673793595,13.726311646288819
d:779:1.3239778397322297,7.525009156970001,7.52501079062706,13.726042107864831
d:780:1.3238965914723906,7.5250086180447875,7.525010534147709,13.726122560720107
d:781:1.3242724529428394,7.525006139749514,7.525009655936728,13.725743342743403
d:782:1.323904315527873,7.525008968365483,7.525010209528462,13.726114862366071
d:783:1.3237493332389505,7.525013406638865,7.525008325145334,13.726272398545248
d:784:1.3235395949577509,7.5250116056109535,7.525012420558082,13.726484431211285
d:785:1.323913154482673,7.525007222598365,7.5250063367973326,13.726100404913025
d:786:1.323704102690792,7.525014955649907,7.525009956729727,13.726320809688842
d:787:1.3234034874976803,7.525006548293418,7.525009859567715,13.726612920363452
d:788:1.3236027025360286,7.525012568527484,7.525010522057978,13.726420388049434
d:789:1.3234853257363355,7.525008999441681,7.525008200840159,13.726531874545504
d:790:1.323361979194189,7.525005138685065,7.525007699073759,13.726650858564636
d:791:1.3234773737805874,7.525010243722877,7.525012413922401,13.726545283864692
d:792:1.3238495960640062,7.525012675482446,7.525010143500271,13.726173222918712
d:793:1.3239495423873926,7.525015323304203,7.5250097524661275,13.726075533382938
d:794:1.323693793659233,7.525015313060801,7.525009714831168,13.726331234232736
d:795:1.323763976205198,7.525012957549047,7.525011263565057,13.726260244908906
d:796:1.3237447276620777,7.525010726460353,7.525012978074801,13.726278976873076
d:797:1.3239616390770603,7.525008110104926,7.5250102359447,13.726056706972566
d:798:1.3239583240936117,7.525008632648939,7.525010162735499,13.726060471290827
d:799:1.323727146871187,7.5250148807520425,7.525009717741313,13.726297451622168
d:800:1.323041085363739,7.5250086180447875,7.525010644966343,13.726978177647391
d:801:1.3236178462784753,7.525010510689281,7.525008905618562,13.726401570029369
d:802:1.3237861710918128,7.525008777914153,7.525010394847624,13.726233001669964
d:803:1.3232180304034777,7.525014819393634,7.525008991934151,13.726805780924309
d:804:1.3238292898863282,7.525009022217535,7.525010631841374,13.72619036417258
d:805:1.3234145887034714,7.525009284847413,7.5250109676870744,13.726605663831016
d:806:1.323609343189263,7.5250109689764315,7.5250128095919955,13.726414435379164
d:807:1.323362816430933,7.525015236697399,7.525011032643442,13.726663452909907
d:808:1.3231815968873821,7.525015644324991,7.525010708178968,13.726844755616577
d:809:1.323942063463301,7.525015263154111,7.525010891787474,13.726084091478283
d:810:1.3236652555740616,7.525014811605645,7.5250094683063145,13.726359024337897
d:811:1.323297708671232,7.525012194716288,7.525012585001187,13.726727071046243
d:812:1.323475844145861,7.525010158859343,7.52501327238704,13.726547587100523
d:813:1.323092901899157,7.525006961667192,7.525010984889745,13.726925044657781
d:814:1.3236391210686094,7.525010549257898,7.5250099183448675,13.726381346534156
d:815:1.3227456976733727,7.525011314008324,7.525013904789347,13.727279521124299
d:816:1.3231835612726819,7.525008968365483,7.525009785751012,13.726835192843811
d:817:1.3230040234315972,7.525011920160417,7.5250115198061245,13.727019416534944
d:818:1.3228474068958267,7.525008373723841,7.525012109183342,13.727173076011356
d:819:1.3226849648784285,7.525010553781567,7.525014061318987,13.727339650222126
d:820:1.3235546152585744,7.5250150899812915,7.525011454262421,13.726471928985138
d:821:1.323213724720775,7.525008575418962,7.525011791382925,13.726806642081112
d:822:1.3231346212432982,7.525007108436998,7.525011456780565,13.726883943974265
d:823:1.3231161582747824,7.525009057321298,7.525012011031944,13.72690491007846
d:824:1.3233729965955945,7.525009253757595,7.525014735390614,13.726650992552614
d:825:1.323145080714438,7.525010246035552,7.525013961809836,13.72687912713095
d:826:1.3232395594795854,7.525009487665475,7.525013751238863,13.726783679424752
d:827:1.3229929857046496,7.525006052285304,7.525013194416338,13.727026260996992
d:828:1.323462794356903,7.525008968365483,7.525010359456968,13.726556533465548
d:829:1.3232980031900912,7.525010714764304,7.525010651691534,13.726723363265746
d:830:1.3231243412171487,7.525012124546907,7.525012805093436,13.726900588423195
d:831:1.3234704426609252,7.525006548293418,7.525010762774,13.726546868406492
d:832:1.3230934182261755,7.525010726054098,7.525012397025455,13.726929704853378
d:833:1.3231356470647757,7.525009777432048,7.525014083666647,13.726888214033918
d:834:1.3230232286090828,7.525010550885429,7.525011387269488,13.726998709545834
d:835:1.3229205800051993,7.525006140848319,7.525013295050902,13.727098855894022
d:836:1.3228075717507064,7.525012675482446,7.525014292586757,13.727219396318498
d:837:1.322993050240937,7.525010896490007,7.525012263225492,13.727030109474562
d:838:1.3228165988220209,7.525007663789342,7.525011779878731,13.727202844846053
d:839:1.3227628198644048,7.525009368948931,7.525012473509139,13.727259022593664
d:840:1.3232397116024952,7.525009804382182,7.525015104014965,13.726785196794653
d:841:1.3226443509252004,7.5250110739818945,7.525013071218282,13.727379794274976
d:842:1.322978758469926,7.525011610599481,7.525013040377289,13.727045892506844
d:843:1.322767156217827,7.525010780002575,7.525013293361244,13.727256917145992
d:844:1.3226343106319938,7.525009487977609,7.525014574817734,13.72738975216335
d:845:1.3229840760208873,7.5250064300666,7.5250125519532975,13.72703490599901
d:846:1.3223278567873624,7.5250084150345,7.525011920078391,13.727692478325528
d:847:1.322641778301053,7.525009663959514,7.525014803351389,13.727382689009849
d:848:1.3223775817044991,7.525010284078944,7.525015647048487,13.727648349422932
d:849:1.32264309198378,7.525007990049533,7.525010683928455,13.727375581994208
d:850:1.3232189204360445,7.525012733107853,7.5250127033403,13.726806516012108
d:851:1.323114040073035,7.5250089509187585,7.5250109690660905,13.726905879911813
d:852:1.3232290725742182,7.525012024963143,7.525013822128466,13.72679677451739
d:853:1.32234822882781,7.5250106398636705,7.525012169687955,13.727674580723814
d:854:1.322576962338342,7.525007929380387,7.525012362132352,13.727443329174397
d:855:1.3224126266606895,7.525012675482446,7.525012201032894,13.727612249854651
d:856:1.3228206763203278,7.525010726054098,7.525011728911614,13.727201778645384
d:857:1.322582678228578,7.52500886471493,7.525012537796991,13.727438724283342
d:858:1.322415538002149,7.525008803086424,7.525011323144823,13.727604588229097
d:859:1.3224948647405235,7.525007148289279,7.52501282128787,13.727525104836626
d:860:1.3226075007813343,7.525006763914845,7.525012579267909,13.72741184240142
d:861:1.3221076298609287,7.52500691876591,7.525009950974799,13.72790923987978
d:862:1.3225712534164895,7.525008823885595,7.525009402688825,13.72744697315793
d:863:1.322050274281123,7.525010754424743,7.525011733486066,13.727972213629686
d:864:1.3230464089977065,7.525009784888359,7.525014048922114,13.726977424812766
d:865:1.322360581075591,7.525011606956603,7.525012646176528,13.72766367205754
d:866:1.322621293201605,7.525007435036255,7.525013073548201,13.727399215382851
d:867:1.3226348605737748,7.525011184528147,7.525011300518413,13.727387624472785
d:868:1.3224989308156374,7.525009804382182,7.525014206178266,13.727525079744812
d:869:1.3223743484060666,7.5250088479656645,7.525012662143642,13.72764716170324
d:870:1.322381264918107,7.525011043975075,7.525013049321145,13.727642828378112
d:871:1.3226411190568808,7.52501112682442,7.525010553066863,13.727380560834403
d:872:1.3224099292610152,7.5250086180447875,7.5250148342137875,13.72761352299756
d:873:1.3224976953671916,7.525015479064611,7.525012723886476,13.727530507583895
d:874:1.3224622730423938,7.5250112173461075,7.525011729382101,13.727560673685815
d:875:1.3222239895549972,7.525007361382604,7.525011203821423,13.72779457564903
d:876:1.3224040706173614,7.525009487665475,7.525015563340865,13.727620980388979
d:877:1.3221380511483893,7.525010780002575,7.525013519984627,13.727886248838814
d:878:1.3223782188400595,7.5250115351232765,7.525013143939362,13.727646460222578
d:879:1.3223406493750485,7.525012957549047,7.525011814926965,13.727684123100964
d:880:1.322163373968623,7.525012675482446,7.52501283814646,13.727862139660283
d:881:1.321845434228754,7.525011214214273,7.52501467230239,13.72818045228791
d:882:1.3219519256618888,7.525010553781567,7.525015289788134,13.728073917907812
d:883:1.3223870077175164,7.525006016888474,7.525012577335269,13.727631586506227
d:884:1.3218886969066919,7.525009204956309,7.525010983685299,13.728131491734915
d:885:1.3221418049111922,7.525010294246398,7.525014095838717,13.727882585173923
d:886:1.3222762217210562,7.5250099452297725,7.525014063846923,13.72774778735564
d:887:1.3216441019946892,7.525008818852025,7.525010910599433,13.728375627456769
d:888:1.3220936314021632,7.525015227907209,7.5250110878279965,13.727932684333043
d:889:1.3218494453817566,7.52500676587614,7.525013769686427,13.72817109018081
d:890:1.3219707312062017,7.525012380032241,7.52501539190608,13.72805704073212
d:891:1.3218390767614956,7.525008803086424,7.525011827532691,13.72818155385762
d:892:1.3220693272174344,7.525011585239849,7.52501400353236,13.727956261554773
d:893:1.3220840757737111,7.5250110774932395,7.52501279103923,13.72793979275876
d:894:1.3220888588951425,7.525007406682304,7.525014456268718,13.72793300405588
d:895:1.3217553789874863,7.525009723006055,7.525014389461579,13.728268733480148
d:896:1.3221410064849,7.525014761773343,7.5250128484057335,13.727886603694175
d:897:1.3216391232900442,7.525010282996773,7.525012229057241,13.72838338876397
d:898:1.3222067940761768,7.525010578869493,7.525011870324659,13.727815655117976
d:899:1.32239350025527,7.525010631645345,7.525013352513375,13.72763048390345
d:900:1.3213083018454377,7.525010515935524,7.525013163181662,13.728715377271747
d:901:1.3220332180294623,7.525011393390074,7.52501413352385,13.727992308884462
d:902:1.3218317899814913,7.52501114116755,7.5250124081724,13.72819175935846
d:903:1.3218525000440806,7.525010766493467,7.5250149727751285,13.728173239224514
d:904:1.3219162895333145,7.525012675482446,7.525011803838139,13.728108189787271
d:905:1.3215543397787197,7.525009467261983,7.5250164483770785,13.728471575860342
d:906:1.321873589726268,7.525008968365483,7.525013004780789,13.728148383420004
d:907:1.3217744480127074,7.525010449242019,7.525013693438279,13.72824969466759
d:908:1.3216296719683651,7.525010094448927,7.52501414292435,13.728394565404912
d:909:1.3216949181001425,7.5250084150345,7.525010004901202,13.72832350183556
d:910:1.3214999455278882,7.525012775930417,7.525013157760648,13.728525988163176
d:911:1.321335044741108,7.5250089848895945,7.525012597622797,13.728686537771283
d:912:1.3212754274764649,7.525012675482446,7.52501239425788,13.72874964226386
d:913:1.3218493777847833,7.525010042509393,7.525011210258445,13.728171874983055
d:914:1.3211782847526905,7.525009084699071,7.525016172226774,13.728846972173155
d:915:1.3218126021833232,7.52501223346239,7.525016043774917,13.728215675053983
d:916:1.3212578928179912,7.52501043483948,7.52501166964049,13.728764211661979
d:917:1.3217508479436066,7.525006016888474,7.525013801605613,13.72826897055048
d:918:1.3217612948210444,7.525009894595974,7.525014377920979,13.728262977695909
d:919:1.3212681466172196,7.525012805088614,7.525013317987682,13.728757976459077
d:920:1.321741876571851,7.525012448314273,7.5250165357570635,13.728287107499485
d:921:1.3216508757464318,7.525010099435065,7.525012812571704,13.728372036260337
d:922:1.3215880212486706,7.525009820700756,7.525012258633703,13.728434058085789
d:923:1.3216920990164507,7.525010555202767,7.525012442295383,13.7283308984817
d:924:1.3217082521258465,7.525012063126379,7.525016435481094,13.728320246481626
d:925:1.3216570090645732,7.525013596408727,7.5250121591003225,13.728368746444477
d:926:1.3219119804035628,7.5250103762993685,7.525015480850866,13.728113876746672
d:927:1.3215058029880193,7.525005377719248,7.5250164457486015,13.72851602047983
d:928:1.3213544593652653,7.525009482981015,7.525011276205936,13.728666299821684
d:929:1.3216566650507264,7.5250112556215045,7.525013787275658,13.728368377846436
d:930:1.3219073116165703,7.525009804382182,7.525015376537301,13.728117869302913
d:931:1.321803227308509,7.525008632648939,7.525012942327813,13.728218347668244
d:932:1.3214760091261422,7.525012984113889,7.5250159776979775,13.728552952685725
d:933:1.32157535039382,7.5250061493700375,7.525014986196832,13.728445785173049
d:934:1.3214365860338084,7.525011950030824,7.525014947525673,13.728590311522687
d:935:1.321328929499149,7.525007435036255,7.525013649862935,13.72869215540004
d:936:1.3216038902869656,7.525014286085275,7.52501580390899,13.7284261997073
d:937:1.3212751433216816,7.525008999441681,7.525010848325956,13.728744704445955
d:938:1.3212579177366202,7.525009253757595,7.525014601557639,13.728765937578615
d:939:1.3216855340101663,7.525013007833009,7.525016014822929,13.728343488645772
d:940:1.3215803666258452,7.525011119332946,7.525013472123119,13.72844422483022
d:941:1.3215269103888012,7.525007754142345,7.525013348284489,13.728494192038031
d:942:1.3214069014878937,7.5250094606082225,7.525015926441872,13.728618485562201
d:943:1.3214325593950047,7.5250116056109535,7.525013218418531,13.72859226463448
d:944:1.3210013707346704,7.52501505201681,7.525014008156463,13.729027689438603
d:945:1.3216423856292074,7.525013757959865,7.525015435403452,13.72838680773411
d:946:1.3209083556488643,7.525013246108322,7.525016447709589,13.729121338169048
d:947:1.3211729423781549,7.525013757959865,7.525016267651484,13.728857083233194
d:948:1.321137371725623,7.52501505201681,7.525014533928777,13.728892214219965
d:949:1.3217056487474181,7.5250109689764315,7.525012113246125,13.728317433475137
d:950:1.3212190201864384,7.525009113360995,7.525014758705029,13.728804851879586
d:951:1.3209428042373457,7.525007406682304,7.525014683622204,13.729079286067163
d:952:1.321410881853545,7.525011393390074,7.525012251740634,13.728612763277162
d:953:1.3211440209163037,7.525012661179075,7.525016352701361,13.728884992964133
d:954:1.32117357843984,7.525010284078944,7.5250158605622355,13.72885256620134
d:955:1.3214292260935352,7.5250080881558254,7.525013232513888,13.728592094576179
d:956:1.3209951575811214,7.525012948044537,7.5250167490932185,13.729034539556634
d:957:1.3216064763414348,7.525006350748712,7.525017196301575,13.728417070708852
d:958:1.3207673069123658,7.52501044854,7.525013341994159,13.729256483621793
d:959:1.3204917825014242,7.525009777432048,7.5250159487865105,13.729533943717135
d:960:1.3209806175455157,7.525009784888359,7.525014481463827,13.72904364880667
d:961:1.3210225207815558,7.525006164610661,7.525016221125391,13.728999864954497
d:962:1.3208383432150566,7.525014749698282,7.525016311640278,13.729192718123503
d:963:1.3212480468015713,7.52501072955685,7.525011166429496,13.728773849184774
d:964:1.3207945537206012,7.525008463581708,7.525016341803652,13.729230251664758
d:965:1.3204973936974707,7.52501451847522,7.525014160413466,13.729531285191216
d:966:1.321330372126555,7.525010282996773,7.5250133551441065,13.728693266014323
d:967:1.3207947669832798,7.525008641467014,7.525013355671469,13.729227230155203
d:968:1.320700134855965,7.525007031075116,7.525014689420986,13.729321585640136
d:969:1.3207166365784175,7.525009156970001,7.5250160131944295,13.729308533586014
d:970:1.3203628703556944,7.525009813365895,7.525015407974898,13.729662350985098
d:971:1.3205304860186793,7.525010726460353,7.525013274336094,13.729493514777769
d:972:1.3209935993371804,7.5250112567612435,7.525012254043551,13.729029911467615
d:973:1.3205889732370846,7.525010843317571,7.525012991240772,13.72943486132126
d:974:1.320282298824356,7.525010158859343,7.525014862211964,13.72974272224695
d:975:1.3210191914601133,7.5250086180447875,7.525016242065811,13.729005668650485
d:976:1.3212588856834664,7.525007613112804,7.525014072226439,13.728762799655776
d:977:1.320773947274425,7.52501043483948,7.525012321045725,13.72924880861078
d:978:1.3210045396028693,7.525010112992356,7.5250130754952576,13.729018648884745
d:979:1.321117204772115,7.525017013029626,7.525013402690328,13.72891321094784
d:980:1.3209615527393854,7.52500639499954,7.52501612001615,13.729060962276305
d:981:1.320710192319856,7.525011245807918,7.525010998610078,13.72931205209814
d:982:1.3209301669260984,7.525015203019161,7.525016144404736,13.729101180497798
d:983:1.3205118012108663,7.525006164610661,7.525015700857228,13.729510064257024
d:984:1.3209122549092207,7.525009784888359,7.525012054883502,13.729109584862641
d:985:1.320766204056957,7.525009021516103,7.5250140888433625,13.729256906302508
d:986:1.3205419818235509,7.525010199868866,7.525012941494167,13.729481159539484
d:987:1.3207498130992281,7.525009487665475,7.525013757455262,13.72927343202151
d:988:1.3203930434195001,7.525011124084351,7.52501251894577,13.729630599610621
d:989:1.3204035265374756,7.525007200462159,7.52501563002544,13.729619303950123
d:990:1.3207303488498852,7.52501863396655,7.525013215418266,13.72930150053493
d:991:1.3205470760451572,7.525010706888164,7.5250134923487275,13.729477123191733
d:992:1.3204269665838098,7.525007613112804,7.525014250974027,13.72959489750302
d:993:1.3206140578408583,7.525010057095439,7.525011201083156,13.729407200337736
d:994:1.3206534576532114,7.525014210018972,7.525015033157668,13.729375785523429
d:995:1.320572921616197,7.525009183704841,7.525011400014021,13.729447662102665
d:996:1.320592462901173,7.525010042509393,7.525012069743184,13.729429649351404
d:997:1.3202095579264643,7.525008654752568,7.525013249809719,13.729812346635823
d:998:1.3205216875060959,7.525006428778428,7.5250149136929965,13.729499654965329
d:999:1.3204494482769444,7.525006057454476,7.525014707535034,13.729571316712565
d:1000:1.320381430581472,7.5250086180447875,7.525013109893705,13.72964029735702
