data: dataset/hutter-text/text8
d:1:3.569993722689425,10.856294532262774,10.856295101705165,18.142595911278512
d:2:2.640714065430931,10.856294587138091,10.85629486621443,19.07187538792159
d:3:2.3420625030064492,10.856295287270518,10.856294288289224,19.37052707255329
d:4:2.1615587118371984,10.85629500671714,10.856295395213737,19.551031690093676
d:5:2.107413300741424,10.856296028843948,10.856294785962199,19.605177514064724
d:6:2.0906382405013417,10.856296028843948,10.856294924636547,19.62195271297915
d:7:2.073762111347932,10.856296632138251,10.856294902907088,19.63882942369741
d:8:2.0637588034062837,10.856296028843948,10.856295588922565,19.64883281436023
d:9:2.056279508141415,10.856296602829826,10.856295562033175,19.656312656721585
d:10:2.0550212329277073,10.85629761500697,10.856296296456307,19.65757267853557
d:11:2.0519123543656015,10.856296946309547,10.856295667546194,19.66068025949014
d:12:2.051039913184102,10.856297743290186,10.856296186765569,19.66155401687165
d:13:2.0501425229702335,10.856298128353902,10.856296614217877,19.662452219601548
d:14:2.045841457925473,10.856297725279289,10.856296334998373,19.666752602352187
d:15:2.039962352361364,10.85629780372863,10.856295735850374,19.67263118721764
d:16:2.0369756444875335,10.856297725279289,10.85629613892483,19.675618219716583
d:17:2.0304777414021977,10.85629780372863,10.856295217388512,19.682115279714946
d:18:2.0267070425559837,10.856298012728434,10.856296563991037,19.685887534163488
d:19:2.0214416915230444,10.856298391388727,10.856297979244461,19.69115467911014
d:20:2.019990173208651,10.856298516671982,10.856296414927963,19.692604758391294
d:21:2.0145613279081367,10.856298171699132,10.856297550333993,19.69803439412499
d:22:2.0133710360711454,10.856297449945735,10.856295972970564,19.699222386845154
d:23:2.0130763146767734,10.85629837471632,10.85629872817277,19.699520788212318
d:24:2.0151274616672232,10.856298012728434,10.856296597003855,19.697467148065066
d:25:2.0152669850796485,10.85629841580313,10.856295967446417,19.697327398169897
d:26:2.016479742061822,10.856298171699132,10.856296832596906,19.696115262234215
d:27:2.017130835341913,10.856298768019068,10.856297298291429,19.695465230968583
d:28:2.0150405976211303,10.856296350925316,10.856298416598436,19.697554169902624
d:29:2.0124656650435604,10.85629837471632,10.856297166085469,19.70012987575823
d:30:2.010783956145371,10.856298171699132,10.856296341892593,19.701810557446354
d:31:2.0056516926509715,10.856298201715893,10.856295518366013,19.706942027430934
d:32:2.0038208417357275,10.856297017737102,10.85629842106803,19.708774597069404
d:33:2.0012692741873863,10.85629853765279,10.856297896106737,19.711327159572143
d:34:1.9991424341231827,10.856298467634025,10.856296541325097,19.713452574835937
d:35:1.9963887147256187,10.856298171699132,10.8562958105622,19.716205267535713
d:36:1.9958030269361657,10.85629656527405,10.85629933522892,19.716792873566803
d:37:1.9942949869320437,10.856298838037661,10.856297654230508,19.718301505336125
d:38:1.9940440485815678,10.856297017737102,10.856298867769599,19.718551836925133
d:39:1.994118207953946,10.856296261828279,10.856299394357245,19.718477448231578
d:40:1.9961801102678294,10.856298102914103,10.856297551877509,19.716415544523784
d:41:1.9961152802953173,10.856298102914103,10.856297184936409,19.716480007555194
d:42:1.9958945251506925,10.856296877287551,10.856299553657308,19.716701905794167
d:43:1.9949828939583156,10.85629746660498,10.85630006827363,19.717614640920296
d:44:1.9935677046817801,10.85629853765279,10.856296901785338,19.71902773475635
d:45:1.9914610575880651,10.85629656527405,10.856299391359375,19.72113489904536
d:46:1.98940395377263,10.856296390147834,10.856299106674278,19.72319154304948
d:47:1.987158652130514,10.856298079038385,10.856299834049397,19.72543926095727
d:48:1.9864360825616174,10.856297017737102,10.856297625611898,19.726158560787383
d:49:1.9841050308479815,10.856296350925316,10.856296146112841,19.728487466190177
d:50:1.9840088468825634,10.856296369165158,10.856297775791086,19.72858529807368
d:51:1.9840250637740624,10.856296667127456,10.856299435992335,19.72857103934573
d:52:1.9836971234684206,10.856296542436603,10.856298526250749,19.72889794521893
d:53:1.9841182984720618,10.856298535848563,10.85629826796048,19.72847850533698
d:54:1.985106219937073,10.85629656527405,10.856298696216161,19.727489041553138
d:55:1.984570581251777,10.85629802026643,10.85630062948314,19.728028068497792
d:56:1.9846403568747526,10.856296877287551,10.856300072663528,19.727956593076325
d:57:1.9835287875008554,10.856298686456395,10.856299451477177,19.729069350432717
d:58:1.9829170657081363,10.856296652096187,10.85629894292987,19.729678529317923
d:59:1.9816069183593221,10.8562985414168,10.856298958720508,19.730990581777984
d:60:1.9813896168654104,10.85629656527405,10.856298620923752,19.731205569332392
d:61:1.9789312362385871,10.856298758636694,10.856299713874272,19.733667236272378
d:62:1.9780592898518918,10.856298521525392,10.856300927851398,19.734540159524897
d:63:1.9775280697635509,10.856299901263396,10.85629917303687,19.735071004536714
d:64:1.9752812249175449,10.85629802026643,10.856300438408152,19.737317233757036
d:65:1.9755417978362253,10.856298304821824,10.856300786506308,19.737057293491905
d:66:1.9756712834018977,10.8562985414168,10.856301040409743,19.736928298424647
d:67:1.9750573739232067,10.856296652096187,10.856297466487911,19.737536744660893
d:68:1.9766831778201208,10.856299028241814,10.856301049951703,19.735916900373397
d:69:1.9759611739973018,10.85629792672375,10.856300284898587,19.736637037625034
d:70:1.9760015781853788,10.856299028241814,10.856300423568843,19.73659787362528
d:71:1.9756864272234331,10.856300565437675,10.856299283319341,19.736913421533583
d:72:1.9750176931807601,10.856298515200844,10.856300375627203,19.737581197647287
d:73:1.973630561809486,10.856296261828279,10.856297545414222,19.738963245433013
d:74:1.9736615817558452,10.856297008092243,10.856298970623197,19.738934396959596
d:75:1.9718689587888534,10.856297112820966,10.856298911632841,19.740727065664956
d:76:1.970982062800946,10.856300896281986,10.85629985959435,19.74161869307539
d:77:1.970447832362204,10.856300761894303,10.856298648890995,19.742151578423094
d:78:1.970290645665731,10.856298758636694,10.856300201378804,19.742308314349767
d:79:1.9688346381877153,10.856300358817277,10.856298045144724,19.743763765774286
d:80:1.9694979836692497,10.85629802026643,10.856297917019697,19.743097953616875
d:81:1.9697020220090984,10.856300727319553,10.856298163446073,19.742896868756528
d:82:1.9693336863474684,10.85630047496415,10.856299927192739,19.74326671580942
d:83:1.9694569465875666,10.856297534462525,10.856296714277489,19.743137302152448
d:84:1.9690836492663202,10.856300332441938,10.856298981161814,19.743515664337433
d:85:1.9688696932653613,10.856299028241814,10.856299805617054,19.74372914059351
d:86:1.967974852443401,10.856298832832778,10.85629972252672,19.744623702916098
d:87:1.9682514224290735,10.856298643044365,10.856299261796522,19.744346482411814
d:88:1.9681748855294394,10.85629802026643,10.856297900446359,19.744421035183347
d:89:1.9658649754375688,10.856301023866248,10.856299026667921,19.746735075096602
d:90:1.9661695318242458,10.856301008354647,10.856299065030662,19.746430541561065
d:91:1.9656390223362727,10.856300603992374,10.856300851427108,19.74696243308321
d:92:1.964783696723444,10.85629867832591,10.856300071450603,19.747815053053067
d:93:1.9649089374625746,10.856301008354647,10.856298960474149,19.747691031366223
d:94:1.9639215607960878,10.856300425230856,10.85630113997289,19.74868000440766
d:95:1.9641199779731124,10.856298686456395,10.856300378438634,19.74847908692192
d:96:1.9641777196676777,10.85630093524951,10.856299515101497,19.74842273068333
d:97:1.964240204466197,10.856300425230856,10.85630126642008,19.74836148718474
d:98:1.9639655288288012,10.856300610086896,10.856298926217004,19.748634007475097
d:99:1.9632801615047448,10.856299646471232,10.856299017106416,19.749318502072903
d:100:1.96381570317644,10.856299028241814,10.856298471560986,19.74878179662636
d:101:1.9635043853797747,10.856300688409737,10.856300643442992,19.749096946472957
d:102:1.962953632446414,10.856299646471232,10.85629919672812,19.749645210752938
d:103:1.9613887223774285,10.856298663925617,10.856299470217689,19.751209411765878
d:104:1.961216301995357,10.856299797975362,10.856299224034824,19.75138272001483
d:105:1.9606281043784435,10.856300761894303,10.856300786280341,19.751973443796203
d:106:1.9603295155054106,10.856301008354647,10.856298675192185,19.752270168041424
d:107:1.960630359553491,10.856299956766378,10.856300387146312,19.7519699843592
d:108:1.9603641906381206,10.856299646471232,10.856298873474032,19.752234329307143
d:109:1.9595615502780817,10.856298950497628,10.856298917952735,19.75303631817228
d:110:1.9597779627235603,10.856299611250206,10.85630054796035,19.752822196486996
d:111:1.9597240044994741,10.8562992732411,10.856298492362194,19.75287376110382
d:112:1.959383192228735,10.85630050898574,10.856300000920445,19.75321731767745
d:113:1.9588412717435162,10.856299741448899,10.856299028467475,19.75375749817286
d:114:1.9596459999725013,10.856298832832778,10.8562992218131,19.752952054673376
d:115:1.9586613069585006,10.856301008354647,10.856300981871007,19.753940683267153
d:116:1.9590551797231406,10.856299466049412,10.856298940994598,19.753543227320872
d:117:1.9578385109530743,10.856299022322426,10.856298904513237,19.75475941588259
d:118:1.9577724069505216,10.856302104353523,10.856300852712472,19.754830550115475
d:119:1.9574962354585033,10.856301701274935,10.856301153235624,19.755106619052054
d:120:1.9574506510791636,10.856300660228527,10.856298055560398,19.75514806470976
d:121:1.9574090077076747,10.85630223118634,10.856300971248746,19.755194194727412
d:122:1.956716083766512,10.856303007035708,10.856301217424441,19.75588814069364
d:123:1.9564369581553755,10.856300507411376,10.856300788576895,19.756164337832896
d:124:1.9566036165720675,10.856301023819691,10.856301342667724,19.75599874991535
d:125:1.9559029566861632,10.856299763892116,10.856299557495536,19.756696364701487
d:126:1.95564900316176,10.856302295033213,10.856302572077507,19.75695586394896
d:127:1.9551693366084102,10.856300610975547,10.85630136253203,19.757432636899164
d:128:1.9556824640050472,10.85630093524951,10.856300159075504,19.75691863031997
d:129:1.9551102411472243,10.856298832832778,10.85630123776345,19.757489829449003
d:130:1.9553217319433074,10.856299797975362,10.856300817798248,19.757278883830303
d:131:1.954314354851789,10.856302280178225,10.856301351122012,19.758289276448448
d:132:1.9550612963573428,10.856299646471232,10.856301269023051,19.757539619136942
d:133:1.954121293154639,10.856301701274935,10.856300335978077,19.758480744098375
d:134:1.9541478181312293,10.856300185742414,10.856298798029645,19.75845116564083
d:135:1.9538189657747829,10.856299696597121,10.856298253237398,19.758778984059735
d:136:1.9534292805781455,10.856299646471232,10.856300326720813,19.7591706926139
d:137:1.9530471593734084,10.856301023819691,10.856298356539178,19.75955222098546
d:138:1.9531584099278838,10.856301008354647,10.856299101477502,19.759441699904265
d:139:1.9528632212973633,10.856301798605829,10.856298996249292,19.759737573557757
d:140:1.953496456148244,10.856302295033213,10.85630063087754,19.759106469762507
d:141:1.9528057639447027,10.856299332044834,10.856299647375394,19.759793215475526
d:142:1.9518975028429963,10.856302236607277,10.856301583224983,19.760706316989264
d:143:1.9523874723526546,10.856301023819691,10.856296947682573,19.760210499149608
d:144:1.951222742758933,10.856302295033213,10.856299132044906,19.761378684319187
d:145:1.9515154821798255,10.856299466049412,10.856299305733323,19.76108328960291
d:146:1.9507356146253763,10.856300610086896,10.856295891855423,19.761860887316942
d:147:1.9509398289224826,10.856302295033213,10.85629988202559,19.761662348136323
d:148:1.9518151392178211,10.856301023866248,10.85629726210563,19.760783146754058
d:149:1.9502959090290055,10.856302414330164,10.856301922300796,19.762308427601955
d:150:1.950077461033743,10.856301008354647,10.856297287458395,19.7625208347793
d:151:1.95021172316385,10.856299854906846,10.856300252782026,19.76238838452502
d:152:1.950389916283772,10.856299763892116,10.856298170157997,19.76220801776634
d:153:1.9500292616635662,10.856299646471232,10.856298932819481,19.762569317627147
d:154:1.9497078324138855,10.856301023819691,10.856297342229292,19.762890533635098
d:155:1.9493295342488324,10.856301008354647,10.85629607801583,19.763267552121647
d:156:1.9490511878240433,10.856303243000516,10.85629961648775,19.76355167166422
d:157:1.949452497597882,10.856301845712153,10.856297103146794,19.763146451261065
d:158:1.9486090563727778,10.856302192111272,10.856300968646345,19.76399410438484
d:159:1.948745545115294,10.856301989092774,10.856301293813921,19.7638577377914
d:160:1.9489681279436084,10.856302295033213,10.85629802347971,19.763632190569314
d:161:1.9486579394770658,10.856301701274935,10.856296329191743,19.763940090989614
d:162:1.9477752617873136,10.856301828107748,10.856296383745224,19.764822950065657
d:163:1.9476242015918075,10.856302421429431,10.856296242004555,19.76497446184218
d:164:1.9472649155569783,10.856300507411376,10.856297836831168,19.765333428685565
d:165:1.9470256379617084,10.856301467534523,10.856300197214885,19.7655760267877
d:166:1.9470791638925746,10.856299797975362,10.856293902391274,19.76551453647406
d:167:1.9472258853059934,10.856303301594387,10.856298222632226,19.76537563892062
d:168:1.9468503478801154,10.856302295033213,10.856296281344525,19.76574822849762
d:169:1.9466797417032282,10.856303182336449,10.85629748188383,19.76592092251705
d:170:1.9465647195421774,10.856302483286997,10.856298013024242,19.766035776769062
d:171:1.9460690548985191,10.856302575369144,10.856297496130566,19.76653101660119
d:172:1.946528523584746,10.85630283284269,10.85629660000317,19.766070909261114
d:173:1.9456277296392699,10.85629916931551,10.856294426167219,19.76696586584346
d:174:1.9454353428089526,10.856299466049412,10.856295298741472,19.767159421981933
d:175:1.9459335033012977,10.856302399544745,10.856297749512601,19.766666645756047
d:176:1.945943819623995,10.856303228769047,10.85629645092643,19.766655860071484
d:177:1.945631179719772,10.856302608738709,10.856297226102841,19.766968655121776
d:178:1.9453116036366325,10.856301900397748,10.856299795523952,19.767290092285066
d:179:1.9460888903058837,10.856299763892116,10.856296987648685,19.766507861234917
d:180:1.9457177455726153,10.856302295033213,10.856295056692934,19.76687960615353
d:181:1.9454286444351006,10.856302928320423,10.856294965383853,19.767169249269177
d:182:1.9451900687339787,10.856301023819691,10.8562968695939,19.767407824679612
d:183:1.9444484595191796,10.85630217072574,10.85629763290689,19.76815134411345
d:184:1.9441930358794401,10.856302140627253,10.856297806606433,19.768406911354244
d:185:1.944326278080343,10.856299596940334,10.856295149910498,19.76826846877049
d:186:1.9439579939542035,10.856301186691278,10.856299804719463,19.768642997456535
d:187:1.9442983199218453,10.856299345542741,10.856298576520876,19.76829960214177
d:188:1.9440689085916603,10.856302584973776,10.856297270207431,19.768530946589546
d:189:1.9444346143738223,10.856301882502853,10.856298464917279,19.76816573304631
d:190:1.9436623504347708,10.856299763892116,10.85629583849056,19.768933251947907
d:191:1.9437236247543161,10.856302608738709,10.85629709881967,19.768876082804063
d:192:1.9435856006489907,10.856301186691278,10.856299506880934,19.769015092923222
d:193:1.9431261049647475,10.856299659721564,10.85629790385253,19.769471458609345
d:194:1.9434635642097078,10.856301766005377,10.856298979581858,19.769137181377527
d:195:1.942334103821814,10.856302421429431,10.856297026387947,19.770265343995565
d:196:1.9424890308064278,10.856302295033213,10.856295366729924,19.77010863095671
d:197:1.9426710173271964,10.856299681415898,10.856299116712124,19.769927780800824
d:198:1.9423832530278773,10.856299522761981,10.856298699125883,19.77021496885999
d:199:1.9421373820780872,10.856303358699035,10.85629515902894,19.77046113564989
d:200:1.9427215428681883,10.856299763892116,10.85629497176403,19.76987319278796
d:201:1.9430588227381627,10.856300185742414,10.856294276635344,19.769535639639596
d:202:1.9419050509467084,10.856302887214845,10.856297322115475,19.77069515838361
d:203:1.9425843502343163,10.85630183265612,10.856297542445215,19.770015024867018
d:204:1.942124191804698,10.856299149442833,10.856298489622372,19.770473447260507
d:205:1.9418735127665556,10.856302137446757,10.856297108065611,19.770725732745813
d:206:1.9416267641230895,10.856302333693753,10.856297388661565,19.770972958232228
d:207:1.9418472497774246,10.856299681415898,10.856299664038708,19.77075209567718
d:208:1.9410054400051777,10.856299818013701,10.85629836538377,19.771592743392294
d:209:1.9416673202746821,10.856301711980871,10.856299465690121,19.770933857396308
d:210:1.9406803828462351,10.856302295033213,10.856296531998876,19.771918444185854
d:211:1.940754544595837,10.856302140627253,10.856295645253939,19.771843241285357
d:212:1.9405501226375215,10.856303228769047,10.856294393895872,19.772047500027398
d:213:1.940419530283652,10.85629970756915,10.85629880733981,19.77217898462531
d:214:1.9402450176486035,10.856301945420933,10.856298010498191,19.77235493827052
d:215:1.93969534715659,10.856299644117126,10.856299119840159,19.772903416800695
d:216:1.9402949470819095,10.856298341341162,10.8562978086835,19.772301202942753
d:217:1.939776916358749,10.856301023819691,10.856293041264161,19.772817148725103
d:218:1.939447304772802,10.856301807748972,10.856297443624397,19.773151946600567
d:219:1.939539478233577,10.856302140627253,10.856294888609725,19.7730575510034
d:220:1.9387821072050464,10.856301467534523,10.85629630330692,19.773815663636395
d:221:1.9392453423597082,10.856299345542741,10.85629868681772,19.773352690000753
d:222:1.939355783890143,10.856301828107748,10.856294300462249,19.773240344679856
d:223:1.9388937727747795,10.85630117680447,10.856297911661645,19.773705315691334
d:224:1.9390814477359761,10.856302295033213,10.856296259204473,19.77351710650171
d:225:1.9397638845868528,10.856298920062603,10.856299473249184,19.772834508724934
d:226:1.9388613671460604,10.856302734195507,10.856294918995962,19.77373628604541
d:227:1.9388671863858633,10.85629974021163,10.856298083974131,19.7737306377999
d:228:1.9385867740450067,10.856302575369144,10.856295435839181,19.774011237163318
d:229:1.9392719022100628,10.856299178582894,10.856298419815667,19.773325696188497
d:230:1.9380147807016144,10.856298681088186,10.856299286752138,19.77458318713871
d:231:1.9383864524306063,10.856299522761981,10.856299364053404,19.77421243438478
d:232:1.9378266497546441,10.85630183265612,10.8562949160515,19.774770098952974
d:233:1.937327603868333,10.85629850763788,10.856296718931999,19.77526762270155
d:234:1.9374423873281472,10.856299644117126,10.856297125948283,19.775154382737263
d:235:1.9377983855164587,10.856300219678458,10.8562984800741,19.7748003142361
d:236:1.9373372752616085,10.856296138533853,10.8562999765811,19.775258839853347
d:237:1.9367308348242602,10.8562958482811,10.856299509492723,19.77586452294956
d:238:1.9378147461681685,10.856300839974882,10.856297106289313,19.774783200096028
d:239:1.9373344497866896,10.856298770253582,10.856297209554626,19.775261530021517
d:240:1.9371487828142158,10.856302295033213,10.856293992151697,19.775447504370693
d:241:1.9370042185391014,10.856302295033213,10.856293754219356,19.775591830713466
d:242:1.936635242123124,10.856300145615783,10.8562964022232,19.77596130571586
d:243:1.9360333964205232,10.856301882502853,10.856294638956683,19.776563125039015
d:244:1.9363520581193896,10.85629912940556,10.856296644534016,19.776243715820186
d:245:1.9361389859944182,10.856302295033213,10.856292882944567,19.776456191983364
d:246:1.9363570428544996,10.8562958482811,10.856298307567744,19.776237112994345
d:247:1.9367366634006906,10.856297486215388,10.856299706475305,19.775860529290004
d:248:1.9363096768109962,10.856301186691278,10.856296232594254,19.776287742474533
d:249:1.9367958083373118,10.856302274870934,10.856291958998701,19.775798425532326
d:250:1.9360537748852984,10.8562958482811,10.856296964969955,19.776539038365758
d:251:1.9358333444575635,10.856295577878189,10.856296831805983,19.776759065226607
d:252:1.935610262002232,10.856298278383065,10.856299332964575,19.776987349345408
d:253:1.935249445280558,10.856302340852952,10.856293033254463,19.777345928826858
d:254:1.9358266404250841,10.85629954400588,10.85629756832345,19.776770471904246
d:255:1.9352440071008559,10.856302483286997,10.856294454168498,19.77735293035464
d:256:1.935555325159445,10.856299544999725,10.856297796137735,19.777042015978015
d:257:1.9352444123650585,10.856302694894552,10.856294606618723,19.77735288914822
d:258:1.9347161727211812,10.856299644117126,10.856294962382883,19.777878433778827
d:259:1.93526282885772,10.85630183265612,10.856294754529442,19.777333758327842
d:260:1.9344888317977365,10.856299644117126,10.856295837452596,19.778106649771985
d:261:1.9350080521586293,10.856303032756479,10.856292213378827,19.77758719397668
d:262:1.9350201132795597,10.85629912940556,10.856294687183373,19.777573703309375
d:263:1.9338559004463995,10.856299947088235,10.856296315287421,19.778740361929255
d:264:1.9342546118986519,10.856299824568278,10.856295126276892,19.77834033894652
d:265:1.9345218460837046,10.856300079573222,10.85629684197804,19.778075075467555
d:266:1.934011754981114,10.85629912940556,10.856293587538298,19.778580961962746
d:267:1.9334498549457138,10.85629738456108,10.856297936525579,19.779145466140946
d:268:1.9345707843633626,10.856301945420933,10.856291748248502,19.77802290930607
d:269:1.9339222823301405,10.856300219678458,10.856293782517133,19.77867171986545
d:270:1.9336551178388213,10.85630189453738,10.856291415848789,19.778938192547347
d:271:1.9343250257347009,10.856298278383065,10.856297113018252,19.778270365666614
d:272:1.9338253479534337,10.856301700809716,10.856293624136045,19.778769976992326
d:273:1.9328596278789192,10.856301882502853,10.856293423173941,19.779735677797873
d:274:1.9332812809522864,10.856297808967145,10.856296126756536,19.779312654771395
d:275:1.9336840129962134,10.856301467534523,10.85629338610285,19.77891084064116
d:276:1.9333733456766922,10.856302140627253,10.856293014005235,19.779221808955796
d:277:1.9331276433799047,10.856296497934622,10.856294539230769,19.779463393785484
d:278:1.9335520730367541,10.856297873181001,10.856296843197761,19.779042643342006
d:279:1.9336602368704625,10.856300553143843,10.856295662922896,19.778935979196277
d:280:1.9332709643233237,10.856296057678827,10.856296624435242,19.779321717790747
d:281:1.9330733482386115,10.856297486215388,10.856294840904429,19.779518978881203
d:282:1.9323312121745957,10.856301586984586,10.856293274191133,19.78026364900112
d:283:1.93257936926058,10.85630183265612,10.856293095825343,19.780015559220885
d:284:1.932547881665112,10.856299912523419,10.856295327871557,19.780047358729863
d:285:1.9330242915817024,10.856298653052905,10.856293214087364,19.779567575558566
d:286:1.9325528712125468,10.856297581243636,10.856295875244218,19.780040585275305
d:287:1.9323127005594962,10.8562958482811,10.85629369999722,19.780276847718824
d:288:1.9321844867975528,10.856294987489814,10.856296641453834,19.780407142146096
d:289:1.9321655542308953,10.856298235157364,10.856294850703156,19.780427531629623
d:290:1.9317808767937699,10.856297319345348,10.856293215924545,19.780809658476123
d:291:1.9310204753431783,10.856301766005377,10.856292832064481,19.781574122726678
d:292:1.932005799253826,10.856302140627253,10.856288657683201,19.78058499905663
d:293:1.9315530656178161,10.85630015816698,10.856290493925387,19.78103758647455
d:294:1.9311802852333955,10.856293974738932,10.856296040757565,19.7814097302631
d:295:1.9316597356636613,10.856296885577557,10.85629576497509,19.780932914888986
d:296:1.9320089300765027,10.85630183265612,10.856289199486444,19.78058210206606
d:297:1.9317193379729183,10.856296600913234,10.85629279472517,19.780870057665485
d:298:1.9316477060525408,10.85629995965924,10.856293604747359,19.78094585835406
d:299:1.9314180592877435,10.856297646023721,10.856292336671716,19.781171923407694
d:300:1.9300803781308495,10.856301467534523,10.856289303719128,19.782510393122802
d:301:1.930229471743143,10.856297631470941,10.856293584676884,19.78236174440468
d:302:1.9312925223216872,10.856297808967145,10.856292215846338,19.781297502491796
d:303:1.9306694751023485,10.856293937294781,10.856295602023705,19.781920064216138
d:304:1.9308646087386663,10.85629912940556,10.856289117073247,19.781723637740143
d:305:1.930670950075367,10.856293656497416,10.856295052997394,19.781917759419443
d:306:1.9300584472527973,10.85629766471499,10.856291992743305,19.782531210205498
d:307:1.930481249999172,10.856297319345348,10.856291089259592,19.78210715860577
d:308:1.9297907371256287,10.856296057678827,10.856292417148572,19.78279773770177
d:309:1.9302500888083785,10.856302333693753,10.856287910729415,19.78234015561479
d:310:1.9310727368708918,10.85629604669817,10.856292375892648,19.781515685719928
d:311:1.9302800982345794,10.856300920951824,10.856288914214842,19.78230973693209
d:312:1.9304029830002527,10.856296266545007,10.856294446104409,19.782187729649163
d:313:1.9300666586679398,10.856293738432738,10.856293837793292,19.782520917558088
d:314:1.9303827282061015,10.856293653601496,10.856293481257365,19.78220440665276
d:315:1.9299432186351808,10.856294948560087,10.856294029890622,19.78264575981553
d:316:1.9295542026031463,10.856298835984166,10.856293668733823,19.783038302114843
d:317:1.929902713186884,10.856299758110572,10.856288310498869,19.782685355422558
d:318:1.9304818335940652,10.856296910390807,10.856292193777088,19.78210727057383
d:319:1.9294341627149656,10.8562966147052,10.85629454153642,19.783156993526653
d:320:1.92916163363601,10.856299544999725,10.856289272376719,19.783427183740432
d:321:1.929786315188796,10.85629450393689,10.856294076710505,19.7828022654586
d:322:1.9297886738541905,10.856298681088186,10.85628779925213,19.782797806486123
d:323:1.9292830203697804,10.856293942713135,10.856293464260785,19.78330438660414
d:324:1.9292258825896234,10.856298341341162,10.856288731256575,19.78336119000811
d:325:1.9294394999699698,10.85629449726377,10.856294401125545,19.783149398419344
d:326:1.9291870355326601,10.85629832221634,10.856288394351255,19.783399681034933
d:327:1.9291068421585074,10.85629450393689,10.856294016914124,19.783481678692507
d:328:1.928597564602999,10.856299818013701,10.856290821556758,19.78399307496746
d:329:1.9293122003393819,10.856297631470941,10.856291946711728,19.783277377843287
d:330:1.9293935471524861,10.85629987531199,10.856294484893372,19.783200813052876
d:331:1.9287060762171215,10.856299543190687,10.85628973185257,19.783883198826135
d:332:1.9287352075867972,10.856298278383065,10.856292770842813,19.78385584163908
d:333:1.928690644740513,10.856294948560087,10.856295123791803,19.783899427611377
d:334:1.928067773768447,10.856297289753874,10.85629680178791,19.784526317773334
d:335:1.9281917296244373,10.856298418371923,10.856296648835327,19.784403337582813
d:336:1.9290344644490176,10.856296266545007,10.856295839105673,19.78355764120166
d:337:1.9291220656200245,10.856296212560196,10.856292960124955,19.783467107065125
d:338:1.928459992229854,10.856299644117126,10.856291901136835,19.784131553024107
d:339:1.9282116764914257,10.856299339256054,10.856296368433934,19.784384031198563
d:340:1.9281879626241363,10.856298235157364,10.856292626586328,19.784402899119556
d:341:1.9279782784631934,10.85629515678226,10.856294922615659,19.784611800934726
d:342:1.9278151937460386,10.85629912421734,10.856296634889075,19.784780565360375
d:343:1.9278949724199244,10.856299814960549,10.856296332663103,19.784701175203725
d:344:1.9275037864630349,10.856297289753874,10.856296317102398,19.78508982039324
d:345:1.9271326689021144,10.856298292460469,10.856294846348279,19.785460469906635
d:346:1.9281748452850849,10.856300839974882,10.856289215174435,19.784415209864232
d:347:1.9273726822869115,10.856296600913234,10.856293489995963,19.785217408622284
d:348:1.9268736302834348,10.856294987489814,10.856292665979158,19.785714023185538
d:349:1.9276660794645473,10.85629507155196,10.856292668406589,19.784921660494003
d:350:1.9269408750675368,10.8562958482811,10.856292325199739,19.785647298413302
d:351:1.9270805037920091,10.856297331599379,10.856295342038656,19.785512169846026
d:352:1.927797363840952,10.856299824568278,10.856291507218184,19.78479396794551
d:353:1.9268499572636735,10.85629770840965,10.856294566438939,19.785742317584916
d:354:1.927696501709928,10.856296138533853,10.856292330856807,19.784891967680732
d:355:1.9266398392204422,10.856297489144044,10.856293394586714,19.785951044510316
d:356:1.9270125254358348,10.85629738456108,10.856294441794118,19.785579300919363
d:357:1.926418015907565,10.856296266545007,10.856295329622535,19.786173580259977
d:358:1.9267007692505942,10.856294834791658,10.856293795270995,19.78588786081206
d:359:1.9270445285299616,10.856296497934622,10.856292153159268,19.785544122563927
d:360:1.9265790560015823,10.856298418371923,10.85629549645217,19.786014858822508
d:361:1.926505022175835,10.856297009489824,10.856295468668613,19.7860874559826
d:362:1.926647188355318,10.85629932660404,10.856296201030752,19.78594833927947
d:363:1.9261001153640898,10.856296600913234,10.856291827000934,19.78648831255008
d:364:1.9261333307245856,10.856296266545007,10.856294405806429,19.78645734162685
d:365:1.9260277656880653,10.856296435843102,10.856294948086845,19.786563618241882
d:366:1.9271453261615932,10.85629766471499,10.856292284214009,19.785444622767407
d:367:1.9260893228250069,10.856299742343078,10.856297344190496,19.786507763708567
d:368:1.9267429903566509,10.856297009489824,10.85629599771787,19.785850016851043
d:369:1.925800479840948,10.856295790350606,10.856294325649387,19.786789636159046
d:370:1.9256483639516837,10.856299240273428,10.856289873648825,19.78694074997057
d:371:1.9260534257176865,10.856300079573222,10.856290356856054,19.786537010711587
d:372:1.9258714761678632,10.85629787938584,10.856294902817663,19.786721306035638
d:373:1.9263008644955377,10.85629782424281,10.85629429309412,19.786291252841394
d:374:1.9256458538558086,10.856293942713135,10.856293452844884,19.78694154170221
d:375:1.926122692441787,10.8562958482811,10.85629069515657,19.786463850995883
d:376:1.9250573996289653,10.856298418371923,10.856296379609425,19.78753739835238
d:377:1.9258599864408943,10.856299015226638,10.856296279981299,19.786735308767042
d:378:1.9254572411766269,10.856298278383065,10.856293972142982,19.78713500934942
d:379:1.9252767034454514,10.8562988441037,10.85629654812143,19.787318688779678
d:380:1.925941073922825,10.856296435843102,10.856293844592287,19.786649206512564
d:381:1.9254314085778041,10.85629954400588,10.85629284311082,19.787160978538896
d:382:1.9246805953473043,10.856297319345348,10.856292411165004,19.787909135163048
d:383:1.9254210413969943,10.856298882905108,10.856290014759702,19.787167856267814
d:384:1.9254485743194856,10.856294987489814,10.856294607994032,19.787141021164363
d:385:1.925171125289463,10.856296057678827,10.856294585956531,19.787419518345896
d:386:1.9254810293573712,10.856296846270336,10.856293242448745,19.78710905936171
d:387:1.9246491663163532,10.856299644117126,10.85629275423448,19.78794323203525
d:388:1.9248790947585093,10.856297905335204,10.856295245600583,19.78771405617728
d:389:1.924884359028912,10.856295853662292,10.856290105280276,19.787701599913657
d:390:1.9245856767956013,10.856299644117126,10.856291726946425,19.78800569426795
d:391:1.9247714332373569,10.856298902135187,10.856294682006295,19.787822150904123
d:392:1.9243522962392277,10.856299814960549,10.8562953987597,19.78824291748102
d:393:1.9251315462305776,10.85629748229629,10.856292018478705,19.78745795454442
d:394:1.9247076958257878,10.856295128540241,10.856293072388715,19.787880505103168
d:395:1.9250868863066053,10.8562958482811,10.856288798346812,19.787497760321305
d:396:1.9240238377000018,10.856295689964046,10.856292226033995,19.78856407829804
d:397:1.9241649511058476,10.856297593108255,10.85629116027299,19.7884238022754
d:398:1.9240934155828775,10.856297666000872,10.856296380759906,19.7885006311779
d:399:1.924045202685292,10.85629912421734,10.856294791157051,19.7885487126891
d:400:1.9237250443130698,10.856299544999725,10.856289472373975,19.788863973060632
d:401:1.9246175049267862,10.85629850763788,10.856288378831048,19.78796938154214
d:402:1.9246926428715128,10.856298418371923,10.85629405429616,19.787899829796572
d:403:1.923502964417679,10.856299015226638,10.856294809261732,19.78909086007069
d:404:1.9231285096009358,10.856299806777711,10.856292292584424,19.789463589761198
d:405:1.9242386958471087,10.856296600913234,10.856290713956122,19.788348619022248
d:406:1.9228689161774142,10.85629808714459,10.856296161003831,19.789725331971006
d:407:1.9235256938156446,10.856296846921648,10.856296004067275,19.789067157173278
d:408:1.9239858714648257,10.856296266545007,10.856294151100663,19.788604546180846
d:409:1.9234474650183202,10.856299369021984,10.856295287986772,19.789147191990438
d:410:1.9233123969161952,10.8562958482811,10.856292928775876,19.78927638014078
d:411:1.9230708756059087,10.856297808967145,10.856291439348547,19.789518372709786
d:412:1.922614080447513,10.856297545913046,10.856297013699724,19.789980479165255
d:413:1.9233219448268528,10.856296342662672,10.856295506085909,19.789269903921728
d:414:1.9227614228854506,10.856295689964046,10.856295383716978,19.789829650795575
d:415:1.9226753310501827,10.856295912750733,10.856294487487023,19.789915069187575
d:416:1.9230598185621517,10.856298760210011,10.856294910213474,19.789533851861336
d:417:1.923052601702068,10.856296786787134,10.856294759718764,19.78953894480383
d:418:1.9236020950073858,10.856293942713135,10.856295848172675,19.788987695878422
d:419:1.9231661263440785,10.85629738456108,10.85629359211769,19.78942485033469
d:420:1.9224530254882843,10.856296443693797,10.856297747181186,19.790141165386697
d:421:1.9228421672589988,10.856296938126754,10.856295398900452,19.789750169768205
d:422:1.9226057303582387,10.856297971615223,10.85629792865947,19.789990169916454
d:423:1.922263161442391,10.856298418371923,10.856295523489743,19.790330780419275
d:424:1.9223032462201814,10.856297521035815,10.856299400002264,19.790293674817896
d:425:1.922197928730867,10.856295283712315,10.856295499712243,19.790392854693692
d:426:1.922297914579186,10.856294834791658,10.856296896487256,19.790293816699727
d:427:1.9229459870324384,10.856297842460236,10.856295317666493,19.78964717309429
d:428:1.9219811449949766,10.85629791827331,10.856298240891233,19.790615014169564
d:429:1.9220799137635254,10.856297581243636,10.856292618469109,19.790510285949217
d:430:1.9225076763152131,10.856302687998435,10.856295718266907,19.79009072995013
d:431:1.9226358870921771,10.856294654138749,10.856294592207359,19.78995335925393
d:432:1.92171708562514,10.856301221608769,10.856294494539283,19.79087863052291
d:433:1.9216445730842402,10.856303128827726,10.856295656794055,19.79095421253754
d:434:1.9225415716566445,10.856298856710989,10.856296486228107,19.79005377128245
d:435:1.9223290620787878,10.856299015226638,10.856294916802453,19.790264869950303
d:436:1.9223687607400102,10.856298951775113,10.856296516818018,19.79022670785312
d:437:1.9219819538048881,10.856297009489824,10.85629672498098,19.790611780665916
d:438:1.921725474946843,10.856298124827248,10.856297326858154,19.79086997673856
d:439:1.9218988405447384,10.856293656497416,10.856293134828384,19.79068795078106
d:440:1.9219255505665274,10.856296057678827,10.856292255214589,19.79066276232689
d:441:1.9209941688854606,10.85629784379143,10.856296053961042,19.79159972886701
d:442:1.9212242840285434,10.856296266545007,10.856294071811098,19.79136605432756
d:443:1.9213966020096187,10.856298680885791,10.85629354963048,19.791195628506653
d:444:1.9213858664412733,10.856297561825755,10.856288956129701,19.791200651514185
d:445:1.9209276003966167,10.856301952930624,10.856292265224447,19.79166661775845
d:446:1.9218832366881813,10.856294834791658,10.856291845883606,19.790703443987084
d:447:1.9217019588992734,10.85630133389943,10.856292670482471,19.790892045482625
d:448:1.9213104833454508,10.856296711456489,10.856290721826916,19.791276949937952
d:449:1.9212956384154722,10.856296453602786,10.856295442230078,19.791296257417393
d:450:1.9210497582859887,10.856298418371923,10.856294244549831,19.791542904635765
d:451:1.921275702854075,10.856297026426171,10.8562955234366,19.791316847008694
d:452:1.9212357230236776,10.856297503012712,10.856289824004323,19.791351603993355
d:453:1.921102641314885,10.856297808967145,10.85629245270427,19.79148762035653
d:454:1.921231542585005,10.85629987531199,10.856293009411322,19.79136134213831
d:455:1.9205541289554162,10.856297486215388,10.856291702936073,19.792035060196042
d:456:1.920556692510175,10.85629738456108,10.856290479823594,19.7920311718745
d:457:1.9206244544613824,10.856298565921625,10.85629662095033,19.791970732410572
d:458:1.9204635796190814,10.856296266545007,10.856293665545929,19.792126352471854
d:459:1.9206201374848568,10.856299515237312,10.856293403254567,19.791972781007022
d:460:1.9207939285010518,10.856302752679532,10.85629246640144,19.791801290579922
d:461:1.9207269751067813,10.856296402794042,10.856295766476673,19.791865194163933
d:462:1.9201801562110958,10.85630241458303,10.856292781596776,19.79241503996871
d:463:1.9198020352450484,10.856298015285377,10.856293804275348,19.792789784315676
d:464:1.9193678192566281,10.856294987489814,10.856289819015215,19.7932169872484
d:465:1.9207045857451135,10.856299015226638,10.856294050217496,19.79188847969902
d:466:1.9200569275555743,10.856301952930624,10.856291416251834,19.792536441626883
d:467:1.92042578180682,10.856301160806243,10.856294626229326,19.792170005228748
d:468:1.920581212418906,10.856302151915667,10.856292801186392,19.792013740683153
d:469:1.9207253694781201,10.856295945530723,10.85629365739455,19.791864233447154
d:470:1.921048996466375,10.856298418371923,10.856293518855924,19.791542940761474
d:471:1.9198767256077112,10.856298565921625,10.85629472212164,19.792716562435555
d:472:1.9207902760055617,10.856299359090968,10.856288947374594,19.79179803046
d:473:1.9205075071638227,10.856302687998435,10.856292708405618,19.792087889240232
d:474:1.9198640065139223,10.856299877547661,10.856288654539439,19.792724525573178
d:475:1.9196532319374668,10.85629608795148,10.856292894376887,19.7929357503909
d:476:1.920526700974417,10.856296266545007,10.856292049235034,19.792061614805622
d:477:1.9202338128702543,10.856299515237312,10.856294343583167,19.792360045950225
d:478:1.9198184508524214,10.85630241458303,10.856292508106206,19.792776471836813
d:479:1.9200448516211743,10.856297489144044,10.856296086691227,19.792548724214097
d:480:1.9193491730820647,10.856298851636085,10.85629598740345,19.79324566595747
d:481:1.9198604200836442,10.856302151915667,10.856293049234385,19.792734781066407
d:482:1.9190062689898184,10.856298445551506,10.856296028186899,19.793588204748588
d:483:1.9193643760682768,10.85629808714459,10.85629516680603,19.793228877882346
d:484:1.9196486462754585,10.85630241458303,10.856293450109836,19.792947218417407
d:485:1.9197960925969788,10.856299015226638,10.856293940538407,19.792796863168068
d:486:1.9195160545045056,10.85629450393689,10.856290230191304,19.793068679623687
d:487:1.9188462375991122,10.856299339256054,10.856294277871573,19.793747379528515
d:488:1.9196035588757745,10.856302752679532,10.856293210040187,19.792992403843943
d:489:1.9188401805676882,10.856297824075595,10.856296221391204,19.793753864899113
d:490:1.918934083393232,10.856296985269019,10.85629641875714,19.793659320632926
d:491:1.919729564931579,10.856302151915667,10.856293194650249,19.792865781634337
d:492:1.9193594540355932,10.856297026426171,10.856294838777734,19.79323241116831
d:493:1.918955326262477,10.856298277798327,10.8562952057586,19.793638157294453
d:494:1.9199695084539954,10.856297742155595,10.856296665775865,19.792624899477467
d:495:1.9197141004898484,10.856298469545115,10.856290894713858,19.792875263769126
d:496:1.9187763501461923,10.856302140326617,10.856295794735527,19.79382158491595
d:497:1.9192754011857431,10.856302639478537,10.856294638326087,19.793321876618883
d:498:1.9193286312176134,10.856298278383065,10.85628972049156,19.79325936765701
d:499:1.918956279270791,10.856297502227438,10.85629771966109,19.793638942617736
d:500:1.918992322626817,10.856297489144044,10.856295392406858,19.793600558924087
d:501:1.9190294419894336,10.856297715863242,10.856299244441535,19.793567518315346
d:502:1.9190629539782016,10.856298661444221,10.856291923251513,19.79352763071753
d:503:1.918462478529591,10.856298557304537,10.856298662473469,19.794134741248413
d:504:1.9188396712884526,10.856297014158782,10.8562987029893,19.79375604585963
d:505:1.9184493837205707,10.856302752679532,10.856297987388325,19.794151356347285
d:506:1.91837075500219,10.856295689964046,10.856293196781113,19.79421813174297
d:507:1.9185866322569431,10.85629952093931,10.856296322468324,19.79400921115069
d:508:1.9186760992036156,10.856300525701819,10.85629613902279,19.79392056552099
d:509:1.9187063215323015,10.856294987489814,10.856294420619765,19.793883086577278
d:510:1.9183670994194273,10.856298127815668,10.856298625644751,19.79422965404099
d:511:1.9185182968392311,10.856297551788327,10.856296914770228,19.794076169719325
d:512:1.9189026263384648,10.856297009489824,10.856296805063486,19.793691188214844
d:513:1.91816015365902,10.856299524380857,10.856298231347994,19.79443760206983
d:514:1.918581841973758,10.856293645550672,10.856293645551085,19.794005449127997
d:515:1.9182577077060152,10.856299137008774,10.85629555153885,19.79433698084161
d:516:1.918300564113128,10.856299121854581,10.856295117107793,19.794293674849246
d:517:1.9175975117668251,10.85629515678226,10.85629361900695,19.794991264022382
d:518:1.91801950292,10.856301572316656,10.856296883493288,19.794578952889946
d:519:1.9178065112223344,10.856297743382072,10.856294353540518,19.794785585700257
d:520:1.9181055447898068,10.856297521035815,10.856295018138509,19.794486994384517
d:521:1.918042748564833,10.856300804589575,10.856298317875527,19.794556373900267
d:522:1.9174242240740824,10.856294987489814,10.856292185208812,19.795162948624544
d:523:1.9175417355926072,10.856302289544438,10.856294553105524,19.795055107057355
d:524:1.9185448075593108,10.856301759131403,10.85629450203485,19.794051453606944
d:525:1.9176269708585387,10.856296559322308,10.856291236084465,19.794960824548234
d:526:1.9176191425330202,10.856296453602786,10.856295769557006,19.79497308062677
d:527:1.917992031091142,10.85629600757735,10.856293996217538,19.794597972703745
d:528:1.9176809796707843,10.856298469545115,10.856294856464348,19.794912346338677
d:529:1.9179040766471154,10.856296926046815,10.856293482009377,19.79468633140908
d:530:1.9179220767198366,10.856297521035815,10.856296176640749,19.794671620956727
d:531:1.9179334037430849,10.856297418013881,10.856291532529308,19.794655546800104
d:532:1.918145455272061,10.85630232763729,10.85629492648721,19.79445179885244
d:533:1.9177419458536882,10.856302289544438,10.856295712229965,19.794856055920715
d:534:1.917417321952044,10.856296026069538,10.856293262648945,19.79517196676644
d:535:1.91774341787508,10.85629791827331,10.856298018530643,19.79485251892887
d:536:1.9178461775347628,10.856298418371923,10.856292156821226,19.794744397658384
d:537:1.9175460141258789,10.856294834791658,10.856294212630319,19.7950430332961
d:538:1.9171545989013516,10.856299507464003,10.856293950957744,19.795438859520395
d:539:1.9178152319281558,10.85630241458303,10.85629801443821,19.794785197093084
d:540:1.917377367161098,10.856298418371923,10.856292630168928,19.795213681379753
d:541:1.917563131391372,10.85629675161749,10.856294222688227,19.795027842914347
d:542:1.917830811289729,10.856296179185547,10.856294507796413,19.794759875692232
d:543:1.9176043438780184,10.85629932660404,10.856292299154637,19.79498728188066
d:544:1.9175946419416547,10.856302086039605,10.856297446229902,19.795004890327853
d:545:1.9172958686302835,10.856297224393243,10.85629481066625,19.79529616642921
d:546:1.9173017076873045,10.856296266545007,10.856294183075336,19.79528874193304
d:547:1.91749905375924,10.856299117252739,10.856292821123258,19.795092884616757
d:548:1.916453840984154,10.85629791827331,10.856297159023706,19.796141236312863
d:549:1.9173255949189922,10.8562969159673,10.856293847519813,19.795265168568122
d:550:1.9171916322884464,10.856302687998435,10.856297368649512,19.7954084243595
d:551:1.9179914061325043,10.856299524380857,10.85629790430413,19.794606022552482
d:552:1.9170784666536882,10.856302752679532,10.856297844720963,19.795522130746807
d:553:1.9170318020730193,10.856297134413705,10.856291340115938,19.795556672456623
d:554:1.9172494105565008,10.856297545913046,10.856295227358677,19.795343362715222
d:555:1.9168578260623264,10.856294948560087,10.856292247703289,19.79572937020105
d:556:1.9166293784806534,10.856295826289942,10.85629407157745,19.79596051938674
d:557:1.9173971633517866,10.856295019479143,10.856290283399858,19.795188139527212
d:558:1.916781758689865,10.85629787938584,10.85629667867032,19.795812799366296
d:559:1.9169409559011648,10.85629737984577,10.856295352587926,19.795651776532534
d:560:1.9167908804677722,10.856301347610266,10.85629785909611,19.795808326238603
d:561:1.9170913911167276,10.85629713494655,10.856295436485198,19.79550118031502
d:562:1.9170180313477694,10.856298274293687,10.856296459502627,19.795576702448546
d:563:1.9165164995101307,10.85630115567115,10.856294107637869,19.79607876379889
d:564:1.9168397136253041,10.856298418371923,10.856293564505636,19.795752269252255
d:565:1.9172355380796198,10.856298469545115,10.856293662331348,19.795356593796843
d:566:1.9173470439108264,10.856301891244373,10.856297474567798,19.795252321901344
d:567:1.916115173637703,10.856301551319465,10.85629713713045,19.796483514812213
d:568:1.916672087924443,10.856297531044136,10.856294537572554,19.795919980692247
d:569:1.9167483341179725,10.856299910551328,10.856291443629397,19.79584302006275
d:570:1.916163096901471,10.856298469545115,10.856293518474061,19.796428891117706
d:571:1.9169820506106028,10.856301874734116,10.856297698104585,19.7956175222281
d:572:1.9163351800937107,10.856298760210011,10.856295573777167,19.796259153893466
d:573:1.9164905857526264,10.85630195168756,10.856297472536697,19.796108838471632
d:574:1.9158677325014004,10.856296926046815,10.856291115051842,19.796720308597255
d:575:1.915974097224769,10.856297949002041,10.856296271378651,19.796620123155925
d:576:1.9159706878822895,10.856295019479143,10.85629012193261,19.79661445352946
d:577:1.9156822743867856,10.856296933243742,10.856295765325171,19.796910424182126
d:578:1.9161490493584488,10.85629600757735,10.856293869873086,19.79644082809199
d:579:1.9159850835286107,10.856294618773173,10.856289630147485,19.796599165392045
d:580:1.916419988974063,10.85629791827331,10.856294654539845,19.79617258383909
d:581:1.915255868617951,10.856294961257644,10.85629318461747,19.797332277257166
d:582:1.915422311426184,10.856302514259205,10.856296441636662,19.797176644469683
d:583:1.9158180868482688,10.856302349587676,10.85629776315501,19.796782025894416
d:584:1.9156270108167206,10.856301562555156,10.856296262698999,19.796970814437437
d:585:1.9153127984834875,10.856296965387697,10.856293942538695,19.797278109442903
d:586:1.9157292773593682,10.856297483057187,10.856291219711318,19.79685942540914
d:587:1.9156367374004795,10.856297531044136,10.856293490338695,19.796954283982352
d:588:1.9157174118810048,10.85630241458303,10.856296675432535,19.79688167813456
d:589:1.9154189701769546,10.856297540778087,10.856294459755313,19.797173030356443
d:590:1.9153856576106563,10.856300441649083,10.856296871472074,19.7972116555105
d:591:1.9157114610037276,10.856298315241721,10.856294155737094,19.79688100997509
d:592:1.9156707909371988,10.856297289753874,10.85629049673919,19.796916995555865
d:593:1.9150698037203853,10.856299798160899,10.856296394647009,19.797526389087523
d:594:1.915796887168117,10.856298381063283,10.856293865242861,19.796795359138027
d:595:1.9156408111489505,10.856297529146298,10.856293105175821,19.79694982317317
d:596:1.9152091845130492,10.856297545913046,10.85629417294855,19.797382534348547
d:597:1.9154322983746184,10.856302489131542,10.856296961049152,19.797167151806075
d:598:1.9153271051853338,10.856295395507725,10.85629124216764,19.79725953249003
d:599:1.9152518005710562,10.856299319901751,10.856293058646704,19.7973405779774
d:600:1.9152864147781337,10.856298418371923,10.856289746275413,19.797301749869202
d:601:1.9157664745482954,10.856294952985882,10.856291662984313,19.7968201414219
d:602:1.9150600961055098,10.856294838825447,10.85629198574962,19.797526728469556
d:603:1.9155489355769113,10.856298418371923,10.856289863412968,19.797039346207978
d:604:1.9153080156075397,10.856299319901751,10.856294640663064,19.797285944957277
d:605:1.9149978959064065,10.856295395507725,10.856291671698775,19.797589171300093
d:606:1.9153326810378246,10.856302752679532,10.85629816889028,19.797268240531988
d:607:1.915483336663712,10.85629808714459,10.856293989321957,19.797108739802837
d:608:1.9148531865306815,10.856297009489824,10.856292681785586,19.79773650474473
d:609:1.914962595402475,10.85629808714459,10.856294024962603,19.79762951670472
d:610:1.9144919759374481,10.856302752679532,10.856298602116793,19.79810937885888
d:611:1.914775528369919,10.856295395507725,10.856291776308948,19.797811643446753
d:612:1.91417783937424,10.856298127815668,10.856295329336588,19.798415617778016
d:613:1.9143684692013672,10.856293035543269,10.856292421120882,19.798216987462784
d:614:1.9140073917401068,10.856294745900852,10.856293206433849,19.798580560594594
d:615:1.914354284566027,10.856295580734617,10.856291556776664,19.798232852945254
d:616:1.9147668030291065,10.856293533039647,10.856291942568621,19.79781867257916
d:617:1.9146438918189084,10.856297521035815,10.856292872052,19.797946501268907
d:618:1.913820205715993,10.856299137008774,10.856298689695906,19.798777620988687
d:619:1.914821478819249,10.85629766978048,10.856294981420398,19.79777117238163
d:620:1.9139375474270857,10.856294327423003,10.856292429097335,19.798649209093252
d:621:1.9152173708785156,10.856297056089314,10.856296274219165,19.797375959429964
d:622:1.9142124539225556,10.856297234366576,10.856297608934973,19.798382389378993
d:623:1.9145018582615556,10.856296026069538,10.856296640014149,19.79809080782213
d:624:1.914430385882138,10.856292615899928,10.856292412451507,19.798154642469296
d:625:1.9142201664029166,10.856301849938722,10.856296136447446,19.79837781998325
d:626:1.9141457047854153,10.856293993903956,10.856290513690084,19.798438802808622
d:627:1.914034359349717,10.856298469545115,10.85629829815935,19.798562408354748
d:628:1.9144233056113826,10.856302888800526,10.856298786078346,19.79817836926749
d:629:1.914364549860661,10.856301572316656,10.856296523275,19.798233545730998
d:630:1.9138630043537503,10.856301551319465,10.856298939074017,19.798737486039734
d:631:1.9132858769402183,10.856296548385252,10.856295218779465,19.7993058902245
d:632:1.915298433297174,10.856287596244911,10.856295765795688,19.797284928743423
d:633:1.914064691966395,10.856300273496187,10.85629906484079,19.798534646370584
d:634:1.9143676783722832,10.856298348880012,10.856293688056542,19.798224358564273
d:635:1.9145463816710695,10.85629432734912,10.856290701741703,19.798038647419755
d:636:1.9140701290155349,10.856295019479143,10.856293540225924,19.798518430689533
d:637:1.9148648500239887,10.85629540857778,10.856293822266906,19.797724380820696
d:638:1.9144251612216046,10.856289344883121,10.85629314943396,19.798157333095478
d:639:1.913274017974814,10.856296681836868,10.856297503731833,19.799320167593887
d:640:1.9137840590326576,10.856296505353145,10.85629640618247,19.798808852502958
d:641:1.913906613939325,10.856296424243881,10.85629573793702,19.798685548241576
d:642:1.9133224931229122,10.85629339340466,10.856290835161197,19.799261735442947
d:643:1.913943464007776,10.856295580734617,10.856296285369687,19.79864840209653
d:644:1.9136777993509817,10.856296926046815,10.856294946390946,19.79891407308678
d:645:1.914538779381946,10.856295580734617,10.856296223688583,19.798053025041252
d:646:1.9133298646223942,10.85629339340466,10.856290679557478,19.799254208339743
d:647:1.9135414210088548,10.856297253262309,10.856295364483998,19.79905119673745
d:648:1.9137514315623498,10.856296422763066,10.856295230188607,19.798840221389323
d:649:1.9132793183323926,10.856296342662672,10.856295266471944,19.799312290802224
d:650:1.9136808506819385,10.856292615899928,10.856291624943312,19.798903390161303
d:651:1.9132594558884115,10.856294327423003,10.856297452140211,19.7993323236748
d:652:1.913786543720125,10.856296505353145,10.85629557490746,19.79880553654048
d:653:1.9131155282108203,10.856294327423003,10.856296996851901,19.799475796064083
d:654:1.9137040789876778,10.856292615899928,10.856291205363254,19.798879742275503
d:655:1.9135294889714274,10.85629736795648,10.856294808072908,19.799062687057962
d:656:1.9133233170968929,10.856296926046815,10.856295866506894,19.799269475456814
d:657:1.9127606111593138,10.856298124827248,10.856292335596144,19.79982984926408
d:658:1.9140551325745747,10.85629387049738,10.856293457777788,19.798532195700595
d:659:1.9132413662439056,10.8562969159673,10.856296350186161,19.799351899909556
d:660:1.9134232582455724,10.856298469545115,10.856297309835897,19.79917252113544
d:661:1.9130040402351014,10.856296559322308,10.856297851038203,19.799590370125408
d:662:1.9130878865170722,10.856294692011167,10.856295605277703,19.799502410771797
d:663:1.912813307411085,10.856287941098342,10.85629236432624,19.799766998013496
d:664:1.9130613587977159,10.856301446847196,10.856296219994553,19.799536308044033
d:665:1.913511238750857,10.85629333049016,10.856293670972535,19.799075762711837
d:666:1.9128824310412789,10.856302151915667,10.856298117988064,19.799717838862453
d:667:1.9133806801164397,10.85629808714459,10.85629453130027,19.79921193832842
d:668:1.913079670526784,10.856289042060856,10.856293672193239,19.799503043727313
d:669:1.9129539542055127,10.856289157185083,10.856291313409516,19.799626516389086
d:670:1.9128752619631797,10.856289266325616,10.856294646605686,19.79970865096812
d:671:1.9131238958169519,10.856298421244722,10.856293130355327,19.799467655783097
d:672:1.91343329842379,10.856301479426644,10.856298832983962,19.799167013986818
d:673:1.912318328274516,10.85629390361552,10.856293373294022,19.800268948635026
d:674:1.9132175861288054,10.856302368466606,10.856295408632562,19.799380190970364
d:675:1.9121007406977384,10.856289054355102,10.856294577619902,19.800482891277266
d:676:1.9126487022127883,10.856293896370499,10.856295571641857,19.799940765799565
d:677:1.9126573615513252,10.856297781856254,10.85629833104789,19.79993875135282
d:678:1.9127000125437448,10.856298469545115,10.856299075206142,19.79989753220751
d:679:1.9127668412661052,10.856297134413705,10.856298061133987,19.799828354281587
d:680:1.9122428159146345,10.856295522168503,10.856294113557132,19.800346819811
d:681:1.9125465323885038,10.85629016435872,10.85629560199323,19.800039233963446
d:682:1.9126068938310823,10.856301966570335,10.856296745182073,19.799991817921324
d:683:1.91254367628828,10.856288640930336,10.856289964547994,19.800034929190048
d:684:1.912931365958542,10.856298469545115,10.856298482885013,19.799665586471583
d:685:1.9123354976850067,10.85629791827331,10.856292780185088,19.800255200773393
d:686:1.9127862089155734,10.856290674860718,10.856295332847186,19.799799798792332
d:687:1.912451548014495,10.856289356379254,10.856291871039016,19.800129679403774
d:688:1.9126133379093133,10.856289940955847,10.85629301864801,19.799969621694544
d:689:1.912570729286287,10.85629309613556,10.856293130724055,19.800015497573327
d:690:1.9129119520318483,10.856302752679532,10.85629653771404,19.799687338361725
d:691:1.912173515855752,10.856295156316921,10.856294432512737,19.800416072973906
d:692:1.9126965538190177,10.856297743382072,10.856291256469804,19.799892446032857
d:693:1.9123085009012684,10.85629548578399,10.856295245157586,19.80028223004031
d:694:1.9125223977264163,10.85630084646703,10.856295588182133,19.800074036922748
d:695:1.9125697606487044,10.856291369552158,10.856295865476932,19.800017474380386
d:696:1.9126052587982016,10.856289344883121,10.856290755542583,19.799974841627503
d:697:1.9123725384810513,10.85629339340466,10.85629489201815,19.80021574694176
d:698:1.9123102833058674,10.856289222151553,10.856290852937883,19.800269791783567
d:699:1.913004363586122,10.85629074716813,10.856295495533507,19.799581879115514
d:700:1.9113576394518965,10.856301347610266,10.856294832677309,19.80123854083568
d:701:1.9118436113465194,10.85629650239776,10.856297078984163,19.800749970035405
d:702:1.9117277230846135,10.856292882858579,10.856293202320103,19.80085836209407
d:703:1.9119458397508637,10.856296148673936,10.856297906542732,19.800648215465806
d:704:1.9119280985874383,10.856298760210011,10.856294054201362,19.800664715823935
d:705:1.9121643149267875,10.85629022625219,10.856294034082927,19.80041994540833
d:706:1.912058223302175,10.856293209875219,10.856293540019678,19.80052852659272
d:707:1.9114614699779047,10.856293594620755,10.856295417252731,19.801127541895582
d:708:1.9120442622970906,10.85629387049738,10.856292102708712,19.800541710909002
d:709:1.9117632743757973,10.856288914291445,10.856289594247356,19.800815234163004
d:710:1.9112321865751873,10.856292905603532,10.856293226163839,19.801353945192183
d:711:1.911199044066457,10.856299877547661,10.856297314025191,19.801398147506397
d:712:1.9115536267701643,10.856289851084782,10.856293308104231,19.80102953241885
d:713:1.911694754974672,10.856301705351456,10.856296418355837,19.800903368732623
d:714:1.9112407566327825,10.856290909179384,10.856290817066727,19.801340969613328
d:715:1.910852111737828,10.856295395507725,10.856293760057788,19.801737043827686
d:716:1.9115954239435844,10.856300525701819,10.856294340782405,19.80099944254064
d:717:1.911585732942001,10.85630241458303,10.856293686688854,19.801010368329884
d:718:1.911447386729371,10.85630047361251,10.856292843840079,19.801145930723216
d:719:1.9116446373790623,10.856302687998435,10.856295073263691,19.800953123883062
d:720:1.9116403534924586,10.856298469545115,10.85629649342065,19.800954609473308
d:721:1.9114748111850801,10.856293533039647,10.856294601323778,19.801113323178345
d:722:1.9121201226475364,10.856292666846358,10.856291474916885,19.800464019115708
d:723:1.9114526437325772,10.856297775946166,10.856296752550918,19.801141884764508
d:724:1.910748850543218,10.85629167140775,10.856293694470422,19.80183651533495
d:725:1.9112348015542864,10.856296115777525,10.856296837409099,19.801358151632336
d:726:1.9113600972306273,10.85630241458303,10.856293187805193,19.801235505157596
d:727:1.9111045440046084,10.856293470292433,10.85629100465561,19.801479930943437
d:728:1.9113391425010846,10.856290157532051,10.856291371086419,19.801242386117387
d:729:1.911560809084147,10.856289054355102,10.856289450041906,19.80101769531286
d:730:1.9117340147725734,10.856290602425986,10.856291351323222,19.800847938976634
d:731:1.9110850219283506,10.856293183073761,10.85629152140586,19.80149968255127
d:732:1.9114900675347712,10.856302752679532,10.856293374097495,19.801106059242258
d:733:1.9115500831366994,10.856295281142222,10.85629647890002,19.801041676905545
d:734:1.9111778032658222,10.856292882858579,10.856294342638527,19.801409422231284
d:735:1.9106418999977066,10.856296559322308,10.856297298889576,19.801951958214175
d:736:1.9109220070663575,10.856293121305852,10.85629188072762,19.801662994967113
d:737:1.9111361825613322,10.856293533039647,10.856294416331727,19.801451766810043
d:738:1.9105786805423826,10.856299143494738,10.856295614379947,19.8020160773323
d:739:1.9105595476284236,10.856300441649083,10.856292193247373,19.802033087268033
d:740:1.9110726711216088,10.856296846921648,10.85629106705776,19.8015152428578
d:741:1.9110907180722947,10.856293052796987,10.856293094565917,19.80149542929061
d:742:1.9106563212002285,10.856299083598312,10.856291623310753,19.801934385708837
d:743:1.9106372910967657,10.856302643345773,10.85629576454334,19.801961116792345
d:744:1.9107883294241148,10.856294327423003,10.856296670939802,19.80180266893869
d:745:1.9104748397161941,10.856290868273277,10.856291166742981,19.802107195300064
d:746:1.9102970437235989,10.856301759131403,10.856295890092584,19.80230060550039
d:747:1.9104093241065812,10.856287941098342,10.856293791035812,19.802172408027573
d:748:1.9102570467865618,10.856300525701819,10.856295482089312,19.80233896100457
d:749:1.9105101435701393,10.856293119426256,10.856293441323162,19.80207641717928
d:750:1.9104494176553928,10.856292615899928,10.856291505772765,19.8021347040173
d:751:1.9102436789276709,10.856295995739321,10.856297626355163,19.802349943166814
d:752:1.9105254200730997,10.856296962417009,10.856298821884858,19.80207036422877
d:753:1.9097313359563017,10.856298661444221,10.856296196046815,19.802863521534732
d:754:1.9110854347822865,10.8562979529888,10.856298514547738,19.801511032754252
d:755:1.9095100880071527,10.856294453727035,10.85629755983355,19.803081925553432
d:756:1.910208149345415,10.85628816013578,10.856294485482016,19.80237449627238
d:757:1.909940413800033,10.856292335827165,10.856294272980474,19.802646195007608
d:758:1.9104018227589208,10.856297410232356,10.856298572394875,19.80219415986831
d:759:1.910167377108742,10.856290570760498,10.856291401852586,19.80241459550434
d:760:1.9106100643556374,10.856298469545115,10.856295389641865,19.801983794831344
d:761:1.9099957951407163,10.856292636969263,10.8562931640097,19.802590005838248
d:762:1.9097928607942585,10.85629432734912,10.85629536659365,19.802796833148513
d:763:1.9096867874405987,10.856297554277258,10.856297152314928,19.802907919151586
d:764:1.910046817630466,10.85630195168756,10.85629352576408,19.802548659821174
d:765:1.9093049071195765,10.856298127815668,10.856292969892172,19.803286190588263
d:766:1.9102787338306157,10.856298274293687,10.856291074398067,19.80231061486114
d:767:1.9104528624956423,10.856300441649083,10.856291597718817,19.802139176872256
d:768:1.910003621428018,10.856301479426644,10.85629580260925,19.802593660607876
d:769:1.9100802979444111,10.856295156316921,10.856296803794876,19.802511662167387
d:770:1.9101690080165277,10.856290909179384,10.856291140069429,19.802413041232285
d:771:1.9099633370888363,10.856300880236024,10.856293080110493,19.80263062325768
d:772:1.9101736587793283,10.856294618773173,10.85629475290853,19.802415712902373
d:773:1.909996527841475,10.856295543012168,10.856292646842514,19.802591662013207
d:774:1.9100542946997585,10.856293039696183,10.856294919368548,19.802533664364972
d:775:1.9099091164915158,10.856299798160899,10.856296042036082,19.802686723705467
d:776:1.9100948937658657,10.856294670967943,10.856293137679513,19.80249291488159
d:777:1.9091790999240388,10.856291159237731,10.856290047907434,19.803402107221125
d:778:1.9096981527664632,10.856288640930336,10.856291253633424,19.802881741797297
d:779:1.91009626362856,10.85629339340466,10.85629575027359,19.80249288004969
d:780:1.9099790471670346,10.856292615899928,10.856295380252114,19.802608948985007
d:781:1.9105213006465007,10.856289040475628,10.85629411326148,19.802061853090606
d:782:1.9099901906235601,10.856293121305852,10.856294911925536,19.802597842607828
d:783:1.9097665984439338,10.856299524380857,10.856292193335337,19.80282511927226
d:784:1.9094640100657578,10.856296926046815,10.856298101766994,19.80313101774805
d:785:1.9100029425397942,10.856290602696292,10.856289324755531,19.80257698491203
d:786:1.909701344556403,10.856301759131403,10.856294547214047,19.802894961789047
d:787:1.909267648508031,10.856289629879889,10.856294407038895,19.803316388410753
d:788:1.909555055055943,10.856298315241721,10.856295362810316,19.803038622996095
d:789:1.90938571612908,10.856293166139334,10.85629201400088,19.803199464011136
d:790:1.9092077646844743,10.856287596244911,10.85629129010498,19.803371121665418
d:791:1.9093742438819845,10.856294961257644,10.856298092193727,19.803218809569387
d:792:1.9099112471244055,10.856298469545115,10.856294816666992,19.8026820390877
d:793:1.9100554391895308,10.856302289544438,10.856294252523966,19.802541102878873
d:794:1.9096864717676887,10.856302274766326,10.856294198228197,19.802910001226834
d:795:1.9097877237786953,10.856298876481201,10.8562964325789,19.802807585281403
d:796:1.9097599540009824,10.856295657700603,10.856298906093608,19.80283460979323
d:797:1.9100728910237237,10.856291883097606,10.85629495003611,19.802513942109993
d:798:1.9100681085135172,10.856292636969263,10.856294844417556,19.802519372873302
d:799:1.9097345902811256,10.856301651076626,10.856294202426644,19.802861263222145
d:800:1.9087448127465727,10.856292615899928,10.856295540129604,19.80384334328296
d:801:1.9095769028580847,10.856295346408755,10.856293030781186,19.803011474331857
d:802:1.9098197442315872,10.856292846542667,10.856295179284567,19.802768281595647
d:803:1.909000090477953,10.856301562555156,10.856293155308256,19.803594627385458
d:804:1.9098819515025376,10.856293198997943,10.856295521194275,19.802706768689678
d:805:1.9092836641626292,10.856293577892764,10.856296005717201,19.803305919447336
d:806:1.9095646354934352,10.85629600757735,10.8562986630243,19.803030035108215
d:807:1.9092089725617853,10.856302164597224,10.856296099429429,19.803389291464867
d:808:1.9089475280249957,10.856302752679532,10.856295631326152,19.80365085598069
d:809:1.9100446493828436,10.856302202766196,10.85629589621723,19.802553449600584
d:810:1.9096453000137075,10.856301551319465,10.856293842568013,19.80295009387377
d:811:1.9091150419197298,10.856297775946166,10.85629833900825,19.803481073034686
d:812:1.909372037085575,10.856294838825447,10.856299330696409,19.803222132436282
d:813:1.9088195682053133,10.85629022625219,10.856296030535407,19.803766688582282
d:814:1.9096075958923464,10.856295402051499,10.856294491836401,19.802982297995555
d:815:1.908318658390595,10.856296505353145,10.856300243060083,19.80427809002263
d:816:1.9089503620338988,10.856293121305852,10.856294300543912,19.803637059815863
d:817:1.9086913436808928,10.85629737984577,10.856296802256619,19.803902838421497
d:818:1.9084653937814409,10.856292263419306,10.856297652548202,19.804124522186065
d:819:1.9082310394884807,10.85629540857778,10.856300468884621,19.80436483797392
d:820:1.9094856797792978,10.856301952930624,10.856296707697046,19.803112980848372
d:821:1.9089938786908824,10.856292554403861,10.856297194059124,19.803595869772103
d:822:1.9088797564962228,10.856290437996254,10.856296711329955,19.80370739282999
d:823:1.9088531200630747,10.856293249641967,10.856297510945675,19.803737640524567
d:824:1.9092236594348257,10.856293533039647,10.856301441364407,19.80337131496923
d:825:1.9088948463233208,10.856294964594126,10.856300325323264,19.803700443594067
d:826:1.909031150369291,10.85629387049738,10.856300021533562,19.80356274166165
d:827:1.908675419606972,10.856288914291445,10.85629921820846,19.80391271289293
d:828:1.909353210219777,10.856293121305852,10.85629512822665,19.803235039312725
d:829:1.9091154668206158,10.856295640826774,10.856295549831998,19.803475723838154
d:830:1.9088649255534733,10.856297674713145,10.856298656534246,19.803731405693917
d:831:1.90936424439003,10.856289629879889,10.856295710090123,19.803221095579982
d:832:1.9088203131077215,10.856295657114504,10.856298067816597,19.803773411823382
d:833:1.9088812364438006,10.856294288542179,10.856300501125478,19.803713553223854
d:834:1.9087190508952006,10.856295404399535,10.856296611046668,19.803872964551005
d:835:1.9085709602634395,10.856289042060856,10.85629936339346,19.804017445190876
d:836:1.9084079238151084,10.856298469545115,10.856300802533488,19.804191348263494
d:837:1.908675512713156,10.856295903001547,10.856297874784053,19.803918265072443
d:838:1.9084209471260714,10.856291239200328,10.856297177462073,19.804167469536328
d:839:1.9083433604906617,10.856293699225608,10.856298178159227,19.804248516894173
d:840:1.9090313698362422,10.856294327423003,10.856301973176935,19.803564930763695
d:841:1.908172445939634,10.856296159068215,10.856299040471251,19.80442275359983
d:842:1.9086548940460197,10.856296933243742,10.856298995977099,19.80394103517482
d:843:1.9083496165262552,10.85629573494571,10.856299360955799,19.804245479375254
d:844:1.9081579608583823,10.8562938709477,10.856301209706718,19.804437119796034
d:845:1.9086625656504026,10.856289459314647,10.856298291330225,19.80392518499447
d:846:1.9077158414164757,10.856292323017993,10.856297379727437,19.804873861328954
d:847:1.9081687344274911,10.856294124835912,10.856301539411087,19.804426929819506
d:848:1.9077875793078292,10.856295019479143,10.856302756608711,19.804810196780025
d:849:1.9081706296710443,10.85629170989429,10.856295596340043,19.80441667656329
d:850:1.9090013745235161,10.856298552681,10.856298509735499,19.803595687892983
d:851:1.9088500641439623,10.85629309613556,10.8562960077067,19.8037390396983
d:852:1.9090160209628984,10.856297531044136,10.856300123805637,19.803581633886875
d:853:1.9077452320581756,10.856295532768005,10.856297739837908,19.80484804054774
d:854:1.908075224759493,10.856291622367213,10.856298017476485,19.804514415084206
d:855:1.9078381384923198,10.856298469545115,10.856297785059102,19.804758116111895
d:856:1.908426829712738,10.856295657114504,10.856297103932068,19.804165931333834
d:857:1.9080834710460124,10.856292971769715,10.856298270906994,19.804507771630696
d:858:1.9078423386702354,10.856292882858579,10.856296518534329,19.804747062722672
d:859:1.9079567829622661,10.856290495490938,10.856298679897879,19.80463239242655
d:860:1.9081192824197224,10.856289940955847,10.856298330736877,19.804468989273
d:861:1.907398121121794,10.85629016435872,10.856294538911445,19.805186582148373
d:862:1.90806698852629,10.856292912865436,10.856293747901987,19.80451967224113
d:863:1.9073153745112528,10.856295698044695,10.856297110531601,19.805277434065044
d:864:1.9087524931269328,10.856294299299359,10.856300450999713,19.80384225717214
d:865:1.9077630525847908,10.856296927988181,10.856298427265617,19.804832302669006
d:866:1.9081391806761268,10.856290909179384,10.856299043832605,19.804450772335862
d:867:1.9081587542566574,10.85629631855274,10.856296485891328,19.80443405018741
d:868:1.907962649068672,10.856294327423003,10.856300677872378,19.80463235622671
d:869:1.9077829146441836,10.856292947605638,10.856298450301285,19.80480848326274
d:870:1.907792893061874,10.856296115777525,10.856299008880356,19.804802231596007
d:871:1.9081677833392234,10.856296235303862,10.856295407546682,19.80442385951132
d:872:1.9078342469671732,10.856292615899928,10.856301583936116,19.80475995286887
d:873:1.9079608666933296,10.856302514259205,10.856298539377374,19.80464018694325
d:874:1.9079097630810118,10.856296365899045,10.856297104610842,19.804683707428875
d:875:1.9075659926754192,10.856290802919627,10.856296346387053,19.80502115663126
d:876:1.9078257947310675,10.85629387049738,10.856302635844134,19.804770711610445
d:877:1.9074420097623879,10.85629573494571,10.85629968790423,19.805153413087552
d:878:1.9077884985001283,10.856296824354596,10.856299145385577,19.804807471240043
d:879:1.9077342972192497,10.856298876481201,10.856297228025992,19.804861807287942
d:880:1.9074785428695833,10.856298469545115,10.856298704219686,19.805118630895215
d:881:1.907019852783563,10.856296361380773,10.856301350347344,19.805577858944552
d:882:1.9071734874460091,10.85629540857778,10.856302241190967,19.805424162322737
d:883:1.9078011781699935,10.856288863224608,10.85629832794867,19.804786013003284
d:884:1.907082267634479,10.856293462634275,10.856296028797772,19.80550722379757
d:885:1.9074474252973772,10.85629503414768,10.856300518686066,19.80514812753637
d:886:1.9076413477624037,10.856294530623122,10.85630047253166,19.804953655392378
d:887:1.9067293917678967,10.856292905603532,10.856295923357148,19.805859437192783
d:888:1.907377925614771,10.856302151915667,10.856296179043921,19.805220405344816
d:889:1.9070256396540692,10.856289943785402,10.856300048147766,19.8055643522791
d:890:1.9072006181115242,10.856298043300566,10.85630238851602,19.805399813705062
d:891:1.9070106808970841,10.856292882858579,10.856297246212204,19.8055794481737
d:892:1.9073428620880257,10.856296896657524,10.85630038551615,19.80525442008565
d:893:1.907364139756968,10.856296164134008,10.85629863625831,19.80523066063535
d:894:1.9073710403425714,10.856290868273277,10.85630103867664,19.805220866607346
d:895:1.9068899305335485,10.856294210022071,10.856300942294308,19.80570522178283
d:896:1.907446273411729,10.856301479426644,10.856298719020685,19.8051539250356
d:897:1.9067222090153528,10.856295017917903,10.856297825489683,19.80587063439223
d:898:1.9075411848433745,10.856295444772003,10.85629730794797,19.8050515678766
d:899:1.9078105449221425,10.856295520911468,10.856299446294281,19.804784422283607
d:900:1.9062449345578436,10.856295353977483,10.856299173146354,19.806349592565994
d:901:1.9072907675415856,10.856296619876808,10.856300573054224,19.805306425389446
d:902:1.9070001682956388,10.856296255996629,10.856298083898238,19.80559417159923
d:903:1.9070300466002763,10.856295715456179,10.856301783837875,19.80556745269378
d:904:1.9071220753800944,10.856298469545115,10.8562972120282,19.80547360619322
d:905:1.9065998922640794,10.856293841061364,10.856303912681497,19.805997861478783
d:906:1.907060472580227,10.856293121305852,10.856298944622207,19.80553159334783
d:907:1.9069174413216814,10.856295257759088,10.856299938144948,19.805677754582355
d:908:1.9067085736404756,10.856294745900852,10.856300586616275,19.80588675887665
d:909:1.9068027039112465,10.856292323017993,10.856294616710802,19.805784235817548
d:910:1.9065214179480705,10.8562986144609,10.856299165325487,19.806076361838315
d:911:1.9062835164008085,10.856293145145102,10.856298357217387,19.80630798596168
d:912:1.9061975068687467,10.856298469545115,10.85629806382383,19.8063990265002
d:913:1.9070255421322742,10.856294670967943,10.856296355673711,19.80556548450938
d:914:1.9060573595428956,10.856293289139744,10.856303514280814,19.806539443877664
d:915:1.9069724861544337,10.856297831844982,10.856303328963962,19.80562867465451
d:916:1.9061722097039002,10.856295236980621,10.85629701842191,19.806420045698633
d:917:1.9068833936190117,10.856288863224608,10.856300094197426,19.805705563803023
d:918:1.9068984652773153,10.856294457573993,10.856300925644737,19.805696917941415
d:919:1.9061870028092365,10.856298656527295,10.856299396484236,19.806411050202296
d:920:1.9068704506654868,10.856298141810719,10.856304038744167,19.8057317298894
d:921:1.9067391642259004,10.856294753094334,10.856298667323108,19.80585425619154
d:922:1.906648484353731,10.856294350965733,10.856297868159507,19.80594373477151
d:923:1.9067986368331589,10.856295410628134,10.8562981331273,19.805794906922273
d:924:1.9068219408439795,10.856297586102055,10.856303894076524,19.805779539334598
d:925:1.9067480127336154,10.856299798160899,10.856297724563191,19.805849509990473
d:926:1.9071158586199424,10.856295152525094,10.856302516836225,19.805481810741377
d:927:1.9065298684768095,10.856287941098342,10.856303908889402,19.806061981510936
d:928:1.9063115257827938,10.85629386373913,10.856296450815835,19.806278788772172
d:929:1.9067475164265701,10.856296421118781,10.856300073523672,19.805848978215884
d:930:1.9071091229840356,10.856294327423003,10.856302366343558,19.805487570782525
d:931:1.9069589610690443,10.856292636969263,10.856298854521606,19.805632530421825
d:932:1.9064868850199979,10.85629891480617,10.856303233635087,19.80611526342126
d:933:1.9066302041742702,10.856289054355102,10.856301803201303,19.805960653382137
d:934:1.9064300095201894,10.856297422939662,10.856301747410603,19.806169160830077
d:935:1.9062746939715645,10.856290909179384,10.856299875279014,19.806316090486835
d:936:1.9066713785365543,10.85630079315383,10.856302982910575,19.80593239752785
d:937:1.906197096920021,10.856293166139334,10.856295833515508,19.80639190273482
d:938:1.9061722456538952,10.856293533039647,10.85630124828424,19.80642253566999
d:939:1.9067891655311406,10.856298949025625,10.85630328719507,19.805813070689556
d:940:1.9066374410673212,10.856296224495953,10.856299618854669,19.8059584022833
d:941:1.9065603200192278,10.856291369552158,10.856299440193286,19.806030489726215
d:942:1.9063871837730098,10.856293831462013,10.856303159688151,19.806209807377154
d:943:1.9064242003083613,10.856296926046815,10.856299252836305,19.806171978574756
d:944:1.905802126566435,10.85630189815946,10.856300392187308,19.80680016378033
d:945:1.906726915575888,10.856300031229923,10.856302451269457,19.80587556692349
d:946:1.905667934163393,10.85629929278424,10.85630391171851,19.806935270339356
d:947:1.9060496521256347,10.856300031229923,10.85630365194957,19.80655403105386
d:948:1.9059983345216374,10.85630189815946,10.85630115071642,19.806604714354243
d:949:1.9068181849627948,10.85629600757735,10.856297658409563,19.80577548102412
d:950:1.9061161283511439,10.85629333049016,10.856301475000004,19.80647867713902
d:951:1.9057176329711467,10.856290868273277,10.856301366678387,19.806874601980518
d:952:1.9063929262267862,10.856296619876808,10.856297858214909,19.80620155186493
d:953:1.906007927276022,10.856298448909712,10.856303774650605,19.806594296284295
d:954:1.906050569768663,10.856295019479143,10.856303064643933,19.806547514354413
d:955:1.906419391370921,10.856291851431752,10.856299273171615,19.806171733232446
d:956:1.9057931628806273,10.856298862769087,10.85630434652317,19.80681004641163
d:957:1.9066751094245333,10.856289344883121,10.856304991708468,19.805919227167056
d:958:1.9054644438507538,10.856295256746293,10.85629943111826,19.8071302440138
d:959:1.9050669461494536,10.856294288542179,10.856303191924656,19.80753053431738
d:960:1.905772186043393,10.856294299299359,10.8563010750255,19.806823188281466
d:961:1.9058326396341272,10.856289076342676,10.856303584826605,19.806760021535155
d:962:1.905566927572405,10.856301462006012,10.856303715411991,19.8070382498456
d:963:1.90615800490486,10.856295662167907,10.856296292441908,19.806433949704953
d:964:1.9055037526858705,10.856292393056806,10.85630375892854,19.807092399299474
d:965:1.9050750413941024,10.856301128421649,10.85630061184773,19.807526698875275
d:966:1.906276775243004,10.856295017917903,10.856299450089626,19.806317692764527
d:967:1.9055040603588473,10.856292649691053,10.856299450850447,19.807088040182652
d:968:1.9053675350581045,10.856290326386656,10.856301375044259,19.807224166372812
d:969:1.9053913420112174,10.85629339340466,10.856303284845636,19.80720533623908
d:970:1.904880965236046,10.856294340383752,10.856302411698426,19.80771578684613
d:971:1.905122783521822,10.856295657700603,10.856299333508304,19.807472207687084
d:972:1.9057909148097885,10.856296422763066,10.856297861537312,19.80680336949059
d:973:1.905207162741835,10.856295826289942,10.856298925088083,19.807387588636193
d:974:1.9047647250873965,10.856294838825447,10.85630162432894,19.80783173806699
d:975:1.9058278364386396,10.856292615899928,10.85630361503725,19.80676839449854
d:976:1.9061736421060438,10.856291166089534,10.856300484620744,19.806418008604236
d:977:1.9054740238681838,10.856295236980621,10.856297958201017,19.807119171313456
d:978:1.905806698276887,10.856294772653367,10.856299046641617,19.806787121018097
d:979:1.905969239757809,10.856304727302923,10.85629951868432,19.806635006229435
d:980:1.905744681342103,10.856289408723576,10.85630343895681,19.80684816633828
d:981:1.9053820449113488,10.856296406960764,10.856296050329671,19.807210412379085
d:982:1.9056994011849255,10.856302116009807,10.856303474142104,19.806906188966984
d:983:1.9050958270423166,10.856289076342676,10.85630283423831,19.80749608353867
d:984:1.9056735596070098,10.856294299299359,10.8562975742101,19.80691831390245
d:985:1.9054628527667177,10.85629319798599,10.856300508593902,19.807130853813174
d:986:1.9051393684624713,10.856294897989683,10.8562988533189,19.80745438284611
d:987:1.9054392056132698,10.85629387049738,10.85630003050193,19.80715469538604
d:988:1.904924495765588,10.856296231350774,10.856298243710434,19.80766997929562
d:989:1.9049396197079531,10.856290570760498,10.856302732049642,19.80765368310219
d:990:1.9054111246372756,10.856307065820587,10.856299248507847,19.807195189691157
d:991:1.905146717870771,10.85629562946391,10.856299648034051,19.80744855962719
d:992:1.9049734365464985,10.856291166089534,10.856300742499007,19.807618472042044
d:993:1.905243352175237,10.856294692011167,10.856296342436568,19.807347682272496
d:994:1.9053001940891683,10.85630068341335,10.856301870951464,19.807302360275646
d:995:1.9051840051479374,10.856293431974875,10.85629662943315,19.807406056260085
d:996:1.905212197262827,10.856294670967943,10.856297595648082,19.807380069353197
d:997:1.904659782154738,10.856292668858057,10.856299298124226,19.807932184827543
d:998:1.905110089951357,10.856289457456208,10.85630169860037,19.807481066105222
d:999:1.9050058707737278,10.85628892174898,10.856301401177301,19.807584452152554
d:1000:1.904907741981777,10.856292615899928,10.856299096268087,19.807683970186236
