data: dataset/wiki/wikitext-2/
d:1:2.399869185899478,7.022133180505725,7.022133180505725,11.644397175111973
d:2:1.79508495121609,7.022135789902444,7.022135430242997,12.249186268929352
d:3:1.5888136485487987,7.02213719238556,7.022133960521205,12.455457504357966
d:4:1.4630628799952738,7.022138748339128,7.0221350452406845,12.581210913584538
d:5:1.4135178375220825,7.022137232004202,7.02213418668716,12.63075358116928
d:6:1.3993464224923695,7.022138748339128,7.022132659025197,12.644924984871956
d:7:1.3838687301478831,7.022138748339128,7.022132659025197,12.660402677216442
d:8:1.3718849381083675,7.022136216621946,7.022137604381919,12.672388882895497
d:9:1.3621709350299955,7.022137158979478,7.0221325559408445,12.682098779890326
d:10:1.350591280957513,7.022136132397579,7.022134985518469,12.693679836958534
d:11:1.3442805646135927,7.022130800204355,7.022134950510346,12.699985186101108
d:12:1.3378812627156709,7.022130800204355,7.022136403747558,12.706385941236242
d:13:1.3356251767081897,7.022130191116712,7.022135145766912,12.708640160175435
d:14:1.3314554022708833,7.022130191116712,7.022138064598992,12.71281285344482
d:15:1.3317417891036154,7.022132426729734,7.022133915452436,12.712524553078554
d:16:1.3290436706872537,7.022130800204355,7.022134305116932,12.715221434634033
d:17:1.3282759585904813,7.02213057323937,7.022136692860472,12.715991307509361
d:18:1.3266815309773765,7.022130800204355,7.022131383279611,12.717580652506589
d:19:1.3260738874439486,7.02213110724586,7.022132694099771,12.718189913901682
d:20:1.3251653293553254,7.022130338178407,7.022132882439016,12.719097891262098
d:21:1.3240664496584529,7.022132426729734,7.022134124385268,12.720200101456548
d:22:1.3223578465062378,7.022131281253844,7.022127617612604,12.721901052360211
d:23:1.3230024206131947,7.022130112387722,7.022127914943611,12.721255606718138
d:24:1.321085870887062,7.0221314699184445,7.022127473160167,12.72317307219155
d:25:1.3220419860873989,7.0221314699184445,7.0221311262614385,12.722220610092485
d:26:1.3212341280483155,7.022133482825794,7.022126117042205,12.723025471819684
d:27:1.3202669695249902,7.022133830407474,7.022126662825154,12.723993523707637
d:28:1.3206132215941615,7.022129918740152,7.022135343467781,12.723652040613771
d:29:1.3189844805735564,7.022133830407474,7.0221322921372815,12.725281641971199
d:30:1.320130712721948,7.0221314699184445,7.022133149323974,12.724133906520471
d:31:1.319039185577065,7.022133482825794,7.022128729594734,12.725223026843462
d:32:1.319098658329656,7.022129918740152,7.02213313259506,12.725164393005555
d:33:1.3186525626875536,7.022135442807954,7.022128928209173,12.725611808329575
d:34:1.3183476353338737,7.022131281253844,7.022135384063247,12.725919029983219
d:35:1.3174627752786137,7.0221353156297885,7.022127520460083,12.726800060811257
d:36:1.3176282305376024,7.022136623102954,7.022125033816241,12.726633426381593
d:37:1.3184947440590218,7.022135403423636,7.022124580215607,12.725765239580221
d:38:1.3164573306688911,7.022134528678726,7.022123838802102,12.727801036811938
d:39:1.3164941399658083,7.022137683652709,7.022125307573018,12.727768851259919
d:40:1.3150302559332534,7.0221314699184445,7.022130782990049,12.729231996975239
d:41:1.3174478084079588,7.022133083601105,7.022131920370426,12.726817195563573
d:42:1.3171274858259263,7.022133575516765,7.022133162334667,12.727139252025506
d:43:1.3156858549384776,7.022135766078261,7.022131196311724,12.728581107451507
d:44:1.315554149709163,7.0221353156297885,7.022125633045055,12.72870679896568
d:45:1.316496548605457,7.022137683652709,7.022126548199149,12.727767683246402
d:46:1.3158652768032457,7.022140997609429,7.0221237906373295,12.728399511443513
d:47:1.3153054752224058,7.022136938643881,7.02212541919917,12.728956882620647
d:48:1.3160130071666707,7.022134528678726,7.022123882374357,12.728245403886412
d:49:1.3154888735993229,7.022135460238545,7.022124007911969,12.728770594551191
d:50:1.3140547844388148,7.022145538718866,7.022123707928559,12.73021446220861
d:51:1.3150847052084345,7.022137766030538,7.02213228025911,12.729185341081214
d:52:1.3155425114544599,7.022150979261827,7.02212434647366,12.728732814281027
d:53:1.3163051451651437,7.022154049565492,7.02212707031708,12.72797597471743
d:54:1.314492306494719,7.022137683652709,7.022124041802745,12.729769418960736
d:55:1.313936715436677,7.0221353156297885,7.022129344277448,12.73032794447056
d:56:1.3141886820960256,7.022144745314149,7.022120203900128,12.730076267118251
d:57:1.3151053855098525,7.022134528678726,7.022128885713963,12.729158028882836
d:58:1.3136764063418287,7.022137060492666,7.022123884991807,12.730584539142644
d:59:1.3144661579362733,7.022145538718866,7.0221219603828375,12.72980134116543
d:60:1.3142626685794827,7.022153722560479,7.022122048405693,12.73001310238669
d:61:1.3135090694088802,7.022144745314149,7.022119497593734,12.730755173499002
d:62:1.3133214664630781,7.022155482562445,7.022124759210796,12.730958775310162
d:63:1.314540258485044,7.022144745314149,7.022122940216863,12.729727427045967
d:64:1.3143652282819431,7.022150979261827,7.022121989651869,12.729907740631752
d:65:1.3141454715285068,7.022137683652709,7.022129800111118,12.730122012235322
d:66:1.3133245867572256,7.022140997609429,7.022124072201577,12.73094048305378
d:67:1.3131082782326597,7.022140120431987,7.022129596637698,12.731161438837026
d:68:1.313034904648168,7.022137060492666,7.022133215790555,12.731235371635053
d:69:1.3145677558356237,7.022140997609429,7.022127021798368,12.729700263572173
d:70:1.3135555022242205,7.022163597762483,7.022130951459708,12.73073904699797
d:71:1.3138145602759934,7.022153722560479,7.022125965893018,12.730465128177503
d:72:1.3125428404910071,7.022144745314149,7.022126549752822,12.731728454575963
d:73:1.3126241690596316,7.0221626408559645,7.022132223804258,12.731670695600592
d:74:1.3142283574506095,7.0221513672835005,7.02212812888449,12.730051138717382
d:75:1.312072703175886,7.0221609187929115,7.0221299149602965,12.732218130577323
d:76:1.3117481533244106,7.02216834317244,7.022134587158167,12.732554777006197
d:77:1.314163399324988,7.022169263191525,7.02213510022146,12.730140964087997
d:78:1.3118974844323432,7.022168900752757,7.022135943669879,12.732407359990292
d:79:1.3126835025100014,7.02216834317244,7.022135003563015,12.731619844225454
d:80:1.312275671482963,7.022138153644731,7.022133659647643,12.731996141809411
d:81:1.3112115388918575,7.022151762821951,7.022129963764969,12.733070187695063
d:82:1.3128037011550795,7.022140997609429,7.022134087158304,12.731471383612654
d:83:1.312783356651316,7.022144745314149,7.022136397954144,12.731497786616977
d:84:1.3121934840360634,7.022144745314149,7.022138021065913,12.732089282343997
d:85:1.3128449086979934,7.02216834317244,7.022135791730342,12.73145922620479
d:86:1.3117132427799039,7.0221672008978215,7.02213457701379,12.732588535131708
d:87:1.3123687421793218,7.022163597762483,7.022132909808577,12.731927765391738
d:88:1.312035981993434,7.02215521794796,7.022128134819729,12.732247370774255
d:89:1.3114131753528149,7.022163208946745,7.022128810881451,12.732878844475382
d:90:1.3117685548662674,7.022168435089282,7.022138189582523,12.732538069805537
d:91:1.3115157952831726,7.02215774565836,7.022130129124267,12.732772079499453
d:92:1.3110987979015913,7.022163780631882,7.022129204083553,12.733194186813844
d:93:1.3112557201427446,7.022155482562445,7.022130383162501,12.7330301455822
d:94:1.3124867213165352,7.022162115314295,7.022130764772098,12.731806158769857
d:95:1.3124723591912932,7.02216834317244,7.022133738213921,12.73182972219507
d:96:1.310983540300981,7.022168435089282,7.022135428910282,12.733320323698582
d:97:1.3118370470113643,7.022168490733379,7.022136275755585,12.732467719477599
d:98:1.3125700036165622,7.022162115314295,7.022132357283527,12.73172446898126
d:99:1.3116342888137833,7.0221609187929115,7.022131894047085,12.732658524026213
d:100:1.3109526881739821,7.02216834317244,7.022134177728808,12.733349832727265
d:101:1.3118976669723992,7.022173156132427,7.022141873725298,12.732417362885325
d:102:1.3110334843618485,7.022155482562445,7.0221404345876985,12.733262432788296
d:103:1.3122624459805934,7.0221627256965995,7.022135576371479,12.732035856087485
d:104:1.3112232727118975,7.022177920828645,7.0221552743819995,12.733109922498747
d:105:1.311834585447908,7.022163597762483,7.022137858442697,12.732466870757271
d:106:1.3115798191411105,7.022182615507294,7.022157121548109,12.732759917914292
d:107:1.3116256559974495,7.02215521794796,7.022134598392065,12.732664160342576
d:108:1.3109060435453515,7.022162964506643,7.022132507080005,12.733389428041296
d:109:1.3116377688693568,7.022167338570882,7.022133648853925,12.732663218555452
d:110:1.3097950505864837,7.022170999392869,7.0221374944003045,12.73451344320669
d:111:1.3118661516346943,7.0221716690430585,7.022136449671985,12.73244196708035
d:112:1.3105688837538523,7.022169360469117,7.022132305253074,12.733732781968339
d:113:1.3116467196834822,7.022174801378352,7.022139782899633,12.732667864594502
d:114:1.3107620709713288,7.0221759664619565,7.022134592846757,12.733548488337384
d:115:1.3117109443748909,7.022178741936241,7.02215768517755,12.7326254827389
d:116:1.3113898796789485,7.022173554549848,7.022137820279349,12.732921495150249
d:117:1.3110061249371086,7.022174801378352,7.0221357756199385,12.733304452061182
d:118:1.3104808102267516,7.022182615507294,7.022143334515679,12.733845139796221
d:119:1.3119603665049464,7.022164219700833,7.022136715058905,12.732340568254791
d:120:1.3103667096156553,7.022168435089282,7.022128342461655,12.733930067935281
d:121:1.3104920406979055,7.022177714049872,7.022132110449587,12.733817783801554
d:122:1.3123490904804562,7.022182773889336,7.022139706752791,12.73197339016167
d:123:1.3098116665152695,7.0221810866681835,7.022135273053188,12.734504693206102
d:124:1.3110284055412968,7.022168602047913,7.022129051421692,12.733269247928309
d:125:1.3112004765536138,7.0221826262987515,7.022141454458465,12.733123604203604
d:126:1.3103477590281152,7.02218253776989,7.022138588795432,12.733973367537207
d:127:1.310339407531842,7.022168915200682,7.022122429858596,12.733951937527436
d:128:1.3110357465302478,7.022168435089282,7.022125246302603,12.733257934861637
d:129:1.3098420617511302,7.022178741936241,7.022139818822287,12.734476499007398
d:130:1.3101587611651464,7.022177920828645,7.022130975809782,12.73415013547328
d:131:1.310499036468027,7.022178414913847,7.022139988704983,12.733819367150803
d:132:1.309376526184053,7.022168900752757,7.022126545253993,12.734918919822697
d:133:1.3102204839533265,7.0221784757093895,7.022147556289922,12.734105548045985
d:134:1.3101805270073719,7.022183101079196,7.0221346771509605,12.734137251222784
d:135:1.3101011808780214,7.0221810866681835,7.02213368170205,12.734213587492212
d:136:1.3094536743029153,7.022182615507294,7.022134226636319,12.734863167840697
d:137:1.3103123251132853,7.0221826262987515,7.022138171491718,12.734008472677184
d:138:1.3095703379484576,7.022178741936241,7.022139020690605,12.734747424678389
d:139:1.311107142827833,7.022180414973045,7.022137945793839,12.73321121793905
d:140:1.3090242514617323,7.022177920828645,7.022132541465448,12.73528621083236
d:141:1.3107438390565171,7.022167859229163,7.022130190726328,12.733554210898973
d:142:1.3105841910899887,7.02218079332599,7.022151708210389,12.73374831044639
d:143:1.310191660701559,7.022168900752757,7.022136773912161,12.734114013963358
d:144:1.3108396405787186,7.022168435089282,7.022129090917837,12.7334578854284
d:145:1.3115878607692544,7.022186663003492,7.022161917371233,12.73276071960547
d:146:1.3095551567411654,7.022179349749646,7.0221360796968595,12.73476027270534
d:147:1.309956488795276,7.02218253776989,7.022134613610489,12.734360662585104
d:148:1.3095928076918497,7.0221716690430585,7.022129221690123,12.734708083041332
d:149:1.309609743438557,7.0221826262987515,7.022134821096475,12.73470770395667
d:150:1.3104988410562264,7.022175661223062,7.02213255942037,12.733809379587205
d:151:1.3100431399815555,7.02218079332599,7.022146511915859,12.734284165260295
d:152:1.309342987862772,7.022182654495203,7.022134459455995,12.734974126088426
d:153:1.3106117729960296,7.022184347070352,7.022156198462977,12.7337287725373
d:154:1.3094264241369604,7.02218253776989,7.022134521730063,12.734890635362992
d:155:1.3083878554243729,7.0221776510829645,7.02213577076501,12.735925566423601
d:156:1.3107955153478255,7.022196757699249,7.02216607932337,12.733567321674792
d:157:1.3105696268174043,7.022188220611769,7.022162788227942,12.733781382022308
d:158:1.3088752878612304,7.022192357652216,7.022166392459192,12.735483462250176
d:159:1.3094594605627865,7.022182615507294,7.02213398795884,12.734857142903348
d:160:1.3104493492052036,7.022168435089282,7.022133071108688,12.733852156992766
d:161:1.3095172242944813,7.022198356636837,7.022165859368404,12.73484699171076
d:162:1.3091519504499427,7.0221759664619565,7.022128701868234,12.735152717880249
d:163:1.3091148303882072,7.022178552282335,7.022135344470675,12.735199066364803
d:164:1.310032857578932,7.022168743934988,7.0221343587715594,12.734270245127615
d:165:1.309889307625511,7.022187105013261,7.022161103783318,12.734458901171067
d:166:1.3099536633515338,7.022182106141275,7.022144780351889,12.73437322314163
d:167:1.309519606942347,7.022182490719846,7.022139745804829,12.734802629582328
d:168:1.3090869197375579,7.022182381601263,7.02214683496609,12.735242296829796
d:169:1.3090869290770417,7.022188244924364,7.022160111005977,12.7352614268533
d:170:1.309936055720902,7.02219885927027,7.022169299074417,12.734432102623785
d:171:1.3102769301575705,7.0221759664619565,7.022137013398551,12.734036049702937
d:172:1.3087383061594622,7.022178741936241,7.022133325011693,12.735573760788473
d:173:1.31026936316265,7.02218305442903,7.022144656452291,12.73405834771867
d:174:1.3084975621648756,7.022196757699249,7.0221626172027,12.735861812737074
d:175:1.309799552511052,7.0221995503787396,7.022169988240141,12.734569986107829
d:176:1.309958609765987,7.022177714049872,7.02213004734298,12.734349151626864
d:177:1.3101685882759249,7.022182615507294,7.022131879705294,12.734145906936664
d:178:1.309103938881588,7.022182773889336,7.022130751561588,12.735209586569336
d:179:1.3089829748042003,7.022176675651348,7.022131713436165,12.735325414283313
d:180:1.3085721414257598,7.0221995503787396,7.022170750455956,12.735798159408937
d:181:1.3092947290550416,7.022188301930376,7.022157131453792,12.735050704329126
d:182:1.3095509044071054,7.022177920828645,7.0221331216196425,12.734760138041182
d:183:1.308491852978296,7.022184264521122,7.022145316526071,12.735837728068898
d:184:1.30923200292008,7.022198356636837,7.022165793494441,12.735132147211198
d:185:1.3101560094013802,7.022198896679252,7.022168508882365,12.734211396160237
d:186:1.308817924111036,7.022191442059245,7.022153966682685,12.735527484630893
d:187:1.3099837476530833,7.02217919674147,7.022131166024066,12.734326615112453
d:188:1.3076816520631844,7.022196757699249,7.022159334657853,12.736674440293918
d:189:1.3093154610377589,7.0221995503787396,7.022165472662025,12.735049562003006
d:190:1.3098921908242005,7.022197395532341,7.022165499540705,12.734470704248846
d:191:1.308186935447294,7.022184264521122,7.0221326410629255,12.736129970136753
d:192:1.3094222011158152,7.022198783610375,7.022160481596109,12.73493706409067
d:193:1.3100296772665985,7.02219810340907,7.022166702245841,12.734335128388313
d:194:1.3088111617744556,7.022198783610375,7.022159832484853,12.735547454320772
d:195:1.308509292403313,7.022183068625232,7.022129641297946,12.735803417519865
d:196:1.3095252492088765,7.022198356636837,7.022153460517988,12.734826567945948
d:197:1.3075316946319848,7.022189186184353,7.022141592170032,12.736799083722401
d:198:1.3102892439760723,7.02218253776989,7.022121627997298,12.734014921791115
d:199:1.3084863406409362,7.022182319691962,7.02212571573887,12.735821694789895
d:200:1.3097316811826953,7.022179678940445,7.022122784241446,12.734570781999196
d:201:1.3085214402151504,7.022199834847835,7.022157690273263,12.735836084905948
d:202:1.308395752532288,7.022197404481465,7.0221613934871066,12.735963045436282
d:203:1.3088338193616167,7.0221971874749425,7.022151358395696,12.735514726509022
d:204:1.3098079236468028,7.022182615507294,7.022125761079261,12.734500452939752
d:205:1.3087064352799835,7.0221810866681835,7.022120506865741,12.73559515825394
d:206:1.3079663417929268,7.022198275572127,7.022145205623677,12.736377139402878
d:207:1.3099657715143955,7.022198068878207,7.022150880714951,12.734383178078762
d:208:1.3084410517896803,7.022196757699249,7.022134912351227,12.735890618260795
d:209:1.309638288425683,7.022198895291697,7.022153313127749,12.734713919993764
d:210:1.3087633766883862,7.0221995503787396,7.022146969992073,12.735583143682426
d:211:1.3088548030696288,7.022180414973045,7.022120312841738,12.735445924745154
d:212:1.3081278063071906,7.022204227481996,7.02216634064935,12.736242761824155
d:213:1.309198900382695,7.022198550256209,7.022136000384692,12.735135650258206
d:214:1.3085003738768908,7.022199365574045,7.0221391097681085,12.735838101465264
d:215:1.3095130982552323,7.022178741936241,7.022120139412158,12.734785783093168
d:216:1.3074292771052018,7.022179131080294,7.022115148787143,12.736865002762235
d:217:1.309290663101356,7.022195183961368,7.022154498719665,12.735059019579678
d:218:1.307197678039751,7.022198895291697,7.022152542885551,12.737153760137497
d:219:1.3100228497673196,7.022184264521122,7.022122613334416,12.734284028088217
d:220:1.3087305263511961,7.022187105013261,7.022120573765639,12.735577152427703
d:221:1.3083456456932847,7.02219822909739,7.022157981800856,12.736010565204962
d:222:1.3090803007813054,7.022198593737372,7.022156952172343,12.735275245128408
d:223:1.307115038024314,7.022186419905396,7.022121199203635,12.737192581084717
d:224:1.3085308684004993,7.022182381601263,7.022114481184506,12.73576599438527
d:225:1.3089262317421149,7.0221995503787396,7.022145203590179,12.735418522226803
d:226:1.3091521582308285,7.0221918321872945,7.022121371793558,12.735161045750024
d:227:1.308865960785143,7.022197163935337,7.022148918157102,12.735480121307296
d:228:1.307235633907558,7.022191442059245,7.0221187527211235,12.737074560872811
d:229:1.3099050532184595,7.022198764773473,7.022132190041934,12.734425901596948
d:230:1.3075138073056252,7.022203545461312,7.022162284840144,12.73685202299583
d:231:1.3094024453972022,7.022207968519741,7.022166826113156,12.734972349235695
d:232:1.3090006961094627,7.022196757699249,7.022120503075285,12.735316564665071
d:233:1.3074417835944487,7.022183578178187,7.022113447951628,12.736855242535366
d:234:1.3085757504331905,7.022196757699249,7.0221212423751895,12.735742249641248
d:235:1.308207046021737,7.022207968519741,7.0221655687708235,12.736166491268827
d:236:1.3079169232554513,7.022207183148281,7.022166968059536,12.736457227952366
d:237:1.3076900161171743,7.022192357652216,7.022121048783771,12.736623390318812
d:238:1.3084767204773318,7.02218079332599,7.022125346436066,12.735829419284725
d:239:1.3082960541515778,7.022188220611769,7.02211550444419,12.73600767090438
d:240:1.3080776222575796,7.022197896618765,7.022155006629118,12.736275280990304
d:241:1.3094977579440386,7.022201958170004,7.022150673932084,12.73485487415805
d:242:1.3077171314233702,7.0222057690585,7.022163568644571,12.7366522062797
d:243:1.3065779234147161,7.0221995503787396,7.022138912332962,12.737760539296985
d:244:1.3090359929700988,7.022195573599316,7.022131099462769,12.735290680091985
d:245:1.3084437652092191,7.022198444775411,7.022155855410089,12.73591053497628
d:246:1.3076431852554578,7.0221973796574995,7.022128110097441,12.736682304499482
d:247:1.3077560219339528,7.022197395532341,7.0221289623286705,12.736570335927059
d:248:1.3085887090111967,7.022200562470019,7.0221549909712095,12.735766844430032
d:249:1.3085683259470304,7.0221984616256234,7.022132693847069,12.735762829525662
d:250:1.307432565173949,7.0221995503787396,7.022133984383373,12.736900969588165
d:251:1.3089954367515197,7.022203226012746,7.022161748858304,12.73536953811953
d:252:1.3075797804799016,7.0221995503787396,7.022131113446485,12.736750883345323
d:253:1.3086315717707908,7.02219727303527,7.022126232764465,12.735691934028944
d:254:1.3083700175705442,7.022198444775411,7.022155706358163,12.73598413356303
d:255:1.3066542777066914,7.02219885927027,7.022124298769807,12.737668880333386
d:256:1.3087953406925639,7.022190200124991,7.0221171958644515,12.735512055296878
d:257:1.3080815288684988,7.022197024366963,7.0221316903269,12.736247185825365
d:258:1.3061640889976935,7.0222022803359625,7.022165323697813,12.738203515036082
d:259:1.3082302767232772,7.022204234884935,7.022157210262292,12.73613116842395
d:260:1.3086981751688676,7.0222034593587255,7.022164659658778,12.735669943848636
d:261:1.3070920050442876,7.022196757699249,7.022120182116963,12.737224934771925
d:262:1.3087352482011507,7.02220366577393,7.0221661087965614,12.73563452636934
d:263:1.3085655390224034,7.022203507042612,7.0221710201707195,12.735808988190929
d:264:1.3071348410101926,7.022187105013261,7.0221191860308165,12.737171450033884
d:265:1.308544602245549,7.022204227481996,7.0221571852199025,12.73581681045635
d:266:1.3078619962852294,7.022198895291697,7.0221439968147985,12.736480895821266
d:267:1.3074519027542006,7.0221994292964665,7.022154109510118,12.736901636052384
d:268:1.3088104762897412,7.022204446866258,7.022174275275218,12.735568245851736
d:269:1.3082352754423638,7.022198757888838,7.022145478351552,12.736108960798028
d:270:1.3083234802491734,7.0221995503787396,7.022127792703486,12.736003862833053
d:271:1.3077059249801053,7.022198757888838,7.022143907474864,12.736636740383597
d:272:1.3084400785447592,7.022204446866258,7.022172598224567,12.735936966546067
d:273:1.3074429486256705,7.022200595739123,7.022148180291236,12.736905827404687
d:274:1.3077644275057967,7.022198783610375,7.022130100087271,12.736564456191848
d:275:1.3067522049594373,7.022199236461083,7.022150456441592,12.737597487943237
d:276:1.3086264411311745,7.022204347903665,7.02216673651953,12.735744643292021
d:277:1.3079834415500464,7.022197848611756,7.022149961640943,12.736364368702652
d:278:1.3066258973001155,7.022195576553001,7.022129406483366,12.737699085736251
d:279:1.3098605876738016,7.022198131811716,7.022143658353499,12.734481202491413
d:280:1.3072885682626705,7.022204446866258,7.022167291404239,12.737083170007827
d:281:1.3084213300442578,7.022197163935337,7.022127838941585,12.735903672832663
d:282:1.3082504992989161,7.022196757699249,7.02211943452145,12.736065692921782
d:283:1.307092491454469,7.022198356636837,7.022117722360121,12.737223587542488
d:284:1.3077383954174984,7.022200062655547,7.022141207087961,12.73660287432601
d:285:1.3081032726770143,7.02221298931564,7.022164390409694,12.736274107048319
d:286:1.3085219243156487,7.0222057690585,7.022154337029027,12.735838181771879
d:287:1.3067341831000583,7.022198444775411,7.02215121424357,12.737615475918922
d:288:1.308135070425056,7.022205953515427,7.022153892974426,12.736224776064798
d:289:1.3082813683926133,7.022211417349041,7.022168229039646,12.736098277996074
d:290:1.3067096856280518,7.022204227481996,7.022146616737721,12.737641158591666
d:291:1.3076783380351493,7.022198783610375,7.0221193737059515,12.736639819281176
d:292:1.3074422425077792,7.022197024366963,7.022120884002854,12.736875665862037
d:293:1.30869277781885,7.022197303479838,7.022135886037282,12.73564041169827
d:294:1.307394019563434,7.0222069156733795,7.02216637691821,12.736979273028156
d:295:1.307094036672627,7.022198131811716,7.022129678216539,12.737233773355628
d:296:1.309224375985357,7.022198896679252,7.022116361311208,12.735090882005103
d:297:1.3060567575344564,7.022198550256209,7.022114874795715,12.738256667517469
d:298:1.3079252843699187,7.022200486169597,7.022117951031329,12.736393152831006
d:299:1.307045642615396,7.022203930220406,7.022154275996823,12.737312563601833
d:300:1.3074283619144804,7.0221995503787396,7.022112838724837,12.736884027189097
d:301:1.3077236171466318,7.022213769197353,7.022166040501742,12.736656192552463
d:302:1.3070144526209067,7.022208543764032,7.022163750317191,12.737357841460318
d:303:1.3073216885734276,7.022217692235245,7.022170430499347,12.737066434161164
d:304:1.3073845152151709,7.022198895291697,7.022117116410815,12.736931496487342
d:305:1.3076175454335779,7.022210063847008,7.022164322044928,12.736756840458357
d:306:1.3070965950675681,7.022200633063143,7.022137983501145,12.737242021496721
d:307:1.3085869851875387,7.0221997007920045,7.022121391745028,12.735734107349494
d:308:1.308074650858405,7.022198895291697,7.022118735088747,12.73624297952204
d:309:1.307398691064753,7.02220541407199,7.022145396704485,12.736952119711722
d:310:1.3076657747123939,7.022212878042947,7.022161762917578,12.736708866248131
d:311:1.306761842696,7.022197303479838,7.022124288624493,12.737559749408332
d:312:1.3080834240523185,7.022216190113333,7.02217809550144,12.736310861562455
d:313:1.3065256502010936,7.022214736916666,7.022162812119794,12.737851898835368
d:314:1.3084781047370164,7.0222168996026815,7.022170113345175,12.73590890821084
d:315:1.3078150733885607,7.0221995503787396,7.0221159290374935,12.736500406027673
d:316:1.3082588604044911,7.0222049109354305,7.022150548462065,12.736096598993004
d:317:1.3072992707285902,7.022214103269967,7.022180468660446,12.737095301201823
d:318:1.3081171588362661,7.022211581038482,7.022167179635065,12.73626160183728
d:319:1.307283022084576,7.0222022803359625,7.022153648139862,12.737072906391248
d:320:1.3072252432660072,7.022204446866258,7.022153737484623,12.737132941084873
d:321:1.3084802698528772,7.022211147755736,7.022167151066181,12.735898028969041
d:322:1.306280595148694,7.022209698864377,7.022182381059781,12.738111484775464
d:323:1.3083164816133461,7.022201356548419,7.022149826823008,12.736034701758081
d:324:1.3083251406044116,7.0221995503787396,7.022110998759251,12.735985408533578
d:325:1.307951877536249,7.0222168996026815,7.022164035126652,12.736429057193083
d:326:1.3083288856313082,7.022213769197353,7.022161132185303,12.736046015751349
d:327:1.3078982780325177,7.022213750608231,7.022165795052757,12.73648126762847
d:328:1.307347511206137,7.0221973796574995,7.022117090681488,12.73696695913285
d:329:1.307149082794961,7.022207968519741,7.022144861435695,12.737203747160475
d:330:1.3073654360649076,7.022218174649358,7.022171020627264,12.737023759211715
d:331:1.3072315962441508,7.022205108455254,7.022152800330297,12.7371263125414
d:332:1.3074628306787623,7.022204227481996,7.02213090817925,12.736872304982484
d:333:1.3083263341510598,7.022198593737372,7.022122646616168,12.73599490620248
d:334:1.3070808666318978,7.022200206483855,7.022123621518144,12.737242961370102
d:335:1.3068782045239544,7.022204446866258,7.022154443037294,12.737480685379598
d:336:1.3072600348012386,7.0222178169046705,7.022170016718635,12.737127798822067
d:337:1.3083619804696731,7.022199155797815,7.022128317651548,12.735965492979691
d:338:1.3063916844884442,7.022216190113333,7.022178217787758,12.738002723412647
d:339:1.3060651910807728,7.022211581038482,7.0221645365766845,12.738310926534393
d:340:1.308449031051028,7.022204446866258,7.022158824551141,12.735914240366371
d:341:1.3072521581012087,7.0222022803359625,7.0221591293187675,12.737109251553521
d:342:1.306765063457627,7.02221298931564,7.022167234256294,12.737615160114307
d:343:1.307507262693278,7.022215327453142,7.022172735710622,12.736880800470486
d:344:1.3067076155943393,7.022198213251907,7.022125023022061,12.737615620679628
d:345:1.3064650596692413,7.022213286159942,7.022169560379089,12.737917786869788
d:346:1.308357652500515,7.022204864006462,7.0221348044667025,12.735982015972649
d:347:1.306434960703033,7.022197860358963,7.022123561411293,12.737886461067223
d:348:1.3067173766554312,7.022212013651977,7.022183566768682,12.737678203765228
d:349:1.3085301168514292,7.022210940417456,7.022180786574186,12.735861610140212
d:350:1.3056276434533665,7.022199469171794,7.022188201563742,12.738760027282169
d:351:1.3082008401111285,7.022203023743408,7.022124582209239,12.736126765841519
d:352:1.3064623615559103,7.022208543764032,7.02216416427666,12.737910346484782
d:353:1.3077156291929253,7.022195576553001,7.022124507067475,12.736604454427551
d:354:1.3075580311171695,7.022213926621361,7.02216922302254,12.736825118526731
d:355:1.3062041047159152,7.022203714275037,7.022140300505629,12.738139910064751
d:356:1.3064915618884676,7.0221994292964665,7.0221164099137034,12.737824277321703
d:357:1.3083452595254457,7.022198359410248,7.022124611236292,12.735977711121095
d:358:1.3059215030804303,7.022201197216673,7.0221161480103085,12.738395842146552
d:359:1.3073669026819523,7.02220541407199,7.022120102534655,12.736958613924692
d:360:1.306525926434686,7.02221298931564,7.02215455424944,12.737841617130394
d:361:1.306937116927072,7.022211620961409,7.022178704498982,12.737453208533319
d:362:1.308023498028133,7.02220045398009,7.02214082276698,12.736317778718936
d:363:1.306941728527244,7.0222058026625485,7.022184446288836,12.73744852042414
d:364:1.3075030672313304,7.022213769197353,7.022165105835091,12.736875807801113
d:365:1.3059180497771745,7.02220717876189,7.022149311607493,12.738438440592208
d:366:1.3074749496791114,7.022204651022119,7.0221312742426925,12.7368609755857
d:367:1.3068816411300226,7.0222049109354305,7.022132311576006,12.737455581381415
d:368:1.3067768808253923,7.022204347903665,7.02215029601206,12.737577763090332
d:369:1.3069397940492156,7.022216321062945,7.022167473934806,12.737444000948535
d:370:1.306551047766801,7.022199469171794,7.02218426067948,12.737832682084473
d:371:1.3073622628470805,7.022203930220406,7.022138948100724,12.73698061547405
d:372:1.3073927799735987,7.022211396117049,7.02217778638528,12.73699640252873
d:373:1.3056625557271264,7.02221298931564,7.02215529364706,12.738705727235574
d:374:1.307466586935119,7.022200633063143,7.022116515563219,12.736850561691243
d:375:1.3071130215271722,7.022194814377017,7.022183988141335,12.73726578099118
d:376:1.30641201450333,7.022205672459392,7.02218106556599,12.73797472352205
d:377:1.3057811835461148,7.02220352516075,7.022179834824742,12.738602176439377
d:378:1.3087773572947619,7.0221968341628624,7.0221821499595585,12.735601626827659
d:379:1.3069361572394307,7.022200633063143,7.022113466382515,12.737377942206226
d:380:1.3067439273547024,7.02221298931564,7.022151525553904,12.737620587514842
d:381:1.3079975610971442,7.022211396117049,7.022169845312869,12.736383680332773
d:382:1.306412437846948,7.02220112154019,7.022120435974117,12.73790911966736
d:383:1.3058124530340667,7.022205049981891,7.022170111511555,12.738562708459378
d:384:1.3075666121207856,7.022208543764032,7.022148772019948,12.736790703663194
d:385:1.3064984336556087,7.022207968519741,7.022114042808972,12.737823577673105
d:386:1.306581174118227,7.022189695727523,7.022178394520606,12.7377869161299
d:387:1.3082111760089568,7.022190970796946,7.022178898158823,12.736158692946812
d:388:1.3077140369674272,7.02219091733203,7.0221791614988485,12.736656041863451
d:389:1.3062728943896413,7.022199065093202,7.02211494669467,12.73804111739823
d:390:1.30659442479363,7.0222034593587255,7.022115529367323,12.737724563932417
d:391:1.3057024492035527,7.022213286159942,7.022151368983169,12.738662205939558
d:392:1.3073620607342278,7.022194586307307,7.022174689941159,12.73700721551424
d:393:1.307322975185766,7.02220366577393,7.022120745506772,12.737001436094936
d:394:1.306188407093181,7.022199469171794,7.022162143702378,12.738173205780992
d:395:1.3080038423156584,7.022212898274581,7.022142591582601,12.736351647541523
d:396:1.3062558702892044,7.022200633063143,7.022103731893527,12.738048494667465
d:397:1.307001192084039,7.0221968341628624,7.022171559956458,12.737367202035282
d:398:1.3062830831508823,7.022213074276084,7.022156527562747,12.738086518687949
d:399:1.3058336362598144,7.022209698864377,7.0221515041178195,12.738527566722382
d:400:1.30672587566578,7.022209517395696,7.022154149037808,12.737637790767725
d:401:1.3062832610356292,7.02220581383245,7.022162044134531,12.738084596931353
d:402:1.306170227824662,7.022187511366284,7.022174702191252,12.738191985732875
d:403:1.3072055463359966,7.0222080614585405,7.0221065808740555,12.7371090959966
d:404:1.3062087438964909,7.022217692235245,7.022146126304473,12.738155074643227
d:405:1.3075284821431996,7.022189240421429,7.022173664431937,12.736834422710166
d:406:1.3055422120039744,7.02221363097173,7.022137556240494,12.73880897520825
d:407:1.3071063258063713,7.022186843564085,7.022171931258224,12.737252449015937
d:408:1.3071205079380324,7.022216190113333,7.022156262585557,12.737251944760859
d:409:1.3055861308117471,7.022204464963048,7.022117015607528,12.73873534975883
d:410:1.3063284148173544,7.022198444775411,7.0221097769158485,12.737979806873906
d:411:1.3077043793173573,7.02218609832963,7.022171615404534,12.736653334416808
d:412:1.3062670762803332,7.022190970796946,7.022168916731819,12.738092811248432
d:413:1.305045181681706,7.022190153557406,7.02216907948703,12.73931405136273
d:414:1.306353052774103,7.022188073003498,7.022167804927472,12.738002825156867
d:415:1.3070483504572437,7.022204227481996,7.0221077505805845,12.737263627605337
d:416:1.3056715437789208,7.022207310278487,7.02212131645939,12.738657082958955
d:417:1.305995039720063,7.022209698864377,7.022151112405503,12.738365771549816
d:418:1.3064405274890412,7.022185949431657,7.022167769343602,12.737913191286218
d:419:1.3053812150130195,7.022212820064564,7.0221338692650725,12.738965474316617
d:420:1.3054516257648316,7.022185418649579,7.02216969733881,12.738903490223557
d:421:1.3083094686275416,7.022217692235245,7.022141119855476,12.73604934346318
d:422:1.304834555227714,7.022205322958614,7.022104498035202,12.739475265766103
d:423:1.3065664596674669,7.022195576734635,7.022166446445436,12.737795563512604
d:424:1.3057206018107852,7.022211106004985,7.022152474872089,12.73864297906629
d:425:1.305179622249888,7.022213286159942,7.022138547960243,12.739172211870297
d:426:1.305947317804069,7.022211581038482,7.0221216871865835,12.738385950420996
d:427:1.3069898776130735,7.022210063847008,7.022114150090152,12.737334336324086
d:428:1.3064152234909532,7.022211147755736,7.02212550888995,12.737921433154733
d:429:1.3062705108271793,7.022214736916666,7.022138542706289,12.738082768795776
d:430:1.3072378061593852,7.022210940417456,7.02214957961671,12.737122713874781
d:431:1.305708729950851,7.022191524326812,7.022169434342202,12.738652228718163
d:432:1.3051769597857383,7.022205953515427,7.022100761709198,12.739129755438887
d:433:1.3060088078606338,7.022215029688121,7.022140313369638,12.738346535197126
d:434:1.3079025695214614,7.022183891781158,7.022165064787129,12.736446387046826
d:435:1.3059362868034938,7.022213286159942,7.022135087524736,12.738412086881183
d:436:1.3070891260300304,7.022177961659708,7.02216902356392,12.737257859193598
d:437:1.3062382103087362,7.022209698864377,7.022148000150055,12.738119488705696
d:438:1.3057223680278334,7.02220717876189,7.02210371843902,12.738588529173075
d:439:1.3075628926811635,7.02217587446227,7.022169082160656,12.736782063941762
d:440:1.3066756620279971,7.02219594514972,7.022155441964739,12.737675725086463
d:441:1.3058642252930674,7.022212436281844,7.022149914540019,12.738498125528796
d:442:1.306336976080141,7.022216190113333,7.022140533329397,12.73801974736259
d:443:1.3058497715445512,7.022216471371557,7.022136101000276,12.738502800827282
d:444:1.3060618270938207,7.022216190113333,7.022138367557836,12.73829273057735
d:445:1.30676360507878,7.022212436281844,7.02214973308677,12.737598564289835
d:446:1.3072439435344343,7.02219594514972,7.022153411112461,12.737105412727747
d:447:1.3068072724935238,7.02217587446227,7.022167707982534,12.737536309951281
d:448:1.3053877596628904,7.022204446866258,7.022095747842277,12.738912435045645
d:449:1.3062517570174474,7.022214375335597,7.022138628432237,12.738101246750388
d:450:1.3054198702573192,7.022182228030874,7.022165149639214,12.73892750741277
d:451:1.3064011577576657,7.022212316047785,7.0221081498595055,12.737919308149625
d:452:1.3058838042843597,7.02219067779095,7.022160602247498,12.738467475754089
d:453:1.3056486153604059,7.022208543764032,7.022114500324575,12.738674428728201
d:454:1.305909341058216,7.022176532678672,7.02216672633407,12.738433917954525
d:455:1.3070691035938395,7.022212436281844,7.022145751125714,12.737289083813717
d:456:1.305161378468199,7.02221298931564,7.0221020416025866,12.739153652450028
d:457:1.3068210800303781,7.022181304541109,7.02216575452134,12.737525979032071
d:458:1.306186883403024,7.022186509870131,7.022169092918305,12.738168719385412
d:459:1.3062398045880403,7.0221968341628624,7.02215418269835,12.738111212273173
d:460:1.3052526129041286,7.022205672459392,7.022150017515193,12.739103077070455
d:461:1.3058897984595514,7.0222137450948745,7.022150708704303,12.738474655339626
d:462:1.3057405558163762,7.0222058026625485,7.02215094135682,12.738616188202991
d:463:1.3056484642000754,7.022194261146059,7.022152452872802,12.738698249818786
d:464:1.3060204438295475,7.0221876750493335,7.022168334110625,12.738335565330411
d:465:1.306218382986783,7.022185529992288,7.022169213313516,12.73813636031902
d:466:1.3059764603846045,7.02220717876189,7.0221015037116405,12.738332222088927
d:467:1.3046082898385283,7.022215399378904,7.022136097227979,12.739743206768354
d:468:1.3078676085223524,7.022188073003498,7.022167627885834,12.73648809236698
d:469:1.304856758656861,7.022204446866258,7.022106714515592,12.73945440272499
d:470:1.3063630018749137,7.022205672459392,7.022153683516907,12.737996354101385
d:471:1.3057856744423564,7.022186678199487,7.022179105646218,12.73858010940335
d:472:1.3057429608144915,7.022205672459392,7.022154999323889,12.73861771096879
d:473:1.306695493068414,7.0222022803359625,7.022108903514902,12.737615690782452
d:474:1.3054280735414139,7.022188073003498,7.0221638500177574,12.738923849479843
d:475:1.3065689215947849,7.0222179209002,7.022140192867032,12.737789192172446
d:476:1.3066161575479214,7.022204446866258,7.022108235318721,12.737696524637059
d:477:1.3065760285843506,7.0221842569959145,7.022169817341789,12.737778045753354
d:478:1.3058717057352567,7.022188931124245,7.022158558996131,12.73847578438512
d:479:1.3067045299747093,7.022199209669679,7.022152629927302,12.737647309622272
d:480:1.3059257336446386,7.022209517395696,7.022136397474798,12.738420181225855
d:481:1.3060727939400607,7.022216190113333,7.022138009662639,12.738281405835911
d:482:1.3056476221951563,7.02221959846108,7.022131504995345,12.738703481261268
d:483:1.3063727767718447,7.022209698864377,7.0221358332466615,12.737972755339193
d:484:1.3072425109098056,7.0222058026625485,7.022146173202744,12.737109464955488
d:485:1.3057826711309506,7.02219091733203,7.022150783966109,12.738559030167188
d:486:1.3063238344416526,7.022180680254485,7.022166220513061,12.738023066325894
d:487:1.3056677900287532,7.022195014347567,7.022175074199158,12.738702298517971
d:488:1.3046859295683237,7.022213568631735,7.022111309844163,12.739638948907574
d:489:1.3050609241110323,7.022195576734635,7.022145988875274,12.739280641498876
d:490:1.3056489359561922,7.02218843796798,7.022164880211571,12.738704382223359
d:491:1.306503490457164,7.022215029688121,7.022126373875765,12.737837913106723
d:492:1.305845209607691,7.022174953230866,7.022161134602981,12.738490878226157
d:493:1.3062654932607458,7.022213286159942,7.022099167753274,12.73804696065247
d:494:1.3063655988134002,7.022177874638071,7.022160704199005,12.737972980023677
d:495:1.305615071410486,7.022218174649358,7.0221236897826,12.73872679302147
d:496:1.3044614997406185,7.02218959780503,7.022162039213377,12.73989013727779
d:497:1.3066306087824309,7.022190153557406,7.022141748260988,12.737701293035963
d:498:1.3059338526500976,7.022213750608231,7.022107138576752,12.738387036534887
d:499:1.3059178514659262,7.022204666764079,7.02216839779833,12.738455213096483
d:500:1.306226521866618,7.0221879653204295,7.022163363987798,12.73812480744161
d:501:1.3052265844880786,7.022187511366284,7.022146274367849,12.739107201246053
d:502:1.3063916458457268,7.0222058026625485,7.022138216734076,12.737952373550899
d:503:1.304822628621027,7.022214103269967,7.022126489083964,12.739517963732903
d:504:1.3055759705901586,7.0222178169046705,7.0221095814700005,12.738751427784512
d:505:1.3051933047982214,7.022217692235245,7.022102103143411,12.739126490580434
d:506:1.3049097932753693,7.022216321606086,7.022104055136972,12.73941058346769
d:507:1.3053219198881152,7.022216190113333,7.022121150630109,12.739015420855328
d:508:1.3047786851004588,7.022211396117049,7.02213002317408,12.73956273419067
d:509:1.3068742632346186,7.022192223124125,7.022142135061452,12.737460094950958
d:510:1.305223292888181,7.022174953230866,7.022161436103236,12.739113096445921
d:511:1.3066263010003105,7.022192494611332,7.022165528714655,12.737731722325677
d:512:1.3053875360487037,7.022208543764032,7.022093740528036,12.738914748243365
d:513:1.3041163043598587,7.022197561200808,7.022139254055369,12.740220510896318
d:514:1.3061458142918934,7.0221835423695165,7.022161453494047,12.738199181571671
d:515:1.3053551790584024,7.022208959993507,7.022096288691056,12.73895006962616
d:516:1.3051208553554279,7.022190970796946,7.022140936938052,12.73921105237957
d:517:1.3049110169871323,7.022205603546626,7.022170131389883,12.739464717949376
d:518:1.3062034455356013,7.022199469171794,7.022133402841876,12.738129426478068
d:519:1.3060141467423616,7.022204273697216,7.022166365880507,12.738356492835361
d:520:1.3059642522442712,7.02219594514972,7.022140620430279,12.738372313335729
d:521:1.306161860437184,7.022215665781199,7.022167687596444,12.73822149294046
d:522:1.3047813374525674,7.022180680254485,7.022160323855936,12.739559666657854
d:523:1.3046470068519813,7.022212495768968,7.022129124008699,12.739694612925685
d:524:1.3068509905900463,7.022213294473655,7.022170183522694,12.737532487406302
d:525:1.306277975009536,7.022182096800624,7.022166043025769,12.738070164816857
d:526:1.3061098503850808,7.02219091733203,7.022150469809102,12.73823153675605
d:527:1.306397979802039,7.02221010832964,7.022122966671331,12.737935095198932
d:528:1.305728121781172,7.022208543764032,7.0220986315340275,12.738579053516887
d:529:1.3056742659205582,7.022211416901153,7.022172036384469,12.738709187365064
d:530:1.3057642966081922,7.022203895540921,7.02217153916164,12.738611138094369
d:531:1.305086722385905,7.022193527118545,7.0221630032584414,12.739269807991082
d:532:1.3074597682097338,7.02218843796798,7.022163035767718,12.736891705525965
d:533:1.3054871898628644,7.022186982992259,7.022163770733343,12.738863563862738
d:534:1.3060443406372553,7.0221926853306575,7.022163885450354,12.738312230143757
d:535:1.3058857874247138,7.022203767256741,7.022169296517683,12.73848727634971
d:536:1.3045851602086707,7.022212412868465,7.022170485458684,12.73979773811848
d:537:1.3052051954409212,7.022212343409194,7.022097623006318,12.73910477097459
d:538:1.3054193982378202,7.022212050969824,7.022122523780048,12.738915176512052
d:539:1.305699605694798,7.022191292362143,7.022149167778769,12.738640854446114
d:540:1.305837387543919,7.022182347734168,7.02216758608066,12.73851254627091
d:541:1.3058324276263846,7.022214621428021,7.022173255876621,12.738555449678257
d:542:1.3055143210195173,7.022212495768968,7.022124415514019,12.738822590263469
d:543:1.3056896198792813,7.022180680254485,7.022157678595816,12.738648738971019
d:544:1.3057353727014966,7.022215665781199,7.022173305640372,12.738653598720076
d:545:1.3053417745950355,7.022194611360367,7.022137331567982,12.738990168333313
d:546:1.3046994584655511,7.022192494611332,7.022170182374474,12.739663218520255
d:547:1.3045685726779954,7.022211106004985,7.0221116853768155,12.739754218703805
d:548:1.306101196321487,7.02218843796798,7.022166981874232,12.738254223520725
d:549:1.306988344750895,7.02221191529738,7.02211437978666,12.737337950333146
d:550:1.3041453859015775,7.022200021544596,7.022170044754729,12.740224680397748
d:551:1.3067264676226884,7.022194261146059,7.022141373632576,12.737609167155947
d:552:1.3049260693310565,7.022215514405072,7.022176009969662,12.739465455043678
d:553:1.305999820745635,7.022183839653801,7.022164806054443,12.738348824962609
d:554:1.3044831990775343,7.022210370619262,7.022133872483012,12.739861044024739
d:555:1.3046777380660348,7.022216833038858,7.022176329428361,12.739715424401185
d:556:1.3057515413403866,7.02218959780503,7.022168467838273,12.738606524302917
d:557:1.3045211071519827,7.022186509870131,7.022153969299974,12.739819372018122
d:558:1.3047477422940705,7.022211396117049,7.022131385518432,12.739595039341411
d:559:1.3056355135238427,7.022213769197353,7.022112708752548,12.738690964426059
d:560:1.305750707176685,7.022212287526619,7.022181483590199,12.738643063940133
d:561:1.306228131451034,7.022204288470453,7.022178375283801,12.73815453230322
d:562:1.3045465021282165,7.0221926853306575,7.022174045223677,12.739820228426117
d:563:1.3052020637982373,7.022183993966432,7.022175185292436,12.739157115460632
d:564:1.3052703888498254,7.022182360232475,7.022172728525182,12.739084699907831
d:565:1.3069938845541902,7.022182096800624,7.0221684165369975,12.737356628783433
d:566:1.305176340367412,7.022184774396029,7.022176345721074,12.73918477974969
d:567:1.3046572819234061,7.0221865654933655,7.022175930533125,12.739705214103084
d:568:1.3050203515209766,7.022204666764079,7.022177883208337,12.739362198451438
d:569:1.305812494021815,7.022214748562664,7.0221846281880715,12.73858688272892
d:570:1.3055779952013076,7.02221904245428,7.0221892057412605,12.738830252994234
d:571:1.3049843463142228,7.02221698839586,7.022110850688274,12.73934349276991
d:572:1.3039631911542067,7.02219594514972,7.022146040390983,12.740378794386498
d:573:1.3058553628905614,7.0221842569959145,7.022159826962957,12.738488721068311
d:574:1.305356676256304,7.022204742015834,7.022173702842203,12.739021768601733
d:575:1.305061546497594,7.022229410219919,7.022187663669272,12.739355527391597
d:576:1.3060553978492067,7.022190970796946,7.022142220758727,12.738277793706466
d:577:1.3049379056697,7.022192552327142,7.0221747667870265,12.73942941344447
d:578:1.3044129039468633,7.022227143777193,7.022185880566823,12.740000120397154
d:579:1.3048006186652632,7.022189695727523,7.022150128273726,12.739539205335985
d:580:1.304897383316412,7.0222117880255,7.022179216737569,12.739493621446657
d:581:1.3060414581063569,7.022209585212708,7.0221183190645595,12.73828644617091
d:582:1.304818994904064,7.022195014347567,7.02217370475936,12.739549724202863
d:583:1.3051119859740385,7.022211106004985,7.022111970630283,12.739211090661229
d:584:1.305579452338062,7.022192494611332,7.022171951300097,12.738784993573367
d:585:1.3042504413149238,7.022212436281844,7.0221112272425295,12.74007322220945
d:586:1.305317110354773,7.0222051196466495,7.0221711123262605,12.739059121618137
d:587:1.3050392961750497,7.022190912174038,7.022140122724883,12.739291738723871
d:588:1.305657240182608,7.022221709451701,7.022181218326602,12.738745687595696
d:589:1.3051959032885811,7.0221834855059635,7.022165299223948,12.739152881441331
d:590:1.3061072408664351,7.022205672459392,7.022120093372219,12.738218524965177
d:591:1.3057673245787633,7.022219691862429,7.022176283190963,12.738628650474629
d:592:1.3042530978108058,7.02218959780503,7.022174071622039,12.740110571616263
d:593:1.306428968448552,7.022188931124245,7.02214450602406,12.737904468699753
d:594:1.3058320825897187,7.022218174649358,7.022107093877548,12.738493185937186
d:595:1.3048520392174439,7.022219348809023,7.0221795311764215,12.739546840768
d:596:1.30590253081688,7.022203767256741,7.022177187867617,12.738478424307477
d:597:1.3061232031946926,7.022183165304059,7.022158575386392,12.73821853749576
d:598:1.3045644349275687,7.022188073003498,7.022149628372803,12.739773266448733
d:599:1.305680231280114,7.022195843796267,7.022131314986815,12.738646927502968
d:600:1.3054602676830616,7.022209517395696,7.0221074396401075,12.738856689352742
d:601:1.3049815363034103,7.022232020414339,7.022192671089373,12.739443155200302
d:602:1.3058571958860146,7.0222293059125365,7.022190522687246,12.738562632713768
d:603:1.30628365661733,7.022233943640938,7.022187870479064,12.738138157502672
d:604:1.3062057949431818,7.022233556147614,7.022185304437713,12.738213065642146
d:605:1.3057031242759045,7.022235813685387,7.02219100029588,12.738723689705363
d:606:1.3049414003779916,7.022228315946157,7.022195910310165,12.73948282587833
d:607:1.3039843234423678,7.022215399378904,7.022110496046266,12.740341571982803
d:608:1.3048197767296994,7.022209458030774,7.02211210614992,12.739501787450996
d:609:1.3053088594026914,7.022190153557406,7.022141197002558,12.739022491157273
d:610:1.3057000271298786,7.022174953230866,7.022159420643946,12.738634346744933
d:611:1.3043873511460653,7.022191912842024,7.022172757924882,12.739977319620841
d:612:1.3054767014286863,7.022215665781199,7.022176045970041,12.738915010322554
d:613:1.305228907241407,7.022234240058494,7.022190003401302,12.739195336218389
d:614:1.304989216256935,7.022210370619262,7.0221145579432225,12.73933571230555
d:615:1.3042639443253776,7.022174953230866,7.02215803931422,12.74006904821971
d:616:1.3059869405353908,7.022204742015834,7.022176149014597,12.738393950495041
d:617:1.30453127301824,7.022234357502565,7.02218465270424,12.739887737188566
d:618:1.305697445131786,7.022190970796946,7.022139133089332,12.738632658754492
d:619:1.3045588010860492,7.022199718244702,7.022175533195127,12.739816450353779
d:620:1.3051854991910101,7.022235813685387,7.022188554448137,12.739238868942513
d:621:1.3053342657250173,7.022188073003498,7.02214152971221,12.73899533699069
d:622:1.3049437382983982,7.0222130445383515,7.022170722648884,12.739440028888836
d:623:1.3054333835432033,7.022212436281844,7.022103933188841,12.738882985927482
d:624:1.3055353000848218,7.022192494611332,7.022172383005658,12.738829577532167
d:625:1.3057846446140875,7.022228570199871,7.0221908103398105,12.738634735925594
d:626:1.3050801054219772,7.022182509603407,7.022157363606547,12.739259767787976
d:627:1.305515059443847,7.022228592017928,7.022190075534446,12.738903608108528
d:628:1.3037277663526439,7.022186678199487,7.022162896109134,12.740621807955979
d:629:1.3051515372782951,7.0222392023492395,7.022191044961004,12.739278710031948
d:630:1.3052985948992823,7.022204631662453,7.022173252699925,12.739079289463097
d:631:1.3038289334550903,7.022195654914419,7.022114658255313,12.740481379714641
d:632:1.3055249231034498,7.022220116327605,7.022178953816444,12.7388741470406
d:633:1.3056334511751828,7.022185529992288,7.022154014879357,12.738706093696461
d:634:1.3036670009829265,7.022238188725957,7.02218792521731,12.74075911296034
d:635:1.3046509419550958,7.0222162165063216,7.0221733989469755,12.739738673498202
d:636:1.3041978595119392,7.0221842569959145,7.022156942565438,12.740143340049412
d:637:1.3054118416143439,7.022212436281844,7.0221058150753946,12.738906409742896
d:638:1.3045427678449713,7.022222717657381,7.022176905723034,12.739856855535443
d:639:1.3050049033998636,7.022204666764079,7.022174523627994,12.73937428699221
d:640:1.3037448976907555,7.0221792751734915,7.022143503830538,12.740577881313275
d:641:1.3051624283845626,7.022213074276084,7.022105218085562,12.739155863977082
d:642:1.3057757742009937,7.022229086415417,7.022186118647997,12.73863943086242
d:643:1.3062445057716374,7.022215782276133,7.022175840793806,12.7381471172983
d:644:1.3038227700869491,7.02220541147529,7.02217206893271,12.74055471032105
d:645:1.3054601937637393,7.022182096800624,7.0221538564948025,12.738875759531687
d:646:1.304335984107901,7.022185949431657,7.022144900314621,12.739994865638376
d:647:1.3039198664444687,7.022196701382078,7.022112317913358,12.740389152850968
d:648:1.305294823039734,7.022211396117049,7.022107259405741,12.739023832483056
d:649:1.304638088445575,7.022231681866729,7.022191834972745,12.739785428393898
d:650:1.304263199266222,7.022237740851592,7.022191900650684,12.740166442236054
d:651:1.3050019820719694,7.022229177432902,7.022189155505997,12.73941635086693
d:652:1.304697008911278,7.022230128429748,7.022188944136283,12.739722063654753
d:653:1.3052863403516461,7.022229177432902,7.022186056801804,12.73912889388306
d:654:1.3043462636911212,7.022237740851592,7.022189236385508,12.740080713545979
d:655:1.3060214313703806,7.022231681866729,7.022194547170508,12.738404797666856
d:656:1.3031135049554727,7.022214050381579,7.022112038322894,12.741212583749
d:657:1.304685789076098,7.022196369269986,7.0221117705905485,12.739622350784437
d:658:1.3052495546448846,7.022187559285255,7.022138708175917,12.739076712816289
d:659:1.3035127571655476,7.022183839653801,7.022153931471935,12.740825013960189
d:660:1.304875388624902,7.022200021544596,7.022162073209462,12.739486706129156
d:661:1.305082645472842,7.02221369040587,7.022174628860757,12.739305673793785
d:662:1.3047900747441847,7.0222354834103795,7.022180962322127,12.739626370988322
d:663:1.3042340382295592,7.022229687171541,7.022191660409218,12.7401873093512
d:664:1.3040284283043704,7.02219067779095,7.022119203518328,12.740281453004908
d:665:1.3041323336112125,7.02218843796798,7.022152907775852,12.740209012132619
d:666:1.3056214280869103,7.022216833038858,7.022172614198467,12.738768019150415
d:667:1.3058694131454338,7.022238212070845,7.022186344165543,12.738555143090954
d:668:1.30399355222435,7.022187511366284,7.022109365800358,12.740303324942293
d:669:1.3032345346901586,7.022200883965351,7.022158831057431,12.741125180332624
d:670:1.3067161588621037,7.022233943640938,7.022176757659185,12.73769454243802
d:671:1.3034728277998742,7.022194503216134,7.022103297069584,12.740824972485845
d:672:1.3054526991243094,7.022192494611332,7.022156163187838,12.73889595867486
d:673:1.304523039230812,7.0222298010543485,7.022180346718237,12.739887108541772
d:674:1.3046234552452987,7.022190121554469,7.022114386959779,12.73968105326895
d:675:1.3044051505670033,7.022211362085114,7.022173422814677,12.739979634332787
d:676:1.3052481668706228,7.022228370255909,7.02218932474827,12.739169528133555
d:677:1.304582770754383,7.022186678199487,7.022153560693591,12.739757468138695
d:678:1.3045608657111725,7.022228592017928,7.022182774231819,12.739850500538575
d:679:1.3039480676091877,7.022187114322281,7.02214041771293,12.740379464426024
d:680:1.3053662122290675,7.022235813685387,7.022175142851266,12.739044744307584
d:681:1.3039526608688945,7.022176532678672,7.0221359449198735,12.74035981672965
d:682:1.3040981482524945,7.022235813685387,7.022172598565368,12.74031026399826
d:683:1.3052554010780462,7.022185087309662,7.022136643771119,12.739066330002736
d:684:1.3040455526335393,7.022228592017928,7.022181687317961,12.74036472670235
d:685:1.3049357289027945,7.02218843796798,7.022151303248747,12.739404012313933
d:686:1.3045695139849975,7.022228370255909,7.022184737208108,12.73984359347902
d:687:1.3047969854193102,7.022214635243532,7.022167146641781,12.739584796466003
d:688:1.3045477073455665,7.022190970796946,7.022103250309614,12.739746513760995
d:689:1.3037851830561404,7.022234357502565,7.022172849609822,12.740622024056247
d:690:1.3058457283813283,7.022189698886177,7.02214657362405,12.738490544128899
d:691:1.3036466332718852,7.022232484044017,7.02217771960556,12.740763570377691
d:692:1.3054355430134148,7.022229808943638,7.022172456937882,12.738966722868104
d:693:1.3041871633080913,7.0221865654933655,7.02214913883358,12.740148541018854
d:694:1.3044662828129496,7.0221953751659,7.022103551432762,12.739832643785713
d:695:1.3055654440893445,7.022229188268908,7.0221706040385845,12.738834348218148
d:696:1.3047844033610065,7.0222117880255,7.022162791802712,12.739590176467205
d:697:1.3056700356980713,7.022174953230866,7.022131811626294,12.73863672915909
d:698:1.3048512913000003,7.022228635324803,7.022177103717811,12.739554447742613
d:699:1.3048652759975319,7.022227573802156,7.022172216414889,12.739534514219514
d:700:1.3050049796134715,7.022212287526619,7.022165793799668,12.739373101712815
d:701:1.3045473918717754,7.022189223007967,7.02214385613351,12.739785687269702
d:702:1.3049065119701133,7.022188073003498,7.022103166090787,12.739384727124172
d:703:1.3044723955006177,7.022231476507662,7.022178549728495,12.73993763073554
d:704:1.3044136380406997,7.022240084679577,7.0221751943568735,12.74000164099575
d:705:1.3048852005227083,7.022233943640938,7.0221749618413725,12.739523704959602
d:706:1.3047632953000896,7.022218571179875,7.0221615367457,12.739616812625485
d:707:1.3033451596986971,7.022204742015834,7.022152762444556,12.741012344761693
d:708:1.3050279056760488,7.022193527118545,7.022149741707073,12.739315363149569
d:709:1.3052603264913678,7.0221835423695165,7.022133985669943,12.739057201548093
d:710:1.303261157516797,7.022176986063415,7.022116909550969,12.741032738097587
d:711:1.3046033095421965,7.022188073003498,7.022099635502086,12.739684398963389
d:712:1.3050955156899011,7.022188476669746,7.022095716370295,12.73918867735014
d:713:1.304438549821711,7.022197069359128,7.022098804680844,12.73985732421826
d:714:1.3042300935617561,7.0221968341628624,7.022105317671304,12.74007205827241
d:715:1.3060529971432793,7.02219594514972,7.02210113270795,12.738244080714392
d:716:1.3043816654363827,7.022192223124125,7.022093264812202,12.739903822499945
d:717:1.3049808208475682,7.022188931124245,7.022092914430419,12.739301024707096
d:718:1.3051607121475968,7.022185949431657,7.022097556733741,12.739122794017803
d:719:1.3036655397916252,7.022180639554005,7.022117441949034,12.740632541711415
d:720:1.305544866376687,7.022182347734168,7.0221265394726595,12.738764020830141
d:721:1.304473679177276,7.022199269667513,7.022135330096706,12.739860920586944
d:722:1.304369710501275,7.022213723515709,7.022146060419294,12.739990073433729
d:723:1.3049702256212914,7.022221709451701,7.022157311090954,12.739408794921363
d:724:1.3057701741847065,7.022227638137656,7.02215740883695,12.7386148727899
d:725:1.3037110370926097,7.022227619903043,7.022169677280208,12.74068626009064
d:726:1.3042050858541607,7.0222452742024615,7.022163491949385,12.740203680297686
d:727:1.3059296540510577,7.0221799639573295,7.022095185818215,12.738345495724486
d:728:1.3037816728133542,7.022192494611332,7.0221347340221785,12.740545555820155
d:729:1.3052647211065178,7.022219885060663,7.0221556218811,12.739110785835244
d:730:1.3040039671389643,7.022228461542462,7.022163483164231,12.740387977567728
d:731:1.3060226659617395,7.022241613845968,7.022164891196709,12.738383839080937
d:732:1.3039814815009478,7.022174953230866,7.022099833320989,12.740293305050908
d:733:1.3043090232539107,7.0222117880255,7.022136773919403,12.740039538690993
d:734:1.3052159884712164,7.022229188268908,7.022161098213223,12.739174298010914
d:735:1.3045807518861672,7.022241855435322,7.0221699278750425,12.739831031424197
d:736:1.3043338513523217,7.022183117142283,7.022122320627516,12.739971586417477
d:737:1.304492980668055,7.022218946498168,7.02215758918401,12.739883555014124
d:738:1.3053862628424433,7.0222297503213635,7.022171205813808,12.739014693292727
d:739:1.3040564163595345,7.022176827406986,7.022094398221044,12.740214809268496
d:740:1.3039951386645772,7.022216833038858,7.0221563941584,12.740378088532681
d:741:1.3037665268058678,7.022229245658105,7.022172655607392,12.740635374459629
d:742:1.3046440792697922,7.0221842569959145,7.022112318852808,12.73965249657893
d:743:1.3064229983937903,7.022222883435388,7.022154255503496,12.737954140545094
d:744:1.3042261889610671,7.02224737785898,7.022167652018271,12.740188840916183
d:745:1.303912437246666,7.022203767256741,7.022140496432085,12.74043182644216
d:746:1.3046407377878246,7.022235215698524,7.022170823004657,12.739765300915357
d:747:1.303349081663594,7.022185087309662,7.022103877977862,12.74093988362393
d:748:1.305138331769495,7.022235813685387,7.022158875095984,12.739256357011875
d:749:1.304353727829426,7.0221881375546,7.022088871062472,12.739923280787647
d:750:1.3040138869847056,7.02221904245428,7.022157811090982,12.740362966560557
d:751:1.3055023631600076,7.022258018742037,7.022155819781758,12.738911475363787
d:752:1.3039754176011176,7.0222175125227,7.022157350470525,12.740399445392107
d:753:1.3044113418012468,7.022252500036557,7.0221659444325395,12.74000710266785
d:754:1.3037875736178375,7.022215193987721,7.022158341150545,12.740585961520429
d:755:1.3052369161940742,7.022259752164653,7.022155509453344,12.739178345423923
d:756:1.3045219166747088,7.022221709451701,7.022159100494048,12.739858893271041
d:757:1.3031791796480672,7.0222599032909985,7.022148877675245,12.741229601318176
d:758:1.305357191971023,7.0222298010543485,7.022155736991384,12.73902834607471
d:759:1.3042091201194808,7.0221856040140676,7.022097661780011,12.740074145674598
d:760:1.303211340365813,7.022231301693091,7.022169344543395,12.741189305870673
d:761:1.30573345892555,7.022205176419231,7.022139322309373,12.738611039803054
d:762:1.303670852687663,7.022252894925754,7.0221675271640915,12.740749569402183
d:763:1.3043556112545556,7.022230300166337,7.02215616384741,12.740030852759192
d:764:1.303612212372455,7.0221842569959145,7.022094297497699,12.740666342121159
d:765:1.3047865238226315,7.02222781440671,7.022170480437752,12.739611771021831
d:766:1.3046842087303432,7.022216833038858,7.022145076656808,12.739677700965323
d:767:1.3043147849825836,7.0221798176510095,7.0220841114368975,12.739949144105324
d:768:1.305262228315744,7.0222297503213635,7.02216267629862,12.739130198304238
d:769:1.3033149434664573,7.022219990401152,7.02214805270399,12.741053099638684
d:770:1.303990506119547,7.022182802808476,7.022092145723425,12.740284442412353
d:771:1.3047696060049478,7.022240896422475,7.0221723980676725,12.7396436884852
d:772:1.3037051596069436,7.0222347377582075,7.022154013614935,12.7406835917662
d:773:1.3045782159177755,7.022200021544596,7.022125300177647,12.739747105804469
d:774:1.3037533236709908,7.0222591316573615,7.022144862950874,12.740650670937244
d:775:1.3046287252360411,7.022229706066124,7.022165447822265,12.739766428652347
d:776:1.30367895094931,7.022229808943638,7.022152152263518,12.740703010257846
d:777:1.3034840714550082,7.0222040542813895,7.02212484862296,12.740844831449342
d:778:1.305174606630196,7.022186508397723,7.022089338240517,12.739101240008043
d:779:1.3050104048926219,7.022245269627153,7.022171370572614,12.739406235307145
d:780:1.3045372655838978,7.022237740851592,7.0221580950188285,12.739858570286524
d:781:1.3044963609800977,7.022221631408843,7.022151498170428,12.739876768599173
d:782:1.3033807039265604,7.02220541147529,7.022127888089528,12.740952595638259
d:783:1.3038588486269589,7.022180680254485,7.022086772443087,12.740408604070613
d:784:1.3041616386385506,7.022257142346474,7.022146989836448,12.740242493544372
d:785:1.3037683888281002,7.02224408014326,7.022167861010438,12.740643552325597
d:786:1.3043578143976777,7.022231681866729,7.022156061270073,12.740029928739125
d:787:1.3049196551909965,7.022227644312962,7.022150058112552,12.739458047234518
d:788:1.3038021695103161,7.022219691862429,7.022139981915082,12.740557504267194
d:789:1.3043519994851174,7.022210148502959,7.022133571293712,12.739991720311554
d:790:1.302846563126474,7.022194682926068,7.022118115821808,12.741466235621402
d:791:1.3033872651596035,7.022182096800624,7.022090930340081,12.740885761981101
d:792:1.3050246674058315,7.022176987054372,7.02208276967716,12.739235089325701
d:793:1.3038265515113192,7.02226114609447,7.022136739006147,12.740571333589298
d:794:1.3047840736452532,7.0222591416238895,7.022147305580287,12.739622373558923
d:795:1.3037838364407843,7.022258733174524,7.022149060736064,12.740623957469802
d:796:1.3040766501133803,7.022260931729149,7.022163577166986,12.740347858782755
d:797:1.3039738042738342,7.0222542609731855,7.0221646008833565,12.740445057582708
d:798:1.304580375298066,7.022253483323273,7.022162597935464,12.73983570596067
d:799:1.3046708149232984,7.022253483323273,7.022161376299223,12.739744044699197
d:800:1.3030029081131165,7.0222542609731855,7.02216104374991,12.741412396609979
d:801:1.3052100618072497,7.022260931729149,7.022162673303256,12.739213543225155
d:802:1.3032683342885694,7.022258733174524,7.0221558660135415,12.741146264899497
d:803:1.3039899974918558,7.0222591416238895,7.022143980040546,12.74041312417258
d:804:1.3044604735713747,7.02226114609447,7.022136171114037,12.739936843637132
d:805:1.304069782746442,7.0222636534221845,7.022126727932975,12.740320598608719
d:806:1.3045491412500798,7.022185529992288,7.02207873180108,12.739715120543288
d:807:1.3037321259013304,7.022191000638238,7.022101781179017,12.740560655915925
d:808:1.3050925149413857,7.022204742015834,7.022120749561362,12.73923297663581
d:809:1.3039342235863547,7.0222174739386425,7.022128991501988,12.740412241854276
d:810:1.3044198120746806,7.022233943640938,7.022146161733192,12.73996029329945
d:811:1.303252046817974,7.0222392023492395,7.022153983563851,12.741141139095117
d:812:1.3044714715121764,7.022228635324803,7.022160202755108,12.739917366567735
d:813:1.304960714768205,7.022258434441823,7.022158578309903,12.739456297983521
d:814:1.3039913560761232,7.022262423607415,7.022134326299009,12.7404053938303
d:815:1.3051355317983546,7.022182509603407,7.022086189799765,12.739133167604818
d:816:1.3045667154103686,7.022215665781199,7.022129114595738,12.739778064966568
d:817:1.3034433238833643,7.0222293059125365,7.022143051541603,12.740929033570776
d:818:1.3038028718207713,7.022230756837336,7.022147753732634,12.740575638749199
d:819:1.303699808671464,7.022257630087341,7.0221572931073615,12.740715114523239
d:820:1.3042616760668633,7.022174953230866,7.022082269783419,12.739995546947421
d:821:1.3038304966366994,7.022209890017875,7.022117686885756,12.74049708026693
d:822:1.302346890857029,7.022229086415417,7.022146210339818,12.742028405898205
d:823:1.3036569082997698,7.022234422920477,7.022160110096449,12.740737624717157
d:824:1.3043490694683246,7.022256798865352,7.022136711995631,12.740044441392659
d:825:1.3035098473762048,7.022200021544596,7.022106779086883,12.740796953255273
d:826:1.3042835150163636,7.0222347377582075,7.02214372879656,12.740094951538405
d:827:1.303124068367623,7.022240896422475,7.022155177115348,12.741272005170199
d:828:1.3032551771615637,7.0222636534221845,7.022133631944092,12.741142108204713
d:829:1.304615720064568,7.022215655898087,7.022119783293153,12.739719719126672
d:830:1.303096447686821,7.0222390838633935,7.022149090478034,12.741291726654607
d:831:1.3033972984031568,7.022256734064622,7.022156532659407,12.741015968320871
d:832:1.3029004605364918,7.022192494611332,7.022096617684289,12.741388651759129
d:833:1.3038932659797418,7.0222305457418415,7.02214540081492,12.74048268057702
d:834:1.3051178794370646,7.022259196514518,7.022158292059597,12.739299609137051
d:835:1.3051422277571199,7.022191912842024,7.022086710501218,12.739136395586122
d:836:1.3031672876072609,7.022228592017928,7.0221447884059724,12.74120609281664
d:837:1.304154439661744,7.022256734064622,7.02215710011717,12.740259394520049
d:838:1.3041884360801905,7.022205176419231,7.022108010696506,12.740124751035546
d:839:1.3033606123935773,7.022231301693091,7.022147856402341,12.741018545701854
d:840:1.3052752333298052,7.0222636534221845,7.022127685905305,12.739116105997685
d:841:1.3040650613312614,7.0222185581768555,7.022124018817269,12.740277515662864
d:842:1.3030295558757548,7.022250947528043,7.022159995387867,12.741381387040155
d:843:1.3051938527861875,7.0221926853306575,7.022081609716141,12.73908044226061
d:844:1.3033854350899379,7.022230856349522,7.022147202676864,12.740992623936448
d:845:1.3043684530765258,7.022264997139873,7.0221247801712785,12.740021324234625
d:846:1.3041503208276346,7.022233943640938,7.022138652716701,12.740222275530005
d:847:1.303977729744659,7.02225933895824,7.022148861473769,12.74043047068735
d:848:1.3038821484368839,7.0222175125227,7.022123487242461,12.740458851328277
d:849:1.3027703115791311,7.022258018742037,7.022156708507493,12.7416444156704
d:850:1.3047334404256699,7.022212344541506,7.0221085179635905,12.739587422079426
d:851:1.3029961775947374,7.0222436550413,7.022150634395437,12.741398111842
d:852:1.3041944446194513,7.022204666764079,7.022093698840498,12.740103920985126
d:853:1.3038156612219574,7.022239243288163,7.022150911519685,12.740574493585891
d:854:1.3034235467736508,7.022199269667513,7.022083699472106,12.740859422365968
d:855:1.3037496167529063,7.02224408014326,7.022149858538845,12.7406443219292
d:856:1.3044941019874052,7.022203767256741,7.022093653967783,12.739803319237119
d:857:1.3031842691857811,7.02224737785898,7.022152881529125,12.741215990202324
d:858:1.3037186536079872,7.022214361571682,7.022110301990812,12.740606009954508
d:859:1.3034671067034242,7.022258336198147,7.022157891512978,12.7409491210077
d:860:1.3050349310051956,7.0222190713740815,7.022120020685232,12.739304161054118
d:861:1.303181817476979,7.022257256823356,7.022136041564838,12.741211480911215
d:862:1.303721947874413,7.022228485330633,7.022142875020241,12.74064941247646
d:863:1.3043604779832254,7.022273807015529,7.022118756202003,12.740032085234306
d:864:1.3041983560539503,7.0222297503213635,7.0221458665800505,12.740177260847464
d:865:1.3045644539078811,7.022204273697216,7.022086909034609,12.739726728823944
d:866:1.303154382785836,7.022258564123105,7.0221577963258355,12.741261977663104
d:867:1.3046797546599063,7.022227143777193,7.022126936486026,12.739674325603312
d:868:1.3026283554759122,7.022265787134245,7.022124763972322,12.741762195630654
d:869:1.3033150397239819,7.022230451934723,7.022144524668183,12.741059936878925
d:870:1.3031200896405828,7.0222117880255,7.0221039592668655,12.741195657651783
d:871:1.3036401384875234,7.02226114609447,7.022142557961769,12.740763565568717
d:872:1.3038812146376024,7.022237740851592,7.022138242019148,12.740494768233138
d:873:1.3042274834064518,7.022195014347567,7.0220738588041725,12.740041389745288
d:874:1.3038676229181423,7.0222589390866785,7.02214670896322,12.740538025131757
d:875:1.3053572740915964,7.022228570199871,7.022138010523787,12.739009306632061
d:876:1.3031889618441088,7.022192494611332,7.022072838556574,12.741076371323798
d:877:1.3035519039622514,7.0222593516975,7.022147585940995,12.740855033676244
d:878:1.3040852584879357,7.0222390838633935,7.022136041953579,12.740289867329038
d:879:1.3034237532709199,7.0222051196466495,7.022088737341868,12.740870103717597
d:880:1.3037357905351161,7.0222636534221845,7.0221298305311635,12.740657693418232
d:881:1.3040433639369677,7.022229651219784,7.022132717056933,12.74031900433975
d:882:1.3039071269417981,7.022221709451701,7.022116430943727,12.74043101345363
d:883:1.303205278511765,7.022269289719393,7.022114087223397,12.741178098431025
d:884:1.304727029961855,7.022257093893262,7.022146331292162,12.739676395223569
d:885:1.3028623124379912,7.022231681866729,7.022128239806492,12.74149760923523
d:886:1.3036420195454745,7.022215067929785,7.0220997333293775,12.740672781713688
d:887:1.3034459901530973,7.022274518549738,7.022113045232121,12.740941573628762
d:888:1.3038832088710084,7.022258256541225,7.022148012076085,12.7405230597463
d:889:1.3040161119260638,7.022230281463182,7.022129585563495,12.740343755100614
d:890:1.3035588153092856,7.022221437555996,7.022115366390064,12.740777988636774
d:891:1.304396099745448,7.0221865654933655,7.0220628003213665,12.739853266069284
d:892:1.3036138380344937,7.022266239121188,7.022127156419295,12.740779557505988
d:893:1.3040394271964022,7.022253483323273,7.022144580057529,12.7403586361844
d:894:1.303908567590078,7.022238188725957,7.022132242613201,12.74046186374908
d:895:1.3042334225398768,7.02221904245428,7.0221099854194575,12.74009560533386
d:896:1.3035052351309186,7.022192494611332,7.022062337099891,12.740749596580304
d:897:1.3037391720987674,7.022272353289931,7.02211971126488,12.740652892456042
d:898:1.3021660221480307,7.022259695716085,7.022146391660373,12.742240065228428
d:899:1.3033604791946516,7.022242708882383,7.022133369443679,12.741015599131412
d:900:1.3030399289338295,7.022237740851592,7.022131852741171,12.741329664658933
d:901:1.3039254844479071,7.022222796429849,7.022116529306288,12.74041384128823
d:902:1.3036988623003545,7.022204742015834,7.022073610329705,12.740579490045185
d:903:1.3037378586219983,7.02226572750666,7.022116234968437,12.740644103853098
d:904:1.30337574304537,7.022265787134245,7.022125238945586,12.74101528303446
d:905:1.3034619578847284,7.022259216780425,7.022148331255511,12.740945590151206
d:906:1.3046515801101535,7.022259752164653,7.022142166776931,12.739750338831431
d:907:1.302777447576748,7.022231476507662,7.022137755434327,12.74159178436524
d:908:1.3037909849330092,7.022234728997994,7.022130595616834,12.740574339681817
d:909:1.3040435958363439,7.022228315946157,7.022119581622174,12.740304301731989
d:910:1.3033288434763879,7.022221311337334,7.022109109364541,12.741001577225488
d:911:1.3038889984832363,7.022212287526619,7.022094708041136,12.740417997084519
d:912:1.3041284064360958,7.022205290482572,7.022065235940197,12.740142119986672
d:913:1.3042373681592156,7.022193153740537,7.022069564070274,12.740025349651596
d:914:1.3036988260194988,7.022268436491368,7.022112783555404,12.740682394027273
d:915:1.3043590720764584,7.022269327842038,7.0221051236895935,12.740015379455173
d:916:1.303592437097656,7.022279638633788,7.022118240961379,12.74080544249751
d:917:1.3030904869021072,7.0222703042827765,7.022121005982144,12.741300823362813
d:918:1.3041551273462364,7.02226639808753,7.022128843435223,12.740240114176517
d:919:1.3041683644796649,7.02226493864755,7.022125116436802,12.740221690604688
d:920:1.3036123313276402,7.0222636534221845,7.022136030967826,12.740787353062371
d:921:1.3039254483355798,7.022266878613597,7.022140513845974,12.740481944123992
d:922:1.3043037152156565,7.022265273346474,7.022143469301173,12.74010502743199
d:923:1.3034774313088437,7.022266878613597,7.022140237931442,12.740929685236194
d:924:1.3040778112445874,7.0222636534221845,7.022134479604449,12.740320321782045
d:925:1.3034197997147032,7.02226493864755,7.022129485999825,12.740974624932672
d:926:1.30335989536675,7.02226639808753,7.022121806690495,12.741028309411275
d:927:1.3036616235512675,7.0222703042827765,7.022119711348878,12.740728392080387
d:928:1.3028923785458382,7.022279638633788,7.022115879210352,12.741503139298302
d:929:1.3029225137574016,7.022269327842038,7.022104622830862,12.741451436915497
d:930:1.3036398580665036,7.022268436491368,7.0221117671832145,12.740740345608078
d:931:1.304941446396203,7.022276438069075,7.02211611310771,12.739451104780581
d:932:1.303370566840771,7.02220541147529,7.022059977259156,12.740894821893674
d:933:1.303825251746396,7.0222130445383515,7.022073094319813,12.74046088711177
d:934:1.3031002405474652,7.0222207493090965,7.022097556232234,12.741218064993866
d:935:1.3039370862922883,7.022235813685387,7.022111414403582,12.740410141796682
d:936:1.3028863865128066,7.022237740851592,7.022127695323828,12.741479049662614
d:937:1.3040105766876007,7.022229822263092,7.022131085302413,12.740350330877904
d:938:1.3026000726533695,7.022251086698551,7.022137535418529,12.74178854946371
d:939:1.3036347594576068,7.022261831941874,7.022149001963628,12.740776074447895
d:940:1.3031006056012568,7.022262073924406,7.022141105604847,12.741302573927996
d:941:1.3037572376929436,7.022269080911508,7.022120495144072,12.740632338362635
d:942:1.3052691698309768,7.0222775418982355,7.022122932385569,12.739131304452828
d:943:1.3028472017354673,7.022214621428021,7.022076362765929,12.741443782458482
d:944:1.3040324184660932,7.0222347377582075,7.022117581861508,12.740319901153622
d:945:1.3047249096230047,7.022228678225962,7.022134559174416,12.739638327777374
d:946:1.3040287142491458,7.022252451551782,7.022138887257181,12.740362624559816
d:947:1.3042423874384745,7.022259468842606,7.022150073041246,12.740167154445377
d:948:1.302582971285533,7.0222730040742105,7.022120869812019,12.741810902600696
d:949:1.3040245735806515,7.022276215315648,7.022124995769754,12.740376637504749
d:950:1.3032326691452418,7.02221904245428,7.022102323083924,12.741088696392962
d:951:1.3038964325855638,7.022238188725957,7.022129256626824,12.740471012767218
d:952:1.303591629756868,7.022253483323273,7.022135563610253,12.740797417176658
d:953:1.3044162366178025,7.022266239121188,7.022140785278169,12.739990787781554
d:954:1.303370780800682,7.022271872881247,7.022110915045434,12.741012007125999
d:955:1.3038191154861938,7.0222127288252985,7.0220664027913,12.740460016130404
d:956:1.303201569928497,7.022238212070845,7.022116748401613,12.74115339054396
d:957:1.3038184795960621,7.02225382729431,7.0221306348477786,12.740565982546025
d:958:1.3019126176669111,7.022263224089625,7.022128355929899,12.742478962352614
d:959:1.3034081312250354,7.022279848009995,7.022118602765184,12.740990319550145
d:960:1.3028978966705917,7.022223451248113,7.022099516820131,12.741425071397652
d:961:1.3042060731354965,7.0222278413858525,7.022127113735493,12.74014888198585
d:962:1.3037437889354493,7.022262423607415,7.022146219932469,12.740664854604436
d:963:1.304229233896459,7.022277523949227,7.02211445333981,12.74016274339258
d:964:1.3020447744181372,7.022221709451701,7.022096180821794,12.742273115855358
d:965:1.3048203289925873,7.022229651219784,7.0221311779365205,12.739540500163717
d:966:1.3024779913098445,7.0222636534221845,7.022140325650285,12.741925987762626
d:967:1.3036759971096679,7.0222782626448845,7.022117503183946,12.740719768719163
d:968:1.3026227195173519,7.022235813685387,7.022106970687009,12.741720064855045
d:969:1.3040111135477108,7.022253483323273,7.022129660110346,12.740372029885908
d:970:1.3035241120884162,7.02227632895368,7.022120537140646,12.74087275400591
d:971:1.3032280271607863,7.022214932947812,7.022064345314695,12.741051251101721
d:972:1.3033694087306404,7.0222297503213635,7.022128838737267,12.74098918032799
d:973:1.3039755181183317,7.022263678339049,7.022137859421587,12.740426019642303
d:974:1.304550586221259,7.022275439545266,7.022124549374931,12.739849402698939
d:975:1.3026860064002204,7.022237740851592,7.022114195584879,12.74166593003625
d:976:1.3031405027214777,7.02226114609447,7.02214598720646,12.741266630579451
d:977:1.3018995583835178,7.022273234940418,7.02211842375109,12.742492100307992
d:978:1.3045596940835207,7.022230128429748,7.022108047759366,12.739778482105594
d:979:1.303363059298766,7.022256516129558,7.022141572037967,12.74103502886876
d:980:1.303993891015729,7.022277081201019,7.022116216713959,12.74039940689925
d:981:1.3018266833600993,7.022237740851592,7.022111355347995,12.742522412839488
d:982:1.3038135231988868,7.022265881826106,7.022142375306843,12.740594733934063
d:983:1.3031142708081838,7.0222684786300285,7.022129479649398,12.741283687471242
d:984:1.3022024984080733,7.0222297503213635,7.022123239126095,12.742150491039384
d:985:1.3028381549387493,7.022273807015529,7.022126931987089,12.74156258406387
d:986:1.3037242856362745,7.022215193987721,7.022063606897338,12.740554515248785
d:987:1.3031838962910314,7.022253483323273,7.022135798325462,12.741205385357704
d:988:1.302067389470146,7.022275103516653,7.0221070806185075,12.742314794665013
d:989:1.3039882454627012,7.02223010640382,7.022106933613298,12.740348794554418
d:990:1.3050874283842582,7.0222636534221845,7.022145492261894,12.73932171729982
d:991:1.3035266994113144,7.022214361571682,7.0220613624887465,12.740749024649114
d:992:1.302716971200267,7.02224737785898,7.022129806179091,12.741660212837804
d:993:1.3039912908138422,7.022277523949227,7.022105441145265,12.74039167428065
d:994:1.304009989947275,7.022238960700591,7.022110576243556,12.740339546996871
d:995:1.3046339201826154,7.022267117277988,7.02214425502871,12.739777452124082
d:996:1.3033552508824542,7.022219691862429,7.0220766659131275,12.740941106893104
d:997:1.3021165243412156,7.02225981190034,7.022145753165036,12.74228904072416
d:998:1.3022354139491963,7.022267901430297,7.022135871075038,12.742168358556139
d:999:1.303560338701086,7.0222436550413,7.022129342266415,12.740812658606629
d:1000:1.3050110254280494,7.0222788046693,7.0221198773401206,12.739387656581371
