data: dataset/wiki/wikitext-103/
d:1:3.236502364512056,10.705497598864223,10.705497598864223,18.17449283321639
d:2:2.1211012342942226,10.705497645782103,10.705497642919715,19.289894054407597
d:3:1.6773037520259564,10.70549770243092,10.705497545494465,19.73369149589943
d:4:1.46181248518916,10.705497729866726,10.705497481410129,19.949182726087695
d:5:1.3662113318654185,10.705497730886142,10.705497501163364,20.04478390018409
d:6:1.3318143414966706,10.705497730886142,10.705497498300968,20.079180887690438
d:7:1.3016148204330804,10.705497749289423,10.705497724158642,20.109380653014984
d:8:1.2789752445810691,10.70549768825008,10.705497770057079,20.13202021372609
d:9:1.2612877036153165,10.70549768825008,10.70549761509534,20.149707599730103
d:10:1.2450234626544692,10.705497646643483,10.705497642746627,20.16597182673564
d:11:1.2322135410806005,10.70549768825008,10.705497413050995,20.178781560220475
d:12:1.2244047127433824,10.70549768825008,10.705497369169159,20.186590344675857
d:13:1.215822538620941,10.705497749289423,10.70549738411864,20.195172594787124
d:14:1.2115141416988529,10.705497625151056,10.70549759049419,20.19948107394639
d:15:1.207838702551232,10.70549758821145,10.705497526387402,20.203156412047623
d:16:1.2045355518450833,10.705497711609997,10.705497514988686,20.2064596747536
d:17:1.2011410602288741,10.705497711609997,10.705497544320469,20.209854195701592
d:18:1.198923359122336,10.705497615609897,10.70549751386355,20.212071770351113
d:19:1.1962739645670624,10.705497658897887,10.705497331356323,20.214721025687147
d:20:1.1941841206657564,10.705497668841469,10.70549739239567,20.21681094057138
d:21:1.192217363324783,10.70549765886679,10.705497423599429,20.218777719141436
d:22:1.1905185673034673,10.705497692741394,10.705497437612179,20.220476563050106
d:23:1.1884093468819081,10.705497727781438,10.705497353866335,20.222585734765865
d:24:1.1873964410273317,10.705497668841469,10.705497392428653,20.22359862024279
d:25:1.185733667754974,10.705497668841469,10.70549750049991,20.225261501586402
d:26:1.184602661048686,10.705497727781438,10.70549724151822,20.226392308250972
d:27:1.1830035539036707,10.705497615609897,10.705497395038641,20.227991456744867
d:28:1.1823004531639576,10.705497847397858,10.705497349004412,20.22869474323831
d:29:1.1808214076342622,10.705497680657983,10.705497518549135,20.230173791572856
d:30:1.1802090010085493,10.705497668841469,10.70549748117509,20.23078614900801
d:31:1.1786939013444524,10.705497743322914,10.705497489716542,20.232301331695005
d:32:1.1779894649837033,10.705497761878256,10.705497482866642,20.233005779761193
d:33:1.176682856596866,10.705497871407749,10.705497492764424,20.234312507575307
d:34:1.1760474671544792,10.705497760376334,10.705497417939908,20.234947711161762
d:35:1.175132746795157,10.705497743322914,10.705497373086814,20.235862369614573
d:36:1.1745014765796356,10.705497847397858,10.705497303284503,20.236493674102725
d:37:1.1735580293874932,10.705497683794412,10.705497208394382,20.237436862801303
d:38:1.1727007406401633,10.705497881159838,10.705497219138003,20.238294359657676
d:39:1.1720937947403556,10.705497688971166,10.705497185480256,20.238901079711066
d:40:1.1710624183446185,10.705497703805184,10.705497331805633,20.2399326172662
d:41:1.170459681966161,10.705497855304893,10.705497439770678,20.24053561310941
d:42:1.1701464770420849,10.705497847397858,10.70549738593916,20.240848756294934
d:43:1.1692829322668743,10.705497617802289,10.705497313211193,20.24171199874661
d:44:1.1686690956428194,10.705497923045664,10.705497369595484,20.242326196998327
d:45:1.1681014135926624,10.705497699966042,10.70549725129005,20.24289353766343
d:46:1.167641228124026,10.70549779799698,10.70549738035052,20.243353950223472
d:47:1.1669678858834658,10.705497917170577,10.705497391390415,20.244027422677526
d:48:1.1664686156698707,10.705497761878256,10.705497330610124,20.244526476818507
d:49:1.1660086954156483,10.705497760376334,10.705497423291748,20.244986488252433
d:50:1.1655406860683186,10.705497582263796,10.705497294178866,20.245454190374343
d:51:1.1649284793328611,10.705497683226913,10.705497548220515,20.24606675211457
d:52:1.1646161187475457,10.705497801230484,10.705497098903207,20.246378781386145
d:53:1.164135308593341,10.705497603749125,10.705497248249978,20.246859543405762
d:54:1.1637628227398515,10.705497482838759,10.705497258490723,20.24723191858963
d:55:1.1633764610103583,10.705497923045664,10.705497206422464,20.24761866845777
d:56:1.1629562174059345,10.705497703805184,10.705497164596023,20.248038650995273
d:57:1.1624273099751825,10.705497764074204,10.705497477253369,20.24856793135239
d:58:1.1619972973980097,10.705497757082574,10.705497214374592,20.248997674059154
d:59:1.1616229684235222,10.705497683226913,10.705497233646485,20.249371948449877
d:60:1.1612771124498558,10.705497683226913,10.70549724219317,20.24971781297023
d:61:1.1608074035913774,10.705497973099266,10.705497518280866,20.250188087788757
d:62:1.1605242897511339,10.70549779799698,10.705497376285196,20.250470884531044
d:63:1.1604039538417084,10.705497764074204,10.705497436704434,20.250591246936928
d:64:1.1597699780872048,10.705497789684669,10.705497412224203,20.251225223821667
d:65:1.159301846521096,10.705497546372895,10.70549740127433,20.25169310112613
d:66:1.1591991549517289,10.705497704689238,10.705497391173227,20.251795940910736
d:67:1.158853501349295,10.705497757082574,10.705497394967235,20.252141650700512
d:68:1.1584207489567895,10.705497683226913,10.705497468924792,20.252574403194917
d:69:1.158306613696535,10.70549779799698,10.705497464910442,20.252688649210885
d:70:1.1581257998963146,10.705497703805184,10.70549754098712,20.25286944489599
d:71:1.1577082494548385,10.705497728349478,10.705497576493162,20.2532870553878
d:72:1.1575324580850044,10.705497482838759,10.70549746256902,20.253462487322775
d:73:1.1569106611482702,10.705497475796292,10.70549748270832,20.254084297356343
d:74:1.1569189742373212,10.70549759660991,10.70549744643261,20.254076068805198
d:75:1.1564047169268292,10.705497764074204,10.705497396535545,20.254590443682922
d:76:1.156321154230632,10.705497544528496,10.70549743700244,20.254673827300305
d:77:1.156189844416378,10.705497764074204,10.705497478589912,20.254805398247736
d:78:1.1558676324203816,10.705497704689238,10.705497282032255,20.25512735430111
d:79:1.155640996887783,10.705497666153256,10.705497557113102,20.255354226378575
d:80:1.1553338799775759,10.705497749347524,10.705497432791933,20.255661302161883
d:81:1.1550158786670472,10.705497764074204,10.705497396072108,20.255979281479267
d:82:1.1550697646007073,10.705497468365152,10.705497487883749,20.255925191648192
d:83:1.1549635309848476,10.70549777466399,10.705497411775362,20.256031655454503
d:84:1.1541263982256709,10.705497728349478,10.705497651096497,20.256868981220304
d:85:1.15428520583826,10.705497683226913,10.705497501014491,20.256709978403144
d:86:1.1538851332385498,10.70549795331725,10.705497469457349,20.257110289536048
d:87:1.1537418216165598,10.705497749347524,10.705497537737026,20.25725346546799
d:88:1.1535932896829415,10.705497695462014,10.705497447536391,20.257401853315464
d:89:1.15328233123779,10.705497735704107,10.705497610678915,20.25771301514523
d:90:1.153173046211048,10.705497749347524,10.705497582956538,20.257822286093013
d:91:1.1528384446483102,10.70549759660991,10.705497620184131,20.258156772145732
d:92:1.152709515122023,10.705497716353502,10.705497649178003,20.258285850409482
d:93:1.1527176652040083,10.705497731205744,10.705497609821903,20.25827767582364
d:94:1.1522884892359535,10.7054978229233,10.705497777222947,20.258707110910294
d:95:1.152185977419979,10.705497764074204,10.70549756936083,20.258809356015053
d:96:1.1521138153465351,10.705497749347524,10.705497700189488,20.258881634190477
d:97:1.151446143272171,10.705497866357318,10.705497812505596,20.259549535590743
d:98:1.1515833350544078,10.705497782855371,10.705497755327503,20.259412203128466
d:99:1.1513434681508379,10.705497764074204,10.70549765036634,20.259651946289704
d:100:1.1512506025519862,10.705497791933382,10.70549769362287,20.259744883004267
d:101:1.1511189591868956,10.705497687356196,10.705497619503593,20.259876347672893
d:102:1.1508548107567265,10.705498079467338,10.705497659123196,20.26014092783381
d:103:1.1508714436382093,10.705497791933382,10.70549765037456,20.260123998669734
d:104:1.1506028365620828,10.705497749347524,10.705497880942257,20.2603927937277
d:105:1.150562401131527,10.705497764074204,10.705497856518292,20.260433219460968
d:106:1.1502981867077722,10.705498155516967,10.705497650189626,20.26069761899882
d:107:1.1503328217246995,10.705497891963525,10.705497715680513,20.26066278591934
d:108:1.1498859205709167,10.705498101213413,10.70549748655546,20.261109667197957
d:109:1.1501016259615646,10.70549778322697,10.705497731016386,20.260893888281792
d:110:1.1496716253259862,10.705497734259446,10.705497956350833,20.261324065284292
d:111:1.1494175040554744,10.705497728754597,10.705497615175654,20.26157783987478
d:112:1.1492399847925618,10.705498155516967,10.70549775611429,20.261755926838696
d:113:1.1493357778516256,10.705498012210434,10.705497516395685,20.261659750754493
d:114:1.1489622450015986,10.705497827443823,10.705497829414046,20.262033411856272
d:115:1.1489381717293412,10.705497728754597,10.70549773870067,20.262057295725924
d:116:1.1490641589326565,10.705497749347524,10.705497665659106,20.261931256073975
d:117:1.1484871542667427,10.705497749347524,10.705497544116419,20.262508139197198
d:118:1.1486001466620976,10.70549826719899,10.705497532168625,20.262395652705518
d:119:1.14848729630258,10.705498101331823,10.70549762213427,20.262508427163514
d:120:1.14849979310884,10.705497749347524,10.70549749703639,20.262495453275072
d:121:1.1479380834889632,10.705497691904526,10.705497479625787,20.26305708804135
d:122:1.1480792919116212,10.705498239684193,10.705497745367497,20.26291669314007
d:123:1.1480214545796628,10.705497666153256,10.705497477656586,20.26297368923018
d:124:1.1477413862618917,10.705498152312819,10.705497596242829,20.263254362293758
d:125:1.147779668092337,10.705498287373544,10.705497578872784,20.26321619815399
d:126:1.1476241131402602,10.705497891963525,10.705497595396716,20.26337137421998
d:127:1.1472800388777245,10.705498115024636,10.705497481250765,20.263715557397674
d:128:1.14722329634629,10.70549832119574,10.705497601322866,20.26377262617232
d:129:1.147085999966226,10.705497731205744,10.705497443395737,20.263909174635256
d:130:1.1468249187829507,10.705497749347524,10.705497474164584,20.26417030472916
d:131:1.146541920236423,10.705498142132349,10.705497524428905,20.264453746324833
d:132:1.1470437445653765,10.705497755464894,10.70549750484507,20.263951515744587
d:133:1.14667654400413,10.705498242172771,10.705497515966083,20.264319214134723
d:134:1.1465077336702514,10.70549819168679,10.705497551750486,20.264488009767025
d:135:1.1463646676921684,10.705498224781564,10.705497615391247,20.26463117248064
d:136:1.146394664322937,10.705497716353502,10.705497609844754,20.264600661875317
d:137:1.1463247538014372,10.705497785403487,10.70549761418091,20.26467064578296
d:138:1.1461784380681301,10.705498244667625,10.705497737931838,20.264817544531333
d:139:1.145850298370469,10.705498265367746,10.705497566877412,20.265145533874687
d:140:1.145604850637632,10.705498242734144,10.705497626306398,20.26539101840291
d:141:1.1457203870384873,10.705498224781564,10.705497619475894,20.26527545721897
d:142:1.1457449867560996,10.705498237490286,10.705497688022227,20.265250938756413
d:143:1.1454169091444086,10.70549820683701,10.705497725402337,20.265579023094936
d:144:1.145272677109027,10.705497749347524,10.705497672004043,20.265722744242538
d:145:1.145370013726069,10.705497749347524,10.705497724074652,20.265625459696107
d:146:1.1452366511760061,10.705497782855371,10.7054977448731,20.265758876552464
d:147:1.145215606870245,10.705498241169137,10.705497792932208,20.2657804272311
d:148:1.145025406955078,10.70549832119574,10.705497595436292,20.265970509676954
d:149:1.1448354508951546,10.705498251309255,10.70549763583865,20.26616043625275
d:150:1.1450426385050392,10.705498181044844,10.705497783076087,20.26595332561589
d:151:1.144803709428647,10.705498115024636,10.70549797244754,20.26619237804353
d:152:1.1445853452508992,10.705498242172771,10.70549763082693,20.2664105277488
d:153:1.1446441990707115,10.705498211792369,10.705497952999751,20.26635196572141
d:154:1.144558244584534,10.705498155516967,10.705497713862517,20.26643762479495
d:155:1.1442866910698868,10.705498152312819,10.70549770029235,20.26670916153528
d:156:1.144270387874652,10.705497749347524,10.705497496137765,20.266724857610637
d:157:1.144199195372284,10.70549826719899,10.7054979571458,20.26679702897251
d:158:1.1439779901590263,10.705498151483232,10.705497761683663,20.267017923007867
d:159:1.1441323676102542,10.705498156538862,10.705497739814065,20.266863528742675
d:160:1.1439427413445884,10.70549828075625,10.705497722725696,20.26705326213736
d:161:1.1438542783098669,10.705498268057406,10.705498009143504,20.26714199889104
d:162:1.1438800858092826,10.705498101213413,10.705497623119324,20.267115638523453
d:163:1.1436742667113435,10.705498209699394,10.705497725248124,20.267321668236175
d:164:1.1434480647169458,10.70549832119574,10.705497511086808,20.267547767565603
d:165:1.143476953641791,10.705498273051441,10.70549786946149,20.26751918887114
d:166:1.1432797837134245,10.705498260320015,10.705497879905332,20.267716356511922
d:167:1.1433605989729188,10.705498289229253,10.705497806374876,20.267635496631208
d:168:1.1431412768444353,10.705498211792369,10.70549791777646,20.267854852724394
d:169:1.1430940092163482,10.705498174124159,10.70549815512003,20.26790232002784
d:170:1.1428600146689583,10.705498292680005,10.705497840181842,20.26813611819289
d:171:1.1429756537145757,10.7054982050541,10.705497890806734,20.26802044214626
d:172:1.1427012493470698,10.705498151483232,10.705497722426685,20.26829462456285
d:173:1.1429020624093518,10.705498198372593,10.705497660997676,20.268093796960915
d:174:1.1427531094274102,10.705498353862055,10.70549786668227,20.268243111116917
d:175:1.1424157172528702,10.705498174124159,10.705497914669298,20.268580371540587
d:176:1.1424174456203708,10.705498155516967,10.705497824359174,20.26857853425577
d:177:1.1424950308405357,10.70549819471406,10.705497882001762,20.268501045875286
d:178:1.1423280154855675,10.70549832119574,10.705497994292456,20.26866830000263
d:179:1.14215071716729,10.705498108863646,10.705497945613118,20.26884533730947
d:180:1.1420312207072811,10.705498328556944,10.705497867346605,20.26896497519627
d:181:1.142051652122749,10.705498155584156,10.705497947326492,20.2689444507879
d:182:1.1419542109657321,10.705498174124159,10.705497747724754,20.269041710883183
d:183:1.1419654730763256,10.705498239684193,10.705498031731834,20.2690307983397
d:184:1.1419043044470563,10.705498458289272,10.705497848427402,20.26909200226962
d:185:1.1418336390960029,10.70549839417391,10.705497795698141,20.26916255077605
d:186:1.1417245834377496,10.705498241169137,10.705497822216625,20.26927147994801
d:187:1.1417407123396863,10.70549819168679,10.705497923063334,20.269255402410437
d:188:1.1413062825161617,10.70549839690959,10.705497733677534,20.26968984807096
d:189:1.1417686771828706,10.705498211792369,10.705497726304424,20.269227260913922
d:190:1.1413672840162334,10.705498200880852,10.705497570462045,20.269628487326663
d:191:1.1414116077466723,10.70549839562416,10.705497575982973,20.26958436386046
d:192:1.141269913547717,10.70549832119574,10.705497498538437,20.26972590618646
d:193:1.1412990923894952,10.70549826719899,10.705497324776603,20.269696499586097
d:194:1.1410569526682295,10.70549839690959,10.705497589457254,20.269939033698613
d:195:1.1409333879092927,10.705498338091573,10.705497499494525,20.270062449676807
d:196:1.1410578420043365,10.705498256926347,10.705497517476758,20.26993793239877
d:197:1.1408527707639244,10.705498203018275,10.70549746738567,20.27014289964002
d:198:1.14099598179099,10.705498244667625,10.705497426321385,20.26999968919802
d:199:1.1407689634085898,10.705498269553797,10.705497277012137,20.270226583157346
d:200:1.1406257743640644,10.705498287373544,10.705497433665748,20.270369946675228
d:201:1.1407145613342529,10.705498414347803,10.705497397040292,20.27028125005384
d:202:1.1403186746289826,10.705498182792562,10.705497153608128,20.270676661771706
d:203:1.1404505338630102,10.705498254493637,10.7054973115359,20.270545032166527
d:204:1.1400974516748903,10.705498211792369,10.705497250756986,20.270898010874465
d:205:1.140462540410919,10.705498220811565,10.70549720769819,20.27053288809884
d:206:1.1404897246635564,10.705498402801599,10.705497172723849,20.27050585086189
d:207:1.1401348092902452,10.705498244667625,10.705497139870737,20.270860575248115
d:208:1.1400196465171852,10.70549835559711,10.705497192935782,20.270975902015707
d:209:1.1400822621912425,10.705498283848785,10.705497200183517,20.27091322184106
d:210:1.1399921908262733,10.705498242734144,10.70549716583333,20.2710032177412
d:211:1.1399862101001261,10.705498449344109,10.705497536435207,20.27100977567919
d:212:1.1396272533734972,10.705498429977546,10.705497612922613,20.27136878952666
d:213:1.1397829245069708,10.705498425657348,10.705497137797908,20.271212638948285
d:214:1.1396861669882306,10.705498477106495,10.705497364075816,20.271309674194082
d:215:1.1394423513383067,10.705498371376496,10.70549711218638,20.27155313222457
d:216:1.1397161667932032,10.705498211792369,10.705496982832424,20.27127902783159
d:217:1.1394706067210905,10.705498241169137,10.705497279852478,20.271524914300525
d:218:1.139537022266346,10.70549821600636,10.705497302069912,20.271458495809924
d:219:1.139562948142153,10.705498271879494,10.705497051799727,20.271432375537067
d:220:1.13922962623462,10.705498273051441,10.705497478317257,20.27176612513408
d:221:1.1391485236583598,10.705498338091573,10.705497169477468,20.27184698391068
d:222:1.1392627177415307,10.70549832119574,10.705497182139776,20.271732785593986
d:223:1.1390689118350181,10.70549837157156,10.705497304540751,20.271926764277293
d:224:1.1391037677098481,10.705498427800636,10.70549770629591,20.271892366386698
d:225:1.1390005963297263,10.705498328556944,10.705497308995952,20.271995041223168
d:226:1.139100575557709,10.705498271879494,10.705497024294335,20.27189472061612
d:227:1.139036066624758,10.705498305108225,10.705497249942875,20.271959488426344
d:228:1.1386199013700349,10.705498369842733,10.705497380979715,20.272375849452413
d:229:1.138754722775726,10.705498460654894,10.705497664012277,20.272241401891446
d:230:1.1389309329431185,10.705498145246331,10.705497269251113,20.272064481554324
d:231:1.1382623610633686,10.705498402801599,10.70549733788522,20.27273337962345
d:232:1.1387355025414472,10.705498477106495,10.70549730100767,20.272260275572716
d:233:1.1385231123965482,10.70549845554496,10.705497284888477,20.272472628036887
d:234:1.138596509459557,10.70549842848283,10.705497320834864,20.272399239858135
d:235:1.1385221082958275,10.705498224781564,10.705497284853493,20.27247340133923
d:236:1.1382473900142465,10.705498285784982,10.705497295464076,20.27274819123481
d:237:1.1384341205145958,10.705498414347803,10.705497329866121,20.27256162369933
d:238:1.1382149082241533,10.705498211792369,10.70549746382917,20.272780767397386
d:239:1.1381934025361211,10.705498337524912,10.705497264289097,20.272802199277887
d:240:1.1380693129886872,10.705498369842733,10.705497463013254,20.2729265198673
d:241:1.1381301749315575,10.705498215816352,10.705497873178025,20.27286591406282
d:242:1.1377623791639557,10.705498245096022,10.705497385747037,20.273233251679105
d:243:1.1381697651702218,10.705498401149248,10.705497850185557,20.272826486164583
d:244:1.1376266385464149,10.705498077147046,10.705497964765053,20.273369403365685
d:245:1.1377829949468357,10.705498256926347,10.705497469501774,20.273212731481284
d:246:1.1377845642332218,10.70549832119574,10.705497492961458,20.273211249923975
d:247:1.1378161726713785,10.705498529647356,10.70549740467023,20.273179761646205
d:248:1.1375237790767905,10.705498409230836,10.705497903946158,20.273472534100204
d:249:1.1376190876855574,10.705498437691752,10.70549758733564,20.273376937341837
d:250:1.1374247663680919,10.705498061379872,10.705498123193992,20.273571418205773
d:251:1.137709612709557,10.705498432768099,10.705497459493861,20.2732862795524
d:252:1.1372147513384867,10.705498211792369,10.705497617802036,20.27378107825592
d:253:1.1373095826127582,10.705498292357479,10.705497982796869,20.273686692541588
d:254:1.1374820696962047,10.705498331374363,10.705497531447142,20.2735137931253
d:255:1.1371708175804152,10.705498338091573,10.705497476808134,20.27382499731929
d:256:1.1371434413738122,10.705498019410921,10.705498147117801,20.27385272515491
d:257:1.1371094328654898,10.705498155066115,10.70549807928788,20.273886801488505
d:258:1.137035256544781,10.705498156538862,10.705497482806768,20.273960382800848
d:259:1.1368131875297358,10.705498307369549,10.705497381772679,20.27418250161249
d:260:1.1371305991620524,10.705498395723454,10.705497582129544,20.273865378690946
d:261:1.1368245763243827,10.705498438499697,10.705497575450973,20.27417143762629
d:262:1.1367331097680662,10.705498353862055,10.705497614118636,20.274262858212623
d:263:1.137186085144645,10.70549840736934,10.7054979329242,20.273810255148895
d:264:1.1365376456296623,10.705498273051441,10.705497602486716,20.274458229908493
d:265:1.1368118797897324,10.705498096561318,10.705498225041106,20.274184441812693
d:266:1.1367714823026986,10.705498116986087,10.705498222203396,20.274224856886782
d:267:1.136506267777257,10.70549829734234,10.705498340967255,20.274490370532337
d:268:1.1367922993624653,10.705498149309639,10.705498226309853,20.274204076257025
d:269:1.1366076516045993,10.705498345592613,10.70549782967994,20.27438852366795
d:270:1.1364043054462734,10.705498159450233,10.705498231274547,20.274592085278506
d:271:1.1364762501369654,10.705498112855333,10.70549820086179,20.274520063580155
d:272:1.1361581651729544,10.705498211792369,10.705497721212629,20.274837767832043
d:273:1.136332306137387,10.705498215816352,10.705498127526095,20.27466403720506
d:274:1.1363253056420923,10.705498395723454,10.70549780699052,20.274670897071882
d:275:1.1361424740315762,10.7054984815923,10.705497775151906,20.27485378271263
d:276:1.1360305376401918,10.705498458289272,10.705497766968934,20.274965687618014
d:277:1.1360892845850685,10.705498001765235,10.705498223320705,20.27490694050087
d:278:1.1362321524723065,10.705498512009251,10.705497654652703,20.274764014189646
d:279:1.1361367016655208,10.705498409230836,10.705497722504592,20.27485943006991
d:280:1.1359312379627546,10.705498256926347,10.70549774333374,20.275064762297333
d:281:1.1360417134420757,10.705498397571493,10.70549784957463,20.274954533704047
d:282:1.1355780573480345,10.705498405097485,10.705498219821266,20.275418567570718
d:283:1.135807475373067,10.705498317260865,10.705497875224376,20.275188717112176
d:284:1.1355428586756133,10.705498395723454,10.705497676865127,20.275453213912968
d:285:1.1357920098141143,10.705498369842733,10.705497648393782,20.275204008422403
d:286:1.1356259783317242,10.70549835559711,10.705497576230186,20.27536995349557
d:287:1.1353978773006652,10.70549824581341,10.705497663465682,20.275598031978426
d:288:1.1356266147196905,10.705498409230836,10.705497582375946,20.27536937688709
d:289:1.1357019791569876,10.705498151789321,10.70549803145216,20.275294204084492
d:290:1.1352874264360402,10.705498504750475,10.705497490988352,20.275708569302786
d:291:1.1354664654264184,10.705498335096488,10.705497962517196,20.275529832187267
d:292:1.1352497717040144,10.705498255080387,10.70549758021127,20.275746063587643
d:293:1.1351899462184214,10.70549823770718,10.70549761054695,20.27580590203571
d:294:1.135157163648934,10.705497901165614,10.705498033328862,20.275838770845542
d:295:1.1351413173763092,10.705498390970584,10.705497491949481,20.275854565543757
d:296:1.135290942087785,10.705497967455097,10.705498175839645,20.275705201206957
d:297:1.1348395233816468,10.705498502185494,10.705497583073107,20.276156561876956
d:298:1.13513634768713,10.70549818755549,10.705498022868655,20.275859862737015
d:299:1.1350291661993275,10.705498337524912,10.705497436061096,20.27596660738668
d:300:1.134779475526063,10.705498328556944,10.705497409461824,20.276216262492706
d:301:1.1350971937616983,10.705497901165614,10.705498174663555,20.27589888206747
d:302:1.1347139927749126,10.705498458289272,10.705497669174248,20.276282134688607
d:303:1.1348680590856404,10.705498268107341,10.705497394704945,20.276127603726646
d:304:1.1346467267641174,10.705498369842733,10.705497353069903,20.27634899614852
d:305:1.1348015718194624,10.705496913632773,10.705498052570523,20.276193394383835
d:306:1.1346257657314425,10.705496913632773,10.705498031271414,20.276369179172747
d:307:1.1346722212714475,10.705498478881992,10.705497570238053,20.276323827848596
d:308:1.1344944324233417,10.705498132655073,10.70549801977046,20.27650172000219
d:309:1.1345042558208185,10.705498402801599,10.705497479405324,20.276491626386104
d:310:1.1347112366904106,10.705498096561318,10.70549805666547,20.276284916536376
d:311:1.134249037566704,10.705498458289272,10.705497424003235,20.276746844725803
d:312:1.1346623463307033,10.705498215816352,10.705497530984223,20.27633340046987
d:313:1.1344032621237297,10.705498264885573,10.705497972504395,20.276592975266237
d:314:1.134295096389593,10.705498405097485,10.705498080833015,20.276701389540907
d:315:1.1342220781135204,10.705498348637333,10.705497640373345,20.27677391089716
d:316:1.1342262662199865,10.70549843298463,10.705497991107487,20.276770157872132
d:317:1.1342127204045696,10.705498112855333,10.705497694102295,20.27678308655306
d:318:1.13404828931926,10.705496772985724,10.705498091170577,20.27694657483704
d:319:1.134177665225593,10.70549788951101,10.70549810056489,20.276818324850307
d:320:1.1340034005992479,10.705496447704679,10.705498252933156,20.27699130003859
d:321:1.1338368059569106,10.70549821184704,10.705497764296679,20.277159170186806
d:322:1.1340616243141746,10.705498364817993,10.705497860384137,20.276934600887955
d:323:1.1338633594157663,10.705498243084534,10.705497438790035,20.2771323224588
d:324:1.1336663769838111,10.705498159450233,10.705497858483715,20.277329640950136
d:325:1.133898530558902,10.70549686637796,10.70549796465548,20.27709630047454
d:326:1.133865422752315,10.70549839132783,10.705497588464777,20.27713055704029
d:327:1.1335672806079558,10.705498131880882,10.705497601094757,20.277428452367683
d:328:1.1338026051131926,10.70549752322906,10.705498139314603,20.27719305743047
d:329:1.134054015318874,10.705496690601342,10.705498120581998,20.276940795864466
d:330:1.1333766407575894,10.705496913632773,10.705498194737922,20.277618467613106
d:331:1.1333868100155122,10.705498075697726,10.705498075808855,20.27760934149107
d:332:1.1336839904038243,10.70549664030348,10.705498272980712,20.277310922880368
d:333:1.1333912255955596,10.705498307369549,10.70549767232328,20.27760475409727
d:334:1.133468444988921,10.7054969336109,10.705498289539378,20.27752677816136
d:335:1.1332605172786678,10.705498414347803,10.705497673742277,20.277735570811412
d:336:1.1332646390623538,10.705496447704679,10.705498300214582,20.277730108856908
d:337:1.1335108868454853,10.705498390970584,10.705498016497494,20.27748552062259
d:338:1.1333630068248546,10.705496727430138,10.705498356382257,20.27763207698754
d:339:1.1332255481071662,10.705496422240756,10.705498451181699,20.277769325315287
d:340:1.1333090007235604,10.705498434502848,10.705497894866763,20.27768732864605
d:341:1.133107875549765,10.705496591593873,10.705498479964913,20.277887196009022
d:342:1.1330084774463316,10.705496727430138,10.705498428605798,20.277986678589606
d:343:1.1333591496691966,10.705496460915557,10.705498478811235,20.277635790057595
d:344:1.132633943098348,10.705498449320782,10.705497818663563,20.278362324885997
d:345:1.1330507025947547,10.705498061379872,10.705497939616833,20.27794529840195
d:346:1.1326992710605062,10.705496819459832,10.70549830910119,20.278295857500513
d:347:1.1329728238945016,10.70549842848283,10.705497807582587,20.278023412170914
d:348:1.1328281152498931,10.705498151789321,10.70549776863784,20.27816780517727
d:349:1.1327272744221624,10.705497375172385,10.70549830003328,20.278268400783503
d:350:1.1326670807427774,10.705496447704679,10.70549826876962,20.27832763573152
d:351:1.1327535828345603,10.705496727430138,10.705498235506058,20.278241380101633
d:352:1.1328453502398084,10.70549818755549,10.705498185622877,20.27815102293856
d:353:1.1324906063846534,10.705498383733449,10.70549771372415,20.278505491072945
d:354:1.1327703425182918,10.705498382636812,10.705497732041012,20.27822577215953
d:355:1.132583448778849,10.705498395723454,10.705497757704824,20.27841270464943
d:356:1.1324348175667076,10.705496855535952,10.705498377738534,20.278560415707776
d:357:1.1325917430109662,10.70549652311015,10.70549825180226,20.278403031901444
d:358:1.132416594418956,10.705497967455097,10.705498136337578,20.27857950937372
d:359:1.132498204660621,10.705496671406115,10.705498305019043,20.278496771764537
d:360:1.1324244397926115,10.705498159450233,10.705497814425879,20.2785715340835
d:361:1.1323500217407378,10.705497844333008,10.705498311882302,20.278646134474574
d:362:1.1323974022975918,10.705498461071405,10.705497892511854,20.278598951285666
d:363:1.1321775610257454,10.705498517815776,10.705497756522664,20.278818713312695
d:364:1.1324018661277222,10.705498215816352,10.705497716358225,20.278594066046857
d:365:1.1320426624758717,10.70549653674273,10.705498379097888,20.278952253364746
d:366:1.1320385701249478,10.705496913632773,10.705498346799136,20.278956690306963
d:367:1.1319928968596216,10.705496671406115,10.705498395905968,20.27900217045246
d:368:1.1320117050167617,10.705496087402693,10.705498573588498,20.27898295597443
d:369:1.1319446024132702,10.705498131880882,10.705497782422132,20.279051311889745
d:370:1.1319880408469665,10.705496172424844,10.705498480536495,20.279006612114372
d:371:1.1321329256580022,10.705497890197911,10.705498227722403,20.27886319226231
d:372:1.1318828490769803,10.705498409230836,10.705497926851008,20.279113487004864
d:373:1.131804595133577,10.70549613404016,10.705498438340264,20.279189977246848
d:374:1.1315825724025004,10.705496913632773,10.705498282926843,20.279412624157118
d:375:1.1316838034187278,10.705498061379872,10.705497832992883,20.279312090954026
d:376:1.131910678030028,10.705496087402693,10.705498466873227,20.279083876245892
d:377:1.1317540557462422,10.705498300786326,10.705497783718931,20.279242028759015
d:378:1.131680817506087,10.705496457120942,10.705498233550111,20.279313873164966
d:379:1.1316168261551312,10.705498486681071,10.705497738140908,20.279379398666848
d:380:1.131534290677429,10.705498369842733,10.705497700552389,20.279461779717693
d:381:1.1315638840262032,10.705496093882683,10.70549833136909,20.27943054122557
d:382:1.1313455480973218,10.705498206027697,10.70549778167748,20.279650439607856
d:383:1.1313913395769681,10.705496478889925,10.705498248728915,20.279603388041874
d:384:1.1315791220973388,10.705496447704679,10.705498305855958,20.279415631463298
d:385:1.1313439315909726,10.705498132655073,10.705497689798444,20.279651890862542
d:386:1.1313380703265175,10.705497058636366,10.705498253964004,20.279657242273853
d:387:1.131265412145563,10.705497901165614,10.70549775030829,20.27973023932834
d:388:1.13126453594316,10.705496218538924,10.705498400748764,20.27973008334453
d:389:1.1311681588960276,10.705496221185518,10.705498422245263,20.279826484534755
d:390:1.1315582788443947,10.70549802552155,10.70549767087405,20.279437417551208
d:391:1.1311803253407504,10.70549797202744,10.705497638920884,20.279815285607572
d:392:1.1309556995803547,10.705496093059056,10.705498135324596,20.280038528803296
d:393:1.1312222981012425,10.705496190811198,10.705498199777189,20.279772092487143
d:394:1.13111902271865,10.705498215816352,10.705497562138103,20.279876755235804
d:395:1.1310941297700943,10.705495978864967,10.705498237611941,20.279900086706814
d:396:1.130969314052951,10.705498502185494,10.705497468742996,20.28002665687554
d:397:1.1310591495849032,10.705497431287982,10.705497937049943,20.279936218753022
d:398:1.1308482289178592,10.705498205128427,10.70549721452826,20.280147190738827
d:399:1.1310102413166163,10.705498116986087,10.705497399159771,20.279985274829244
d:400:1.1309376098436985,10.705496447704679,10.705497979110092,20.280056816971072
d:401:1.1306825226592778,10.705498274152232,10.705497684575823,20.280313436068777
d:402:1.1304482578600847,10.705496045183432,10.705498130141079,20.280545917464426
d:403:1.1308217609680185,10.705496072879171,10.705497991898698,20.28017230380985
d:404:1.1306479915541843,10.705498461071405,10.705497206789982,20.2803476763072
d:405:1.1304672716808248,10.705498159450233,10.705497464838318,20.28052835260773
d:406:1.1307024709676483,10.705496457120942,10.705497955114327,20.28029194126762
d:407:1.1305116354707785,10.705498326181658,10.70549743715615,20.28048412786703
d:408:1.1304885423032225,10.705496149406853,10.705497911282498,20.28050551838613
d:409:1.130390234049262,10.705497895098311,10.705497493207407,20.280605154256456
d:410:1.1305319911567473,10.705498395723454,10.70549745196962,20.280463856536326
d:411:1.1307714724650744,10.705496271682208,10.705497951720256,20.280222750937387
d:412:1.1303459009426327,10.705497967455097,10.70549740470392,20.280649471216382
d:413:1.1304932649048105,10.705495846017596,10.705498037002801,20.280500618115585
d:414:1.130310047022288,10.705496727430138,10.705497840207771,20.28068452061562
d:415:1.1305526190889559,10.7054958340857,10.705498066587937,20.280441281584682
d:416:1.130194110562588,10.705497800595232,10.705497377943798,20.280801067976444
d:417:1.1301464455782373,10.70549636729435,10.70549791254141,20.280847834257525
d:418:1.1302886358465614,10.705496186034157,10.705497873668582,20.280705423856176
d:419:1.130141787658573,10.705496193007155,10.705497777997657,20.28085218334624
d:420:1.1299919221361598,10.705496447704679,10.705497749890096,20.281002275458615
d:421:1.1300153923719733,10.705498325727033,10.705497301953704,20.280980235308764
d:422:1.1300748298603125,10.705496754641604,10.705497517541877,20.280919442323167
d:423:1.130030156791296,10.70549664445961,10.705497726837349,20.280964214505662
d:424:1.130072136180189,10.705496772985724,10.705497668496571,20.280922305302106
d:425:1.1298959567171352,10.705498434502848,10.705497263189127,20.281099740974838
d:426:1.1299776066204466,10.705497921874692,10.705497186954883,20.281017502209128
d:427:1.129833332189495,10.705498034467073,10.705497488355567,20.281162190633143
d:428:1.1298203335774026,10.705495698219956,10.705498028901033,20.281173393543586
d:429:1.1297971541478589,10.705498108962518,10.705497239128588,20.281198193943247
d:430:1.1297838468907067,10.70549823770718,10.70549725150979,20.281211642326266
d:431:1.1295443822151583,10.705496304547728,10.705497722035599,20.281449644368166
d:432:1.129751925762207,10.705496142989213,10.705497776486533,20.28124199371354
d:433:1.1297420795488229,10.705497297784195,10.705497422679098,20.28125264091447
d:434:1.1296735975346337,10.705496210159437,10.705497813147,20.281320425771803
d:435:1.1293452691644141,10.705497375172385,10.7054973839863,20.28164948999427
d:436:1.1296298783383207,10.705496087402693,10.705497806751898,20.281364015816273
d:437:1.1296121889864672,10.705496727430138,10.705497647895577,20.281382186339247
d:438:1.1295512772645715,10.70549610071721,10.705497765105479,20.281442588558118
d:439:1.1296081253806598,10.705496546142651,10.70549762797327,20.28138604873526
d:440:1.1293967860232144,10.705496087402693,10.705497822074026,20.281597123453505
d:441:1.1293290935818874,10.705497901165614,10.705497285649983,20.28166609323371
d:442:1.1293603580251919,10.705497800595232,10.705497151781842,20.281634594351882
d:443:1.1292012329469685,10.705496057359504,10.705497870999201,20.28179269541174
d:444:1.1293341080734791,10.705496172424844,10.705497834382218,20.281659898733583
d:445:1.129363860498298,10.705495857282402,10.705497986087243,20.281629982871348
d:446:1.1294138280206347,10.705497364259964,10.705497320505813,20.28158085674514
d:447:1.1290992270829108,10.70549818755549,10.705497132899158,20.281896093371735
d:448:1.1291539819886012,10.705496447704679,10.705497659343257,20.281840125059333
d:449:1.1294899958863063,10.705495625792086,10.705497924773395,20.281503554679173
d:450:1.1289641951397442,10.705495857282402,10.70549783450189,20.282029496644547
d:451:1.1290701765196012,10.7054958340857,10.705498084801432,20.28192374236753
d:452:1.1290172036641941,10.705498303708476,10.705497203971682,20.28197830401596
d:453:1.128991265697742,10.705495799291523,10.705498096439516,20.282002630033297
d:454:1.1289331780812972,10.705496210088215,10.705497972688313,20.28206100469523
d:455:1.1288451392950734,10.705496109194701,10.705497782488818,20.282148752388444
d:456:1.128896110733649,10.705495790697052,10.705497972416213,20.282097652379615
d:457:1.1288593891797412,10.705497297784195,10.705497380068298,20.28213528867275
d:458:1.1289014920712255,10.705495653700412,10.70549817412228,20.282092335751468
d:459:1.1290179835117549,10.70549599123268,10.705497912777384,20.281975920498308
d:460:1.1285354788791508,10.705496087402693,10.70549790288215,20.282458511405693
d:461:1.1287931410029017,10.705496176248289,10.705497955786985,20.282200991032372
d:462:1.1285774486663804,10.705495846017596,10.705498064647811,20.282416461999027
d:463:1.1287449742424016,10.705495624817248,10.705498004332558,20.282248654907406
d:464:1.1287194640111942,10.70549667979883,10.705497534894674,20.28227475068231
d:465:1.1286973609954423,10.705495698219956,10.705498111160617,20.28229644838513
d:466:1.1289053344483087,10.705497610068468,10.705497518816456,20.282089794436615
d:467:1.128420416424209,10.70549577743646,10.70549791893353,20.28257327994578
d:468:1.1285409278801382,10.705496727430138,10.705497533983669,20.282453333533667
d:469:1.12850007033418,10.705495482154051,10.705498196638782,20.282493608458655
d:470:1.1283625112301081,10.705496087402693,10.70549802276646,20.282631598939044
d:471:1.1283525844361009,10.705498405097485,10.705497815327194,20.282643635988578
d:472:1.1283690376094455,10.705495846017596,10.705498147371324,20.282624955779475
d:473:1.1285643170459352,10.70549716171327,10.705497793321689,20.282430637989023
d:474:1.1281969231987539,10.705495820114727,10.705498254059115,20.28279715097509
d:475:1.1282902256987164,10.705497422341601,10.705497622355603,20.282704818998486
d:476:1.1282545769626537,10.705495990641962,10.705497987176148,20.282739400855455
d:477:1.1280678166511002,10.705495660615354,10.705498069942134,20.282925913906386
d:478:1.1282376077859766,10.705497979205392,10.705497400807019,20.282757772226432
d:479:1.1283118541400583,10.705496676675333,10.70549756945499,20.282682391990264
d:480:1.1283327120975635,10.705496447704679,10.705497497099135,20.28266123270625
d:481:1.1278725053198464,10.705497431287982,10.705497401012666,20.283122326980802
d:482:1.1281470450067523,10.705495388155091,10.705497947743154,20.282846290891495
d:483:1.1281006934026223,10.705495936596481,10.705498062652612,20.28289330584647
d:484:1.1281347555160757,10.705498132655073,10.705497472908569,20.282860850047566
d:485:1.127864920350028,10.705496546142651,10.705497638917164,20.283129264709785
d:486:1.1279853106834956,10.705496457120942,10.70549783432235,20.283008980759796
d:487:1.1280744037225574,10.705496546142651,10.705497505125399,20.28291964754549
d:488:1.1278070327865777,10.705495494593857,10.705497818492683,20.28318628029996
d:489:1.1279132641991687,10.705496232143611,10.705497988023899,20.28308095596834
d:490:1.1277892737980117,10.70549565070386,10.705498004030854,20.283204380936702
d:491:1.1279164489820879,10.705495612129857,10.705498072110306,20.283077235258073
d:492:1.127488525888321,10.70549610071721,10.705497982280361,20.28350555710925
d:493:1.1278072163227613,10.705498151789321,10.705497341110945,20.283188276577505
d:494:1.1274668593869777,10.705496727430138,10.705497298366744,20.283527166409904
d:495:1.127529382646955,10.705496913632773,10.705497407113628,20.283464938099446
d:496:1.1276239332164195,10.705495369708387,10.70549800938563,20.283369445877597
d:497:1.1277645190816301,10.705496580988793,10.705497317231574,20.28322937913874
d:498:1.1274598591717364,10.70549664030348,10.705497420194584,20.283534201326326
d:499:1.127486184871632,10.705498338063984,10.705497244802611,20.283509397994965
d:500:1.1277115846082637,10.705496163621541,10.705497995480286,20.283282574493562
d:501:1.127647773385192,10.705496038078905,10.705498002499167,20.283346267192883
d:502:1.1275898623854346,10.705496632464321,10.705497376754767,20.283404146833654
d:503:1.1274070025316512,10.705495777466666,10.705498027313025,20.283586802248042
d:504:1.1275365982560324,10.705495846017596,10.705497980643466,20.28345722840503
d:505:1.1271799904825386,10.705496913632773,10.705497433077518,20.28381435622775
d:506:1.1275256597106633,10.705496087402693,10.705497966015363,20.283468393707395
d:507:1.1272776982735202,10.705496727430138,10.705497688738614,20.28371671789523
d:508:1.1270606209092051,10.705495707019548,10.705497998312797,20.28393308442314
d:509:1.1271280552404228,10.705495732673473,10.70549803148131,20.28386570891436
d:510:1.1272951024556122,10.705496913632773,10.70549741296725,20.283699224144414
d:511:1.1274207086301296,10.70549653674273,10.705497565336973,20.283573393449576
d:512:1.1269866003699356,10.70549538903538,10.70549780336006,20.284006592025506
d:513:1.1272841905828166,10.705496727430138,10.705497535870613,20.283710072717934
d:514:1.1270532600301735,10.705495472969814,10.70549797278427,20.28394018572391
d:515:1.1270269748072401,10.705496442902106,10.705497584370738,20.283967052465602
d:516:1.1269405846849914,10.705497901165614,10.705497421142232,20.284054737622856
d:517:1.1269929066935944,10.705496087402693,10.70549789967702,20.28400108038612
d:518:1.1270547433553126,10.705496690601342,10.705497344507812,20.283939291753843
d:519:1.1270002169763664,10.70549591428443,10.705497941944339,20.283993639252405
d:520:1.1270313564152055,10.705496450431564,10.705497540535225,20.28396263455158
d:521:1.1270750061413075,10.705495698219956,10.705498046932734,20.28391873901138
d:522:1.1268341963453103,10.705496457120942,10.705497582419376,20.28415984319501
d:523:1.1266952326709685,10.705495902653139,10.705498031067131,20.284298701049302
d:524:1.1267339626874282,10.705497297784195,10.705497683753032,20.2842610188498
d:525:1.126645148301808,10.705496447704679,10.705497717720595,20.284349017123464
d:526:1.1266515735352023,10.705495438875031,10.705498417668155,20.284342283007984
d:527:1.1267354028317946,10.705495539312235,10.705498337569196,20.284258474049636
d:528:1.126736680578155,10.70549818755549,10.705497704279024,20.28425921125636
d:529:1.1267267261904266,10.70549537958984,10.705498469381293,20.284267122780705
d:530:1.1267880216383013,10.705495448771686,10.705498105464581,20.284205532597966
d:531:1.1267265569477871,10.705495846017596,10.705498135504818,20.28426742457463
d:532:1.1265444454107083,10.705495990641962,10.705498160469304,20.28444970570056
d:533:1.1262654771756644,10.705495474813628,10.705498288569704,20.284728286207667
d:534:1.1265755821653762,10.705495857282402,10.705498262270824,20.28441853738785
d:535:1.1263663520518854,10.705495698219956,10.705498280785656,20.284627626953725
d:536:1.1263567344852028,10.705495448771686,10.705498158211347,20.28463687249783
d:537:1.1262757438685718,10.70549548696919,10.70549842694762,20.28471817004824
d:538:1.1264330119774435,10.705495424002699,10.705498401752244,20.2845608137775
d:539:1.126206850669547,10.705496460915557,10.705497810293945,20.284787420539956
d:540:1.126434312697132,10.705495349199346,10.705498129022427,20.28455916552464
d:541:1.1262453380559272,10.70549787260206,10.705497718862643,20.284750253408777
d:542:1.1264002509744664,10.705496040998877,10.705498263014453,20.284594053038862
d:543:1.1263031292697434,10.705497431287982,10.705497827271838,20.28469212929008
d:544:1.1262773764189973,10.705497800595232,10.705497730282628,20.284718154458865
d:545:1.1263476093204297,10.705496087402693,10.705497847815169,20.28464632589743
d:546:1.126116912832746,10.705495447908534,10.705498270794989,20.284876805870777
d:547:1.1263532948382142,10.705495482319163,10.705498411126866,20.284640598607815
d:548:1.1259202559300583,10.705495471835894,10.705498412430982,20.285073628336818
d:549:1.1261473559188815,10.705496913632773,10.705498029659164,20.284847587373058
d:550:1.1258192219587997,10.705495320342575,10.705498601868026,20.2851747002518
d:551:1.1260802406301842,10.705495790697052,10.705498429642368,20.284913979709234
d:552:1.1258800042051185,10.705495476461673,10.70549862026526,20.285114092521813
d:553:1.1259946173416289,10.705495559883397,10.705498629269798,20.284999571811564
d:554:1.12606274201638,10.7054958340857,10.705498433294778,20.284931525364097
d:555:1.1258456016442508,10.705496172424844,10.70549789923133,20.285148470011926
d:556:1.1256848552241046,10.70549636729435,10.705497860694273,20.28530937276452
d:557:1.1258539614340712,10.705495913931628,10.705498526177141,20.2851404786747
d:558:1.1258038906702588,10.705495400210749,10.705498730852012,20.285190240392502
d:559:1.125859734853755,10.705495984143637,10.705498464782412,20.285134714072292
d:560:1.1259263831619037,10.705496447704679,10.705498078141853,20.28506814268463
d:561:1.125780655858705,10.705496913632773,10.705498275178222,20.28521453295229
d:562:1.1255679094980415,10.705496495245109,10.705498206674278,20.285426792421344
d:563:1.125694023599582,10.705495756678252,10.705498624093254,20.285300357171923
d:564:1.1255624190244653,10.705495441158813,10.705498763003439,20.285431785137785
d:565:1.125473620426817,10.705495535957672,10.7054986568331,20.285520572363957
d:566:1.12564342124168,10.705496145184386,10.705498239828179,20.285350963770885
d:567:1.1257557193070333,10.705496457120942,10.705498112171645,20.285238849985554
d:568:1.12565842906994,10.705496092578445,10.705498133095531,20.285335796604034
d:569:1.1254446254392043,10.70549581647975,10.705498599482329,20.285549790522875
d:570:1.1252219645257426,10.705495478452548,10.705498727484699,20.285772241411504
d:571:1.125485365484579,10.705496574369638,10.70549817905434,20.2855093879394
d:572:1.1256885681798003,10.705495320342575,10.705498757745628,20.2853055099084
d:573:1.1254014402505952,10.705496270014493,10.705498100457234,20.28559293022113
d:574:1.1255056220167496,10.70549752322906,10.705498076120662,20.285489977332972
d:575:1.125488894060986,10.705495290169608,10.705498378439312,20.285504774547935
d:576:1.1252474218598216,10.70549538903538,10.705498711962058,20.285746679137617
d:577:1.1254103598684964,10.705495547570932,10.705498665912616,20.28558385361505
d:578:1.1253100003266816,10.705495500728084,10.70549848871389,20.28568398911529
d:579:1.125526914309436,10.705497058636366,10.70549796211205,20.28546810643898
d:580:1.125126587872682,10.705496163621541,10.705498115265925,20.285867691014783
d:581:1.1254279216321486,10.70549538718719,10.705498581349344,20.285566046904385
d:582:1.1251770921343258,10.705495508668076,10.705498708870822,20.285817125404574
d:583:1.1254377990587372,10.705496038078905,10.705498591952995,20.285556830973164
d:584:1.1248537951111253,10.705495448771686,10.705498638045645,20.286140291706207
d:585:1.125249451316492,10.705496109194701,10.705498088405013,20.28574474628322
d:586:1.1251404613285203,10.705495254458755,10.70549859171879,20.285853384849027
d:587:1.1249448266536817,10.705495817701959,10.705498487623988,20.286049478672265
d:588:1.1251274885270774,10.705495789425527,10.70549828322899,20.28586658412744
d:589:1.125252059822504,10.70549538718719,10.705498657596664,20.28574198496135
d:590:1.1247476341115643,10.705496353369194,10.705498086402065,20.286246805659694
d:591:1.1251027364203061,10.705495358412353,10.705498591676335,20.285891213668382
d:592:1.1248310309901868,10.705495653052067,10.705498758100827,20.286163380162705
d:593:1.1251088836540823,10.705496640785011,10.70549815846814,20.28588591559907
d:594:1.1248820835962867,10.705495400210749,10.705498989269694,20.286112305884156
d:595:1.1246125843803227,10.705495990641962,10.705498548845384,20.286381955107025
d:596:1.124709003654747,10.705495724692621,10.705498697735894,20.28628541877377
d:597:1.1246738535870833,10.705495570944061,10.70549877141949,20.286320488776468
d:598:1.1247811901075266,10.705496727430138,10.705498224760712,20.28621376208332
d:599:1.1246566635898105,10.705495369708387,10.70549901759155,20.286337723710126
d:600:1.12480398315164,10.705496447704679,10.705498175004092,20.28619063955713
d:601:1.1246329668599948,10.705495438875031,10.705498873281424,20.28636134529646
d:602:1.1246449594008254,10.705495834750561,10.705498446672976,20.286349322022712
d:603:1.1244127460649835,10.705496045183432,10.7054983136852,20.28658161280365
d:604:1.1245981783665115,10.705495382687845,10.705499017249995,20.28639622157133
d:605:1.1246375639852602,10.705495457117115,10.705498748262556,20.286356641394413
d:606:1.1244306959879076,10.705496913632773,10.705498173706134,20.286564391351
d:607:1.1243467293065876,10.705496534985725,10.70549834871134,20.286648154390477
d:608:1.1246699213704794,10.705496092578445,10.705498157674802,20.286324328882767
d:609:1.1244174435890848,10.705496457120942,10.705498341592103,20.28657735512396
d:610:1.1246546385787077,10.705496091181628,10.70549750593129,20.28633895853421
d:611:1.1245607784606833,10.705495441158813,10.705498760341289,20.28643342303942
d:612:1.1245771929770285,10.705495534681964,10.705498771712898,20.286417113417833
d:613:1.1242449445041416,10.705496550727068,10.705498358774538,20.286749964997462
d:614:1.1241687257361228,10.705495546555415,10.705499051938755,20.286825872758047
d:615:1.124221893232125,10.705496713057943,10.705498364983853,20.28677318480967
d:616:1.1243360792886854,10.705495846017596,10.705498806175376,20.286658572904287
d:617:1.1244435256331045,10.705495528147331,10.705498908218916,20.28655091073314
d:618:1.1240548395511638,10.705495503182357,10.70549903789544,20.286939701526634
d:619:1.124413918225418,10.705495633063608,10.705498958786217,20.286580673624407
d:620:1.1242007020687446,10.705495698219956,10.705498771946875,20.286793768098086
d:621:1.1241961127848583,10.705496727430138,10.705498291842694,20.286798906487974
d:622:1.1239060221581667,10.705495464907104,10.705499013574077,20.287088456323012
d:623:1.1243336467827802,10.70549628327189,10.705497437382657,20.286660073871765
d:624:1.1239635016815726,10.705495950274907,10.705498393859486,20.287030842452822
d:625:1.124032187011462,10.705495664427172,10.70549887797457,20.28696235539028
d:626:1.123962999754177,10.705495664554638,10.705498850441236,20.287031515241697
d:627:1.1239616895446858,10.705496186034157,10.70549841591433,20.287032912403802
d:628:1.1241936724839015,10.70549587754263,10.705499041666327,20.286801246725055
d:629:1.1240344940985558,10.705495653052067,10.70549891042557,20.28696006937908
d:630:1.123977219886246,10.705495349199346,10.705498962292351,20.287017091605453
d:631:1.123938177938804,10.705495938078554,10.705499011290312,20.287056771430063
d:632:1.1237261033326007,10.70549587754263,10.70549907016151,20.28726884437154
d:633:1.1236885211055139,10.705495384888799,10.705499078204026,20.287305941987313
d:634:1.1238874858485772,10.705495846017596,10.70549846339801,20.28710682356703
d:635:1.1238302059669003,10.7054954049518,10.705499004440338,20.287164203425238
d:636:1.123717066384316,10.705496468893326,10.70549744048964,20.28727684299865
d:637:1.123720215607463,10.705496460915557,10.705498468279357,20.28727471358745
d:638:1.1238143414754873,10.70549611111698,10.70549857812767,20.287180347769166
d:639:1.123726681222994,10.705495530264345,10.705499167020458,20.28726801606181
d:640:1.123765298066509,10.705496211553825,10.70549716408685,20.287228077574166
d:641:1.1236091391777734,10.705495771781315,10.705498484630395,20.28738511723394
d:642:1.1235603918033625,10.705495698219956,10.705498615536948,20.28743392195354
d:643:1.123583285929442,10.705496156708055,10.705498661983436,20.28741153276205
d:644:1.1237010042940945,10.705495446507062,10.70549905260488,20.28729349481785
d:645:1.1235566364050449,10.705496424262835,10.705498266515137,20.287438054372927
d:646:1.1234936453748041,10.705495990641962,10.705498297003459,20.28750064227062
d:647:1.123377624947441,10.705496210088215,10.705498433360797,20.28761701850157
d:648:1.1235570962839212,10.705495887970095,10.705498823496693,20.287437615182867
d:649:1.123494345726435,10.705495846017596,10.705498413686273,20.287499913977435
d:650:1.1234179566483355,10.705495320342575,10.70549880049791,20.28757616419215
d:651:1.1236312239165684,10.70549538718719,10.705498867249469,20.28736303052009
d:652:1.1235136084000246,10.705496232143611,10.705498379919785,20.287481003663373
d:653:1.123335825928475,10.705495417804768,10.705499031518274,20.287658623394567
d:654:1.123118761834796,10.705495840305566,10.705498797273819,20.28787587574459
d:655:1.1234346606755388,10.705495508668076,10.705499003686821,20.287559851679358
d:656:1.1233055680860105,10.705495438875031,10.705499025592623,20.287688896381646
d:657:1.1232711346294408,10.705495842567583,10.705499154258234,20.287723862196376
d:658:1.1232556253667383,10.705496148099757,10.705497421601347,20.287737944334367
d:659:1.1232299136931623,10.705496058373196,10.705498910909897,20.287765055589933
d:660:1.1231852792249555,10.705495320342575,10.705498960064434,20.287809001182055
d:661:1.1232226020806664,10.705495767277588,10.705498921942699,20.287772087139622
d:662:1.123338454301635,10.705495768415835,10.705498808471598,20.287656122585798
d:663:1.1230006961476988,10.705495447908534,10.70549906343826,20.287993815199094
d:664:1.1230504866923425,10.705495600169815,10.705497335379249,20.28794244885672
d:665:1.1231009517762907,10.705495990641962,10.705498464472413,20.287893503338086
d:666:1.1231774393432339,10.705496172424844,10.70549830802243,20.287817041104038
d:667:1.1229332270274384,10.705495446507062,10.705499104464241,20.288061323943865
d:668:1.1230325111350474,10.705496236010488,10.70549754147729,20.28796126635273
d:669:1.1229101102195749,10.705496456481468,10.705498020355998,20.28808436661789
d:670:1.1229236234893492,10.705495448771686,10.705499071915527,20.288070897197862
d:671:1.1230231050047124,10.705496181747495,10.705497632232111,20.287970708974896
d:672:1.1228490549571646,10.705495813756109,10.705497169015006,20.288143927813948
d:673:1.1226469779913018,10.705495711887531,10.70549899765436,20.288347731550587
d:674:1.1228953814910554,10.705496218538924,10.70549865109801,20.28809948814588
d:675:1.123013673350762,10.705495857282402,10.705498505115035,20.287980689046677
d:676:1.1226507587096286,10.70549613820381,10.705497451150274,20.288342830644456
d:677:1.122852922055376,10.705495482319163,10.705498951874636,20.288141512138424
d:678:1.1228677713971358,10.705495530264345,10.705498950194048,20.288126709061256
d:679:1.1228609204856106,10.70549577743646,10.705498575917519,20.288133432868367
d:680:1.1227321338669007,10.705495508668076,10.705499107574814,20.288262482375988
d:681:1.122490429700651,10.705495768415835,10.705498868220419,20.288504206935603
d:682:1.122640934848608,10.705495400210749,10.705498953996427,20.288353419358568
d:683:1.1227673823572033,10.70549611654718,10.705498046682903,20.28822678087288
d:684:1.1226824197369574,10.705495813756109,10.705497349292207,20.28831074331136
d:685:1.1226230580675498,10.705495457117115,10.705499022909848,20.288371421959415
d:686:1.1226259082894998,10.705495541716441,10.705497119739464,20.288366753166407
d:687:1.122699512343356,10.705495594797274,10.705497133823993,20.28829321627791
d:688:1.122547463280636,10.70549542130058,10.705499051546568,20.28844700956651
d:689:1.1223997791542253,10.705496468893326,10.705498549068539,20.28859523880764
d:690:1.1224736543480631,10.705495768415835,10.705498687117405,20.28852080118518
d:691:1.1224557375757058,10.705495716030232,10.70549844062559,20.288538419080115
d:692:1.1224952232175482,10.705495371073575,10.70549882820416,20.288498976060186
d:693:1.1224693848131615,10.705495846017596,10.705498362679002,20.28852482388344
d:694:1.1223945538358997,10.705495446507062,10.70549906986791,20.28859996253907
d:695:1.122358336470981,10.705495457117115,10.705499023534411,20.288636144180543
d:696:1.122375247962701,10.705495790697052,10.70549830364559,20.28861884637994
d:697:1.1222351192712061,10.705495434441294,10.70549891193236,20.28875922710245
d:698:1.1222315110767553,10.705495369708387,10.7054988247277,20.28876268335933
d:699:1.1225090162642637,10.705496179212858,10.70549814864241,20.288485311591007
d:700:1.122251311098502,10.705495541716441,10.705497034503109,20.288741265121047
d:701:1.1220738570974866,10.705495584765774,10.705498883740274,20.28892061140856
d:702:1.1223938539692355,10.705495594797274,10.705497300031722,20.288599040859758
d:703:1.1219477514212954,10.705496519635812,10.705498596709708,20.289047364924222
d:704:1.1224540180022302,10.705495546526363,10.705498778699988,20.28854030722412
d:705:1.1221298476541932,10.70549541979763,10.705498864520244,20.28886443666368
d:706:1.1221932529520124,10.705496210088215,10.705498255975662,20.288801213111864
d:707:1.1224149568379431,10.70549538718719,10.705498801746272,20.28857923209552
d:708:1.121984616606266,10.705495846017596,10.705498344957714,20.289009574369043
d:709:1.121967391856181,10.705495476312873,10.705499075455174,20.289027159911868
d:710:1.1219484641971107,10.705495711887531,10.705498926126257,20.28904617381668
d:711:1.1221812006023342,10.705495820114727,10.705498239332305,20.2888128588447
d:712:1.1220245371594437,10.705495471835894,10.705498955419891,20.288969890096343
d:713:1.1218832032349404,10.70549592295695,10.705498453012394,20.289111172734405
d:714:1.12187007542094,10.705495447908534,10.70549888335947,20.289124255847064
d:715:1.1218313313757768,10.705495320342575,10.705498802717957,20.289162791684756
d:716:1.121854934944281,10.705496293952267,10.705498521399958,20.289139880407944
d:717:1.1218549761356904,10.705496190876097,10.705498566505115,20.28913978124552
d:718:1.1218907248594974,10.705495530264345,10.705498849902368,20.289103655307215
d:719:1.1215390959772549,10.70549548481259,10.70549888395096,20.289455272786295
d:720:1.121756421208925,10.705495638175305,10.70549817291605,20.28923738988243
d:721:1.1216355364307589,10.705495360132305,10.705498786083876,20.289358609785424
d:722:1.1216468767138466,10.705495675839943,10.7054985146632,20.289347313789296
d:723:1.1218609975920337,10.705495849646441,10.705498561234531,20.28913341328894
d:724:1.121715128994559,10.705495715999035,10.705498869160166,20.289279456164643
d:725:1.12175023897883,10.705496163621541,10.705498129654023,20.289244054296734
d:726:1.1214423840981276,10.705496186034157,10.705498135723092,20.289551937659123
d:727:1.1215224692773909,10.705495757030121,10.705498988611069,20.2894722763638
d:728:1.1217396397562673,10.705495959397574,10.705498643355739,20.289254962997045
d:729:1.1214933164942273,10.705495586476959,10.705498509183823,20.289500779166556
d:730:1.1215442422391462,10.705495448771686,10.705498693620182,20.28944990015272
d:731:1.1215899116498775,10.705495777466666,10.70549795253883,20.289403818355616
d:732:1.1214765090830028,10.705495494593857,10.705498620344663,20.289517605855515
d:733:1.121383017842298,10.705495938424951,10.705498295387143,20.289611215969796
d:734:1.1217228869268574,10.705495374709843,10.705498674552818,20.289271162335805
d:735:1.1213600655269502,10.70549565070386,10.705498248927983,20.28963383410489
d:736:1.1214219541359292,10.705495446507062,10.705498985924894,20.289572478296027
d:737:1.1212138054022667,10.705495484576497,10.705498699551326,20.289780378725556
d:738:1.1217670369719563,10.705496431804299,10.705498507079742,20.289227901912085
d:739:1.1212474766674347,10.705495682603377,10.705498959419309,20.28974716535525
d:740:1.1212653842803455,10.705496093360344,10.705496651439509,20.289727360519507
d:741:1.12149759113764,10.705495510105198,10.705497227238382,20.28949514620594
d:742:1.12129164033119,10.705495660615354,10.705498671883772,20.289702692167936
d:743:1.1211867501394046,10.705495535957672,10.705498102211052,20.28980688802932
d:744:1.1212565547393112,10.705495884446874,10.705498865367652,20.289738195075216
d:745:1.1212332883462324,10.705495724692621,10.705498909780067,20.289761346126454
d:746:1.1211165347908327,10.705496090746369,10.705496658006169,20.289876213961705
d:747:1.1211884907742693,10.70549582923533,10.705497215745442,20.2898045542065
d:748:1.1212161010181418,10.705495530383336,10.70549874090928,20.289778170274474
d:749:1.1211721454838504,10.705495624817248,10.705498396370059,20.289821875703456
d:750:1.1210959587483558,10.705496431804299,10.705498457287588,20.289898930343533
d:751:1.1208365971519,10.705495802771955,10.70549888264066,20.290158088260714
d:752:1.1210636818805533,10.705496008747435,10.705496577460423,20.289928904327304
d:753:1.1211668408328208,10.70549578118901,10.705497114201894,20.289826054558084
d:754:1.1208135353098925,10.705495449852643,10.7054982877361,20.29018020227885
d:755:1.121113825599437,10.705495799291523,10.705498379897689,20.289880353589773
d:756:1.1211540817827057,10.705495349199346,10.705498688806424,20.289839956223062
d:757:1.120855155251249,10.705495528147331,10.705498183674877,20.29013855657096
d:758:1.120888438043714,10.705495830661437,10.705498807752825,20.29010620037055
d:759:1.1208995599025968,10.705495484576497,10.70549862677815,20.29009455145205
d:760:1.120978688770169,10.70549587754263,10.705498746069576,20.290015934842035
d:761:1.1207908144377186,10.70549527945514,10.70549846924055,20.290202934257973
d:762:1.1207405735502078,10.7054954049518,10.705498711686802,20.290253543088394
d:763:1.1208444786584977,10.70549577743646,10.705498186609143,20.290149485387104
d:764:1.1204322019506172,10.705495624166486,10.705498140733877,20.290561562949744
d:765:1.1209863289552864,10.705495560346064,10.705497347794134,20.29000657918491
d:766:1.1207930908135566,10.705495733296349,10.705496859057183,20.290199501539973
d:767:1.1207504680382847,10.705495397359474,10.705498508252138,20.290243437573327
d:768:1.1207317814418296,10.70549538903538,10.705498677513111,20.29026228510666
d:769:1.120474638547222,10.70549544565161,10.705497920901438,20.29051872800583
d:770:1.1206587490686069,10.705496274616648,10.705498595924682,20.290336121472723
d:771:1.1204149934217256,10.705495903002577,10.70549640104159,20.29057731062244
d:772:1.120743675019515,10.705495573873845,10.705497505419185,20.290249404273514
d:773:1.120517236187645,10.705495938424951,10.70549808533339,20.290476787570697
d:774:1.1206283916046935,10.705495594797274,10.705498289523316,20.290365492715896
d:775:1.120564638309368,10.705496093360344,10.70549694250668,20.290428397557655
d:776:1.1206491212103629,10.705495508668076,10.705498781187265,20.290345168644976
d:777:1.1206485005085796,10.705495789425527,10.705498691350584,20.29034598026753
d:778:1.1206861452234627,10.705495768436268,10.70549662373111,20.290306246943917
d:779:1.1203347308364648,10.705496210805574,10.705496940782416,20.290658420751523
d:780:1.1205541274814976,10.705495320342575,10.705498201762174,20.29043939462325
d:781:1.1204579252845868,10.705496032623287,10.70549643634628,20.29053454368498
d:782:1.1204838448904866,10.70549537958984,10.705498166097469,20.29050970079682
d:783:1.120369248181344,10.705496094594155,10.705496863560558,20.29062370997337
d:784:1.1203389060139983,10.705495938330088,10.705496486859092,20.29065351917518
d:785:1.1202594631842793,10.70549587754263,10.705498768090997,20.29073518244935
d:786:1.1201758821164596,10.705495508668076,10.705498762384213,20.29081838893583
d:787:1.1203839630928343,10.705495733296349,10.705497019305783,20.2906087895093
d:788:1.1201790017439315,10.705496460632192,10.705498578569967,20.290816037458228
d:789:1.1203308224853075,10.70549609226081,10.705496798519034,20.290662068294537
d:790:1.1203526200976448,10.70549587754263,10.705498753435693,20.290642010880678
d:791:1.1202225999768665,10.705496068697634,10.705498541148826,20.290772009869595
d:792:1.1203787085762897,10.705495846017596,10.705497959948058,20.290615097389363
d:793:1.1200903519940795,10.705495926806725,10.70549644540675,20.290902020219395
d:794:1.1201936025465002,10.705495561615077,10.705498383855883,20.29080034292446
d:795:1.1199489165130494,10.705495985844191,10.705496225901388,20.29104329523253
d:796:1.120013609949062,10.705495570944061,10.70549763740774,20.29097959840274
d:797:1.1200746598263969,10.70549560317267,10.705498438214844,20.290919381561118
d:798:1.1202806904709846,10.705495813756109,10.70549830605997,20.290713429345097
d:799:1.1198069012614305,10.705495777466666,10.705497869253024,20.29118674545826
d:800:1.1195775852774261,10.705496093360344,10.705496598231285,20.291415106314204
d:801:1.1200441521878695,10.705496033298251,10.705495961953853,20.290947843064234
d:802:1.1200818174161498,10.705496361165615,10.705498378527084,20.290912922276547
d:803:1.1199657099997395,10.705496455138166,10.705498289208522,20.29102903434695
d:804:1.1198556654187364,10.705496087271866,10.705496122089555,20.291136543942685
d:805:1.1197124025760807,10.705495776491466,10.705497110740174,20.29128048465556
d:806:1.1199397257118449,10.705496032437908,10.705496037340477,20.291052344066543
d:807:1.1198311584705856,10.705496101322776,10.705498352834708,20.291163295686896
d:808:1.1195775244593413,10.705496085234977,10.705498519790043,20.291417080565676
d:809:1.1198804398876305,10.705495880834832,10.70549619326794,20.29111163421514
d:810:1.1198421603572406,10.705495594797274,10.705498191283278,20.291151625723312
d:811:1.1199311222988477,10.705496005024616,10.705496572481422,20.29106145520719
d:812:1.1197752428715795,10.705495446507062,10.705498295498447,20.29121849913393
d:813:1.1196633557779627,10.705495466908966,10.705498271345506,20.29133038247651
d:814:1.1195754575252757,10.705496186599243,10.705498260036226,20.291418989110195
d:815:1.1197309377629132,10.705495228414739,10.705498170751607,20.29126246140343
d:816:1.1195918090590347,10.705495508668076,10.705498121686318,20.29140182129536
d:817:1.1197413662534927,10.70549579874234,10.70549629777273,20.291250730261577
d:818:1.1197976738393152,10.705495644387756,10.705497715212106,20.29119568576055
d:819:1.1196808463024581,10.705496032437908,10.705495990346172,20.29131117648162
d:820:1.119728019364434,10.705496431804299,10.705498339545825,20.29126675198569
d:821:1.1195098505763603,10.70549612131029,10.705498304444275,20.291484575178206
d:822:1.1195302886183285,10.705495806312076,10.70549623461614,20.291461752309885
d:823:1.119518295560603,10.70549623252008,10.705498200345756,20.29147613730523
d:824:1.1195323317305892,10.705495573873845,10.705497883017065,20.29146112516032
d:825:1.1194757458733093,10.705495320342575,10.705497689266538,20.291517263735805
d:826:1.1195352239012557,10.705496041165354,10.705495785793373,20.291456603057473
d:827:1.1192820087726894,10.705495506402151,10.70549780536486,20.291711302994322
d:828:1.119538715386902,10.705496037631535,10.705496609539507,20.29145393178414
d:829:1.1194973978996217,10.705495838496905,10.70549759036744,20.291496030964723
d:830:1.1194225664309982,10.705496075922596,10.705495689997358,20.291569199488954
d:831:1.1194588947516557,10.705495758273386,10.705497909153063,20.291534772674794
d:832:1.119528050220847,10.705495843743122,10.705497695478742,20.291465489001016
d:833:1.1194151043376834,10.705495591346583,10.705497569490056,20.291578056498956
d:834:1.1190702727985524,10.705495937803843,10.705496237436526,20.291921902441814
d:835:1.1193388758961618,10.705495957614342,10.70549591242364,20.29165299414182
d:836:1.1192287326823696,10.70549587754263,10.70549801730011,20.29176516216037
d:837:1.1190417355400832,10.705495400210749,10.705497464354638,20.291951129025303
d:838:1.1191896521378695,10.705495831473819,10.705497969116998,20.291804148452947
d:839:1.119063894112987,10.705496130731364,10.705495790173497,20.291928026791876
d:840:1.119296592717184,10.705495963361537,10.705496084786123,20.291695455430478
d:841:1.1191955124356419,10.705496069852936,10.70549535335277,20.291795910770066
d:842:1.1191670837596561,10.705495948470292,10.705497973572081,20.291826838282716
d:843:1.119124263064883,10.705496431804299,10.705498060015515,20.29187022875493
d:844:1.1192045539303024,10.705496046366026,10.705496398178179,20.291787890613904
d:845:1.1190976650886704,10.705495722993055,10.705497774872287,20.29189583277667
d:846:1.1191912294417001,10.705495441158813,10.705497882180495,20.29180209389761
d:847:1.119199119968581,10.70549537696099,10.70549783696095,20.29179409395336
d:848:1.1190023116690675,10.705495448771686,10.705497785471175,20.291990922573792
d:849:1.1190868215672296,10.705495443848775,10.70549747394642,20.291906096227965
d:850:1.11878188334369,10.705496314922215,10.70549805059526,20.292212482173785
d:851:1.118965803438087,10.705495374709843,10.705497354476492,20.292026925748246
d:852:1.1189720645142458,10.705495530264345,10.705497348098934,20.292020813849035
d:853:1.119043433749706,10.705496309144566,10.705498035738437,20.291950911133295
d:854:1.1188226003186408,10.705495494593857,10.705497568931982,20.292170463207196
d:855:1.1189178315419994,10.705495478452548,10.705497298166922,20.29207494507747
d:856:1.1188648888996333,10.705496450949068,10.705498072242548,20.292129634291985
d:857:1.1190471543828409,10.705495474813628,10.705497167100338,20.291945487531123
d:858:1.118925352607075,10.705495320342575,10.705497388301387,20.292067356036885
d:859:1.1187039355248416,10.705495960521645,10.705498055537404,20.292290080534208
d:860:1.11871203720073,10.705495506986184,10.705497356715734,20.292280826501187
d:861:1.118591100421991,10.705495684399366,10.705497338244168,20.292401922221543
d:862:1.118655495677018,10.70549561410995,10.70549780407334,20.29233792250627
d:863:1.1187049252285277,10.705495947919895,10.705495444065246,20.292286466756615
d:864:1.1188387693810178,10.70549603570583,10.705495665619784,20.292152931944596
d:865:1.1186138699305737,10.705495371073575,10.705497125686989,20.29237862682999
d:866:1.1186515402033699,10.705496090746369,10.70549677890039,20.29234132944339
d:867:1.1186386466175655,10.705495560346064,10.705497632610827,20.292354546339325
d:868:1.1186709069412686,10.705496032437908,10.705495638169552,20.29232076366619
d:869:1.1188347964109333,10.70549587754263,10.705497552802886,20.29215863393458
d:870:1.118177065630988,10.705495546735856,10.705497170134228,20.292815651239096
d:871:1.1185869455796933,10.705495834948374,10.7054975265867,20.292406415955384
d:872:1.1183251999965762,10.705496038463435,10.70549548019005,20.29266631865691
d:873:1.118624987401354,10.70549582923533,10.705497700429502,20.29236854226348
d:874:1.1185138270187984,10.70549579874234,10.705496049948822,20.292478021672363
d:875:1.1184989453921546,10.705495546555415,10.705497143254153,20.292493744417413
d:876:1.1183665543187082,10.705495976043684,10.705495397475882,20.292624819200856
d:877:1.1184008969153325,10.705495947919895,10.705495352324638,20.2925904033292
d:878:1.1184965080134077,10.705495515552572,10.70549736256174,20.292496370100906
d:879:1.1181553382246285,10.705496062827292,10.705495268523272,20.292835993125937
d:880:1.1185167713703912,10.70549603570583,10.705495324419326,20.292474588754764
d:881:1.1184774420538837,10.705495233534458,10.70549695255571,20.292514744036286
d:882:1.1184531938916464,10.70549609226081,10.705497154497497,20.292540052866663
d:883:1.1181116127879847,10.705495765051772,10.705497497181437,20.292881649445224
d:884:1.1182643711635976,10.705495987178223,10.705496940892,20.292728556906624
d:885:1.118349560347692,10.70549559142327,10.705496827735919,20.292642858811497
d:886:1.1181743857611721,10.705496075922596,10.70549524945421,20.292816939615633
d:887:1.1183185532107167,10.705496357655422,10.705494975864505,20.29267278030921
d:888:1.1181211722281752,10.705495789425527,10.705497543720616,20.29287216091797
d:889:1.117996369596888,10.7054961518954,10.705494913734551,20.292994696033062
d:890:1.118335140455784,10.705496189300687,10.705495120645843,20.292656169490748
d:891:1.118175885025316,10.705495400210749,10.705497010862013,20.292816526047446
d:892:1.1180706399090177,10.70549575997056,10.70549659069817,20.29292171075971
d:893:1.118055735915508,10.705495609649352,10.7054976125501,20.292937486283943
d:894:1.1182146253542697,10.70549609226081,10.705497444136084,20.292778911042625
d:895:1.1180816707298042,10.70549548696919,10.705497051292731,20.292910867532118
d:896:1.118295920255271,10.705495938330088,10.705495739935698,20.292695758010517
d:897:1.118051292381164,10.705495926806725,10.705496002346052,20.292940636771615
d:898:1.1179028634771342,10.705496067753556,10.705494917241806,20.293088121518227
d:899:1.1177627020994372,10.705495644387756,10.705497595700002,20.29323053798832
d:900:1.118068557750906,10.705496431804299,10.70549764326102,20.292925517314412
d:901:1.1182065463864923,10.70549543500832,10.705497620443158,20.292786509064985
d:902:1.1179375091697175,10.705496041076538,10.705495168533382,20.2930537004402
d:903:1.1180395015031692,10.705496016879993,10.705497296676668,20.29295381205349
d:904:1.1179881251203518,10.705496093360344,10.705497720016005,20.293005688256
d:905:1.117800764486784,10.70549614649206,10.705495384635741,20.293190766641015
d:906:1.117731382373428,10.705496498617217,10.70549785002012,20.29326296626391
d:907:1.1179011210214327,10.70549548481259,10.705497455814044,20.293091819605202
d:908:1.1178419959052768,10.705495768415835,10.705497700490783,20.29315147300134
d:909:1.1177102938997798,10.705495880834832,10.705496296360797,20.29328188329585
d:910:1.1178405168106877,10.705495959397574,10.705497499579634,20.29315294216652
d:911:1.1180063691967632,10.705495754663824,10.705497532299313,20.292986917766374
d:912:1.1174503041139054,10.705495813756109,10.705497691047439,20.293543200689644
d:913:1.1176559822195067,10.705496052587872,10.70549521792497,20.293335288293335
d:914:1.117744501063978,10.70549575504576,10.705496658875395,20.29324791285718
d:915:1.1177650958126222,10.705495926806725,10.70549623182709,20.29322706282119
d:916:1.117643852390696,10.705495866253884,10.70549503291542,20.29334704677861
d:917:1.1178012792849366,10.70549581030115,10.705497717532372,20.293192248548586
d:918:1.117632050845362,10.705496079880792,10.705497611075359,20.29336164011079
d:919:1.117799214692102,10.705495948470292,10.705497879795548,20.293194613573736
d:920:1.117655609451372,10.7054960598024,10.705495450878427,20.293335901229455
d:921:1.1174817674946382,10.705496171798284,10.705497839680234,20.29351224398388
d:922:1.1176833161580255,10.705495967621216,10.705497605805249,20.29331025726844
d:923:1.1176131546701633,10.705495492388904,10.705497758243242,20.293380095961982
d:924:1.1176656678214272,10.705496041076538,10.705495171320033,20.293325544575143
d:925:1.1175166517375565,10.705496093360344,10.705497484709614,20.2934769263324
d:926:1.1175287280500719,10.705495784178746,10.705497588557357,20.29346464468603
d:927:1.1174876813124364,10.705496078916013,10.705495798232603,20.29350419583618
d:928:1.1175385748992213,10.705495446507062,10.705497092044983,20.293453963652823
d:929:1.1175079535572614,10.705496094784747,10.705495007661762,20.293483148889248
d:930:1.1172712677446235,10.705496049919997,10.705494978076876,20.293719760252248
d:931:1.1174590395658868,10.705495471373496,10.705497100612973,20.293533532420582
d:932:1.11753069606522,10.705495768436268,10.705496993519933,20.29346206589098
d:933:1.1172176909237024,10.705496190876097,10.705497888670996,20.293776388623392
d:934:1.117313758986203,10.705496237199284,10.705497656351065,20.293680134564145
d:935:1.1173581274217383,10.705495949847608,10.70549643211145,20.29363425453732
d:936:1.1173349532444803,10.705495441158813,10.705497229273659,20.29365771718799
d:937:1.1173337212800227,10.70549631767186,10.705495114745478,20.293657711137318
d:938:1.1171264476795635,10.705496355886947,10.70549505016784,20.293864958375224
d:939:1.1173774588589112,10.705495938078554,10.705497822062753,20.2936163012824
d:940:1.117489015803205,10.705496075922596,10.705495749250145,20.29350280936954
d:941:1.1171720062311614,10.705496296193237,10.70549786467079,20.293822154632867
d:942:1.117319774708303,10.70549593155351,10.705498108675098,20.293674265520306
d:943:1.117323845764286,10.705496041076538,10.705495599606461,20.293667794918715
d:944:1.116904804467481,10.705496211553825,10.705497954282759,20.294089361369103
d:945:1.1172037189067119,10.705495349199346,10.705497438749733,20.293789069042365
d:946:1.1173044979574591,10.70549542130058,10.705497690660609,20.29368861400373
d:947:1.1170405311981355,10.705495765051772,10.70549808299874,20.293953316852377
d:948:1.1170916109143612,10.705496023936556,10.705495398850022,20.29389981187222
d:949:1.116878778356245,10.705495846692692,10.705496667229026,20.294113735565475
d:950:1.117103237351813,10.705495940695842,10.70549705154479,20.293889754888816
d:951:1.1171729153347307,10.70549609683777,10.705495351407281,20.29381853291032
d:952:1.1169279683003914,10.705496466111601,10.705497701992375,20.294066199803584
d:953:1.1171523301667712,10.705495554630042,10.705497048077156,20.293840272540425
d:954:1.1167685055401755,10.705496343009568,10.70549501094467,20.294222848414062
d:955:1.1170934086751103,10.705495567463434,10.705497160742931,20.293899319531256
d:956:1.117065057691697,10.705495915593266,10.705497405455311,20.293928263356882
d:957:1.1168942876242376,10.70549611111698,10.705497605545055,20.294099429037797
d:958:1.116903307323728,10.70549552488989,10.705497240732871,20.294089458299034
d:959:1.1168582131636562,10.70549645923426,10.705497768503768,20.294136014574374
d:960:1.1169514050999005,10.70549603570583,10.705495984669524,20.294040615275453
d:961:1.1167908806681552,10.705496140920859,10.70549768632732,20.29420294658002
d:962:1.1165856732679842,10.70549540511477,10.705497084542387,20.29440681638917
d:963:1.117081435323204,10.70549570192181,10.705497440930092,20.293911707528697
d:964:1.1169795977336214,10.7054960746138,10.70549778133155,20.294014258211728
d:965:1.1165898449768967,10.705495546555415,10.705497199662757,20.294402901241273
d:966:1.1168605705724453,10.705496041076538,10.705495468747438,20.29413093925153
d:967:1.1171261811222521,10.705496049432071,10.705495435420195,20.293865303730016
d:968:1.1162717638880721,10.705495530383336,10.705497177709058,20.29472094420432
d:969:1.1169461035462156,10.705495960833362,10.705497705831757,20.294047563118905
d:970:1.1167063971400566,10.705495508668076,10.705497381856212,20.29428649338423
d:971:1.1165802392114976,10.705495500446663,10.70549725073535,20.294412511970517
d:972:1.1169165152755873,10.705495887970095,10.70549761539302,20.29407698808753
d:973:1.1167949447912555,10.705495937803843,10.705497517493535,20.294198510506124
d:974:1.1166593682826367,10.70549561410995,10.705497154975053,20.294333400802365
d:975:1.1165449544170656,10.705496367330667,10.705494780859446,20.294446193773048
d:976:1.1166771089846215,10.705496281690667,10.705495006586109,20.294314179292154
d:977:1.1165875739757603,10.705496064787068,10.705497809717972,20.29440630052928
d:978:1.1165393176829355,10.705496309115295,10.705495648238532,20.294452639670894
d:979:1.1165829124307791,10.705495785154469,10.705497752242534,20.294410624966225
d:980:1.1165849758400697,10.705495541716441,10.705497626626403,20.294408192502775
d:981:1.1162235384955466,10.705495879550359,10.705497472634201,20.294769813689015
d:982:1.1165284025084006,10.705496331346648,10.705494969410895,20.294462898249144
d:983:1.1166068108738614,10.705496047407847,10.705497794623946,20.29438703115793
d:984:1.1162353685919442,10.705496431804299,10.7054976246034,20.294758687815754
d:985:1.1163961452579017,10.705496460632192,10.70549756908876,20.29459788446305
d:986:1.1165784363479894,10.70549577848253,10.7054974897495,20.294414831884044
d:987:1.1164443380127835,10.70549631216356,10.705494809205794,20.29454678335657
d:988:1.1162908070956625,10.705495944463195,10.705496012969013,20.294701150336547
d:989:1.1164238378553328,10.70549579874234,10.705497309607797,20.294569270494804
d:990:1.1161826129641312,10.70549603570583,10.705496140028785,20.29480956277048
d:991:1.116402842878788,10.705496289873565,10.70549486004968,20.294588307044457
d:992:1.1165742193319232,10.705496093360344,10.70549771550176,20.29441958953018
d:993:1.1163154017100894,10.705495768415835,10.70549738616597,20.294677752871713
d:994:1.1162505525080455,10.705495711887531,10.705497063957827,20.294742223337312
d:995:1.1164708398840375,10.705496314922215,10.70549751082168,20.294522985859857
d:996:1.1161027623444006,10.705496075922596,10.705495913196621,20.294889226774817
d:997:1.116277746168258,10.70549642952684,10.705497586885055,20.29471627024364
d:998:1.1161207897058674,10.705495500446663,10.705496809411148,20.294871520151943
d:999:1.11619053291394,10.705495466908966,10.70549681110277,20.294801745097796
d:1000:1.1160274977124338,10.705496431804299,10.70549753108828,20.294966465180146
