data: dataset/wiki/wikitext-103/
d:1:2.1866751016364496,7.421805241795306,7.421805241795306,12.656935381954163
d:2:1.3735698330827741,7.4218052743290315,7.421805272344978,13.470040713591235
d:3:1.045950127059161,7.4218053136077256,7.421805204827917,13.797660391376482
d:4:0.890952412695313,7.421805332637504,7.421805160420767,13.952658080362959
d:5:0.8210691158921044,7.4218053333695675,7.4218051741381235,14.022541391615587
d:6:0.7940012562767329,7.4218053333695675,7.421805172154064,14.049609249246899
d:7:0.7714721146392609,7.421805346214844,7.421805328795767,14.07213856037135
d:8:0.7547453446583212,7.4218053038928655,7.421805360597411,14.088865319831955
d:9:0.7417668796055423,7.4218053038928655,7.421805253205116,14.10184367749244
d:10:0.7300535025275359,7.4218052751042904,7.421805272422446,14.113557044999201
d:11:0.720781942813602,7.4218053038928655,7.4218051131589124,14.122828474238176
d:12:0.7150054509332264,7.4218053038928655,7.42180508274234,14.12860493570198
d:13:0.7087893129553375,7.421805346214844,7.421805093117257,14.134821126376764
d:14:0.7055071569867142,7.421805260257786,7.421805236254988,14.13810333952606
d:15:0.7026280860598568,7.4218052346659285,7.421805191832277,14.140982340438349
d:16:0.7001210431421079,7.421805320288385,7.421805184020386,14.143489461166663
d:17:0.6975199660441991,7.421805320288385,7.42180520435163,14.146090558595816
d:18:0.6957680500060484,7.421805253771639,7.421805183265958,14.147842387031549
d:19:0.6937848037145624,7.421805283840232,7.4218050569529375,14.149825537078607
d:20:0.6921828984255267,7.421805290745327,7.42180509927492,14.15142749159472
d:21:0.6906461702956452,7.421805283716855,7.421805120789161,14.152964234210371
d:22:0.6893135403521296,7.421805307286036,7.421805130591158,14.154296897525064
d:23:0.6877094985769894,7.421805331472113,7.421805072441403,14.155900905336527
d:24:0.6868687644855527,7.421805290745327,7.421805099298046,14.156741625557821
d:25:0.6856127666572505,7.421805290745327,7.421805174207336,14.157997698295413
d:26:0.6846611505555416,7.421805331472113,7.421804994567639,14.15894917548421
d:27:0.6835023250116983,7.421805253771639,7.421805101030797,14.160108029790738
d:28:0.6828808371189812,7.4218054146639165,7.421805069351407,14.160729646896343
d:29:0.6817563542092966,7.421805298986818,7.421805186769026,14.161854131546548
d:30:0.681220700138363,7.421805290745327,7.421805160812404,14.162389751419369
d:31:0.6800979452224887,7.421805342435567,7.421805166796524,14.163512564009602
d:32:0.6795000654073196,7.421805355545228,7.421805162290378,14.164110452428286
d:33:0.678486641215116,7.421805431268126,7.42180516896007,14.16512395901308
d:34:0.6779780099583057,7.421805354529637,7.421805117312337,14.165632461883668
d:35:0.6772788863170423,7.421805342435567,7.4218050859552385,14.166331542073763
d:36:0.6767588768924675,7.4218054146639165,7.421805037661061,14.16685157543251
d:37:0.6760151437753006,7.421805301510734,7.421804972130085,14.167595129865518
d:38:0.6753743071206806,7.421805438142476,7.421804979411528,14.168236110433323
d:39:0.6748462050224315,7.421805304736351,7.421804955890831,14.16876405560475
d:40:0.6741060788028772,7.421805315498316,7.421805057786795,14.169504294482234
d:41:0.6736185962250776,7.42180542013193,7.42180513225334,14.169991956160192
d:42:0.6733118458951957,7.4218054146639165,7.421805094952903,14.170298663721624
d:43:0.6726901791128839,7.421805255923898,7.421805044936297,14.170920121747312
d:44:0.6721896417631488,7.421805467200972,7.42180508372615,14.171420909163974
d:45:0.6717370998864567,7.421805312707324,7.421805001850359,14.171873214671226
d:46:0.6713729520696052,7.421805380733563,7.421805091384632,14.17223752004859
d:47:0.6708598058456445,7.421805463154129,7.421805098858703,14.172750756167188
d:48:0.6704425458723939,7.421805355545228,7.421805056754472,14.173167866427306
d:49:0.6700751819310113,7.421805354529637,7.421805121021938,14.173535293620564
d:50:0.6697126661319661,7.421805231379764,7.421805031833189,14.173897597080988
d:51:0.6692264628212534,7.42180530149027,7.4218052080487205,14.174384046717737
d:52:0.6690143008281524,7.421805382714215,7.421804896072178,14.17459597795824
d:53:0.6686141273223694,7.421805246221167,7.4218049999733235,14.174996118872121
d:54:0.6683189991586502,7.421805162438124,7.4218050070971255,14.1752911703766
d:55:0.6680033955571378,7.421805467200972,7.421804970649761,14.175607042293596
d:56:0.6676756351554722,7.421805315498316,7.42180494191245,14.175934622255294
d:57:0.6672703127052255,7.421805357720496,7.421805159075662,14.176340204090932
d:58:0.6669183034417667,7.421805352708567,7.421804976696345,14.176692025963145
d:59:0.6666332516898112,7.42180530149027,7.4218049900291465,14.176977039829605
d:60:0.6663395012374398,7.42180530149027,7.421804995953259,14.17727079620609
d:61:0.6660112116636672,7.421805502694728,7.421805187602855,14.177599478633915
d:62:0.6657389536075176,7.421805380733563,7.421805088593294,14.177871515719339
d:63:0.6656403999081313,7.421805357720496,7.421805130969114,14.177970088781478
d:64:0.6651768946209433,7.421805375638398,7.421805114172413,14.178433595189867
d:65:0.6648189715822745,7.421805206566649,7.421805106156272,14.178791341140647
d:66:0.6647068007429642,7.4218053161365525,7.421805098989246,14.178903614382834
d:67:0.6644439437479566,7.421805352708567,7.421805101873625,14.179166510834236
d:68:0.6641127119231527,7.42180530149027,7.421805153111645,14.179497742678763
d:69:0.663988498421249,7.421805380733563,7.421805150023632,14.179622032335946
d:70:0.6638499618573714,7.421805315498316,7.421805202806874,14.17976055644782
d:71:0.6635112606476508,7.421805333226189,7.42180522813681,14.180099300715348
d:72:0.6633962342837059,7.421805162438124,7.421805148553707,14.180214076708126
d:73:0.6629269842535574,7.421805157595761,7.421805162551387,14.18068333589359
d:74:0.662873037623319,7.421805241554001,7.421805137623368,14.18073734155405
d:75:0.6625419326741486,7.421805357720496,7.4218051031270225,14.18106852817337
d:76:0.6624198270228181,7.421805205300942,7.421805130934704,14.181190509212827
d:77:0.6623056965145366,7.421805357720496,7.421805160002778,14.181304821208737
d:78:0.6620699499423939,7.4218053161365525,7.421805023339356,14.181540389533515
d:79:0.6618614204918387,7.42180529007687,7.42180521466018,14.181749084245212
d:80:0.6616196905175613,7.421805348086439,7.421805128839674,14.181990786408551
d:81:0.6614006221106425,7.421805357720496,7.421805102805795,14.182209838415648
d:82:0.6614167356539316,7.421805152457615,7.421805166152021,14.182193582955705
d:83:0.6612968640040222,7.421805365711283,7.421805114348519,14.18231361605578
d:84:0.66071007809966,7.421805333226189,7.421805279842522,14.18290053496905
d:85:0.6608092047818097,7.42180530149027,7.421805175355384,14.182801272063845
d:86:0.6605079607728293,7.421805489034211,7.421805153812574,14.183102682073956
d:87:0.6603786221214261,7.421805348086439,7.421805201579442,14.183231927544455
d:88:0.6602373992818258,7.421805310022085,7.421805138338096,14.183373049078355
d:89:0.6600337160665131,7.4218053387190785,7.4218052522280065,14.183576874880572
d:90:0.6598859452210721,7.421805348086439,7.421805232923223,14.18372463578859
d:91:0.6596768878601171,7.421805241554001,7.4218052580593135,14.183933611753197
d:92:0.6595522346809481,7.421805325318992,7.42180527892627,14.184058369564314
d:93:0.659540840716442,7.421805335626509,7.421805251659428,14.184069746569495
d:94:0.6592189003352047,7.4218053990343655,7.421805367521438,14.184391866220599
d:95:0.6591367974446847,7.421805357720496,7.421805222920378,14.18447378319619
d:96:0.6590714035857079,7.421805348086439,7.421805314182906,14.184539258683637
d:97:0.6585933388529916,7.421805429064168,7.421805391900975,14.185017482112151
d:98:0.6586635851220173,7.421805371363661,7.421805352452576,14.18494713869422
d:99:0.6584641949296,7.421805357720496,7.421805279069117,14.185146441860013
d:100:0.658399906804636,7.421805377350104,7.421805309370466,14.185210779915934
d:101:0.658276931996177,7.421805304416289,7.421805257549407,14.185333629969518
d:102:0.6581041418014628,7.421805577443173,7.421805286256392,14.185506721898102
d:103:0.6580645607926652,7.421805377350104,7.421805279393128,14.185546095950567
d:104:0.6578836487908255,7.421805348086439,7.421805439465212,14.185727138760825
d:105:0.6578264517372769,7.421805357720496,7.421805421962867,14.185784327946086
d:106:0.6576163237394237,7.4218056300293895,7.421805279935754,14.18599458622572
d:107:0.6576440663060534,7.421805447169863,7.421805325149707,14.185966706013517
d:108:0.6573224334321583,7.421805592439963,7.4218051665642815,14.186288325572086
d:109:0.6574447556282692,7.421805371761243,7.421805335741537,14.18616595187451
d:110:0.6571104670615018,7.421805337755901,7.42180549186175,14.18650036255615
d:111:0.6569303121182557,7.421805333621592,7.421805255058773,14.18668027656211
d:112:0.6568020421154994,7.4218056300293895,7.421805353357081,14.186808941270971
d:113:0.656842270276627,7.421805530760599,7.421805187262089,14.186768447746061
d:114:0.6565588754944205,7.421805402371845,7.421805403902919,14.187051930780344
d:115:0.6565163705439918,7.421805333621592,7.42180534068137,14.18709430375897
d:116:0.6566058668682828,7.421805348086439,7.421805290243739,14.187004771461895
d:117:0.6562067549941464,7.421805348086439,7.4218052060232935,14.187403799115586
d:118:0.6562670007561344,7.421805707772565,7.421805198489972,14.187343905506403
d:119:0.6561851626891055,7.421805592382,7.421805260425593,14.187425690118488
d:120:0.6561343360165228,7.421805348086439,7.421805173389902,14.187476185459818
d:121:0.6557708135377531,7.421805307977197,7.421805161029038,14.187839655468482
d:122:0.6558333204591609,7.421805689031693,7.421805346599331,14.187777715171864
d:123:0.655780744940925,7.42180529007687,7.421805159613182,14.187829704749127
d:124:0.6555412845446646,7.421805627910354,7.421805242669938,14.188069586035628
d:125:0.6556148660159007,7.421805722036522,7.421805231143082,14.187996087163704
d:126:0.6554571174499007,7.421805447169863,7.421805241797193,14.188153571517155
d:127:0.655219252551003,7.4218056020768834,7.421805162976241,14.188391512502122
d:128:0.6551449040511699,7.421805745683935,7.42180524690856,14.188466088541325
d:129:0.6550495880688008,7.421805335626509,7.421805136323597,14.188560883881305
d:130:0.6548433034379553,7.421805348086439,7.421805157536372,14.188767202184856
d:131:0.6546618550936358,7.421805620891979,7.42180519293051,14.188948958728853
d:132:0.6549813971783323,7.421805352173941,7.421805178649725,14.188629133645334
d:133:0.6547446113481694,7.421805690807565,7.421805187641315,14.18886626710071
d:134:0.6545738140801927,7.421805655660606,7.421805212292195,14.189037053872608
d:135:0.6545009429934154,7.4218056787783535,7.421805256583038,14.189109992367976
d:136:0.654493364533943,7.421805325318992,7.421805251684537,14.189117212469586
d:137:0.6544108542560192,7.4218053729003355,7.421805254410099,14.189199773054415
d:138:0.6543052885968308,7.421805692104101,7.421805341059471,14.189305744566742
d:139:0.6540674125028403,7.421805707177926,7.421805223224,14.189543517899086
d:140:0.6539045713365557,7.4218056908402765,7.421805263765608,14.189706383269328
d:141:0.6539448014393674,7.4218056787783535,7.421805259414299,14.189666136753285
d:142:0.6539720713010517,7.421805687943886,7.421805307284275,14.18963892392711
d:143:0.6537210631638217,7.42180566602193,7.421805332517318,14.189889935375426
d:144:0.6536315068311396,7.421805348086439,7.421805294668237,14.189979135923537
d:145:0.6536697450247146,7.421805348086439,7.421805330760831,14.189940933822555
d:146:0.6535334408183378,7.421805371363661,7.42180534522813,14.190077275773453
d:147:0.6535410682236673,7.421805690290173,7.4218053797977905,14.190070001864296
d:148:0.6534072836748006,7.421805745683935,7.421805242827684,14.190203704836819
d:149:0.6532727086489789,7.421805697115024,7.421805270704944,14.19033825917099
d:150:0.6533904964427286,7.421805647698502,7.421805372039358,14.190220523295132
d:151:0.6532298084201731,7.4218056020768834,7.4218055034416555,14.190381297098366
d:152:0.6530688409005876,7.421805690807565,7.421805267256548,14.190542117163526
d:153:0.653095229936353,7.421805670462499,7.421805491283671,14.190515931809816
d:154:0.6529979977154241,7.4218056300293895,7.421805324089931,14.190612956403896
d:155:0.6528132225721173,7.421805627910354,7.421805314785628,14.190797720123864
d:156:0.6527892771707666,7.421805348086439,7.421805172767323,14.190821243682995
d:157:0.6527345210954945,7.421805707772565,7.421805493052151,14.190876679729222
d:158:0.6526113494105239,7.421805627488144,7.421805357491753,14.190999635569373
d:159:0.6526496727075735,7.421805632087322,7.421805343438514,14.190961302818263
d:160:0.6525076014633058,7.421805718468509,7.421805331873813,14.191103448879016
d:161:0.6524570037631392,7.421805709195068,7.421805529931641,14.19115423536357
d:162:0.6524733195966199,7.421805592439963,7.42180526124246,14.191137534085803
d:163:0.6523146895409706,7.4218056681332545,7.421805332535385,14.191296311127669
d:164:0.6521550709294957,7.421805745683935,7.421805184361139,14.191455859115578
d:165:0.6521568838154934,7.421805712618461,7.42180543307326,14.191454261876228
d:166:0.6519991130575242,7.421805704455942,7.421805440975618,14.191612032374035
d:167:0.6520366820165115,7.421805723755645,7.421805389268579,14.191574431007712
d:168:0.6518839780393488,7.421805670462499,7.42180546686901,14.19172715929216
d:169:0.6518333675070984,7.421805644174611,7.421805631203945,14.191777907871458
d:170:0.6516531324956922,7.421805726096613,7.421805412650633,14.191958006251554
d:171:0.6517539250425592,7.421805665562694,7.421805447945026,14.19185718846516
d:172:0.6515541693713107,7.421805627488144,7.4218053302807245,14.192056788397558
d:173:0.651668241953649,7.421805660702237,7.421805288424183,14.191942707172771
d:174:0.6515781959794769,7.4218057693197945,7.421805431835105,14.192033005175423
d:175:0.6513151275066704,7.421805644174611,7.4218054645362095,14.19229598120415
d:176:0.6513186288809099,7.4218056300293895,7.421805400680382,14.192292401828862
d:177:0.6513377921209855,7.421805658280942,7.421805441727095,14.192273307887051
d:178:0.651229745572941,7.421805745683935,7.42180551929,14.192381519400994
d:179:0.6511056683105174,7.421805597717242,7.42180548475266,14.192505414159385
d:180:0.651005245206008,7.421805751855995,7.421805432372107,14.192605939022094
d:181:0.6510078946331692,7.421805630521611,7.421805486360469,14.192603222248911
d:182:0.6509521866098016,7.421805644174611,7.4218053488192215,14.192658806384031
d:183:0.6509310769825127,7.421805689031693,7.421805545082346,14.192680157131527
d:184:0.6508973433539396,7.421805841932327,7.421805419411504,14.192713917989892
d:185:0.6508308665987261,7.421805797210926,7.421805382581914,14.192780313194113
d:186:0.6507682728329751,7.421805690290173,7.421805400092653,14.19284281754985
d:187:0.6507518755734001,7.421805655660606,7.421805469657089,14.192859249744295
d:188:0.6504503970415101,7.421805799285352,7.421805339898402,14.193160742142243
d:189:0.6507491970642647,7.421805670462499,7.421805334277691,14.192861807675925
d:190:0.6504783487516708,7.421805661702429,7.421805225049271,14.193132538000029
d:191:0.6504788208811298,7.42180579848346,7.421805230682201,14.193132208284531
d:192:0.6503833184283057,7.421805745683935,7.421805175787696,14.193227603043326
d:193:0.6504167423518954,7.421805707772565,7.421805054855257,14.193194020275927
d:194:0.6502450007914113,7.421805799285352,7.42180523993285,14.19336603842679
d:195:0.6501236170507276,7.421805758660229,7.42180517771545,14.193487319324952
d:196:0.6502071131054894,7.4218057024644235,7.421805190243862,14.193403779602797
d:197:0.6500717333293373,7.4218056640115275,7.421805154436084,14.193539085118275
d:198:0.6501434953880771,7.421805692104101,7.4218051251898185,14.193467321905842
d:199:0.6500111233040577,7.4218057103850406,7.421805022737551,14.193599609818534
d:200:0.6498995771435219,7.421805722036522,7.421805130611482,14.193711275504482
d:201:0.6499038828531312,7.421805811707941,7.421805106891259,14.193707035746069
d:202:0.6496521890283944,7.421805649113674,7.421804936057887,14.193958396143167
d:203:0.6497292002007473,7.421805699704258,7.421805046422305,14.193881545925816
d:204:0.6495092503145088,7.421805670462499,7.421805004653734,14.194101424801724
d:205:0.6497091761007816,7.421805675581066,7.4218049736649085,14.193901473145193
d:206:0.6497183203149302,7.4218058033948395,7.421804951101308,14.193892434181217
d:207:0.6494594843629926,7.421805692104101,7.421804926637979,14.194151134379087
d:208:0.6494088613792961,7.4218057709596135,7.421804965391205,14.194201874971522
d:209:0.6494198880194642,7.421805720663004,7.421804969853978,14.194190802497518
d:210:0.6493496688236267,7.4218056908402765,7.421804944710248,14.194260966726898
d:211:0.6493412167909902,7.421805836462152,7.421805204009253,14.194269823680415
d:212:0.6491022060612881,7.421805822974635,7.421805256962557,14.194508873875904
d:213:0.6491932711013568,7.421805819275427,7.4218049269306725,14.194417475104743
d:214:0.6491032218929043,7.42180585548903,7.421805084322349,14.194507717918475
d:215:0.6489420207684002,7.421805780453859,7.421804907970509,14.194668667655968
d:216:0.6491250135833511,7.421805670462499,7.421804818941952,14.1944854758211
d:217:0.6489582750810481,7.421805690290173,7.421805024276882,14.194652439486006
d:218:0.6490062478287797,7.421805673128755,7.4218050399631,14.194604465263076
d:219:0.6490002533678272,7.421805712188169,7.42180486682374,14.194610325644081
d:220:0.6487771647469422,7.421805712618461,7.421805162071461,14.19483370994298
d:221:0.6486885141957988,7.421805758660229,7.42180494896564,14.19492219343007
d:222:0.648751263548931,7.421805745683935,7.421804956471233,14.194859438606237
d:223:0.6486482088395888,7.421805782044986,7.4218050427626086,14.194962615968006
d:224:0.648643372404667,7.421805821618454,7.421805321836731,14.194967771050518
d:225:0.6485567720828982,7.421805751855995,7.421805045480664,14.19505402525376
d:226:0.648616871971063,7.421805712188169,7.421804847757532,14.194993687974637
d:227:0.6485812617113229,7.421805734736651,7.421805003672585,14.195029476697913
d:228:0.6482698258365094,7.4218057812414475,7.421805096141242,14.19534105154618
d:229:0.6484000830530707,7.421805844365828,7.421805292502658,14.195211053815415
d:230:0.6484659126765902,7.421805623776095,7.421805016903299,14.195144728002804
d:231:0.6480267176480314,7.4218058033948395,7.421805065581722,14.19558415132853
d:232:0.6483423697952162,7.42180585548903,7.4218050406065785,14.195268526300392
d:233:0.6481953683247745,7.421805839966478,7.421805028859902,14.195415500501605
d:234:0.6481908097238698,7.421805821811292,7.421805054375195,14.195420066462617
d:235:0.6481973156632801,7.4218056787783535,7.421805027590761,14.195413390705834
d:236:0.6479936695207105,7.421805722157819,7.421805036050104,14.195617088687213
d:237:0.6480831850381961,7.421805811707941,7.421805060329671,14.195527686999416
d:238:0.6479531018365172,7.421805670462499,7.4218051523408075,14.19565772096679
d:239:0.6479145618305449,7.421805757932104,7.421805014351236,14.195696210452795
d:240:0.6478318356298249,7.4218057812414475,7.421805153002115,14.195779098613738
d:241:0.6478557416910835,7.421805675409743,7.421805438223714,14.195755371942374
d:242:0.647576342034963,7.421805692961087,7.421805097626656,14.19603444855278
d:243:0.6478745561409713,7.421805803447537,7.4218054218663685,14.195736669172934
d:244:0.6475165077210399,7.421805579514967,7.421805501910656,14.196094573704583
d:245:0.6476010767933094,7.4218057024644235,7.421805156989555,14.196009782660669
d:246:0.6476087918635169,7.421805745683935,7.421805171916567,14.196002125736985
d:247:0.6475889562486259,7.421805891767516,7.421805112319937,14.196022047838827
d:248:0.6474086232905094,7.421805809163823,7.421805459245009,14.196202645118323
d:249:0.647468409579119,7.421805828461723,7.421805239367194,14.196142658249798
d:250:0.6473167962700987,7.421805568611449,7.421805611750679,14.19629438409203
d:251:0.647511648197181,7.421805824641446,7.421805150346245,14.19609932679051
d:252:0.6471787319726481,7.421805670462499,7.421805259060424,14.196432197550275
d:253:0.6472132102492711,7.421805728400365,7.421805514142063,14.196398032293157
d:254:0.6473338923532541,7.421805753656139,7.4218051995155,14.196277060818385
d:255:0.6471183579075124,7.421805758660229,7.421805161990063,14.19649256274278
d:256:0.6470817322465443,7.421805539800921,7.421805628613431,14.196529436167808
d:257:0.6470469372334318,7.421805633753483,7.421805581520944,14.196564278040995
d:258:0.6469897490508583,7.421805632087322,7.421805165412469,14.196621048448932
d:259:0.6468384512926466,7.421805737518081,7.421805096269482,14.196772382494917
d:260:0.6470336322700767,7.42180579943517,7.4218052358217985,14.196577402986891
d:261:0.6468528899120027,7.421805829098128,7.421805231205294,14.19675817039142
d:262:0.6467887722870831,7.4218057693197945,7.421805256895375,14.196822253928087
d:263:0.6470741534041693,7.421805807074547,7.421805478540433,14.19653713221081
d:264:0.6466421910439539,7.421805712618461,7.421805248139172,14.19696876971368
d:265:0.6467905335109272,7.42180559325196,7.421805682600283,14.196820742341316
d:266:0.6467716699160562,7.421805607460332,7.421805680684258,14.196839618228534
d:267:0.6465876090859144,7.421805732588309,7.421805763119643,14.197023886622038
d:268:0.6467620496714481,7.421805629737934,7.421805683403347,14.196849263469833
d:269:0.6466470885202931,7.4218057647387905,7.421805407461575,14.196964083680072
d:270:0.6464877709076404,7.421805636970598,7.4218056870482645,14.197123553111222
d:271:0.6465338600431352,7.421805604304252,7.421805665598621,14.197077409859737
d:272:0.6463188847802961,7.421805670462499,7.421805330739186,14.197292116421389
d:273:0.6464289855663008,7.421805675409743,7.421805614524283,14.197182304367725
d:274:0.6464047597955069,7.42180579943517,7.4218053916835505,14.197206431323213
d:275:0.6462813017153,7.421805858572901,7.4218053692319295,14.19732992608953
d:276:0.6462009509413207,7.421805841932327,7.421805363072233,14.19741025406324
d:277:0.6462279420093111,7.421805528091735,7.421805681955247,14.19738326803767
d:278:0.6463181265371389,7.421805879911048,7.421805285963702,14.19729303933761
d:279:0.646234471994358,7.421805809163823,7.421805333479204,14.19737667064867
d:280:0.6461307286575284,7.4218057024644235,7.421805346794015,14.19748032060091
d:281:0.6461615031331505,7.4218058004233765,7.421805420906923,14.197449718197149
d:282:0.6458449740680052,7.421805807393037,7.421805679262192,14.197766512587224
d:283:0.646000379178739,7.421805745509342,7.421805439425585,14.197610805756188
d:284:0.6458206086898599,7.42180579943517,7.42180530148779,14.1977904922331
d:285:0.645963628426383,7.4218057812414475,7.4218052814975035,14.197647434312568
d:286:0.645866590402445,7.4218057709596135,7.4218052310688165,14.197744411625985
d:287:0.6456994898641693,7.421805693954914,7.421805290623276,14.19791149471402
d:288:0.645830121820806,7.421805809163823,7.421805236349655,14.197780923692672
d:289:0.6458817510194255,7.421805631507636,7.4218055483898695,14.19772942887808
d:290:0.6456327356122546,7.421805875398439,7.421805173030053,14.197978312816238
d:291:0.6457161096533603,7.421805758948405,7.4218055009896435,14.197895150284689
d:292:0.6455571465875778,7.421805702421848,7.421805234951483,14.198053790785753
d:293:0.6455133927860679,7.421805690557855,7.421805256156768,14.198097553928555
d:294:0.6454966399629196,7.421805458399595,7.421805550301741,14.198114368738416
d:295:0.6454763601268176,7.42180579582252,7.4218051729950485,14.19813460869075
d:296:0.6455688431342388,7.421805504297032,7.421805649031697,14.19804231019449
d:297:0.6452628252023267,7.4218058731271945,7.421805236373746,14.198348284298614
d:298:0.6454451275139057,7.42180565675717,7.4218055428984595,14.198166072141724
d:299:0.6453785758003789,7.421805757932104,7.42180513340608,14.198232315537805
d:300:0.6452327359453989,7.421805751855995,7.4218051151088815,14.198378131019478
d:301:0.6453928340536219,7.421805458399595,7.4218056482674015,14.198218272613374
d:302:0.6451527624916995,7.421805841932327,7.421805295280546,14.198458374721174
d:303:0.6452525814623389,7.421805709535246,7.4218051044601605,14.198358232533067
d:304:0.64510110423703,7.4218057812414475,7.421805076794698,14.198509753799115
d:305:0.6451648929432032,7.421804774582091,7.421805564326542,14.19844544596543
d:306:0.6450671119142477,7.421804774582091,7.421805549563121,14.198543212230964
d:307:0.6450820289935972,7.421805856516011,7.421805227014929,14.198529054537342
d:308:0.644959063366473,7.421805618142953,7.4218055401907375,14.198652094967217
d:309:0.6449627439977235,7.4218058033948395,7.4218051636663915,14.198648223063508
d:310:0.6451036707638131,7.42180559325196,7.4218055658917805,14.198507488379928
d:311:0.6447840961463775,7.421805841932327,7.421805125380542,14.198826871166492
d:312:0.6450608307626826,7.421805675409743,7.421805201072695,14.198550045719756
d:313:0.6448930399368731,7.421805710294649,7.421805507964567,14.198718178322343
d:314:0.6447829004973684,7.421805807393037,7.42180558296314,14.198828489858808
d:315:0.6447213327117254,7.421805766925598,7.421805276359947,14.19888971057382
d:316:0.6447411986922233,7.421805826672019,7.42180552071923,14.198870148699026
d:317:0.6447171506884501,7.421805604304252,7.421805314379805,14.198893767995607
d:318:0.6445940516108788,7.421804677169497,7.421805591198023,14.199016216756641
d:319:0.6446775102136559,7.421805450448533,7.4218055970730035,14.19893353730788
d:320:0.6445585035164854,7.421804452007391,7.421805703629017,14.199051652119923
d:321:0.6444466694811624,7.421805673021895,7.421805363137025,14.199164366677758
d:322:0.6446059220254678,7.42180577832827,7.421805429038352,14.199005285341155
d:323:0.6444450263215913,7.42180569411968,7.421805136978051,14.19916580477614
d:324:0.6443145445442333,7.421805636970598,7.42180542868992,14.199296521116285
d:325:0.6444722039102153,7.421804741891192,7.421805503492086,14.199138041473063
d:326:0.6444174819694091,7.421805796108327,7.421805239968808,14.199193554107726
d:327:0.6442477408489165,7.421805617631787,7.421805250052364,14.199363126835234
d:328:0.6443863379371102,7.421805196790784,7.421805624161818,14.199224483015492
d:329:0.6445482207829958,7.42180462019228,7.4218056117121325,14.199062011121416
d:330:0.6440887616004396,7.421804774582091,7.421805662909408,14.19952167589106
d:331:0.6440713569227459,7.421805578892325,7.421805579302751,14.19953980127233
d:332:0.6442739625920719,7.421804585812232,7.421805717830866,14.199336341051026
d:333:0.6440712103695887,7.421805737518081,7.421805297694272,14.199539824842764
d:334:0.6441129317472676,7.421804788404414,7.421805728595258,14.199497585252404
d:335:0.6439861616255929,7.421805811707941,7.421805298716027,14.199624948798375
d:336:0.643974998869064,7.421804452007391,7.421805736402222,14.19963518954055
d:337:0.644148314701642,7.42180579582252,7.42180553661421,14.199463017735088
d:338:0.6440170415030959,7.4218046457455085,7.4218057751818645,14.199593379424277
d:339:0.6439448560831096,7.4218044344717455,7.421805841159287,14.199665419547923
d:340:0.6439619909854404,7.421805826579222,7.42180545288884,14.199649288482622
d:341:0.6438619979581741,7.42180455206203,7.421805861314102,14.199748415417957
d:342:0.6437395469384022,7.4218046457455085,7.421805825243396,14.199870924050503
d:343:0.6439857974973897,7.421804461342713,7.421805860374267,14.19962452421959
d:344:0.6434911483851629,7.4218058361276125,7.421805399345999,14.200120087088449
d:345:0.6437507359967682,7.421805568611449,7.421805484544805,14.199860317159485
d:346:0.6435156525441172,7.4218047093573,7.421805742231218,14.2000947990444
d:347:0.6437129747604899,7.421805821811292,7.42180539179291,14.199898238843712
d:348:0.6436029035747755,7.421805631507636,7.421805366260681,14.200008094193542
d:349:0.6435261239118031,7.421805094305789,7.421805735703895,14.200084706097881
d:350:0.6434880589052767,7.421804452007391,7.421805714606533,14.200122107708648
d:351:0.6435242251188811,7.4218046457455085,7.421805691397205,14.200086112023833
d:352:0.6435968403239176,7.42180565675717,7.421805655751349,14.200014472184602
d:353:0.6433654787288923,7.421805790525877,7.421805326467904,14.200245638264889
d:354:0.6435603843576789,7.421805790811758,7.421805340205196,14.200050746659276
d:355:0.6433998784457504,7.42180579943517,7.421805357557458,14.200211278546877
d:356:0.6433203539199646,7.421804734337897,7.421805789781459,14.200290170199391
d:357:0.6434077257966067,7.421804504541816,7.421805703113021,14.20020248185823
d:358:0.643280831316762,7.421805504297032,7.4218056216912185,14.200330294671488
d:359:0.6433506936486886,7.421804606925347,7.421805739592616,14.200259652869274
d:360:0.6432795732378391,7.421805636970598,7.421805398151264,14.200331461884023
d:361:0.6432444193699567,7.42180541919751,7.4218057436114595,14.200366743439012
d:362:0.6432591655621387,7.42180584457817,7.421805450839589,14.20035212985562
d:363:0.6430938686568819,7.421805883541031,7.421805356209941,14.20051737109409
d:364:0.6432354240756073,7.421805675409743,7.4218053295640605,14.200375580898196
d:365:0.643009897587655,7.4218045141694,7.421805791525902,14.200600408107647
d:366:0.643002670502268,7.421804774582091,7.421805768310442,14.200607872390265
d:367:0.6429515084498902,7.421804606925347,7.421805802590628,14.200658901066085
d:368:0.6429729355965961,7.42180420328353,7.4218059269094585,14.200637194596393
d:369:0.6429108814624538,7.421805617631787,7.4218053757388205,14.200700111908153
d:370:0.6429453236657601,7.421804261961732,7.421805862156155,14.200664800452127
d:371:0.6430295360337208,7.421805450886467,7.421805685174345,14.20058160002709
d:372:0.6428852733174022,7.421805809163823,7.421805475157051,14.200726011003471
d:373:0.6427985065186608,7.421804235559241,7.421805833111613,14.200811562152193
d:374:0.6426324225391209,7.421804774582091,7.421805724037542,14.200978076080512
d:375:0.6427002505259853,7.421805568611449,7.42180541063815,14.200910728723613
d:376:0.6428372486934144,7.42180420328353,7.421805852940066,14.200772807530182
d:377:0.6427277147697303,7.421805735153692,7.42180537708321,14.200883397467171
d:378:0.642700164543875,7.421804459068911,7.4218056907288865,14.200909985253922
d:379:0.6426532013169002,7.421805862074702,7.421805343583227,14.200958004341029
d:380:0.6425897857877327,7.4218057812414475,7.421805317681592,14.201021313135307
d:381:0.6425972098100523,7.42180420763502,7.421805758875745,14.201012756700713
d:382:0.6424338855962688,7.4218056695356704,7.421805375731823,14.201177159671225
d:383:0.642469955126856,7.421804473750685,7.421805700842558,14.201140219466387
d:384:0.6425835181811355,7.421804452007391,7.421805740312649,14.201026674138905
d:385:0.6424367119607197,7.421805618142953,7.421805311510612,14.201174217692845
d:386:0.642408218055893,7.421804875014534,7.421805703885655,14.201202360844295
d:387:0.6423653975059462,7.421805458399595,7.421805354166992,14.20124541506064
d:388:0.6423341917438492,7.421804294332977,7.421805807258822,14.20127590984795
d:389:0.6422774383379419,7.421804296192915,7.421805822184519,14.201332680039492
d:390:0.6425458748527237,7.42180554452017,7.421805299030563,14.20106496869801
d:391:0.642308247229824,7.4218055075554545,7.421805276997311,14.201302537322942
d:392:0.6421310630071879,7.421804207611563,7.421805623539784,14.20147876814416
d:393:0.642297009923178,7.42180427504994,7.421805667892297,14.201312933019059
d:394:0.6422268563954603,7.421805675409743,7.421805222662808,14.201384041677091
d:395:0.6422113886598737,7.421804128623748,7.4218056946054425,14.201398434569317
d:396:0.6421282450443506,7.4218058731271945,7.421805157156314,14.201482785239158
d:397:0.6421536280644045,7.4218051331257815,7.421805484026493,14.20145698908787
d:398:0.6420394948295893,7.421805668301271,7.421804982003744,14.201571155475426
d:399:0.6421369623191815,7.421805607460332,7.421805110235358,14.201473755376508
d:400:0.6420806295864985,7.421804452007391,7.421805513831586,14.201529336252479
d:401:0.6418989118223504,7.421805715717806,7.421805307398719,14.201712111294174
d:402:0.6417085961992512,7.421804174681309,7.42180562020333,14.201901198685388
d:403:0.6419973682268356,7.421804193700323,7.421805524202817,14.201612349676305
d:404:0.6418587448261821,7.42180584457817,7.421804975535325,14.201752075287313
d:405:0.6417334699243415,7.421805636970598,7.421805155836617,14.201877322882874
d:406:0.6418946242887031,7.421804459068911,7.421805497733713,14.20171533251392
d:407:0.6417629458169021,7.421805751985509,7.421805136110198,14.201847942278805
d:408:0.6417490449313217,7.421804246159624,7.421805467733771,14.201860668962073
d:409:0.6416589014978555,7.421805454244991,7.421805176010638,14.201951728757773
d:410:0.6417519155104845,7.42180579943517,7.421805145633632,14.201859029558317
d:411:0.6418958655279479,7.421804330685319,7.42180549553388,14.20171396069125
d:412:0.6416199731322862,7.421805504297032,7.421805114562835,14.20199064572758
d:413:0.6416995377541088,7.42180403708835,7.421805556103239,14.20191005543748
d:414:0.6415696370053894,7.4218046457455085,7.421805417399092,14.202040426139211
d:415:0.6417533407057281,7.421804029097855,7.421805576890113,14.20185626528224
d:416:0.6414825751518531,7.421805388944437,7.421805096319648,14.202127910112232
d:417:0.6414710083916209,7.421804396882234,7.421805468300741,14.202138856791354
d:418:0.6415500121316402,7.421804271929666,7.4218054420438815,14.202059701841907
d:419:0.641457343847625,7.421804276597516,7.42180537556426,14.202152308314151
d:420:0.641331779971928,7.421804452007391,7.421805354948431,14.202278026983894
d:421:0.6413395027615607,7.421805751517649,7.421805042236064,14.202271290992153
d:422:0.6413956250832875,7.421804664505233,7.42180519364236,14.202214233064305
d:423:0.6413725800067756,7.421804588807593,7.421805339389605,14.202237348190422
d:424:0.6413714747764967,7.421804677169497,7.421805298225179,14.20223850061818
d:425:0.6412368360764251,7.421805826579222,7.421805015035655,14.202374005538452
d:426:0.6413000216332669,7.421805472830416,7.421804963758113,14.202310414955262
d:427:0.6412068502163262,7.421805550708006,7.421805172506785,14.202403872998465
d:428:0.6411864263426796,7.4218039347956175,7.421805550640222,14.20242305909316
d:429:0.6411685941587546,7.421805601860548,7.421804999270742,14.202442006972536
d:430:0.6411585311961208,7.421805690557855,7.4218050073220105,14.202452166683745
d:431:0.6410044485799808,7.421804353427779,7.421805336290484,14.202605241138283
d:432:0.6411128953763683,7.421804242016821,7.421805374605929,14.202496721246382
d:433:0.641125881101221,7.421805040677121,7.421805127582482,14.202484287158383
d:434:0.6410508056974447,7.421804288066449,7.421805399507736,14.20255888187674
d:435:0.6408187931066553,7.421805094305789,7.4218051007499515,14.202791401949085
d:436:0.6410351978413331,7.42180420328353,7.421805395380536,14.202574400822733
d:437:0.6410089966327366,7.4218046457455085,7.421805284098397,14.20260093321117
d:438:0.6409406882657329,7.421804212868878,7.421805366870009,14.202668891473154
d:439:0.6410013052441066,7.421804520175751,7.421805270378423,14.202608485310067
d:440:0.6408551616593403,7.42180420328353,7.421805406001006,14.202754447625196
d:441:0.6408131314982892,7.421805458399595,7.421805032091076,14.202797358992381
d:442:0.6408222768249292,7.421805388944437,7.421804939556214,14.202788051675721
d:443:0.6407198460861281,7.421804183146573,7.4218054406010445,14.20288977766149
d:444:0.6407716473184077,7.421804261961732,7.4218054142776975,14.202838028921022
d:445:0.6407949700731077,7.421804044667404,7.421805520577642,14.202814595171938
d:446:0.6408429729697342,7.421805086703685,7.421805056710452,14.202767170444403
d:447:0.6406293770835756,7.42180565675717,7.421804926059302,14.202981205732897
d:448:0.6406710602342933,7.421804452007391,7.421805292186072,14.20293868395917
d:449:0.6408692243517837,7.421803885319708,7.421805479152704,14.202740140120628
d:450:0.6405346632614641,7.421804044667404,7.421805415506682,14.203074796912622
d:451:0.6405761025561407,7.421804029097855,7.421805589514651,14.203033516056365
d:452:0.6405660237715463,7.421805737166439,7.421804975220088,14.20304468861498
d:453:0.640525546814434,7.421804004662123,7.421805597258944,14.203084055106633
d:454:0.6404801578187929,7.421804288399025,7.421805510475194,14.203129641055426
d:455:0.6404132911031173,7.421804218706843,7.421805378880874,14.2031963064846
d:456:0.6404419423569472,7.42180399939377,7.421805511946312,14.203167568983135
d:457:0.640397511371086,7.421805040677121,7.421805098046887,14.203212627352922
d:458:0.6404418758549788,7.421803904638832,7.421805651961959,14.203167680745812
d:459:0.6405322597069247,7.4218041371709305,7.421805469419212,14.203077346883218
d:460:0.6401802354517372,7.42180420328353,7.421805462012875,14.203429429844668
d:461:0.6403671183832671,7.421804265082988,7.421805498900149,14.20324264559987
d:462:0.6402071667755909,7.42180403708835,7.421805575260789,14.203402445573548
d:463:0.6403203076199979,7.421803885319553,7.421805534987561,14.203289112687116
d:464:0.6402957180434186,7.421804612679088,7.421805205720778,14.203314100356447
d:465:0.6402630648275487,7.4218039347956175,7.421805607658163,14.203346477626232
d:466:0.6404165687474102,7.421805256932364,7.421805194015233,14.203193882200187
d:467:0.6400785955620041,7.421803989818862,7.42180547453105,14.203530868787908
d:468:0.6401775933535134,7.4218046457455085,7.421805205140233,14.203432257532228
d:469:0.6401031916000814,7.421803786165091,7.421805668011633,14.203506262576642
d:470:0.6400274175547693,7.42180420328353,7.421805545110265,14.203582330839026
d:471:0.6399972320794163,7.421805807393037,7.421805398919769,14.20361397423339
d:472:0.6400289501690413,7.42180403708835,7.421805632600362,14.203580719519671
d:473:0.64015768065887,7.42180494639835,7.421805384530023,14.203452650269503
d:474:0.6398756782861099,7.421804019631722,7.4218057070133305,14.203734048358942
d:475:0.6399494865614059,7.42180512693735,7.421805265910384,14.203660906286329
d:476:0.639929281203349,7.421804136977926,7.421805521204925,14.203680376979502
d:477:0.639796184181737,7.42180391022201,7.421805580553778,14.203813306594052
d:478:0.6398806836829198,7.4218055126453955,7.4218051120634545,14.20372994102593
d:479:0.639961358606632,7.421804610603145,7.421805229765297,14.20364848176181
d:480:0.63997050206555,7.421804452007391,7.421805179726597,14.203639129668439
d:481:0.639653255562525,7.4218051331257815,7.421805112474459,14.203956990037716
d:482:0.6398233491805652,7.421803721689997,7.421805496106481,14.203785868615913
d:483:0.6397975623468479,7.4218040993382,7.421805573342933,14.203812110334285
d:484:0.6398362746207908,7.421805618142953,7.421805161165823,14.203774504687985
d:485:0.6396390113116368,7.421804520175751,7.421805277963731,14.203970786827846
d:486:0.6396981272238733,7.421804459068911,7.4218054140069665,14.203911745852004
d:487:0.6397710120932203,7.421804520175751,7.421805185226345,14.203838693308876
d:488:0.6395789038560018,7.421803795747758,7.421805406816711,14.204030298708467
d:489:0.639648065442266,7.421804303661203,7.4218055210795,14.203961759298437
d:490:0.6395442522253347,7.421803902281516,7.421805533783353,14.204065183839534
d:491:0.6396109548249722,7.421803875671582,7.42180558109972,14.20399850194633
d:492:0.6393579000902783,7.421804212868878,7.421805517403866,14.204251830182466
d:493:0.6395517983052468,7.421805631507636,7.421805069912498,14.204058903114888
d:494:0.6393359017310285,7.4218046457455085,7.421805041823024,14.204273785837504
d:495:0.6393543331568718,7.421804774582091,7.421805116970621,14.20425555839584
d:496:0.6394214243706475,7.421803708711023,7.421805538701351,14.204187823041726
d:497:0.6395200577524189,7.421804544303745,7.421805054962773,14.204089541514099
d:498:0.6393089539906462,7.421804585812232,7.421805126726348,14.204300758547934
d:499:0.6393028046002343,7.4218057609671355,7.421805003500319,14.20430795986722
d:500:0.6394674622781586,7.4218042563689774,7.421805526451527,14.204142320542346
d:501:0.6394075245352511,7.42180416979501,7.4218055317622245,14.204202177021983
d:502:0.6393634490169173,7.421804579996593,7.421805096233831,14.204246227213506
d:503:0.6392505030453535,7.4218039896488825,7.4218055494585276,14.204359036062057
d:504:0.6393268434166277,7.42180403708835,7.421805517033201,14.204282710704923
d:505:0.6390768842454921,7.421804774582091,7.421805134967361,14.20453302530396
d:506:0.639319812159119,7.42180420328353,7.421805505773429,14.20428989689784
d:507:0.6391591213480563,7.4218046457455085,7.421805312407285,14.204450836804737
d:508:0.6389885602420193,7.421803941138279,7.421805529637293,14.204620910533553
d:509:0.6390117069608312,7.421803958869303,7.4218055525770374,14.204597804485509
d:510:0.6391412452452911,7.421804774582091,7.421805121027807,14.204468650364607
d:511:0.6392311912191513,7.4218045141694,7.421805227471399,14.204378550421648
d:512:0.6389233227616007,7.421803723195714,7.421805396938648,14.204685797372761
d:513:0.6391372051045305,7.4218046457455085,7.4218052064472655,14.204472647088243
d:514:0.6389605023006197,7.421803781323707,7.421805514323562,14.20464879334665
d:515:0.6389230265464949,7.421804448869468,7.421805240409553,14.204686662732525
d:516:0.6388798461139498,7.421805458399595,7.421805125996917,14.204730738282562
d:517:0.6389160676883083,7.42180420328353,7.421805459791122,14.204693595386344
d:518:0.6389519323381059,7.42180462019228,7.4218050737792325,14.204657761633406
d:519:0.6389043179374685,7.421804084140009,7.421805489941551,14.204705256144091
d:520:0.6389355839965383,7.421804454406738,7.421805210343338,14.204674080753538
d:521:0.6389633738048346,7.4218039347956175,7.421805563134171,14.204646124124954
d:522:0.6388017698620914,7.421804459068911,7.421805239400671,14.20480792860749
d:523:0.6387000193314396,7.421804076026902,7.421805551665853,14.204909608361316
d:524:0.6387060727873699,7.421805040677121,7.421805308540234,14.204904276429986
d:525:0.638649449075487,7.421804452007391,7.421805332648814,14.204960335580719
d:526:0.6386341856137943,7.421803756242735,7.421805821284098,14.204975391913038
d:527:0.6387001787114794,7.421803825478371,7.421805765381816,14.204909412148707
d:528:0.6386865371810142,7.42180565675717,7.421805322099649,14.204924441675805
d:529:0.6386945734657239,7.421803715702049,7.421805857612766,14.204914999849091
d:530:0.6387483028690522,7.421803764805448,7.421805606545117,14.204861068481513
d:531:0.6386608385407317,7.42180403708835,7.421805624374803,14.204948822922422
d:532:0.6385406711598858,7.421804136977926,7.421805641322345,14.205069107140385
d:533:0.6383707606840492,7.421803781744341,7.421805732321909,14.2052387533822
d:534:0.6385725978885315,7.421804044667404,7.421805712013054,14.205037158791926
d:535:0.6383996289007321,7.4218039347956175,7.421805725228568,14.205210031123453
d:536:0.6383850589575086,7.421803764805448,7.421805643106385,14.205224348954324
d:537:0.6383286016430691,7.421803789553605,7.421805827690626,14.205281015601162
d:538:0.6384538148958381,7.421803746639492,7.42180581088938,14.205155742633034
d:539:0.638280304652616,7.421804461342713,7.421805396993966,14.205329553684063
d:540:0.6384476810625053,7.421803696046696,7.421805623128828,14.205161638113019
d:541:0.6383031602674034,7.421805438613582,7.421805332373728,14.205307610719906
d:542:0.6384052882150986,7.4218041716535055,7.421805712172118,14.205204595610525
d:543:0.6383488843470957,7.4218051331257815,7.421805407924559,14.205261656703245
d:544:0.6383185295594274,7.421805388944437,7.421805340531298,14.205292199916308
d:545:0.638367820826149,7.42180420328353,7.421805423843143,14.205241806300524
d:546:0.6381954685328779,7.421803763927096,7.421805720843574,14.205414016237793
d:547:0.6383562755247141,7.421803786458311,7.42180581685181,14.205253327785407
d:548:0.6380676760700048,7.421803779871306,7.421805818366936,14.205541922168237
d:549:0.6381970503551653,7.421804774582091,7.421805548476222,14.205413272703147
d:550:0.6379902513239042,7.421803674442337,7.421805949318124,14.205619372436557
d:551:0.6381552352637279,7.42180399939377,7.4218058288665,14.205454592996542
d:552:0.6380239711664526,7.421803782193981,7.421805961607429,14.205585772634958
d:553:0.6380981309208948,7.421803842349055,7.421805970141177,14.205511681569337
d:554:0.6381420655829384,7.421804029097855,7.421805831067104,14.20546779458202
d:555:0.6379603355398249,7.421804261961732,7.421805459227107,14.205649385649014
d:556:0.6378905449999639,7.421804396882234,7.421805432362474,14.205719284244744
d:557:0.6380016280938747,7.421804083946382,7.421805894951715,14.205608350804223
d:558:0.6379430425608472,7.421803730712259,7.421806039572909,14.20566672772432
d:559:0.6379795363178307,7.421804132359016,7.421805852141558,14.205630448182744
d:560:0.6380197635294884,7.421804452007391,7.421805582472411,14.205590270950314
d:561:0.6379294707531002,7.421804774582091,7.421805718656893,14.205681022485884
d:562:0.6377705779161449,7.421804485443621,7.421805672049359,14.205839579576836
d:563:0.6378590527208434,7.421803975622726,7.421805963458539,14.205750886360422
d:564:0.6377710320559391,7.421803760248119,7.421806063029198,14.205838791221378
d:565:0.6376922820469915,7.421803823064053,7.421805986585031,14.205917527602093
d:566:0.6378138906254538,7.4218042435638605,7.421805695794969,14.205796048733376
d:567:0.6379093400358329,7.421804459068911,7.421805606596045,14.205700725629123
d:568:0.6377810505709327,7.421804206667339,7.421805621380294,14.2058287774767
d:569:0.6376521740469379,7.42180401652517,7.421805945890275,14.205957788368508
d:570:0.6375167303815079,7.4218037844830835,7.421806036770981,14.206093090872557
d:571:0.6376843423811493,7.42180453976666,7.421805652378797,14.205925849764308
d:572:0.6377958508489403,7.421803674442337,7.421806057364185,14.205813880957582
d:573:0.6376376464647269,7.421804330025848,7.4218055991263014,14.205972282687423
d:574:0.6376893498047362,7.421805196790784,7.421805580349766,14.205921427335813
d:575:0.6376746166568843,7.421803655194049,7.421805796074972,14.205934834612137
d:576:0.6375496535312077,7.421803723195714,7.421806026708506,14.206060096373012
d:577:0.6376216679772782,7.421803833186008,7.4218059948964346,14.205988160105164
d:578:0.637544935437445,7.421803801409361,7.4218058727788065,14.206064738750722
d:579:0.6376848484539241,7.421804875014534,7.421805501579586,14.205925528140195
d:580:0.6374280963126093,7.4218042563689774,7.421805609480005,14.206181769536373
d:581:0.6376040772426812,7.421803720428185,7.42180593474753,14.206005577933034
d:582:0.637439438068899,7.421803807349363,7.4218060258128045,14.206170395093269
d:583:0.6376078428373351,7.42180416979501,7.42180594034024,14.206002267297915
d:584:0.6372103826333451,7.421803764805448,7.421805975682348,14.206399357854451
d:585:0.6374768505054753,7.421804218706843,7.421805590925079,14.206132959126446
d:586:0.6374216775806207,7.421803630326615,7.421805943774679,14.206187896520673
d:587:0.6372553729605492,7.421804017346895,7.421805868330528,14.206354512716874
d:588:0.6373831777455177,7.421804002261377,7.4218057310858985,14.206226555601758
d:589:0.6374405852837413,7.421803720428185,7.4218059875981375,14.206169122742581
d:590:0.637128766794282,7.421804387255513,7.421805588835518,14.206481209296749
d:591:0.637365907278646,7.421803702470852,7.421805943834345,14.20624373902655
d:592:0.6371408519884731,7.421803903883715,7.4218060564344785,14.20646910832972
d:593:0.6373460817618479,7.4218045857385935,7.42180563803965,14.206264142016396
d:594:0.6372060801269743,7.421803730712259,7.421806218684726,14.20640386927001
d:595:0.6370133539946732,7.421804136977926,7.421805910523959,14.206596693507212
d:596:0.6370692976762857,7.421803957341027,7.421806018349246,14.206540678013987
d:597:0.6370379689085688,7.4218038475311925,7.421806066226486,14.20657194484911
d:598:0.6371277208684791,7.4218046457455085,7.421805683939244,14.206482608816273
d:599:0.6370337227229665,7.421803708711023,7.421806237522151,14.206576223510208
d:600:0.6371218536702266,7.421804452007391,7.421805649603327,14.206488247940491
d:601:0.6369931038228884,7.421803756242735,7.421806137086531,14.206616789506377
d:602:0.6370121939658624,7.421804033856779,7.421805844554823,14.20659768444574
d:603:0.6368527871448286,7.421804174681309,7.421805747421509,14.20675713495799
d:604:0.6369568946030917,7.421803717925847,7.421806237438144,14.2066530607609
d:605:0.6369795468070674,7.421803771426038,7.421806052926065,14.206630277545036
d:606:0.6368580322952528,7.421804774582091,7.421805648321795,14.206752390608633
d:607:0.6367669097808388,7.421804513002449,7.421805770510666,14.206843373732276
d:608:0.6369978080744474,7.421804206667339,7.421805638416206,14.206612037009098
d:609:0.6368406949941647,7.421804459068911,7.421805765614167,14.206769529688913
d:610:0.6369741050248319,7.4218042123904535,7.421805193272306,14.206635300637927
d:611:0.6369376095781707,7.421803760248119,7.421806061183014,14.206672211852963
d:612:0.636928476098209,7.421803822701955,7.421806066735423,14.206681413339169
d:613:0.6366962096755735,7.421804523888056,7.4218057774604755,14.206914091672958
d:614:0.6366508874464181,7.421803831943002,7.421806261919738,14.206959206416322
d:615:0.6366591834873798,7.4218046357452785,7.421805781096332,14.20695123335423
d:616:0.6367461090617184,7.42180403708835,7.421806089247909,14.20686401727454
d:617:0.6368345518232896,7.421803818249435,7.421806161430553,14.206775427856698
d:618:0.6365448816457988,7.421803801548107,7.421806251850299,14.207065171752607
d:619:0.6367939411267347,7.4218038910864,7.421806196595764,14.206816146555429
d:620:0.6366699255673804,7.4218039347956175,7.421806065675348,14.206940074903585
d:621:0.6366306725235571,7.4218046457455085,7.4218057304369225,14.206979703658874
d:622:0.6364324114565143,7.421803775145005,7.421806235119298,14.207177598807789
d:623:0.636728402156912,7.421804345728296,7.421805145948943,14.206881089520326
d:624:0.6364806292289096,7.4218041090485265,7.421805803146384,14.207129282966001
d:625:0.6365233659253153,7.421803911984959,7.421806139740999,14.207086685800643
d:626:0.6364669536922936,7.421803911907597,7.421806120490878,14.207143078706181
d:627:0.6364431852190044,7.421804271929666,7.4218058178981146,14.207166904608776
d:628:0.6366202008922297,7.421804063543441,7.421806256998208,14.206990119649419
d:629:0.6365130263667673,7.421803903883715,7.421806162017935,14.207097039534883
d:630:0.6364861175990306,7.421803696046696,7.421806200673554,14.20712377912122
d:631:0.6364299602861738,7.421804105567382,7.4218062360067965,14.207180381288005
d:632:0.6362903537798879,7.421804063543441,7.421806276749564,14.207319986513117
d:633:0.6362602896033369,7.4218037205506775,7.421806280787527,14.207349711734867
d:634:0.6363676444231174,7.42180403708835,7.421805851652737,14.20724224431797
d:635:0.6363555450645411,7.421803735074951,7.421806230284211,14.207254420294621
d:636:0.636283646700992,7.421804474607667,7.42180514831907,14.207325976225745
d:637:0.6362466455415419,7.421804461342713,7.421805853064432,14.207363668865604
d:638:0.636295968608513,7.421804226004932,7.421805936257787,14.207314193654206
d:639:0.6362714694372666,7.42180382062544,7.421806341658421,14.207338692846594
d:640:0.6362810042495202,7.421804296590224,7.421804957087689,14.207328249428393
d:641:0.6361776184081922,7.421803985504395,7.421805866242179,14.207432233338382
d:642:0.6361385619144357,7.4218039347956175,7.421805957260151,14.207471330141333
d:643:0.6361132716924018,7.421804251105865,7.421805987953727,14.20749696736719
d:644:0.6362317848571326,7.421803763853408,7.421806263638722,14.207378242634997
d:645:0.6361315382955492,7.421804436331591,7.421805713606803,14.207478611642845
d:646:0.6360983178882282,7.421804136977926,7.421805735960044,14.207511555049742
d:647:0.6359984990192178,7.421804288399025,7.421805829783507,14.207611619163314
d:648:0.6361035556325803,7.421804070873039,7.421806105876451,14.20750662111691
d:649:0.636079001518624,7.42180403708835,7.421805817194832,14.207530852764558
d:650:0.6360192487719818,7.421803674442337,7.421806086993152,14.207590512663508
d:651:0.6361531917916103,7.421803720428185,7.4218061329180625,14.207456661554637
d:652:0.6360779202300968,7.421804303661203,7.421805792715562,14.207532176146668
d:653:0.6359375269756526,7.421803743124402,7.421806248185456,14.207672464334205
d:654:0.635806355959879,7.421804037681758,7.421806087547312,14.20780376926919
d:655:0.6359987597288193,7.421803807349363,7.421806230143845,14.20761127776439
d:656:0.635898756681188,7.421803756242735,7.421806242660358,14.207711242221905
d:657:0.6358969876313552,7.421804039631564,7.42180633537199,14.207713387372198
d:658:0.6358849331563885,7.4218042526581325,7.421805135634097,14.20772445513584
d:659:0.6358514016485621,7.4218041894330025,7.421806166912175,14.207758954696615
d:660:0.6358370069515953,7.421803674442337,7.421806197596199,14.207772865086941
d:661:0.6358486061072064,7.421803987024438,7.421806173922985,14.207761554840216
d:662:0.6359320174027552,7.421803988157125,7.42180609561459,14.20767806636896
d:663:0.6356989973191691,7.421803763927096,7.421806270247057,14.207911036854984
d:664:0.6357334039727522,7.421803873433104,7.421805076429639,14.20787554588999
d:665:0.6357375915748094,7.421804136977926,7.4218058520397765,14.207872397442893
d:666:0.6358102142404647,7.421804261961732,7.4218057425683845,14.207799790289652
d:667:0.635616756259699,7.421803763853408,7.421806299575318,14.207993307169026
d:668:0.635693557213644,7.421804313491355,7.421805218623792,14.207915974901503
d:669:0.6356105665490137,7.421804466118974,7.421805550366026,14.207999449935986
d:670:0.6356433007319477,7.421803764805448,7.421806276403082,14.207966740476582
d:671:0.6356790261568595,7.421804275942787,7.421805281593883,14.20793053137981
d:672:0.6355480112737961,7.421804021268743,7.421804960911025,14.208060970905972
d:673:0.6354168583444952,7.42180394833764,7.421806226089746,14.208193316082891
d:674:0.6355872704120635,7.421804294332977,7.421805980777732,14.208023004698646
d:675:0.6356740141373685,7.421804044667404,7.42180588033837,14.207935910868406
d:676:0.6353978583255913,7.42180424605599,7.421805156370414,14.208211544100813
d:677:0.635552327780319,7.421803786458311,7.421806191664761,14.208057650342752
d:678:0.6355410674588331,7.42180382062544,7.421806191365739,14.208068944532346
d:679:0.6355567708962777,7.421803989818862,7.421805929912269,14.208053148834853
d:680:0.6354459780956141,7.421803807349363,7.421806302148381,14.20816413140213
d:681:0.6352815781038785,7.421803988157125,7.421806137029224,14.20832854708247
d:682:0.6353976973731843,7.421803730712259,7.421806194230614,14.208212227569689
d:683:0.6354916283182899,7.421804230711185,7.421805568830846,14.208118171223742
d:684:0.6354142966461342,7.421804021268743,7.421805085869622,14.20819481049223
d:685:0.635358911714988,7.421803771426038,7.42180624326252,14.20825110297357
d:686:0.6353421867245963,7.42180383306912,7.4218049271122855,14.20826657345681
d:687:0.6354052270702226,7.421803869734598,7.4218049367476,14.208203579411975
d:688:0.6353077145443873,7.421803746176213,7.42180626269176,14.208302294323586
d:689:0.6352146543165755,7.421804474607667,7.421805916726596,14.208395737017687
d:690:0.635246820757347,7.421803988157125,7.42180601149818,14.208363178897958
d:691:0.6352550836133322,7.421803947600493,7.421805836440523,14.208354700427684
d:692:0.6352481634674785,7.421803709926364,7.4218061064521486,14.208361652911034
d:693:0.6352382164737911,7.42180403708835,7.421805781838362,14.208371602452921
d:694:0.6351677950188392,7.421803763853408,7.421806275594969,14.208442244429538
d:695:0.6351653344875086,7.421803771426038,7.421806243721948,14.208444680660477
d:696:0.6351801856939208,7.42180399939377,7.421805741557934,14.208429555257784
d:697:0.6350599947203115,7.421803754808719,7.421806165469675,14.208549925558083
d:698:0.6350628095695949,7.421803708711023,7.421806103865233,14.208547003006661
d:699:0.63524510275737,7.421804274160447,7.421805639542985,14.208364810946062
d:700:0.6350577411052747,7.42180383306912,7.421804868057418,14.208550960021263
d:701:0.6349500151750203,7.4218038601471825,7.421806147066642,14.208659992038804
d:702:0.6351375834020843,7.421803869734598,7.42180505198049,14.208471338313004
d:703:0.6348546100015682,7.421804509817862,7.421805949813615,14.20875584962991
d:704:0.6352027067111816,7.421803830657138,7.4218060713501295,14.208407195296086
d:705:0.6350012954652371,7.421803743635667,7.421806131587342,14.208608579757772
d:706:0.6349859733563132,7.421804288399025,7.421805706849783,14.208624021892495
d:707:0.6351548085833532,7.421803720428185,7.421806087541075,14.208454999385907
d:708:0.6348543494599994,7.42180403708835,7.421805769581189,14.20875545720954
d:709:0.6348361777574869,7.4218037848842595,7.421806279863414,14.208773886990187
d:710:0.6348248902208216,7.42180394833764,7.421806176522013,14.208785234638832
d:711:0.6349793619890889,7.421804019631722,7.42180569682662,14.208630354469253
d:712:0.6348566833386169,7.421803779871306,7.421806194759675,14.208753291292364
d:713:0.6347716663568992,7.421804090176808,7.421805844233404,14.208838268053313
d:714:0.6347512065382439,7.421803763927096,7.421806145447865,14.208858702836718
d:715:0.6347229784316752,7.421803674442337,7.421806088558377,14.208886784569039
d:716:0.6347441401264842,7.42180435355171,7.421805897778386,14.208866111203612
d:717:0.6347317556768957,7.421804282321162,7.42180592925931,14.208878455903577
d:718:0.634750348117203,7.42180382062544,7.421806121875164,14.208859594383402
d:719:0.6345237931401169,7.421803790468418,7.421806146817207,14.209086144145509
d:720:0.6346701575619722,7.421803893979575,7.4218056512486985,14.208939387666302
d:721:0.6346031672350545,7.421803703713955,7.421806078645561,14.209006615124462
d:722:0.6345725721393407,7.421803920749435,7.421805888792187,14.209037237402281
d:723:0.6347300323942875,7.421804044652815,7.421805924440557,14.208879936699084
d:724:0.6346066896497309,7.421803951212974,7.421806137061637,14.20900339862488
d:725:0.6346572633334695,7.4218042563689774,7.421805619468595,14.208952612504103
d:726:0.6344136992918212,7.421804271929666,7.421805623700804,14.209196196338649
d:727:0.6345039286675114,7.421803979730223,7.421806219935068,14.20910627099778
d:728:0.6346404128496577,7.421804120790142,7.42180598142628,14.208969689366764
d:729:0.6344497811115346,7.421803858718631,7.421805884904993,14.20915996251209
d:730:0.6345027088246749,7.421803764805448,7.421806014210786,14.209107070191559
d:731:0.6345363881868558,7.4218039896488825,7.421805497652565,14.209073099114592
d:732:0.634429444523116,7.421803795747758,7.421805962605173,14.209180313829815
d:733:0.6343914851985399,7.421804100949323,7.421805735020866,14.20921835077165
d:734:0.6346214784847728,7.421803712909092,7.421806000434058,14.208988234858378
d:735:0.6343437230169524,7.421803902281516,7.4218057035534315,14.209265882817995
d:736:0.6343896905041113,7.421803763853408,7.421806217432152,14.209220290781449
d:737:0.6342668599597072,7.421803788766063,7.42180601746886,14.209342946275216
d:738:0.6345956057490163,7.421804448746759,7.421805887535577,14.209014730533319
d:739:0.6342850606815187,7.421803928294564,7.421806199893265,14.20932506750631
d:740:0.6342850777195057,7.42180421672186,7.421804603850646,14.209323742853
d:741:0.6344341908044804,7.4218038115301805,7.421805002060152,14.209174622785852
d:742:0.6342811236146133,7.42180391022201,7.421805997834198,14.209328784441595
d:743:0.6342312674817752,7.421803823064053,7.421805602215706,14.209378157797984
d:744:0.6342658940257273,7.421804068736453,7.4218061352458875,14.209344309956613
d:745:0.6342300787547615,7.421803957341027,7.4218061653586815,14.209380043944947
d:746:0.634151374580977,7.421804215193934,7.421804608682432,14.209457449295389
d:747:0.6341875071707648,7.421804033274476,7.42180499462855,14.209421520732262
d:748:0.6342166816766035,7.4218038206570025,7.421806046315613,14.209393185296012
d:749:0.6342177211638411,7.421803885319553,7.4218058067735395,14.209391970929252
d:750:0.6341160100354983,7.421804448746759,7.4218058530235,14.20949429173476
d:751:0.6339397169558936,7.421804011869099,7.421806146955628,14.209670441868834
d:752:0.6341201284133753,7.421804158484882,7.421804552980898,14.209488583052405
d:753:0.6341540949087268,7.421803999662467,7.421804923939575,14.209454828693316
d:754:0.6339280482080341,7.421803763877291,7.421805731309542,14.209681446978799
d:755:0.6341293159577948,7.421804004662123,7.421805793792508,14.209480482496836
d:756:0.6341860994127888,7.421803696046696,7.421806011169512,14.20942360780342
d:757:0.6339540631521619,7.421803818249435,7.42180565928207,14.209655414379343
d:758:0.6339621027042419,7.421804030869387,7.421806094781585,14.20964802294673
d:759:0.6339848585838883,7.421803788766063,7.421805967132526,14.2096248973147
d:760:0.6339974534964394,7.421804063543441,7.421806052204383,14.209612662251384
d:761:0.633897811818807,7.421803646243056,7.421805857591947,14.209711692016196
d:762:0.633874424205823,7.421803735074951,7.4218060274764355,14.209735338345563
d:763:0.6339067478340237,7.421803989818862,7.421805660192179,14.209702902177018
d:764:0.6336640126046085,7.421803884830293,7.421805629608006,14.20994550183369
d:765:0.6340081177224377,7.421803846432983,7.42180508576585,14.209600814476396
d:766:0.6338744075696603,7.421803966839036,7.421804747521323,14.209734306790699
d:767:0.6338326489760266,7.42180372922015,7.421805885880406,14.20977696612453
d:768:0.6338353623123947,7.421803723195714,7.421806002948472,14.20977436383179
d:769:0.6336398363866564,7.421803766688656,7.421805482771456,14.209969413073456
d:770:0.6337818355792244,7.4218043401747344,7.421805949566643,14.209828454162153
d:771:0.6336262483157107,7.421804085983666,7.4218044315512675,14.209982269219223
d:772:0.6337957017293405,7.421803855822455,7.421805195035924,14.209813349129039
d:773:0.6336630687861646,7.421804100949323,7.421805589528718,14.209946621691877
d:774:0.6337492235271167,7.421803869734598,7.421805737949228,14.209860384156709
d:775:0.6336845804368689,7.42180421672186,7.421804805669588,14.209924441954579
d:776:0.633736495760024,7.421803807349363,7.421806076032338,14.209873387621677
d:777:0.6337631223631082,7.421804002261377,7.421806014072194,14.209846893970463
d:778:0.6337780712066099,7.421803992429343,7.421804585627793,14.209830506850526
d:779:0.633526854768947,7.421804298192333,7.421804804538063,14.210082247961449
d:780:0.6337004444391301,7.421803674442337,7.421805672113253,14.20990890211646
d:781:0.633591828290287,7.421804176110001,7.421804456302647,14.210016804122361
d:782:0.6336228304226701,7.421803715702049,7.42180564752009,14.20998653279947
d:783:0.6335373606236399,7.421804217899195,7.421804751266556,14.210071608542112
d:784:0.6335129354775937,7.4218041104962875,7.421804491060863,14.210095666079557
d:785:0.6334546359988416,7.421804063543441,7.4218060674682516,14.21015549501285
d:786:0.6334089860953256,7.421803807349363,7.421806062999053,14.21020088425309
d:787:0.633545594356324,7.421803966839036,7.421804858597092,14.210063231079804
d:788:0.6333993120213322,7.421804468983316,7.421805937390156,14.21021109435214
d:789:0.6334870967091941,7.421804215934268,7.421804705839506,14.21012182506458
d:790:0.6335101761461903,7.421804063543441,7.421806057309963,14.210099944707213
d:791:0.6334261936024497,7.421804196729369,7.421805910852651,14.21018391397957
d:792:0.6335183339000618,7.42180403708835,7.4218055028095495,14.210091205997838
d:793:0.6333364506349906,7.421804102368874,7.421804462188637,14.210272113922521
d:794:0.6334016605199597,7.421803842330643,7.421805798917351,14.210207980728034
d:795:0.6332267219352357,7.421804143863415,7.421804310611966,14.210381732540146
d:796:0.6332443539281805,7.4218038475311925,7.421805280321026,14.210364773924038
d:797:0.6333083610707906,7.4218038756290845,7.421805841103982,14.210301355662276
d:798:0.633434908538165,7.421804021268743,7.421805749182996,14.210174861913574
d:799:0.6331049099119568,7.4218039896488825,7.421805440021089,14.210504519758015
d:800:0.6329529452876628,7.42180421672186,7.421804567036602,14.2106558384708
d:801:0.6332654659759438,7.421804177023649,7.4218041279250055,14.21034283897271
d:802:0.633297983267795,7.421804400089544,7.421805798782488,14.210312215604237
d:803:0.6332207234725118,7.421804465162419,7.42180573680794,14.210389478497847
d:804:0.633149565832813,7.421804214244089,7.421804238731637,14.210458887142913
d:805:0.6330478847025542,7.421803996702479,7.4218049218986355,14.21056103389856
d:806:0.6331894784933176,7.421804176083333,7.421804179835307,14.210418877425322
d:807:0.6331141640543692,7.421804219559867,7.42180578053982,14.210495836045318
d:808:0.6329511399077532,7.42180420821763,7.42180589607274,14.210658964382617
d:809:0.6331400392473263,7.4218040704271875,7.421804287343063,14.210468318522924
d:810:0.6330983754468331,7.421803869734598,7.421805669854978,14.210511164142742
d:811:0.6331661025827753,7.4218041557125005,7.42180454940455,14.210442602534275
d:812:0.6330793272357251,7.421803763853408,7.421805738971424,14.210530175589106
d:813:0.6329926876761647,7.42180377728814,7.421805721529681,14.210616811141657
d:814:0.6329486705318121,7.421804279445775,7.421805717007459,14.210661325921421
d:815:0.6330258326986442,7.421803612197907,7.4218056520198665,14.21058343151913
d:816:0.6329404848767588,7.421803807349363,7.421805618901635,14.210668941374239
d:817:0.6330142561723218,7.42180401330841,7.421804359564032,14.21059411670012
d:818:0.6330600524487071,7.421803904724435,7.421805340478775,14.210549192754502
d:819:0.6329689062326409,7.421804176083333,7.42180414726149,14.210639417112182
d:820:0.6330109853500989,7.421804448746759,7.421805771442637,14.210599234839297
d:821:0.6328763385753788,7.421804233324963,7.421805746908426,14.21073364165801
d:822:0.6328598080046604,7.421804018733763,7.421804315965424,14.210748526694527
d:823:0.6328691377232722,7.4218043112884065,7.421805675645908,14.210740849211042
d:824:0.6328687754848215,7.421803855822455,7.421805456766819,14.210740537104453
d:825:0.6328066351225541,7.421803674442337,7.421805316878183,14.210802356197966
d:826:0.6328583737016586,7.4218041830241965,7.421804006367372,14.21074981568991
d:827:0.6326871594852914,7.421803803983591,7.421805397861471,14.21092204235977
d:828:0.6328548549289277,7.421804178301159,7.4218045750790385,14.21075389845127
d:829:0.6328418290563818,7.421804039643188,7.421805254312904,14.21076746489971
d:830:0.6327849071404508,7.421804207447089,7.421803940298023,14.210823240604661
d:831:0.6328161055224246,7.421803983740377,7.421805474985131,14.210793353203083
d:832:0.6328398662720538,7.4218040432923225,7.421805327183229,14.210769504203498
d:833:0.6327593904458961,7.421803861762331,7.421805233330007,14.210849704646442
d:834:0.6325207124289882,7.42180410995328,7.42180431799717,14.211087715521462
d:835:0.6327076664145732,7.421804124805398,7.42180409383568,14.210900552226505
d:836:0.6326345363805377,7.421804063543441,7.421805547184153,14.210975074347056
d:837:0.6324893070144331,7.421803730712259,7.421805161950717,14.211119585648543
d:838:0.6325941167350972,7.4218040314579365,7.421805513633258,14.211015428356097
d:839:0.6324840791581998,7.421804244495291,7.421804008920532,14.211124174257623
d:840:0.6326602258283422,7.421804127127645,7.421804211781003,14.210948113080306
d:841:0.6325784445021263,7.421804203342347,7.4218037071833525,14.211029466023573
d:842:0.6325707237697547,7.421804114594522,7.421805518777447,14.211038909602214
d:843:0.6325482092180934,7.421804448746759,7.421805577815125,14.21106181734379
d:844:0.6325919388745778,7.421804184457278,7.421804428804116,14.211016674386816
d:845:0.6325141090255304,7.421803956099337,7.421805378827457,14.211095225901264
d:846:0.6325818994783923,7.421803760248119,7.421805452711261,14.211027313480988
d:847:0.6325756564594851,7.421803718961391,7.421805424602066,14.211033487103972
d:848:0.6324877282714017,7.421803764805448,7.421805384964522,14.211121421498568
d:849:0.6324828705566059,7.421803761151271,7.42180516879017,14.211126059384835
d:850:0.632271016951222,7.42180436836702,7.421805571931598,14.211338923347396
d:851:0.6323906656944196,7.421803712909092,7.42180508566128,14.211218132875953
d:852:0.6323955374637276,7.42180382062544,7.4218050811388245,14.211213364300537
d:853:0.632453099656793,7.421804364056756,7.421805561318475,14.211156825718438
d:854:0.6323129836975063,7.421803795747758,7.421805234054995,14.211296046105247
d:855:0.632363926413575,7.4218037844830835,7.421805046298585,14.211244904368094
d:856:0.6323310866228908,7.4218044621187484,7.42180558639193,14.211278961887787
d:857:0.6324584087553831,7.421803781744341,7.421804955233533,14.211150328222491
d:858:0.6323618830892759,7.421803674442337,7.421805108391794,14.211246899744856
d:859:0.6322115830513422,7.421804121683845,7.42180557431193,14.211398112944433
d:860:0.632207683639523,7.421803803300927,7.421805085980285,14.211401205641689
d:861:0.6321125526157108,7.421803925904996,7.421805072807672,14.211496446096957
d:862:0.632178758915007,7.421803880461562,7.421805398902562,14.211430520449117
d:863:0.6321742055298785,7.421804118633274,7.4218037698695145,14.21143368297291
d:864:0.6322805272875982,7.42180417880701,7.4218039227646795,14.211327574284091
d:865:0.6321234554053863,7.421803709926364,7.421804926617119,14.211485181138096
d:866:0.6321453492426912,7.421804215193934,7.421804692675114,14.211463558626356
d:867:0.6321361442390803,7.421803846432983,7.421805283314072,14.211472985507974
d:868:0.6321630969162957,7.421804176083333,7.421803903279587,14.211444982446624
d:869:0.6322736646049094,7.421804063543441,7.4218052252192095,14.21133562415774
d:870:0.6318345705380377,7.4218038325817215,7.421804958318029,14.211774220361713
d:871:0.632085729485107,7.421804034197551,7.421805207225807,14.211523511938251
d:872:0.6319078765915016,7.421804180616608,7.421803794133037,14.211700098158143
d:873:0.6321263540011497,7.421804033274476,7.421805330780705,14.211483010054032
d:874:0.6320293170348226,7.42180401330841,7.421804187913919,14.211578884187507
d:875:0.6320331555959893,7.421803831943002,7.421804939176116,14.21157561552313
d:876:0.6319540311010563,7.421804137758006,7.42180373720732,14.21165384386427
d:877:0.6319555200981206,7.421804118633274,7.421803706280022,14.211652304815175
d:878:0.6320090858715623,7.421803811532172,7.421805092259149,14.211599817919758
d:879:0.6317734491877509,7.421804198140933,7.42180364805332,14.211834397006502
d:880:0.6320212784783319,7.42180417880701,7.421803686262852,14.21158658659153
