data: dataset/wiki/wikitext-2/
d:1:2.5402000768260677,7.015465823239199,7.015465823239199,11.490731569652331
d:2:1.993869667268699,7.01546842741039,7.015468067750943,12.037066827892634
d:3:1.81410005469278,7.0154698272807385,7.015466595404973,12.216836367992933
d:4:1.6964918105752727,7.015471375391308,7.015467672271036,12.33444723708707
d:5:1.651672775146002,7.0154698564291325,7.01546681110423,12.37926389238736
d:6:1.6407023822664186,7.015471375391308,7.015465286055044,12.390234279179934
d:7:1.6269394905454924,7.015471375391308,7.015465286055044,12.40399717090086
d:8:1.6160167051216856,7.015468833181853,7.01547022096065,12.414922349020818
d:9:1.6070300981950663,7.015469778152941,7.015465173523492,12.423904853481366
d:10:1.5958171133476942,7.015468743704481,7.015467595262749,12.435119225619536
d:11:1.5901436857132314,7.0154633954565435,7.0154675445468575,12.44078725429017
d:12:1.5838811204075487,7.0154633954565435,7.015468997798534,12.44705127284753
d:13:1.581757406869519,7.015462781136339,7.0154677345778085,12.449173108844628
d:14:1.5779465989141226,7.015462781136339,7.015470653424363,12.452986835646579
d:15:1.5785480122751103,7.015464997879466,7.01546648590376,12.452383471508115
d:16:1.5757999521939325,7.0154633954565435,7.015466899156816,12.455130342419427
d:17:1.5752342834544724,7.01546315542041,7.015469273831532,12.45569814579747
d:18:1.5739180390525558,7.0154633954565435,7.015463977319377,12.457009333723365
d:19:1.5732811662521744,7.015463675777474,7.0154652567771825,12.457647766302482
d:20:1.572607618651892,7.015462922972259,7.015465460838395,12.458320765158762
d:21:1.5715801614967244,7.015464997879466,7.015466689675682,12.459351526058423
d:22:1.5700346399899558,7.0154638183934,7.015460148489632,12.460889326893076
d:23:1.5707059632817177,7.015462654753024,7.015460451247748,12.460217142719053
d:24:1.5689560268900475,7.015464001830055,7.015459998799181,12.461967973739188
d:25:1.5698088655837559,7.015464001830055,7.015463652109389,12.461118788355687
d:26:1.5691726721363253,7.0154660042858925,7.015458631145004,12.46175196329457
d:27:1.5682682399019043,7.015466354480467,7.015459179547763,12.462657294126327
d:28:1.568639342003145,7.015462471557194,7.015467889378251,12.4622910189323
d:29:1.5671770366786877,7.015466354480467,7.015464809073624,12.463754126875402
d:30:1.5684551313220414,7.015464001830055,7.01546567426103,12.462474544769043
d:31:1.5671768142184632,7.0154660042858925,7.0154612439156105,12.46375043398304
d:32:1.5673073896054408,7.015462471557194,7.015465678507606,12.463620760459358
d:33:1.5668749660262566,7.015467951203669,7.015461429251988,12.4640544144294
d:34:1.5667884436293722,7.0154638183934,7.015467914281258,12.464143289045285
d:35:1.5659032881774202,7.015467794718983,7.01545999214472,12.465024498686283
d:36:1.5660537643252805,7.015469123659773,7.015457526990633,12.464872886325125
d:37:1.5669243647838282,7.015467879899935,7.015457049286566,12.464000564402673
d:38:1.5650245655824762,7.015466997298933,7.015456300028759,12.465898731745217
d:39:1.5650815980861879,7.015470136595401,7.015457753086344,12.465846291595557
d:40:1.563878901960864,7.015464001830055,7.015463307969459,12.46704840783865
d:41:1.5659948570114128,7.015465612899866,7.0154644427369846,12.464935198625438
d:42:1.565833016356077,7.015466091751108,7.015465671592043,12.465098746987074
d:43:1.564344578029333,7.015468277086877,7.015463700328835,12.466587399386379
d:44:1.5642302684344873,7.015467794718983,7.015458105275521,12.466695631560016
d:45:1.565307442008912,7.015470136595401,7.015458993713155,12.465621688299645
d:46:1.564687857304671,7.015473419163497,7.015456204752861,12.466241766611686
d:47:1.563994851926001,7.015469394199483,7.015457867906084,12.466932410179567
d:48:1.5647420514945747,7.015466997298933,7.015456344152815,12.466181289957174
d:49:1.5644294825818132,7.015467921019973,7.015456461844753,12.466494900282912
d:50:1.5629195229619555,7.0154779393693065,7.015456101118177,12.468014517525528
d:51:1.5641051922354308,7.0154702587452915,7.015464765980236,12.466829832490097
d:52:1.5645463737176915,7.015483364234514,7.01545671879609,12.466393709312912
d:53:1.5652900952615703,7.015486418859202,7.015459426961589,12.46565575055922
d:54:1.5633847460799721,7.015470136595401,7.015456482694577,12.467541873210006
d:55:1.562967147660343,7.015467794718983,7.015461811728403,12.467962458787044
d:56:1.5633079262893546,7.015477151190502,7.015452597056393,12.46762182195754
d:57:1.563980223427519,7.015466997298933,7.015461342616769,12.466948116488183
d:58:1.5626971487669987,7.015469508206483,7.015456320643603,12.468228680083087
d:59:1.5634160470582703,7.0154779393693065,7.015454348159633,12.467516240470669
d:60:1.5633910494879224,7.015486097081248,7.01545441004835,12.467549457641676
d:61:1.5625635289617659,7.015477151190502,7.015451890597099,12.468365512825835
d:62:1.5624966096526283,7.015487841404079,7.015457105175374,12.468448336926825
d:63:1.5638020175651732,7.015477151190502,7.015455333260322,12.46713046688565
d:64:1.5633735106273576,7.015483364234514,7.01545436174873,12.467564215355885
d:65:1.5633918669556,7.015470136595401,7.015462241206662,12.467540510846463
d:66:1.5623441464670869,7.015473419163497,7.015456481509907,12.468585754206316
d:67:1.562385959360718,7.015472552439746,7.015462016766811,12.46854860984584
d:68:1.5621899408549815,7.015469508206483,7.015465651674685,12.468745219026186
d:69:1.5635840528011542,7.015473419163497,7.015459431320375,12.467348797682718
d:70:1.562640141160463,7.015495892806445,7.015463234146633,12.468318985792616
d:71:1.5630746649068357,7.015486097081248,7.015458327539652,12.467869759714064
d:72:1.5617230960064976,7.015477151190502,7.015458943370086,12.46921299855409
d:73:1.5616869566463656,7.015494948967669,7.015464520107595,12.469272512428898
d:74:1.5633680934348781,7.015483747030206,7.015460495784921,12.46757614938025
d:75:1.5613818313203573,7.01549325411687,7.0154622373942725,12.469573660190786
d:76:1.5611098351607406,7.015500611999173,7.01546684368385,12.469857620522282
d:77:1.563470019959853,7.015501539943367,7.015467364603696,12.46749888458721
d:78:1.561128491451509,7.015501148648519,7.015468179275803,12.469840836472812
d:79:1.5621278015630828,7.015500611999173,7.015467260090972,12.468840070527062
d:80:1.56151757592807,7.0154705804246635,7.015466074561377,12.46941907905797
d:81:1.5605284319681871,7.015484145181675,7.015462333807257,12.470418047020745
d:82:1.5622198811486676,7.015473419163497,7.015466496845638,12.468720034860468
d:83:1.5621728396729022,7.015477151190502,7.015468791944645,12.468773103462246
d:84:1.561590357062972,7.015477151190502,7.015470415070882,12.469357209198412
d:85:1.5621318268771045,7.015500611999173,7.01546804877209,12.468836833894159
d:86:1.5610451512715855,7.015499485489618,7.015466849737611,12.469921183955645
d:87:1.561654510366509,7.015495892806445,7.015465192984644,12.46930657542458
d:88:1.5613993996046656,7.01548758201565,7.0154604865204835,12.469548668931468
d:89:1.5607766038792192,7.0154955275144255,7.015461117531047,12.470180041166254
d:90:1.5611822474851067,7.015500651551355,7.015470393737521,12.46978879780377
d:91:1.5610171053030957,7.015490096661019,7.015462467752995,12.46993545911092
d:92:1.5603946289853141,7.015496080903981,7.015461492440977,12.470562944359644
d:93:1.5607297981695805,7.015487841404079,7.015462729845859,12.470220773080358
d:94:1.5619813957977442,7.015494448025249,7.015463085104595,12.468976137332099
d:95:1.5619420520396492,7.015500611999173,7.015465995207761,12.469024555167286
d:96:1.5602236403472123,7.015500651551355,7.0154676330602035,12.470744644264347
d:97:1.5614293137630728,7.015500712425374,7.0154684851491025,12.469539883811404
d:98:1.5618410629901849,7.015494448025249,7.015464677616181,12.469118062651246
d:99:1.5609510609877475,7.01549325411687,7.0154642169982075,12.47000641012733
d:100:1.560475416661749,7.015500611999173,7.015466434721275,12.4704916300587
d:101:1.561265239980207,7.015505330779354,7.015474036033269,12.469714126832416
d:102:1.560680016684758,7.015487841404079,7.015472781255521,12.47028060597484
d:103:1.5617544442444782,7.015495053181183,7.015467891445666,12.46920850038237
d:104:1.560674101540334,7.015510030054421,7.015487373724184,12.470323302238272
d:105:1.56136261648499,7.015495892806445,7.015470141364423,12.469603417685878
d:106:1.5610354369391342,7.015514703806278,7.015489198905707,12.46996846577285
d:107:1.5610986455807438,7.01548758201565,7.015466949212609,12.469855885647515
d:108:1.5603978834786485,7.015495275231403,7.015464805188626,12.47056219694138
d:109:1.5611252763277736,7.015499581238704,7.015465878388194,12.469840183299125
d:110:1.559374352843001,7.01550318971858,7.015469671107508,12.471598507983087
d:111:1.5614575035130827,7.015503854142531,7.0154686211508945,12.469514971780342
d:112:1.5601371423724686,7.015501618841885,7.015464550466448,12.470829026935863
d:113:1.561246387441571,7.015506944587863,7.015471914082993,12.469732471229285
d:114:1.5603337622453903,7.015508135882624,7.015466747551576,12.47064112118881
d:115:1.5613960871328043,7.0155107982528095,7.015489730093818,12.469604441213823
d:116:1.5609336821001172,7.01550569514255,7.015469948848862,12.470041961891294
d:117:1.5606249686667883,7.015506944587863,7.015467901616148,12.470349877537222
d:118:1.560120529322198,7.015514703806278,7.015475405601448,12.470869580085527
d:119:1.5615630525011657,7.015496533042429,7.015469009954962,12.469402490496224
d:120:1.5600014883974875,7.015500651551355,7.015460539593239,12.470959702747107
d:121:1.5600762836466302,7.01550984418994,7.015464223371784,12.470897783915094
d:122:1.561817392992909,7.015514856951322,7.015471772606851,12.469169236565264
d:123:1.5595156241376245,7.015513182807109,7.015467351973107,12.471464910642592
d:124:1.5607269431155135,7.015500797599852,7.015461227644443,12.470235082128783
d:125:1.5606836535355697,7.0155146962944235,7.015473507246247,12.4703045500051
d:126:1.5600458097942766,7.0155146103787756,7.0154706439495875,12.470939444534087
d:127:1.5598508522150194,7.0155011421895,7.0154546371963,12.47110492717078
d:128:1.5605912417408643,7.015500651551355,7.015457443186184,12.470366852996674
d:129:1.5595843830823313,7.0155107982528095,7.015471858294804,12.471398273465283
d:130:1.5598669519277557,7.015510030054421,7.015463067579486,12.471106145706152
d:131:1.56004383679244,7.015510466003944,7.01547202295048,12.470938652161983
d:132:1.5590176844084453,7.015501148648519,7.015458774121934,12.471942238362008
d:133:1.5596485470144188,7.0155104928174,7.01547955598199,12.471341501784972
d:134:1.5601002565613609,7.015515178914751,7.01546673695061,12.470881659304
d:135:1.5598117370173075,7.015513182807109,7.015465759825705,12.471167205615506
d:136:1.5589837712378927,7.015514703806278,7.015466296917328,12.471997229485714
d:137:1.5600120917314264,7.0155146962944235,7.015470223451729,12.470972828014727
d:138:1.559305924182663,7.0155107982528095,7.015471059582536,12.471675933652683
d:139:1.5608350571469778,7.015512479162191,7.015469992527387,12.4701474145426
d:140:1.5587650651018379,7.015510030054421,7.015464632672396,12.472209597624978
d:141:1.5602952854327103,7.015500067851686,7.015462379810495,12.470667162229471
d:142:1.5602434419037365,7.015512792137533,7.015483689610499,12.470753039844295
d:143:1.559982615893901,7.015501148648519,7.015469002631895,12.470987535386513
d:144:1.5605709689092127,7.015500651551355,7.015461287844651,12.470390970486795
d:145:1.561252299314937,7.015518575322548,7.015493811441736,12.469760087449348
d:146:1.5592738732798672,7.015511464202787,7.015468176690976,12.471705767613896
d:147:1.5596774655000338,7.0155146103787756,7.0154666682113245,12.471303813090067
d:148:1.5593387171861544,7.015503854142531,7.015461386671171,12.471626523627547
d:149:1.5592555683562956,7.0155146962944235,7.015466873082962,12.47172600102109
d:150:1.560379749279445,7.015507796589449,7.015464677319165,12.470592724629169
d:151:1.5598025814934804,7.015512792137533,7.015478493311092,12.471188703955145
d:152:1.5590344755694918,7.0155147218776595,7.015466508828573,12.47194675513674
d:153:1.5604085191749686,7.015516301408442,7.015488135430238,12.470595917663712
d:154:1.559175907273696,7.0155146103787756,7.015466576332598,12.471805279437676
d:155:1.558261552553354,7.015509681260793,7.015467783490612,12.472715912198051
d:156:1.56061300021525,7.015528593681723,7.01549789745975,12.470413490926223
d:157:1.5602404192995891,7.0155201303174906,7.01549468073639,12.470774391754292
d:158:1.558633996599049,7.01552420931578,7.0154982263022845,12.472388439019015
d:159:1.5592373676725408,7.015514703806278,7.015466058788066,12.471743394921802
d:160:1.5602367160155026,7.015500651551355,7.015465268449502,12.470729203985353
d:161:1.5593517321794952,7.0155301716975575,7.015497656591587,12.471676096109649
d:162:1.5589083713123113,7.015508135882624,7.015460851720604,12.472060616290916
d:163:1.5587886807800544,7.015510561547005,7.015467336284861,12.472189217051813
d:164:1.5598556981210763,7.015500949944408,7.0154665456587475,12.471111797482079
d:165:1.5598879416203637,7.015519003798122,7.015492985833437,12.471124048011195
d:166:1.559532201280474,7.015514073546038,7.015476730350457,12.471458602616021
d:167:1.5592658393837677,7.0155144764649995,7.015471714096483,12.471720351177714
d:168:1.5589426368606834,7.015514343779358,7.015478779738061,12.472050486656736
d:169:1.5590227589766634,7.015520149387638,7.015491998283499,12.471989388694475
d:170:1.5597485007579959,7.015530679568408,7.015501101543159,12.471283280353571
d:171:1.5599792222971285,7.015508135882624,7.015469163646807,12.470998077232302
d:172:1.5584089329723128,7.0155107982528095,7.015465363694995,12.472567228975493
d:173:1.5601268936753776,7.015514998173622,7.015476582148892,12.470864686647136
d:174:1.558291502733189,7.015528593681723,7.015494434664803,12.472731525613337
d:175:1.5594436222780086,7.015531291950133,7.0155017114282945,12.471589381100419
d:176:1.559661096364188,7.01550984418994,7.0154621598286795,12.47131090765443
d:177:1.5600496397701953,7.015514703806278,7.015463949751618,12.4709290137877
d:178:1.5590979818212674,7.015514856951322,7.0154628163797685,12.471879691509823
d:179:1.558870049426483,7.015508797944015,7.015463818082337,12.47210256659987
d:180:1.5584726808848668,7.015531291950133,7.015502473644247,12.472561084709513
d:181:1.5591486093543168,7.015520192874211,7.01548900488239,12.471860588402285
d:182:1.559506852520519,7.015510030054421,7.0154652131929405,12.471468390726843
d:183:1.558388161710523,7.015516187293704,7.015477220238027,12.472605245821208
d:184:1.5589930215100765,7.0155301716975575,7.0154975889732745,12.472034739160755
d:185:1.5600673300836334,7.01553069076751,7.015500283155615,12.470963643839491
d:186:1.5587702993336752,7.015523309418243,7.015485815207866,12.472238825292434
d:187:1.5597993688477985,7.015511239986585,7.015463190260525,12.471175061399311
d:188:1.5575984179127431,7.015528593681723,7.015491146631905,12.473421322400885
d:189:1.5590922122779958,7.015531291950133,7.015497189352349,12.471936269024486
d:190:1.5598059304260659,7.015529163304364,7.0154972423876325,12.47122047526593
d:191:1.5581478402040343,7.015516187293704,7.015464534084171,12.472832881173842
d:192:1.559255344742466,7.015530492986805,7.0154921600444045,12.471767308288744
d:193:1.5599679470587002,7.015529737399967,7.015498304816793,12.47106009515806
d:194:1.558769149953175,7.015530492986805,7.015491510936762,12.472252853970392
d:195:1.5584620048956292,7.015515007142444,7.015461548423573,12.472514550670388
d:196:1.5593862014065714,7.0155301716975575,7.015485244779285,12.471629215070271
d:197:1.5575053760308712,7.015521043074672,7.01547341800093,12.473489085044731
d:198:1.5601705020195293,7.0155146103787756,7.015453669368198,12.470797777727444
d:199:1.5583900660666181,7.015514266049862,7.015457630457666,12.472581830440909
d:200:1.559580350984616,7.0155116829785715,7.01545475703508,12.471386089029036
d:201:1.5584124737140357,7.015531560157022,7.015489384230952,12.472608470673938
d:202:1.558197793794827,7.015529043699472,7.015493003698552,12.472824253603198
d:203:1.559005634855943,7.015528947405101,7.015483086410376,12.472006398959534
d:204:1.5595958260830045,7.015514703806278,7.015457818543083,12.471376696266356
d:205:1.5585655565173244,7.015513182807109,7.015452571401762,12.472400197691547
d:206:1.5579944249272515,7.015530059086704,7.015476956891364,12.473012591050816
d:207:1.559965429539302,7.015529762346279,7.015482541924701,12.471046874731678
d:208:1.5583128651254867,7.015528593681723,7.015466715889819,12.472682444446056
d:209:1.5596556715816199,7.015530562258931,7.015484948131083,12.471359838808393
d:210:1.5587676686491871,7.015531291950133,7.015478678359846,12.472242301660792
d:211:1.558784001994919,7.015512479162191,7.015452345393972,12.472180822561244
d:212:1.5581201818086985,7.015535756694708,7.015497837008915,12.472913411894924
d:213:1.5590986215467542,7.015530362703519,7.015467780391257,12.471899521548021
d:214:1.5585406598962805,7.015531164953656,7.01547087670636,12.472461381763736
d:215:1.5593826886353899,7.0155107982528095,7.0154521641384715,12.471580273755892
d:216:1.5572661495997178,7.015511156031625,7.015447141722414,12.473692148154322
d:217:1.5593766783266982,7.0155268878837695,7.01548617048555,12.471636380042622
d:218:1.5571643012701397,7.015530562258931,7.015484177947868,12.47385043893666
d:219:1.5598271341758636,7.015516187293704,7.015454503717791,12.471143556835631
d:220:1.558691294872256,7.015519003798122,7.0154524400640135,12.47228014898988
d:221:1.558319716624787,7.015529823690298,7.0154895462157505,12.47269965328126
d:222:1.5590565504876963,7.015530190943897,7.015488519200827,12.471962159657028
d:223:1.5572299430037937,7.015518334837786,7.015453081735694,12.473741473569685
d:224:1.5584467890106435,7.015514343779358,7.015446410759284,12.472513965528
d:225:1.5588173939567724,7.015531291950133,7.015476913019001,12.47219081101236
d:226:1.5591170846231268,7.01552367862332,7.015453180602779,12.471859774602972
d:227:1.5589697153427586,7.015528852172409,7.015480569041245,12.472039705870895
d:228:1.5572517833118926,7.015523309418243,7.015450582440604,12.473722108546953
d:229:1.5599085423566432,7.015530553634859,7.015463941325301,12.471085952603516
d:230:1.5574429592020813,7.015534995776592,7.015493696952264,12.473585733526775
d:231:1.559328947315766,7.01553943232464,7.015498251906876,12.47170873691575
d:232:1.5590432113840347,7.015528593681723,7.015452301430048,12.471937683727736
d:233:1.557544894824611,7.015515537742987,7.015445369763927,12.473416012682302
d:234:1.5586355426750949,7.015528593681723,7.015453040731438,12.472346091738066
d:235:1.5581367358106597,7.01553943232464,7.015496994562485,12.472899691076465
d:236:1.558183592730165,7.015538649566862,7.015498396475499,12.472853453312196
d:237:1.557621292912474,7.01552420931578,7.015452862837604,12.47335577924091
d:238:1.5584995725075022,7.015512792137533,7.015457308481289,12.47247052811132
d:239:1.5583559610993962,7.0155201303174906,7.015447376559234,12.472611545777328
d:240:1.5580178381649912,7.015529478133883,7.015486552777738,12.47299819274663
d:241:1.5594589333707418,7.01553361206891,7.015482290837227,12.471556969535396
d:242:1.5578354234769396,7.015537261661852,7.015495023227182,12.473196861412095
d:243:1.556673782070904,7.015531291950133,7.015470616570849,12.474328126450077
d:244:1.5591162514856247,7.015527336142924,7.015462824608094,12.471873909265392
d:245:1.5585527146972833,7.01553000013751,7.015487375421607,12.472464660861833
d:246:1.557518917260925,7.015529152656695,7.015459845696465,12.473470081092234
d:247:1.5579708705388402,7.015529163304364,7.015460692700763,12.473018985466286
d:248:1.5586017372638654,7.015532102137252,7.015486495295786,12.472416860169172
d:249:1.5587605389566104,7.015530211101914,7.015464405924733,12.472234078070036
d:250:1.557381777690166,7.015531291950133,7.015465688620588,12.473615202880554
d:251:1.5590620865821254,7.015534742145656,7.015493229660026,12.471965885223556
d:252:1.5574757987197998,7.015531291950133,7.015462817640494,12.473518310870826
d:253:1.558670840280083,7.015529027738477,7.015457950023877,12.47231613748227
d:254:1.5583783258069968,7.01553000013751,7.0154872263989505,12.472638900729462
d:255:1.5566861057793417,7.015530679568408,7.015456081977553,12.47430065576662
d:256:1.5587880592157735,7.015522078001954,7.015449036573517,12.472183055359698
d:257:1.5582318186694195,7.015528754903102,7.015463384064903,12.472760320298585
d:258:1.556304592321247,7.0155336567124325,7.015496662574346,12.47472572696553
d:259:1.5582975600068334,7.015535735329786,7.015488675333314,12.472726850656267
d:260:1.5587434317297362,7.0155348835122995,7.015496046226772,12.472287498009335
d:261:1.5571746153855557,7.015528593681723,7.015451981005493,12.47380595930166
d:262:1.5588504665649303,7.015535026013516,7.015497431989125,12.472181991437711
d:263:1.5586199097217204,7.015534886036129,7.015502362272798,12.472417338587206
d:264:1.5572524144914937,7.015519003798122,7.0154510482734205,12.473717637580048
d:265:1.5585135792318034,7.015535756694708,7.015488679120785,12.472510856583689
d:266:1.5579116745133934,7.015530562258931,7.015475627823765,12.473094515569302
d:267:1.5576173803047109,7.01553104218473,7.015485687168687,12.473399349048707
d:268:1.5588827226566266,7.015535818015223,7.015505609536248,12.472158704894845
d:269:1.5581556287956122,7.015530404951271,7.015477091062967,12.472851867218624
d:270:1.5582699931602537,7.015531291950133,7.015459496922921,12.472720795712801
d:271:1.5579258165869696,7.015530404951271,7.015475520177442,12.473080108541744
d:272:1.558606679593371,7.015535818015223,7.015503932484719,12.472433070906572
d:273:1.5576042758428041,7.015532224502918,7.015479774698793,12.473407723358907
d:274:1.5578408305794955,7.015530492986805,7.015461772904217,12.473151435311527
d:275:1.5568611375369201,7.015530844122168,7.015482029939705,12.474151736524952
d:276:1.5586359803639454,7.015535675156304,7.015498028318503,12.472397723110863
d:277:1.5580013906894798,7.015529448431861,7.01548152728179,12.473009585024172
d:278:1.556812859281628,7.015527275248076,7.01546106882971,12.47417548479616
d:279:1.560004137467505,7.015529752544247,7.0154752449018964,12.471000859978638
d:280:1.5574974093332354,7.015535818015223,7.015498625667228,12.473537034349215
d:281:1.5584666801523337,7.015528852172409,7.015459490830655,12.47252166285073
d:282:1.558325452894314,7.015528593681723,7.015451234004057,12.472654374791466
d:283:1.5572633351459668,7.0155301716975575,7.015449500314103,12.473716336865694
d:284:1.5577451066456796,7.015531686121584,7.015472796234355,12.47325937571026
d:285:1.5581719610500642,7.015544253608181,7.015495619429144,12.472867911987262
d:286:1.5586185921317508,7.015537261661852,7.015485794275159,12.472404463805262
d:287:1.556864070942252,7.01553000013751,7.015482734336999,12.474148663532256
d:288:1.5581325771633718,7.015537409178113,7.015485313536427,12.472890145551167
d:289:1.558308528787176,7.015542608188222,7.015499384783364,12.472733464184412
d:290:1.5569101348025836,7.015535756694708,7.015478110652152,12.474103732544277
d:291:1.557814380225441,7.015530492986805,7.015451046481505,12.47316715924287
d:292:1.5575382101194588,7.015528754903102,7.015452578251018,12.473443123034661
d:293:1.5588345348416315,7.015528895458454,7.01546744360896,12.472161804225783
d:294:1.5574973477061231,7.015538211342323,7.015497637735272,12.47353850137147
d:295:1.557122296881296,7.015529752544247,7.015461264538869,12.473868720201821
d:296:1.5592820471333084,7.01553069076751,7.015448118173286,12.471696761807488
d:297:1.5561467239316027,7.015530362703519,7.015446650536183,12.4748302893081
d:298:1.558114722956189,7.015532163952623,7.015449592257594,12.472867033254028
d:299:1.5570998937122624,7.015535319814051,7.015485630864971,12.47392105696676
d:300:1.5576338250639221,7.015531291950133,7.015444543102498,12.473342009988707
d:301:1.557837517283085,7.015544917826663,7.015497153956916,12.473204554500494
d:302:1.5571747601414625,7.015539745058853,7.015494916238741,12.473859901156132
d:303:1.5573745137696058,7.015548799005345,7.015501502049708,12.473675787285448
d:304:1.55754555441745,7.015530562258931,7.015448747025455,12.473433754866937
d:305:1.5577635396131466,7.015541341216808,7.015495564392295,12.473273365995956
d:306:1.5572253154358542,7.015532183198019,7.015469499081802,12.473776366843968
d:307:1.5586121091357796,7.015531381188544,7.015453036004634,12.472372308057398
d:308:1.5581712521099575,7.015530562258931,7.015450365719488,12.472809675868461
d:309:1.5575743439287777,7.015536924977614,7.015476873079073,12.47343945412791
d:310:1.5578357788222341,7.015544090011032,7.015492939298119,12.473201250486916
d:311:1.5568502879064283,7.015528895458454,7.01545583172227,12.474134439274295
d:312:1.5583412669915777,7.015547202303456,7.015509058107242,12.472714993419121
d:313:1.556674429288833,7.015545851528641,7.015493877286062,12.47436529952587
d:314:1.5586330233174515,7.015547980103267,7.015501144464665,12.47241610125048
d:315:1.5578562759730374,7.015531291950133,7.015447619155365,12.47312263513246
d:316:1.5584682531611307,7.015536345550503,7.015481933561376,12.47255002595075
d:317:1.5573225653447622,7.01554509439239,7.015511410348656,12.473733939396284
d:318:1.5582420632748928,7.015542829638993,7.015498378932953,12.472799145297053
d:319:1.5575383827516998,7.0155336567124325,7.015484975637143,12.473480249597875
d:320:1.5573117759228037,7.015535818015223,7.0154850597506275,12.473709101843047
d:321:1.5587531561874322,7.015542380667736,7.015498334653587,12.47228755913389
d:322:1.5564636926761732,7.015540663720186,7.015513296576131,12.474590267620144
d:323:1.558338851818874,7.015532772280679,7.015481190953319,12.472675111415125
d:324:1.558452875621125,7.015531291950133,7.015442686782461,12.472521103111468
d:325:1.558054491127928,7.015547980103267,7.015495063628909,12.472988552604248
d:326:1.5584386742297252,7.015544917826663,7.015492228839713,12.47259847243665
d:327:1.5580722819803121,7.015544841565149,7.0154968341500235,12.47296939373486
d:328:1.5574587824995785,7.015529152656695,7.015448810515622,12.473519180672739
d:329:1.5573925645431608,7.01553943232464,7.015476273778233,12.473623141559711
d:330:1.5574222022343953,7.01554920260079,7.015501996314517,12.473628996680912
d:331:1.5576002983378832,7.015536447776563,7.015484088551433,12.473420237990114
d:332:1.5575874826854612,7.015535756694708,7.015462385865779,12.473410659875025
d:333:1.5585202540616443,7.015530190943897,7.01545419230805,12.472464129190303
d:334:1.5572772456524024,7.015531751379646,7.0154551148322,12.473709620559443
d:335:1.5572025352575292,7.015535818015223,7.015485762659761,12.473819045417455
d:336:1.5575270066182103,7.015548892177214,7.015501040077595,12.4735229256366
d:337:1.5585599815817783,7.015530703307225,7.015459813582304,12.47243053530775
d:338:1.5565753999757508,7.015547202303456,7.015509178188093,12.474480980515798
d:339:1.5562731372284375,7.015542829638993,7.015495733174672,12.474765425585227
d:340:1.5588062706690557,7.015535818015223,7.015490144186731,12.4722196915329
d:341:1.5574490521488134,7.0155336567124325,7.015490454267719,12.473575058831338
d:342:1.5570749167764362,7.015544253608181,7.01549844923055,12.473967786062294
d:343:1.5577127102339965,7.015546365862623,7.015503722311782,12.473337377940409
d:344:1.5568554112523927,7.015529815685626,7.0154565744305435,12.474130978863776
d:345:1.5567456508959925,7.015544432175249,7.015500654355543,12.4742994356348
d:346:1.5586899915514554,7.015536351382287,7.01546624024171,12.472312600072541
d:347:1.556721850903262,7.015529577575919,7.015455226242734,12.474262952915392
d:348:1.5570183328004887,7.015542931442285,7.015514432467366,12.474039031109163
d:349:1.5586982148183282,7.015541863436078,7.015511657501125,12.472355306118875
d:350:1.5559313952249383,7.015530286582855,7.015518967596366,12.475117858954283
d:351:1.5584513138553202,7.015534550339552,7.015456057153854,12.472539293638086
d:352:1.5568753896008367,7.015539745058853,7.015495313713474,12.474159669171492
d:353:1.5578704420562044,7.015527275248076,7.015456153557247,12.47311298674912
d:354:1.557767412837638,7.0155450804966035,7.01550032537822,12.473277993037186
d:355:1.556514333082193,7.015535151503812,7.015471686550846,12.474492504972465
d:356:1.556736439900547,7.01553104218473,7.01544797169275,12.474242573976934
d:357:1.5586730280673642,7.015530045033811,7.015456244658025,12.472313261624471
d:358:1.5561803472716207,7.0155328485017385,7.015447747009285,12.474800248239402
d:359:1.557516832614814,7.015536924977614,7.015451561796633,12.473471654159432
d:360:1.55681748626621,7.015544253608181,7.015485769121066,12.474212536463037
d:361:1.557255304016122,7.01554253613756,7.01550956755232,12.473796799673758
d:362:1.5581016363038263,7.015531867097997,7.015472185287051,12.472902416081222
d:363:1.55725709841664,7.015536657160178,7.015515249185448,12.473794807928986
d:364:1.5577902916082706,7.015544917826663,7.0154962029831625,12.473250829201554
d:365:1.5560639055401637,7.015538523316753,7.015480605085767,12.474955222862356
d:366:1.5578435384643292,7.015536090865347,7.015462662900586,12.473155215301604
d:367:1.557170355460343,7.015536345550503,7.015463695006437,12.473829685096597
d:368:1.5569399696625599,7.015535675156304,7.015481573803937,12.474077279297681
d:369:1.557390686105041,7.0155474435433325,7.0154985449191996,12.473655302357491
d:370:1.5567044327098944,7.015530286582855,7.015515026907902,12.474340880780863
d:371:1.5577513716066242,7.015535319814051,7.01547028709205,12.473254235299477
d:372:1.5576194455625245,7.015542282394255,7.015508620677985,12.473431457509715
d:373:1.5560022927505681,7.015544253608181,7.015486508593447,12.47502846945106
d:374:1.5576704751799237,7.015532183198019,7.015448014599512,12.473309722617607
d:375:1.5573953167257848,7.015525564165219,7.015514688755273,12.473644936194706
d:376:1.5567476027009217,7.015536516498402,7.015511858005378,12.474300771802858
d:377:1.5561361270688554,7.015534366223852,7.0155106246465735,12.47490886380157
d:378:1.5589142289019282,7.015527576107595,7.01551284272726,12.472126189932927
d:379:1.557162117014851,7.015532183198019,7.015444965415423,12.47381503159859
d:380:1.5571016858223103,7.015544253608181,7.015482740509571,12.473925308295442
d:381:1.5583072286636028,7.015542282394255,7.015500679628657,12.47273573335931
d:382:1.5567723165637677,7.015532539886171,7.015451803676386,12.47421202699879
d:383:1.5560667349765147,7.015535901865069,7.015500911761876,12.47497007865043
d:384:1.557968797518006,7.015539745058853,7.015479924098428,12.473050871639275
d:385:1.5567649331650255,7.01553943232464,7.015445454958917,12.474219954118531
d:386:1.5568607382866588,7.015520310205786,7.015508958696487,12.474168530615614
d:387:1.5585744476808596,7.015521665349686,7.015509542972054,12.47245676064088
d:388:1.5579637243940176,7.015521601413993,7.015509795854613,12.473067672874588
d:389:1.5565213417724237,7.015530675367857,7.015446506854742,12.474455840450176
d:390:1.5568754578255533,7.0155348835122995,7.01544690228567,12.474106327972416
d:391:1.5560391871729937,7.015544432175249,7.015482466132291,12.474987711134547
d:392:1.5576672623854524,7.015525365157288,7.015505419541443,12.473363522313278
d:393:1.557696357713981,7.015535026013516,7.015452055650368,12.473290723949903
d:394:1.556581969936719,7.015530286582855,7.015492909552045,12.47444122619818
d:395:1.5582369865610364,7.015544123344571,7.015473766885151,12.472780903668687
d:396:1.5564880150035307,7.015532183198019,7.015435231106418,12.474479399300906
d:397:1.557231887372435,7.015527576107595,7.015502252521865,12.473797941257025
d:398:1.5565488533784642,7.015543971020995,7.015487372446608,12.47448249008914
d:399:1.5561222279675082,7.015540663720186,7.015482417157819,12.474900852910496
d:400:1.5570593639751653,7.015540466562868,7.015485046389609,12.473966148977311
d:401:1.5566864275669392,7.015536663101464,7.0154928418793805,12.474343077413906
d:402:1.556397022154556,7.01551817449067,7.015505315495698,12.474626467831811
d:403:1.5576029665403812,7.015539520031032,7.015437987922583,12.473374541413234
d:404:1.5567242103529875,7.015548799005345,7.015477183813363,12.47430177246572
d:405:1.5579034297953154,7.015519911410391,7.0155042861105725,12.473120767725648
d:406:1.556000543058099,7.0155448534278495,7.015468728957865,12.475013039327616
d:407:1.5573560189972362,7.015517463271032,7.015502502203628,12.473663946477423
d:408:1.5574122857734132,7.015547202303456,7.015487223233494,12.473622139763538
d:409:1.5558977422936522,7.015535786982669,7.015448288705952,12.47508633339497
d:410:1.5566461069065358,7.01553000013751,7.015441281722169,12.474325174953142
d:411:1.5581557357890397,7.015516720650918,7.015502189157124,12.472863174019004
d:412:1.5567464437108711,7.015521665349686,7.0154995615808575,12.474274783219673
d:413:1.5554020821740409,7.015520840253657,7.015499716442924,12.475618474522541
d:414:1.5565757833272134,7.015518671782491,7.015498354436426,12.474441242891704
d:415:1.5574384714143132,7.015535756694708,7.015439228742112,12.473536514022507
d:416:1.556069682815675,7.015538595489762,7.015452552474986,12.474921465149073
d:417:1.5563483795373934,7.015540663720186,7.015482024916633,12.474674309099425
d:418:1.556789280352822,7.015516510937795,7.01549828181465,12.474225512399622
d:419:1.5556126927962097,7.015544008289849,7.015465007409565,12.475396322903205
d:420:1.555879604659772,7.015516048841316,7.015500279210207,12.475136723391751
d:421:1.5585709757678003,7.015548799005345,7.015472176781292,12.472450000018837
d:422:1.5552478689147495,7.015536831250583,7.015435952534645,12.475724914870478
d:423:1.5569853779562397,7.015526295134644,7.015497112260461,12.474038029438866
d:424:1.5562492339647136,7.015542076090009,7.015483390475397,12.474776232600693
d:425:1.5555038123085936,7.015544432175249,7.015469641538636,12.47551026140529
d:426:1.5562942390217938,7.015542829638993,7.0154528833010135,12.474701473918213
d:427:1.5574241015926784,7.015541341216808,7.015445374957099,12.473562614581228
d:428:1.5567917320734725,7.015542380667736,7.015456689319947,12.47420733791421
d:429:1.556567928557314,7.015545851528641,7.015469604310302,12.47444752728163
d:430:1.5575129426710532,7.015541863436078,7.0154804469616865,12.473509367726711
d:431:1.5561988513744893,7.015522179608265,7.015500036753695,12.47482336498747
d:432:1.5555664387112724,7.015537409178113,7.01543216294816,12.475403133415002
d:433:1.556367982900671,7.015546073325704,7.015471304312855,12.474649394737888
d:434:1.5582277473270363,7.015514448055994,7.015495569157776,12.472782269886734
d:435:1.556353632841546,7.015544432175249,7.015466180608899,12.474656979942601
d:436:1.557282323373327,7.015508475387496,7.015499485730882,12.473725637745051
d:437:1.5567691976298832,7.015540663720186,7.015478909936472,12.474250376026774
d:438:1.5560425436595704,7.015538523316753,7.015435009227824,12.474930988885006
d:439:1.5579043406538347,7.01550636981328,7.015499525993925,12.47310155515337
d:440:1.5570631684396403,7.015526681865648,7.015486125541584,12.473949638967593
d:441:1.5562088670711223,7.015543346229759,7.015480769387333,12.47481524854597
d:442:1.556814026398193,7.015547202303456,7.015471492864557,12.47420466876982
d:443:1.5562244173299025,7.015547517633029,7.015467094523291,12.474790194826417
d:444:1.5564152978425874,7.015547202303456,7.015469327092115,12.474601231552985
d:445:1.5572630508602145,7.015543346229759,7.015480587933412,12.473760883302957
d:446:1.5574615754421117,7.015526681865648,7.01548409515509,12.473549201578626
d:447:1.5571511301308618,7.01550636981328,7.015498152176455,12.473853391858873
d:448:1.5557801252416947,7.015535818015223,7.015427064762914,12.475182757536443
d:449:1.5566139968572408,7.015545371781545,7.0154695722747515,12.474400947199054
d:450:1.555908832532662,7.015512778921591,7.015495649792894,12.475099596181824
d:451:1.5569648173273372,7.015543546345923,7.015439327627494,12.47401805664608
d:452:1.5562157249052238,7.015521330457617,7.015491202075106,12.4747968076275
d:453:1.5559978446774654,7.015539745058853,7.015445649339623,12.47498754972101
d:454:1.5563064582787423,7.015507020165426,7.015497162676445,12.474697724563129
d:455:1.5575617974838387,7.015543346229759,7.015476605952917,12.473458154698836
d:456:1.55547542777345,7.015544253608181,7.015433253341325,12.475502079176055
d:457:1.5572425188856407,7.0155116521044585,7.015496052668193,12.47376518588701
d:458:1.5564975716079559,7.015517087520311,7.015499619420768,12.474519135333123
d:459:1.5565745724410522,7.015527576107595,7.015484872124076,12.474437875790619
d:460:1.5559118013312894,7.015536516498402,7.015480806342897,12.47510552151001
d:461:1.556330391245158,7.015544626143811,7.015481534725732,12.474695769624386
d:462:1.5561982133387016,7.015536657160178,7.015481741222127,12.474820185043603
d:463:1.5563241706386677,7.015525024010919,7.015483163227932,12.474684016600182
d:464:1.5563784466943318,7.015518284294697,7.01549889203302,12.474638729633385
d:465:1.5566009794754319,7.015515919501343,7.0154995532916145,12.474414493317527
d:466:1.556412874525165,7.015538523316753,7.015432794460742,12.47455844325233
d:467:1.5551974588448445,7.015546403726239,7.015467048915877,12.475815993797271
d:468:1.5583509207193913,7.015518671782491,7.015498175350186,12.472665926413285
d:469:1.5552488994221996,7.015535818015223,7.01543803235865,12.475724950951673
d:470:1.5566453147606492,7.015536516498402,7.015484472923518,12.474375674661271
d:471:1.5561731745855276,7.015516923553258,7.015509304372316,12.474853053340045
d:472:1.5562538099336312,7.015536516498402,7.015485788741093,12.474768495305865
d:473:1.557184833238857,7.0155336567124325,7.01544022664661,12.473789050120185
d:474:1.555884970049572,7.015518671782491,7.015494397480919,12.475128099213837
d:475:1.5571514826296475,7.015548935747545,7.01547115503763,12.473868608155527
d:476:1.5571497107769954,7.015535818015223,7.0154395521593225,12.47382565939755
d:477:1.556988066840205,7.015514664849027,7.015500173731307,12.474026771740128
d:478:1.5561933002837272,7.015519577484143,7.015489152987952,12.474815430188368
d:479:1.55695677103256,7.01553003755648,7.015483402579374,12.474056669103295
d:480:1.5563327963706026,7.015540466562868,7.0154672931064175,12.474674963298684
d:481:1.5563035257666744,7.015547202303456,7.015468968222177,12.47471264475896
d:482:1.5560532035796584,7.015550615955375,7.015462468421263,12.47495988079698
d:483:1.5570285544128524,7.015540663720186,7.015466744276009,12.473978853583343
d:484:1.557539140737827,7.015536657160178,7.015476971661056,12.473474488083408
d:485:1.5560881369513755,7.015521601413993,7.015481414397144,12.474914878859762
d:486:1.5568781531506346,7.0155111363304705,7.015496625019379,12.474129608199215
d:487:1.5562438995216308,7.015525179244959,7.015505192981849,12.474786472705178
d:488:1.555226832975162,7.015544685857662,7.015442373686097,12.475760226568598
d:489:1.5557601025726555,7.015526295134644,7.0154766533364326,12.475242845898421
d:490:1.5561719549618775,7.015518694382545,7.0154950879767775,12.474841827397446
d:491:1.5569434394843853,7.015546073325704,7.015457364512652,12.47405999835397
d:492:1.5562628057573278,7.015505424993636,7.015491554847556,12.474734174083864
d:493:1.5567965056430175,7.015544432175249,7.015430260336981,12.474178186869212
d:494:1.5568208561785841,7.015508335942989,7.015491113957929,12.474178593722334
d:495:1.5562261430772857,7.01554920260079,7.01545466470371,12.474777724227215
d:496:1.5548788279263626,7.015519822200639,7.015492215543442,12.476133209817718
d:497:1.557100531891404,7.015520840253657,7.0154723813032405,12.473892689665494
d:498:1.5564647356296781,7.015544841565149,7.015438176231597,12.474518282167068
d:499:1.5563805878952746,7.0155347845929095,7.015498469052333,12.474652665749968
d:500:1.556826232315272,7.015518384714962,7.015493731843743,12.474185884243434
d:501:1.5557970912052799,7.01551817449067,7.0154768838811705,12.47519796716656
d:502:1.5567030434873974,7.015536657160178,7.015469017838799,12.474302631511579
d:503:1.5552777805147162,7.01554509439239,7.015457426320562,12.475724740198237
d:504:1.5559287219932951,7.015548892177214,7.0154406034363515,12.47506077362027
d:505:1.5555308742797944,7.015548799005345,7.015433156480343,12.475451081205895
d:506:1.5554114652440543,7.015547407335054,7.015435087558191,12.47557102964919
d:507:1.5558333144836496,7.015547202303456,7.015452109857171,12.475165997676978
d:508:1.5552015486955586,7.015542282394255,7.015460854950597,12.475801588649292
d:509:1.5575381227292322,7.0155229283147955,7.0154727856395365,12.4734575912251
d:510:1.5556493638996134,7.015505424993636,7.015491855794884,12.475347916888905
d:511:1.557065479741052,7.0155226755586515,7.015495662431694,12.473952858249294
d:512:1.5558614343430577,7.015539745058853,7.01542488780986,12.475103198525655
d:513:1.5546633406265489,7.015528375891036,7.015470015169096,12.476335050433583
d:514:1.5566850326864206,7.015513910860396,7.015491772928776,12.474320651102751
d:515:1.5558550823352277,7.015540198133227,7.015427473405565,12.475112589203565
d:516:1.5556654737258935,7.015521665349686,7.0154715770541145,12.475327768677907
d:517:1.5553644685295023,7.015535695174105,7.015500176134706,12.475671402779309
d:518:1.5565685534046967,7.015530286582855,7.015464166565061,12.474425899743219
d:519:1.5566150531981169,7.015534383660898,7.015496428976458,12.474415759439239
d:520:1.5564900153785572,7.015526681865648,7.015471303020204,12.474507969507295
d:521:1.55650348014019,7.01554559004121,7.015497566751099,12.47453967665212
d:522:1.555292495178401,7.0155111363304705,7.015490727859422,12.475709369011492
d:523:1.5551590645451103,7.015543429247004,7.0154600029565035,12.475844367658398
d:524:1.5573732909857831,7.015543261652635,7.015500106355153,12.473670077022005
d:525:1.5568663353355667,7.015512446978885,7.015496344734944,12.474142456378264
d:526:1.5564553157832925,7.015521601413993,7.015481100080715,12.474547385711414
d:527:1.5569017467702988,7.015541075799573,7.015453880681648,12.474093209710922
d:528:1.556293652923868,7.015539745058853,7.015429779440795,12.47467587157578
d:529:1.5561953186677204,7.015541400851492,7.0155019755089185,12.474848057692691
d:530:1.5563140219343747,7.015534018599203,7.015501615349138,12.474721612013967
d:531:1.5555024750815836,7.015523741055539,7.015493166780604,12.47551443275456
d:532:1.5578358511860948,7.015518694382545,7.015493242929013,12.473176086125463
d:533:1.5559475209874947,7.0155172335973255,7.015493972664795,12.475063685274627
d:534:1.5566288613680452,7.015522883576488,7.015494033280026,12.47438805548847
d:535:1.5563298828255903,7.015533864113716,7.015499344935733,12.474703326223858
d:536:1.5551059825134335,7.015542358048529,7.015500386215841,12.475936761750937
d:537:1.5557489091636434,7.015543520816736,7.015428745777424,12.475223357430515
d:538:1.5559221927037417,7.015542989676656,7.015453407424774,12.475074204397687
d:539:1.5562962379215168,7.015521942414494,7.015479762453507,12.474705466946483
d:540:1.5563387733015492,7.015512657467498,7.015497846960348,12.474671731126298
d:541:1.556395546683417,7.015544543071851,7.015503132645275,12.474652129033709
d:542:1.5560313917117892,7.015543429247004,7.015455293930505,12.47496733146572
d:543:1.5562572707518942,7.0155111363304705,7.01548808106915,12.474741946647727
d:544:1.55643219908686,7.01554559004121,7.015503185478229,12.47461657643258
d:545:1.555960611260037,7.0155254155279705,7.015468080689251,12.475032884957184
d:546:1.5553047007495842,7.0155226755586515,7.015500314709953,12.475718289519019
d:547:1.5551667598549077,7.015542076090009,7.015442600391111,12.475817916626212
d:548:1.5567001572682688,7.015518694382545,7.0154971896271086,12.474315726741386
d:549:1.557485337828206,7.01554287231095,7.0154452817304085,12.473502816213152
d:550:1.5548095253093397,7.015530170753509,7.015500145518595,12.476220790962765
d:551:1.5570895417403623,7.015525024010919,7.015472083468297,12.473907565738854
d:552:1.5555334280188209,7.015545373745274,7.015505824972095,12.475517770698549
d:553:1.556545097832858,7.015514226513224,7.0154951430841255,12.474464271764491
d:554:1.5550760786885824,7.015541241079534,7.015464688158081,12.475929850549033
d:555:1.5552717763315762,7.015546659454501,7.0155061128329725,12.475780995955898
d:556:1.556302705492465,7.015519822200639,7.01549864398761,12.474715760695785
d:557:1.5552729086355086,7.015517087520311,7.015484492772345,12.475728671657148
d:558:1.5553280537998422,7.015542282394255,7.015462216879143,12.475676445473555
d:559:1.5562159654359977,7.015544917826663,7.015443803201113,12.474772755591777
d:560:1.5561249425140442,7.01554216779025,7.015511321588249,12.474928546864456
d:561:1.5569225446624095,7.015534351086434,7.01550838973314,12.474120196157164
d:562:1.5550696848725014,7.015522883576488,7.0155041952217,12.475957393925688
d:563:1.5556826756488373,7.015514284582152,7.015505427996048,12.475337036929362
d:564:1.5560355191787458,7.015512702566682,7.015503021105015,12.474980204492951
d:565:1.557642739614007,7.015512446978885,7.015498716960546,12.473368424325425
d:566:1.555640463722117,7.015515089380986,7.0155066121405,12.475381237799368
d:567:1.55522592066216,7.015516802965693,7.015506120792034,12.475797003095568
d:568:1.5555842784832379,7.0155347845929095,7.015507952694128,12.4754584588038
d:569:1.5561902338049727,7.01554470266673,7.01551453793996,12.474869006801718
d:570:1.5560867731163714,7.015548789881562,7.015518910657238,12.474980927422427
d:571:1.5554525051082955,7.015548011118213,7.015441818571899,12.475537324581817
d:572:1.5546113633147165,7.015526681865648,7.015476724128698,12.47639204267963
d:573:1.5563792230740532,7.015514664849027,7.0154901827947,12.474625624569674
d:574:1.5559386868922918,7.015534774240985,7.015503688480692,12.475099775829385
d:575:1.555708714799728,7.015559026714128,7.015517237157743,12.475367549072143
d:576:1.5566638271029376,7.015521665349686,7.015472862570486,12.474330700817234
d:577:1.555536844282205,7.015522747958291,7.015504914605477,12.475490818281562
d:578:1.5552016097057315,7.015556796931351,7.015515491054252,12.475870678279872
d:579:1.5552733557449336,7.015520310205786,7.01548068895656,12.475727643417413
d:580:1.5553126250247242,7.015541777214427,7.015509160524782,12.475738312714485
d:581:1.5566662569113383,7.015540458287124,7.01544913729857,12.474323338674356
d:582:1.555419562565742,7.015525179244959,7.01550382355574,12.475609440234956
d:583:1.555652705785926,7.015542076090009,7.0154428862031,12.475332256507183
d:584:1.5560456682199764,7.0155226755586515,7.015502086013385,12.474979093352061
d:585:1.5546933978183404,7.015543346229759,7.0154420820780805,12.4762920304895
d:586:1.5558691407468217,7.015535157110613,7.015501103181186,12.475167119544977
d:587:1.5557930169564678,7.015521601484878,7.015470759344076,12.475199343872486
d:588:1.5563567211015972,7.015551441183261,7.015510907503214,12.474705627584878
d:589:1.5556468737391143,7.01551379262471,7.015495557743778,12.475362476629375
d:590:1.556647853455594,7.015536516498402,7.015450882819858,12.474339545862666
d:591:1.5563989664224742,7.015549455432436,7.015506003969634,12.474656492979594
d:592:1.554992227943119,7.015519822200639,7.015504248991774,12.476031843249293
d:593:1.5568380505056076,7.015519577484143,7.01547510073814,12.474156627716674
d:594:1.5563527484291715,7.01554920260079,7.015438067561672,12.474634521733291
d:595:1.5554205112235682,7.015549135972597,7.01550927755922,12.475637902308248
d:596:1.5565837544456453,7.015533864113716,7.0155072384151325,12.474457348083204
d:597:1.556770005715876,7.015513531180361,7.015488892022008,12.474232417486494
d:598:1.5551101961352582,7.015518671782491,7.015480176020213,12.475888651667445
d:599:1.5562222734609996,7.015526637327883,7.01546205476054,12.474766418627425
d:600:1.5560318041170031,7.015540466562868,7.015438334241461,12.474946996687326
d:601:1.5554387865121875,7.015561485996914,7.0155220978839345,12.47564479736866
d:602:1.5565599369359227,7.0155588538508775,7.015520028114037,12.474518945028992
d:603:1.5567566549752119,7.015563533967069,7.015517418135997,12.474324297127854
d:604:1.5568711087288758,7.015563151704057,7.015514857324519,12.4742069002997
d:605:1.5561932933412095,7.015565377842474,7.01552052143821,12.474892605939475
d:606:1.5555141608201968,7.015557808770322,7.015525363396142,12.475569011346268
d:607:1.5546633867515673,7.015546403726239,7.015441446389486,12.476324463364158
d:608:1.555370266352858,7.015540323176858,7.015442916515629,12.47561297333963
d:609:1.555912095698643,7.015520840253657,7.015471831093432,12.475080575648446
d:610:1.556267443984492,7.015505424993636,7.015489840034821,12.474727821043965
d:611:1.555107016932098,7.015522129393669,7.015502927500986,12.475918039962558
d:612:1.5559887238078147,7.01554559004121,7.0155059269444955,12.47506279317789
d:613:1.5557103782690476,7.015563838230278,7.015519559152792,12.475373019114024
d:614:1.5556468371352707,7.015541241079534,7.015445374114231,12.475339778058494
d:615:1.5548641810131691,7.015505424993636,7.0154884587151844,12.476129702695651
d:616:1.5568647349397526,7.015534774240985,7.0155061364184075,12.47417617571964
d:617:1.5551717899540183,7.015563915977442,7.015514168976654,12.475906295000078
d:618:1.556443690604219,7.015521665349686,7.015469776105834,12.4745477508513
d:619:1.5549114554485115,7.015529864838878,7.015505634708445,12.47612404409881
d:620:1.5556827306473835,7.015565377842474,7.015518076167098,12.475400723362188
d:621:1.5559896054959808,7.015518671782491,7.015472077409279,12.475001143695788
d:622:1.5555153133718402,7.015542984487738,7.015500619332412,12.475528290448311
d:623:1.5558136848282995,7.015543346229759,7.015434788572902,12.475164449974361
d:624:1.5561674959485519,7.0155226755586515,7.015502518584297,12.474857698194397
d:625:1.55645558435765,7.015557985825066,7.015520187405548,12.474622588872965
d:626:1.5556524709460895,7.015512792166305,7.015487599116182,12.475347920336397
d:627:1.5563196011915696,7.01555803650677,7.015519481498078,12.474757916813278
d:628:1.5543510195375028,7.015516923553258,7.015493094948751,12.476658998964506
d:629:1.5559099313749734,7.015568539024902,7.015520343220593,12.475178950870522
d:630:1.5558607439643595,7.015534702369672,7.015503278089063,12.475177236494375
d:631:1.5543617752514756,7.015526425918568,7.015445377042998,12.476610027710091
d:632:1.5560160293712908,7.015549868985696,7.015508666863659,12.475042506478063
d:633:1.5561364849249237,7.015515919501343,7.015484355203358,12.474863789779779
d:634:1.5542928046719418,7.015567491361199,7.0155171893177695,12.476791876007027
d:635:1.5553937476016788,7.015546083695348,7.015503224957315,12.475655561050983
d:636:1.5548352517643949,7.015514664849027,7.015487299167612,12.476166712252244
d:637:1.5561390233218688,7.015543346229759,7.015436671038185,12.474840993946074
d:638:1.5550986790818229,7.015552396971068,7.0155065448106875,12.475960262699932
d:639:1.5556361166780892,7.0155347845929095,7.015504596393195,12.475403264308015
d:640:1.554425447849864,7.015509799747146,7.01547397820102,12.476558330098301
d:641:1.5557923532582212,7.015543971020995,7.015436060975602,12.475187678738376
d:642:1.5561065708842534,7.0155586106315,7.0155156037366435,12.47496764348389
d:643:1.5568921902778108,7.015545611306729,7.015505630179415,12.474159051208334
d:644:1.554445252023191,7.015535518824236,7.01550213121887,12.476592398019916
d:645:1.556003759701527,7.015512446978885,7.015484157546394,12.474992844823753
d:646:1.5550629224624828,7.015516510937795,7.015475411370799,12.475928999846111
d:647:1.5546498611331714,7.015527440712552,7.015443005329823,12.476320584909203
d:648:1.5558796025765957,7.015542282394255,7.015438091822488,12.475100771640147
d:649:1.5554362124700631,7.015560952941749,7.0155210678169055,12.475645808288592
d:650:1.5547060625595854,7.0155670906298315,7.015521212302945,12.47638224037319
d:651:1.555672379862468,7.015558574741703,7.015518514390868,12.475404709270101
d:652:1.555249126429203,7.015559541439668,7.015518318722062,12.475828733732527
d:653:1.5558216875122461,7.015558574741703,7.015515415686095,12.475252302915552
d:654:1.5549428478541056,7.0155670906298315,7.015518548037594,12.47614279081332
d:655:1.5567226706200241,7.015560952941749,7.015523780057874,12.4743620623796
d:656:1.5538104659951077,7.015544957715377,7.015442892102967,12.477177383823236
d:657:1.5553624260330796,7.015527135045223,7.015442484731989,12.475607193744132
d:658:1.5558050043366496,7.015518152699591,7.015469251769069,12.475182400132011
d:659:1.554107796930376,7.015514226513224,7.015484269774014,12.476890699356861
d:660:1.5553642060668302,7.015530170753509,7.01549217741628,12.475658142102958
d:661:1.5558984280816954,7.015543568054586,7.015504465519792,12.475149605492682
d:662:1.5554001524160093,7.01556506327591,7.015510501540927,12.475675412400829
d:663:1.5550032441320383,7.01555893305875,7.015520869708942,12.476076558635654
d:664:1.5546808499762967,7.015521330457617,7.01544980462431,12.47629028510563
d:665:1.5546419511705842,7.015518694382545,7.015483117293588,12.47635986050555
d:666:1.5562279264174421,7.015546659454501,7.015502400977517,12.474821134014576
d:667:1.5564351105751353,7.015567583225024,7.015515676897986,12.474648149547875
d:668:1.5546427175416593,7.01551817449067,7.0154399772850855,12.476315434234097
d:669:1.5538708836075568,7.0155310253300485,7.015488927807719,12.477149069530212
d:670:1.557461131300645,7.015563533967069,7.015506307721388,12.473608710387811
d:671:1.5542678937297953,7.015525299361958,7.015434039889534,12.476691445521697
d:672:1.5560856220188022,7.0155226755586515,7.015486299364963,12.474923352904813
d:673:1.5553320626837372,7.015559335874988,7.015509842400376,12.475737115591626
d:674:1.5553026204398464,7.0155207794502354,7.01544499321889,12.475663152229279
d:675:1.555100929147681,7.015541309880039,7.015503330421152,12.475943711153509
d:676:1.555913050751247,7.015557580661458,7.0155184999662525,12.475163029876462
d:677:1.5551639458113744,7.015516923553258,7.015483759677251,12.475836737419135
d:678:1.5552585736067996,7.01555803650677,7.015512175565555,12.475811638465526
d:679:1.5547625002635748,7.015517541638021,7.0154707900487985,12.476225831423244
d:680:1.5561179400470646,7.015565377842474,7.015504661565694,12.474952099361102
d:681:1.5546890951738916,7.015507020165426,7.015466377571821,12.476284302563355
d:682:1.5548241004497996,7.015565377842474,7.015502117279645,12.47624339467232
d:683:1.5560463129361644,7.015515519854378,7.015467021403583,12.474936228321797
d:684:1.554722121114919,7.01555803650677,7.015511088642724,12.476347004034574
d:685:1.5555383668420149,7.015518694382545,7.015481508100823,12.475461835641354
d:686:1.5552120438034578,7.015557580661458,7.01551390729552,12.47585944415352
d:687:1.5553594649522005,7.015544599807662,7.015497064974871,12.475682199830333
d:688:1.5552501415188562,7.015521665349686,7.015433888570493,12.475705412401323
d:689:1.5545250811839644,7.015563915977442,7.015502363225914,12.47654119801939
d:690:1.556509559361622,7.015519928514586,7.015476751712893,12.474487120865858
d:691:1.5544875250234735,7.015561514996062,7.015506713801664,12.476580703774252
d:692:1.5561706075856154,7.015559456867612,7.015502060542689,12.474890909824685
d:693:1.5549892463777688,7.015516802965693,7.015479325378488,12.476006881966413
d:694:1.5552983900144017,7.015526176719306,7.015434295341117,12.475662082046021
d:695:1.5562343797787275,7.01555867062119,7.015500037013741,12.474824327856203
d:696:1.5553486230778866,7.015541777214427,7.015492728554654,12.475685882691195
d:697:1.5563087560383195,7.015505424993636,7.015462223387957,12.474658892343275
d:698:1.5556060791199222,7.015557695807704,7.015506121758735,12.475457738446517
d:699:1.5556101117090755,7.015557058769658,7.015501653609779,12.475448600670362
d:700:1.555698795139497,7.01554216779025,7.015495625617132,12.475338998267885
d:701:1.555124262682165,7.01551947680791,7.01547405319641,12.475869267322155
d:702:1.5556768206128684,7.015518671782491,7.015433704448111,12.475275555617733
d:703:1.5551696367671095,7.015560515485644,7.01550754684269,12.475898425561224
d:704:1.5551284928591045,7.015569413498221,7.01550447513518,12.475945395774296
d:705:1.5556244218222481,7.015563533967069,7.015504502661593,12.475443614806414
d:706:1.555470059485705,7.015548392365604,7.01549130997187,12.475569642851768
d:707:1.5540239869016208,7.015534774240985,7.015482741554766,12.476993528894129
d:708:1.5557813583245856,7.015523741055539,7.015479899527369,12.475222282258322
d:709:1.5561740927350574,7.015513910860396,7.015464297927678,12.474804116053017
d:710:1.5537528493645958,7.015507484030694,7.015447347427289,12.477201982093387
d:711:1.5553051630562518,7.015518671782491,7.015430172777537,12.475643681503778
d:712:1.555850525658574,7.015519150273008,7.015426327415492,12.475094952029925
d:713:1.5551350728085929,7.015527790386208,7.015429463627579,12.475822181205194
d:714:1.5550303629039277,7.015527576107595,7.015435997765136,12.475933210968805
d:715:1.5566280121743432,7.015526681865648,7.015431802368168,12.474330472059473
d:716:1.5550021527150761,7.0155229283147955,7.015423902659228,12.475944678258948
d:717:1.5557161914773285,7.015519577484143,7.0154234941316185,12.475226880138433
d:718:1.5556948522623646,7.015516510937795,7.015428052188778,12.475249710864208
d:719:1.5543123358925097,7.015511090400728,7.01544782490539,12.47664657941361
d:720:1.5563394684454774,7.015512657467498,7.015456785175565,12.474629974197585
d:721:1.5550762690492732,7.015529413646921,7.015465410325687,12.475918554923336
d:722:1.5551551284527463,7.01554367500374,7.0154759512852545,12.475864497836248
d:723:1.5555850327796392,7.015551441183261,7.015486985758568,12.47545339416219
d:724:1.5562948357870017,7.015557125720386,7.015486839969445,12.47474912990283
d:725:1.5544532758469671,7.015556835539463,7.015498838540231,12.476602398232727
d:726:1.5549332360011974,7.015574190914394,7.015492358906803,12.47613331382
d:727:1.5565116957379637,7.0155104963759065,7.015425649533391,12.474424450171334
d:728:1.5545871084762446,7.0155226755586515,7.015464851206127,12.476400418288534
d:729:1.555941995542133,7.015549687938871,7.015485368581097,12.475093060977835
d:730:1.5546822256415709,7.015557864081838,7.015492830001586,12.476368468441853
d:731:1.556538332050648,7.015570585887259,7.015493812557802,12.474526066394413
d:732:1.5547880413363977,7.015505424993636,7.015430235791332,12.47614761944857
d:733:1.5548698086052628,7.015541777214427,7.01546670087257,12.476138669481733
d:734:1.5558691894812657,7.01555867062119,7.015490523623845,12.47518000476377
d:735:1.5553905137464419,7.015570803785167,7.015498825695086,12.475679115733811
d:736:1.5548422894194385,7.015513469936241,7.015452606973539,12.476123787490343
d:737:1.5551539957958518,7.015548712683179,7.01548729761364,12.475882014500968
d:738:1.556112532113568,7.01555890730607,7.015500294137803,12.474946669330306
d:739:1.554656617808181,7.015507320143559,7.015424807333311,12.476275509668689
d:740:1.554753936154734,7.015546659454501,7.015486149257193,12.47627887255696
d:741:1.5544779001063542,7.0155583861423665,7.015501728211771,12.476582214247783
d:742:1.5553181975716637,7.015514664849027,7.015442644269173,12.475639111546537
d:743:1.5571747553719657,7.015552549667183,7.015483847786785,12.473861642082003
d:744:1.5550448173985139,7.015576278866758,7.015496488296026,12.47602794976427
d:745:1.5547208259417733,7.015533864113716,7.015470514519663,12.476283552691607
d:746:1.5555376229128512,7.01556449736046,7.015500032292931,12.47552690674054
d:747:1.5541213658689923,7.015515519854378,7.0154342269173835,12.476828380902768
d:748:1.5557543238599099,7.015565377842474,7.015488365166257,12.47529941914882
d:749:1.5548463910762127,7.015518805927509,7.01541945437851,12.476091869229807
d:750:1.554687490326442,7.015548789881562,7.015487487474373,12.476348787029492
d:751:1.5563102899333625,7.0155868255142995,7.015484560815323,12.474761096396259
d:752:1.5546893143222693,7.015547350170504,7.0154871160919585,12.476345151940192
d:753:1.5551358244776328,7.015581346097262,7.015494725361931,12.47594024698156
d:754:1.5543481445753926,7.015545025633269,7.015488101541963,12.476684982599838
d:755:1.5558935390058526,7.015588543239113,7.015484234790627,12.475179239023888
d:756:1.555170573894614,7.015551441183261,7.015488761180652,12.4758696284693
d:757:1.554010433253863,7.015588539189058,7.015477451414179,12.477055557349374
d:758:1.5558794465604038,7.015559335874988,7.015485427194833,12.475165316509418
d:759:1.5549981881681845,7.015516019715932,7.015428221287847,12.475946052835594
d:760:1.5540110278621615,7.015560544964893,7.015498743510074,12.477048260612806
d:761:1.556358076200425,7.015535252357052,7.0154695457565035,12.474646721913132
d:762:1.554439855973758,7.015581748836783,7.015496542666116,12.476638435529141
d:763:1.5547658291673603,7.015559940244885,7.015485957874758,12.476280068952283
d:764:1.5544162485645696,7.015514664849027,7.0154248491601825,12.476523265444639
d:765:1.5555220170108228,7.015556923205785,7.0154997479798284,12.47553465417479
d:766:1.5554150504617255,7.015546659454501,7.015475058102083,12.475606667094858
d:767:1.5550759059992796,7.015510347455164,7.0154147787819126,12.475849220237796
d:768:1.5560460903396258,7.01555890730607,7.015491986104345,12.475004803070789
d:769:1.553979878536838,7.015549798510214,7.015478010641808,12.477047930615184
d:770:1.5546406823561387,7.015513248426249,7.0154227288383515,12.476295294908462
d:771:1.5554653443249506,7.0155698933581085,7.015501550075039,12.475606099108198
d:772:1.5543606556351772,7.015564322854042,7.015483745849176,12.47668741306804
d:773:1.5552042633016097,7.015530170753509,7.01545559430364,12.47578150175554
d:774:1.5545371069188736,7.015587759697983,7.015473649940886,12.476524302719996
d:775:1.5553879265969872,7.015558855169274,7.0154947499105065,12.475665678482793
d:776:1.5543351921434834,7.015559456867612,7.015481949437117,12.476706214161245
d:777:1.554240245364202,7.015534179954411,7.015455119184601,12.47674905377481
d:778:1.5556614213490914,7.015517091276955,7.0154200588632625,12.475275728791127
d:779:1.555867081586813,7.015574207512068,7.01550046496171,12.475207590886965
d:780:1.555174882204092,7.0155670906298315,7.015487596340599,12.47587980476634
d:781:1.55531232586309,7.015551368375895,7.015481385363135,12.47572042787594
d:782:1.554190038473168,7.015535518824236,7.015458140310906,12.476803620661974
d:783:1.5546173653692321,7.0155111363304705,7.015417366449696,12.476311137410935
d:784:1.554939689565444,7.015585828000056,7.015475834967877,12.476121973402488
d:785:1.5546342747630408,7.015573069232084,7.01549700534621,12.476435799815253
d:786:1.5549475925073164,7.015560952941749,7.015485482896079,12.476098843330512
d:787:1.5556795913043828,7.0155571711442315,7.015479735061468,12.475357314901316
d:788:1.5545900103853967,7.015549455432436,7.015469895162565,12.476429340209604
d:789:1.5550943316544164,7.015540129834382,7.015463697774135,12.4759094959541
d:790:1.5534539390923072,7.0155248586440235,7.015448436018744,12.477519355570461
d:791:1.5541272828011792,7.015512446978885,7.015421421687979,12.476806585865685
d:792:1.5557110106764522,7.0155074902508305,7.015413411266623,12.475209890841002
d:793:1.5545306645439858,7.015589659320764,7.01546541434716,12.476524409123938
d:794:1.5554731476389208,7.015587764432465,7.015476087509225,12.47559070430277
d:795:1.5546266897818573,7.015587439769429,7.015477928651753,12.476438678639324
d:796:1.5548707173629719,7.01558970710363,7.0154925087504925,12.476211498491152
d:797:1.5547488801963034,7.015583078208424,7.015493574458201,12.476327772470322
d:798:1.5551637835571182,7.01558232153662,7.015491592439839,12.475910130419342
d:799:1.5553865734992005,7.01558232153662,7.015490370777723,12.475686118815142
d:800:1.5537916177059206,7.015583078208424,7.015490017298829,12.477281477801332
d:801:1.5560371507736015,7.01558970710363,7.015491604988702,12.475044161318731
d:802:1.5538485806949787,7.015587439769429,7.015484734367414,12.477223593441863
d:803:1.5548021169789905,7.015587764432465,7.0154727606246645,12.476258408078138
d:804:1.5550671156934737,7.015589659320764,7.015464846368717,12.475987389996007
d:805:1.5548748184737242,7.015592039017242,7.01545527443985,12.476172494983366
d:806:1.5551487503549328,7.015515919501343,7.015409260714308,12.475776429860717
d:807:1.5545586333694068,7.0155212224192,7.015432144759371,12.476394733809165
d:808:1.5558026175734536,7.015534774240985,7.01545092621919,12.475183082886721
d:809:1.554640968542241,7.015547292507709,7.015458958175765,12.476365282141234
d:810:1.5550934024859409,7.015563533967069,7.015475899819382,12.47594603130051
d:811:1.5539539319167286,7.015568539024902,7.015483469913672,12.477098077021845
d:812:1.5553025980376916,7.015557695807704,7.015489416148616,12.475744513918627
d:813:1.5556763813735195,7.015587199309405,7.015487499930876,12.475398317866762
d:814:1.5546634788925093,7.015590867050165,7.015462931339812,12.476390319497467
d:815:1.5557676992033844,7.015512792166305,7.015416613491894,12.475161706454815
d:816:1.5552251834453177,7.01554559004121,7.015459183886985,12.475779590482878
d:817:1.5542078385885318,7.0155588538508775,7.015472746900308,12.476823762162653
d:818:1.554489975475656,7.015559903325003,7.015477050938273,12.476546978787619
d:819:1.5543241792082068,7.015586353997181,7.01548617536873,12.476748350157704
d:820:1.5549819313699587,7.015505424993636,7.015412878065927,12.475936371689604
d:821:1.5545659439482993,7.015539897630687,7.015447839862643,12.47642179354503
d:822:1.5531851974688156,7.0155586106315,7.015475884681967,12.477849297844651
d:823:1.5545209876778383,7.015563443406308,7.0154892841042535,12.476531739832724
d:824:1.5552109043781073,7.015585289482448,7.015465365635753,12.475839750740093
d:825:1.5542456108868272,7.015530170753509,7.015437071910663,12.476721631777345
d:826:1.5549507917486718,7.015564322854042,7.015473461569545,12.476086992674915
d:827:1.553957317290216,7.0155698933581085,7.01548432735268,12.477096903420573
d:828:1.5540480926115503,7.015592039017242,7.0154621792685905,12.477006125674281
d:829:1.5553209890998865,7.015545626770154,7.015449899585744,12.475674537256012
d:830:1.5538852157846517,7.015568407430409,7.015478563544329,12.477161755190087
d:831:1.5542236966921426,7.015585385661214,7.015485343941503,12.476847032910575
d:832:1.553622323117164,7.0155226755586515,7.015426941821056,12.477327294262544
d:833:1.5546525226768377,7.015560016554891,7.015475022545068,12.47638251642312
d:834:1.5558757598991395,7.01558793773759,7.015487189949764,12.475199367788214
d:835:1.5558157933917443,7.015522129393669,7.015417068628001,12.475123404629926
d:836:1.553923162400114,7.01555803650677,7.015474378430875,12.477109252537531
d:837:1.5550044000650356,7.015585385661214,7.0154859063391095,12.476066891935288
d:838:1.554988213058536,7.015535252357052,7.015438223963841,12.475985263262357
d:839:1.554196938231179,7.015560544964893,7.015477245744425,12.476840852478139
d:840:1.556023655531721,7.015592039017242,7.015456228023796,12.475024611509316
d:841:1.5548505033958318,7.015548313449957,7.015453917355477,12.476151727409603
d:842:1.5539683080567794,7.015579811902517,7.0154890091575295,12.477100513003267
d:843:1.5559435636752728,7.015522883576488,7.0154119443426,12.474991264243815
d:844:1.554075790008774,7.015560120584101,7.015476612994861,12.476960943570187
d:845:1.5551034053496213,7.015593304051772,7.015453243086033,12.475943141788184
d:846:1.5548950316064651,7.015563533967069,7.0154683856960585,12.476136888056663
d:847:1.5549472939068192,7.015587931200382,7.015477609719944,12.476118247013506
d:848:1.5547603053441144,7.015547350170504,7.015453467019546,12.476240511845935
d:849:1.5535310780022407,7.0155868255142995,7.015485664131249,12.477541411643308
d:850:1.5556440627934176,7.015542361077843,7.01543867315392,12.475336971438345
d:851:1.5535798352856425,7.015572595541859,7.015479723987273,12.477472484243489
d:852:1.5551533825406683,7.0155347845929095,7.015423954563854,12.475805356616094
d:853:1.554463581749907,7.015568245454992,7.015480061529665,12.476584725234751
d:854:1.5541644538695696,7.015529413646921,7.015413981337912,12.476778941115263
d:855:1.5544989533773368,7.015573069232084,7.015478995216036,12.476553111070782
d:856:1.555242198288342,7.015533864113716,7.0154238885212985,12.475715554346673
d:857:1.5539581787890828,7.015576278866758,7.015481931626506,12.47710003170418
d:858:1.5544789659752514,7.015544335058592,7.0154404150671015,12.476505784150442
d:859:1.5541704092305633,7.015587074804911,7.015486781198875,12.476903446773223
d:860:1.555697188746569,7.015548845454327,7.015449936794757,12.475301593502515
d:861:1.5539906807721913,7.01558575267521,7.015464696677339,12.477059768580357
d:862:1.5544293456794644,7.0155579886215085,7.015472523498801,12.476601166440846
d:863:1.5551376598572464,7.0156019952158974,7.015447099649665,12.475911435008316
d:864:1.5548161575852628,7.01555890730607,7.015475170791731,12.476217920512537
d:865:1.5553259961622459,7.015534383660898,7.01541715624165,12.475625543740303
d:866:1.5539690592080326,7.015587300114065,7.015486683009755,12.477104923915787
d:867:1.5554640303998664,7.015556796931351,7.015456731856516,12.475549498388
d:868:1.5534011553411418,7.015594025340233,7.015453157677348,12.477646027676439
d:869:1.554219118973542,7.015559574079396,7.01547379470387,12.476814249809724
d:870:1.5539549965841317,7.015541777214427,7.015434087686689,12.477020868316984
d:871:1.5543273822456083,7.015589659320764,7.015471228815003,12.476733505890158
d:872:1.554594374463333,7.0155670906298315,7.015467736709749,12.476440452876249
d:873:1.5549365130238595,7.015525179244959,7.015404160926891,12.475992827147989
d:874:1.5545986540322119,7.015587572367993,7.015475495833512,12.476464414169293
d:875:1.5560406573940888,7.015557985825066,7.015467572011798,12.474984900442776
d:876:1.5538515444492074,7.0155226755586515,7.015403156341714,12.477074287451158
d:877:1.5544135041609497,7.015587941323719,7.01547633036846,12.47665076753123
d:878:1.5548359240069995,7.015568407430409,7.015465509899493,12.476197993322904
d:879:1.554281077066074,7.015535157110613,7.015418913316624,12.476672993361163
d:880:1.5545682534934375,7.015592039017242,7.015458372800146,12.47648215832395
d:881:1.554801230337885,7.015558719614272,7.015461933568422,12.476219422844808
d:882:1.5548565524757816,7.015551441183261,7.015446304774476,12.476141193481956
d:883:1.5541081175334845,7.015597317923615,7.01544226103632,12.47693146142645
d:884:1.5555371309391894,7.0155857481057575,7.015475133565321,12.475523750731888
d:885:1.553592332414821,7.015560952941749,7.015457648417929,12.477426268944857
d:886:1.554534170872854,7.015544932501674,7.015429735457333,12.476440497086154
d:887:1.554182089181122,7.015602601950575,7.015441277904998,12.476861790674452
d:888:1.5547365194719038,7.015586900289323,7.015476803885845,12.476327184703264
d:889:1.5548096033835908,7.015559473543446,7.015458918298093,12.476208788457948
d:890:1.554328869284495,7.0155511588268995,7.015445224567931,12.476667514110336
d:891:1.5551075176180653,7.015516802965693,7.0153931684227135,12.475802453770342
d:892:1.55431778307541,7.015594593291408,7.015455662073814,12.476732472289813
d:893:1.5547283814454254,7.01558232153662,7.015473561317703,12.476327501408896
d:894:1.5548372365610952,7.015567491361199,7.015461684774471,12.476191939574575
d:895:1.5548888731924961,7.015548789881562,7.0154398697793585,12.476099786468424
d:896:1.554203830802118,7.0155226755586515,7.015392649663054,12.476711494419588
d:897:1.5547903330240214,7.015600557484007,7.015448065806863,12.476258290266848
d:898:1.5529671892553534,7.015588295985204,7.015475141555143,12.478096248284993
d:899:1.55415908584048,7.015571692159632,7.015462496913353,12.476875103232507
d:900:1.553981055692347,7.0155670906298315,7.015461343041044,12.47704737797853
d:901:1.554856599079164,7.015552494108108,7.015446363957624,12.476142258986568
d:902:1.5544476438690449,7.015534774240985,7.015403775845698,12.476490906217638
d:903:1.5544729413898466,7.015593671854605,7.015444325036784,12.476565055501542
d:904:1.5542465346937746,7.015594025340233,7.015453629093467,12.476801119739925
d:905:1.5544058394004399,7.015587735238664,7.015477002438765,12.47665889827699
d:906:1.5555305876870058,7.015588543239113,7.015471100725313,12.47552905627742
d:907:1.5534573525602475,7.015560515485644,7.015466938575265,12.47757010150066
d:908:1.5546475321140019,7.015564005358492,7.015460011613469,12.47637648485796
d:909:1.5549345269386912,7.015557808770322,7.015449213994956,12.476072495826587
d:910:1.554062712292211,7.015551006388218,7.015438941374668,12.476927235470676
d:911:1.5546066630959263,7.01554216779025,7.015424725997273,12.476360230691597
d:912:1.5549416604683621,7.01553534524661,7.015395422361899,12.475989107140148
d:913:1.5551093706906425,7.015523362445849,7.015399903790589,12.475813895545796
d:914:1.5544889094661887,7.015596349428221,7.0154408421806185,12.47654828214265
d:915:1.5550526995397433,7.01559735866262,7.015433303978818,12.475977963101695
d:916:1.5544194447598105,7.015607771788524,7.015446524595743,12.476634851624455
d:917:1.5539287968861455,7.015598524175115,7.0154493777862665,12.477119105075236
d:918:1.5549932025458695,7.015594689297271,7.015457286246235,12.476058772997636
d:919:1.5550745189819555,7.015593284862659,7.015453615539032,12.475972381419735
d:920:1.554487324700478,7.015592039017242,7.015464569969401,12.476569284286164
d:921:1.554727799877762,7.01559528803632,7.015469076671368,12.476336564829927
d:922:1.555211962991418,7.015593690617368,7.015472040106639,12.475853767732588
d:923:1.554236906916934,7.01559528803632,7.015468800757071,12.476827181876457
d:924:1.5549747554510667,7.015592039017242,7.015463018604688,12.476080302170864
d:925:1.5543412024405203,7.015593284862659,7.015457985271303,12.47671006769344
d:926:1.5542154930479946,7.015594689297271,7.0154502471220095,12.476829443371287
d:927:1.5545104769647669,7.015598524175115,7.015448080803651,12.476536128013999
d:928:1.5538273983369244,7.015607771788524,7.0154441606812545,12.477224534132855
d:929:1.5538263652916005,7.01559735866262,7.0154328008079485,12.477203794178967
d:930:1.5545951902060846,7.015596349428221,7.015439823528058,12.476440982750194
d:931:1.5557189832342235,7.0156042160697725,7.015444033647273,12.475329266482822
d:932:1.554177189911906,7.015535518824236,7.015390214210099,12.476748543122428
d:933:1.5547945780802301,7.015542984487738,7.015403168494229,12.476151574901738
d:934:1.5538273715375723,7.0155505076490785,7.01542745139201,12.477150587503516
d:935:1.5546873246985111,7.015565377842474,7.015441112613696,12.47631916575766
d:936:1.5538576744934058,7.0155670906298315,7.015457183503016,12.47716659963944
d:937:1.5549066050549136,7.015558941792104,7.015460344997256,12.476112681734445
d:938:1.5535142687668095,7.015579961543228,7.015466553200174,12.477532245976592
d:939:1.5546540076564561,7.015590444286871,7.015477760408582,12.476414197038997
d:940:1.5538110713452475,7.015590407002715,7.015469590665929,12.477248926323396
d:941:1.554575437994865,7.015597124820305,7.015448686972621,12.47647037379806
d:942:1.5560803686532019,7.015605280633364,7.015450813070624,12.474975725050786
d:943:1.5536494150470617,7.015544543071851,7.015406418631561,12.47730154665635
d:944:1.5548615128727103,7.015564322854042,7.015447301616765,12.476150111598097
d:945:1.5555737746250298,7.015557907306631,7.015463929335777,12.475448062017378
d:946:1.5547747151390183,7.015581310694844,7.015467889344188,12.476274484900014
d:947:1.5551001095109758,7.015587935890927,7.015478692306096,12.475966518686048
d:948:1.5535298357819496,7.015601074341456,7.01544907416715,12.477520312726655
d:949:1.554987518060484,7.015603870736607,7.015452779374758,12.476069132050881
d:950:1.5540148032071723,7.015548789881562,7.0154321935009145,12.476966180175305
d:951:1.5548764965325308,7.015567491361199,7.015458682842309,12.476149677670977
d:952:1.5542798409644352,7.01558232153662,7.015464529883249,12.476767010455434
d:953:1.5552480434179383,7.015594593291408,7.015469276553224,12.475815826426695
d:954:1.5542651987369087,7.015599738381491,7.015438910731352,12.476773450375935
d:955:1.5545480913931282,7.015542622935862,7.015396416296878,12.476390947839612
d:956:1.554044360707044,7.015567583225024,7.015446241838571,12.476969464356552
d:957:1.5548090197859938,7.01558265765909,7.015459591948333,12.47623322982143
d:958:1.5526332156031977,7.015591493906243,7.015456761521459,12.478415039824505
d:959:1.554385122970361,7.0156075519520575,7.015446433820147,12.476668862801843
d:960:1.5536806336584021,7.015553120095104,7.01542930677819,12.477301793214892
d:961:1.5550726428140358,7.015556907100263,7.015456304613963,12.475940568900189
d:962:1.5547254208872658,7.015590867050165,7.015474799203003,12.476340245365902
d:963:1.5550525414676617,7.015605342311644,7.015442398875711,12.475995199719693
d:964:1.5528265930430667,7.015551441183261,7.015426033433872,12.478150881574066
d:965:1.5557443886628253,7.015558719614272,7.0154603716211525,12.4752747025726
d:966:1.553452409623839,7.015592039017242,7.015468845477483,12.477608474870886
d:967:1.5544723843711292,7.015605961174464,7.01544532710162,12.476578903904956
d:968:1.5536429753503374,7.015565377842474,7.015436651432839,12.477359053924976
d:969:1.5546647631353103,7.01558232153662,7.015458623300318,12.476376181701628
d:970:1.5544459452622483,7.015604425437038,7.015448765489783,12.476607245664573
d:971:1.5541505878810842,7.0155448598226995,7.015394388787124,12.476788660728738
d:972:1.5543727379687606,7.01555890730607,7.015458120042333,12.476644289379642
d:973:1.5547143568268424,7.015592045589963,7.015466360813266,12.476344049576387
d:974:1.555353381992516,7.01560301269124,7.015452247566628,12.475701878265353
d:975:1.5535655744033452,7.0155670906298315,7.01544366613546,12.477445182361945
d:976:1.5539305929614535,7.015589659320764,7.015474633234719,12.47713369959403
d:977:1.55278442230704,7.015600908678763,7.015446223996291,12.478262710368014
d:978:1.555433107737473,7.015559541439668,7.015437579655211,12.475564013357406
d:979:1.5542423765451723,7.015585047745365,7.015470234803322,12.476812906003515
d:980:1.5548154657956825,7.015604728771724,7.01544398918007,12.476233252156112
d:981:1.552701638577144,7.0155670906298315,7.015440824428649,12.478306276481337
d:982:1.5547489665542678,7.015594304331922,7.0154709303842875,12.476316268161941
d:983:1.5540304800417282,7.015595969494018,7.015457097407905,12.477022586860194
d:984:1.553122169127036,7.01555890730607,7.015452518588346,12.47788925676738
d:985:1.5537005673186002,7.0156019952158974,7.015455252522131,12.47735668041943
d:986:1.5545894028835487,7.015545025633269,7.015393556354368,12.476349179104089
d:987:1.5539958378555898,7.01558232153662,7.0154647605118665,12.477051244192896
d:988:1.552967427383635,7.015602932345195,7.0154350368987615,12.478070541860323
d:989:1.5549056128683887,7.015559537802544,7.015436483529723,12.476090408463879
d:990:1.5559547181063191,7.015592039017242,7.01547401041433,12.475111331325254
d:991:1.5543206020440223,7.015544335058592,7.015391449343966,12.476615182358536
d:992:1.5536951273277548,7.015576278866758,7.015458831205634,12.477339982744637
d:993:1.5550151361141573,7.015605342311644,7.0154333869571,12.476023593154586
d:994:1.5547102692065788,7.0155683213920454,7.015440055533507,12.476298107718973
d:995:1.5556054671898458,7.015595358105748,7.015472628793117,12.47546251970902
d:996:1.5541436838389853,7.015549455432436,7.015406547348813,12.476812318942264
d:997:1.5530049329782916,7.01558842947713,7.015474497382975,12.478057993881814
d:998:1.553068067848546,7.015595360574425,7.015463456677815,12.477990749403695
d:999:1.5542670191097923,7.015572595541859,7.015458405794154,12.47676398222622
d:1000:1.5559082516454446,7.0156065591109495,7.0154477595047515,12.475146066970257
