2061
2113
3387
2113
3387
2113
3387
2113
3387
2113
3387
2113
2415
2113
3387
2113
3387
2113
3387
2113
3387
2113
2415
3387
2113
3387
2113
3387
2113
3387
2944
3387
3059
2928
3059
1542
1009
1542
247
2906
3579
2703
2590
2597
2604
2590
1882
1999
2597
2604
2590
1882
1999
2597
2604
1882
1676
1999
1676
1882
1676
1997
1882
553
1997
1676
2703
3149
2703
1491
2625
285
2625
706
2625
2818
2827
2818
3313
553
2585
2770
1676
2113
3387
2113
3387
2113
3387
2113
2944
2113
2415
2113
1542
2561
2562
2565
1849
2561
2562
2565
3661
1848
1849
2751
2561
2562
2563
2565
1848
1849
2751
2561
2562
2563
2565
1848
1849
2751
2561
2562
2565
889
1848
1849
1851
2561
2562
2563
2565
1848
1849
1851
2561
2563
2565
889
1848
1849
2561
2563
1848
1849
2403
2751
2561
2563
1848
1849
2403
2751
2036
801
3673
626
358
1546
3113
2073
3113
873
3113
1546
526
3268
242
1546
2156
901
1146
2156
901
2156
1146
2156
1146
999
1941
3597
1943
3597
3269
1676
2113
3387
2113
3387
2113
3387
2113
3387
2113
3387
2113
3387
2113
3387
2113
3387
2113
3387
2113
3387
2415
2113
3387
2113
3387
2113
3387
2113
3387
2113
3387
2113
2561
2563
2565
2113
889
1848
1849
2561
2562
2563
2565
2568
889
1849
2562
3387
2113
3387
2113
2415
2113
3387
2113
3387
2978
3387
2113
3387
2113
3387
2113
2978
2113
2978
2113
2415
2113
3387
2113
3387
2113
3387
2113
3387
2113
2415
2113
3387
2113
3387
2415
3387
2113
3387
2113
2415
2113
2978
2113
3387
2113
3387
2703
2993
2703
2585
2592
2641
3313
1877
97
2585
2592
2641
3313
1877
97
553
1676
2770
3475
2113
3387
2113
2978
2113
3387
2113
3387
2113
2978
2113
3387
2113
3059
2928
3059
2113
2415
2113
3387
2113
3387
2113
3387
2978
3387
2113
3387
2113
3387
2978
3387
2113
3387
2113
3387
2113
3387
2113
2415
2113
2415
2113
2978
3387
2113
3387
2113
3387
2113
3387
2113
2415
3387
2113
3387
2113
3387
2415
3387
2113
3387
2113
3387
2113
3387
2113
2978
2113
2978
2113
3387
2113
3387
2113
2415
3387
2113
3387
2113
3387
2113
3387
2978
2113
3387
2113
2415
2113
2415
2113
2415
2113
3387
2113
3387
2113
2978
2113
2978
3387
2113
2415
2113
2415
2113
3387
2113
3387
2113
3387
2978
3387
2944
2463
606
2463
2770
3475
2601
2596
2597
671
2601
1881
1886
2596
2597
671
2601
1881
1886
2601
2596
2597
671
2601
1881
1886
2596
2597
671
2601
1881
1886
2596
2597
2598
671
1880
1881
2596
2597
2598
671
1880
1881
2596
2597
2598
671
1880
1881
2596
2597
2598
671
1880
1881
2590
2112
1676
2112
2770
2585
2598
2641
3313
1997
1999
2585
2598
2641
3313
1997
1999
2585
2598
2641
3313
1997
1999
2585
2598
2641
3313
1997
1999
2585
2598
2627
3313
1997
1999
2585
2598
2627
3313
1997
1999
3313
2585
2598
2627
2585
2598
2627
2585
2598
2627
2585
2598
2627
2585
2598
2627
2585
2598
2627
2585
2598
2627
553
2585
2598
2627
553
2770
2112
2770
2585
2598
3313
1999
2585
2598
3313
1999
2641
2585
2627
2641
3313
2585
2627
2641
3313
2585
2598
2627
2641
2585
2598
2627
2641
3313
2585
2598
2627
2641
3313
1999
2585
2598
2627
2641
3313
1999
2585
1997
1999
2585
1997
1999
2585
3313
1877
1997
1999
2585
3313
1877
1997
1999
2585
3313
341
1877
1997
1999
2585
3313
341
1877
1997
1999
2585
3313
341
1877
1997
1999
2585
3313
341
1877
1997
1999
2585
3313
341
1877
1997
1999
2585
3313
341
1877
1997
1999
2585
3313
341
1877
1997
1999
2585
3313
341
1877
1997
1999
2585
3313
341
1877
1997
1999
2585
3313
341
1877
1997
1999
2585
3313
341
1877
1997
1999
2585
3313
341
1877
1997
1999
2585
3313
341
1877
1997
1999
2585
3313
341
1877
1997
1999
3313
341
1877
1997
1999
3313
341
1877
1997
1999
3313
341
1877
1997
1999
3313
341
1877
1997
1999
3313
341
1877
1997
1999
3313
341
1877
1997
1999
3313
341
1877
1997
1999
3313
341
1877
1997
1999
3313
341
1877
1997
1999
3313
341
1877
1997
1999
3313
341
1877
1997
1999
3313
341
1877
1997
1999
3313
341
1877
1997
1999
3313
341
1877
1997
1999
3313
341
1877
1997
1999
3313
341
1877
1997
1999
3313
341
1877
1997
1999
3313
341
1877
1997
1999
3313
341
1877
1997
1999
3313
341
1877
1997
1999
3313
341
1877
1997
1999
3313
341
1877
1997
1999
3313
341
1877
1997
1999
3313
341
1877
1997
1999
3313
341
1877
1997
1999
3313
341
1877
1997
1999
3313
341
1877
1997
1999
3313
341
1877
1997
1999
3313
341
1877
1997
1999
3313
341
1877
1997
1999
3313
341
1877
1997
1999
3313
341
1877
1997
1999
3313
341
1877
1997
1999
3313
341
1877
1997
1999
3313
341
1877
1997
1999
3313
341
1877
1997
1999
3313
341
1877
1997
1999
3313
341
1877
1997
1999
3313
341
1877
1997
1999
3313
341
1877
1997
1999
3313
341
1877
1997
1999
3313
341
1877
1997
1999
3313
341
1877
1997
1999
3313
341
1877
1997
1999
3313
341
1877
1997
1999
3313
341
1877
1997
1999
3313
341
1877
1997
1999
3313
341
1877
1997
1999
2585
2592
2598
3313
1877
1999
539
2585
2592
2598
3313
1877
1999
539
2585
2592
2598
3313
1877
1999
539
2585
2592
2598
3313
1877
1999
539
1999
3313
1877
1997
1999
3313
1877
1997
1999
2585
3313
1877
1997
1999
3313
1877
1997
1999
2585
3313
1877
1997
1999
2585
3313
1877
1997
1999
2585
1877
1997
1999
2585
1877
1997
1999
2585
3313
1877
1997
1999
2585
3313
1877
1997
1999
2585
3313
1877
1997
1999
2585
3313
1877
1997
1999
1676
1999
2585
3313
1877
553
1997
1999
2585
3313
1877
553
1997
1999
2585
3313
1877
553
1997
2585
3313
1877
553
1997
2585
2627
1877
553
1997
1999
2585
2627
1877
553
1997
1999
2585
2627
2641
1877
1997
1999
2585
2627
2641
1877
1997
1999
2585
2627
2641
1877
1997
1999
2585
2627
2641
1877
1997
1999
2585
2627
2641
1877
1997
1999
2585
2627
2641
1877
1997
1999
2585
2627
2641
1877
1997
1999
2585
2627
2641
1877
1997
1999
2585
2627
2641
1877
553
1997
1999
2585
2627
2641
1877
553
1997
1999
2585
2627
2641
1877
1997
1999
2585
2627
2641
1877
1997
1999
2585
2627
2641
1877
1997
1999
2585
2627
2641
1877
1997
1999
2585
2598
2627
2641
1877
1997
1999
2585
2598
2627
2641
1877
1997
1999
2627
1999
2592
2604
3313
97
2592
2604
3313
97
2592
2604
3313
97
2592
2604
3313
97
1676
3660
3475
3313
1676
1997
1999
2585
2598
1999
2585
2598
1999
2598
1999
2598
1999
2598
1999
2598
1999
2598
2627
2598
2627
2598
2627
2598
2627
2598
3475
1676
467
2770
2585
2592
3313
2585
2592
3313
2585
2592
3313
1997
2585
2592
3313
1997
3313
2592
2641
3313
97
534
2592
2641
3313
97
534
2592
3313
553
1997
1999
97
534
2592
3313
553
1997
1999
97
534
2592
3313
553
1997
1999
97
534
2592
3313
553
1997
1999
97
534
1676
3387
2113
3387
2113
2487
3387
2415
2113
2487
2113
2487
2113
3347
805
1439
1482
3586
1482
3586
3277
2066
3277
1954
3277
1954
3277
1954
3277
1954
3277
1954
3277
1954
3277
1354
3277
3283
1445
1022
1482
747
1482
3586
1482
3586
1022
2617
2939
2617
2939
2617
2939
2617
3541
1634
1482
1022
1258
1585
694
1022
2391
2825
2035
1258
1585
694
1022
2391
2825
2035
1258
694
1022
2391
2825
2035
1258
694
1022
2391
2825
2035
1022
2561
2712
2713
1848
1900
1902
2561
2712
2713
1848
1900
1902
2561
2712
2713
1848
1900
1902
2561
2712
2713
1848
1900
1902
2561
2712
2713
1848
1902
2561
2712
2713
1848
1902
2561
2711
2712
2713
1848
1902
2561
2711
2712
2713
1848
1902
2561
2711
2712
2713
1901
1902
2561
2711
2712
2713
1901
1902
1858
1212
2989
2990
1212
2989
2990
2989
2990
2989
2990
2989
2990
2989
2990
2991
2989
2990
2991
2989
2990
2991
2989
2990
2991
2989
2990
2991
2989
2990
2991
2989
2990
2777
3592
3593
2777
3592
3593
2777
3593
2777
3593
1052
2777
3592
1052
2777
3592
2223
1052
1053
3592
2223
1052
1053
3592
2223
1052
1053
2223
1052
1053
2223
1052
1053
1212
2989
3593
2223
1052
1053
1212
2989
3593
2223
1052
1053
1212
2989
3593
2223
1052
1053
1212
2989
3593
2223
1052
1212
2989
3593
2223
1052
1212
2989
3593
2212
2968
3092
2262
2212
2968
3092
2262
2212
2968
3092
2262
2212
2968
3092
2262
2203
2207
2212
2203
2207
2212
2203
2207
2212
2203
2207
2212
1774
2203
2207
2212
1774
2203
2207
2212
2203
2212
883
2203
2212
883
2135
2203
2212
883
2135
2203
2212
883
1774
2203
2207
2212
1774
2203
2207
2212
1774
2203
2212
3427
1774
2203
2212
3427
1774
2203
2212
3427
1774
2203
2212
3427
1774
2203
2212
3427
1774
2203
2212
3427
1774
2203
2207
2212
2519
3427
1774
2203
2207
2212
2519
3427
1774
2203
2207
2212
3427
1774
2203
2207
2212
3427
1774
2203
2207
2212
3427
1774
2203
2207
2212
3427
1774
2203
2207
2212
3427
1774
2203
2207
2212
3427
1774
2203
2212
1774
2203
2212
1774
2203
2212
1774
2203
2212
1774
2203
2212
1774
2203
2212
1774
2203
2212
1774
2203
2212
1774
2203
2212
1774
2203
2212
1774
2203
2212
1774
2203
2212
1774
2203
2212
1774
2203
2212
1774
2203
2212
1774
2203
2212
1774
2203
2212
1774
2203
2212
1774
2203
2212
1774
2203
2212
1774
2203
2212
1774
2203
2212
1774
2203
2212
1774
2203
2212
1774
2203
2212
1774
2203
2212
1774
2203
2212
1774
2203
2212
1774
2203
2212
1774
2203
2212
1774
2203
1774
2203
1774
2203
1774
2203
1774
2203
1774
2203
1774
2203
1774
2203
1774
2203
1774
2203
1774
3427
1774
3427
1774
3427
1774
3427
1774
2212
3092
3427
1774
2212
3092
3427
1774
2212
3092
3427
1774
2212
3092
3427
1774
2196
2968
3092
3427
1774
2196
2968
3092
3427
1774
2196
2968
1774
2196
2968
1774
2196
2968
2262
1774
2196
2968
2262
1774
2203
2212
2968
2262
1774
2203
2212
2968
2262
1774
2203
2212
2968
2262
1774
2203
2212
2968
2262
1774
2212
2968
2262
1774
2212
2968
2262
1774
2212
2968
1774
2212
2968
1774
2212
2968
1774
2212
2968
1774
2196
2968
3427
1774
2196
2968
3427
1774
2196
2968
3427
1774
2196
2968
3427
1774
2196
2203
2968
3427
1774
2196
2203
2968
3427
2196
2203
2196
2203
2196
2202
883
2196
2202
883
1774
2196
2202
883
1774
2196
2202
883
1774
2196
2202
876
883
1774
2196
2202
876
883
1774
2196
2202
2204
876
883
1774
2196
2202
2204
876
883
1774
2196
2202
2203
1774
2196
2202
2203
1774
2196
2203
1774
2196
2203
1774
2196
2203
2204
1774
2196
2203
2204
1774
2196
2203
2204
1774
2196
2203
2204
1774
2196
2203
2204
2584
1774
2196
2203
2204
2584
1774
1791
2196
2204
110
480
1774
1791
2196
2204
110
480
1774
1791
2196
2204
110
480
1774
1791
2196
2204
110
480
1791
2135
2197
2207
2222
2584
1791
2135
2197
2207
2222
2584
2189
2195
2196
2189
2195
2196
2189
2195
2196
2189
2195
2196
2195
2196
2195
2196
2195
2196
2195
2196
2195
2196
2195
2196
2189
2195
2196
2189
2195
2196
2189
2195
2196
2189
2195
2196
2189
2195
2196
2189
2195
2196
2189
2195
2196
110
2189
2195
2196
110
2189
2195
2196
110
2189
2195
2196
110
1791
2195
2197
109
1791
2195
2197
109
1791
1935
2135
2195
2197
109
1791
1935
2135
2195
2197
109
1791
1935
2135
2195
2197
109
1791
1935
2135
2195
2197
109
1791
1935
2188
2189
2195
2197
1791
1935
2188
2189
2195
2197
1935
2188
2189
2197
110
111
1935
2188
2189
2197
110
111
1791
1935
2188
2189
110
111
1791
1935
2188
2189
110
111
1791
2135
2188
2189
110
111
1791
2135
2188
2189
110
111
1791
1809
2188
109
111
1791
1809
2188
109
111
1791
1809
2188
109
111
1791
1809
2188
109
111
1791
1809
2188
109
111
1791
1809
2188
109
111
1809
2188
109
111
1809
2188
109
111
1809
2188
109
111
1809
2188
109
111
1809
2188
109
111
1809
2188
109
111
1809
2188
109
110
111
1809
2188
109
110
111
1809
2188
2190
109
110
111
1809
2188
2190
109
110
111
1809
2188
2190
109
110
111
1809
2188
2190
109
110
111
1625
1809
2189
2190
109
111
1625
1809
2189
2190
109
111
1625
1809
2189
2190
109
111
1625
1809
2189
2190
109
111
1625
1626
1809
2188
2189
111
1625
1626
1809
2188
2189
111
1625
1626
1809
2188
2189
111
1625
1626
1809
2188
2189
111
1625
1626
1757
1809
2188
2189
1625
1626
1757
1809
2188
2189
1625
1626
1757
1809
2188
111
1625
1626
1757
1809
2188
111
1625
1626
1757
1809
2188
111
1625
1626
1757
1809
2188
111
1304
1625
1696
1809
109
111
1304
1625
1696
1809
109
111
1295
1304
1305
1306
1626
1696
1295
1304
1305
1306
1626
1696
1305
1352
1625
1696
1757
109
1305
1352
1625
1696
1757
109
1305
1352
1625
1696
1757
2190
1305
1352
1625
1696
1757
2190
1305
1352
1625
1696
1757
2190
1305
1352
1625
1696
1757
2190
1295
1304
1305
1352
1626
3624
1295
1304
1305
1352
1626
3624
1295
1305
1352
1696
3624
1295
1305
1352
1696
3624
1295
1305
1306
1307
1625
1696
1295
1305
1306
1307
1625
1696
1295
1305
1306
1307
1625
1696
1295
1305
1306
1307
1625
1696
1295
1305
1306
1307
1625
1696
1295
1305
1306
1307
1625
1696
1295
1305
1306
1307
1625
1696
1295
1305
1306
1307
1625
1696
1295
1305
1306
1352
1696
2190
1295
1305
1306
1352
1696
2190
1294
1305
1306
1307
1352
1696
1294
1305
1306
1307
1352
1696
1294
1306
1307
1696
1697
1769
1294
1306
1307
1696
1697
1769
1294
272
1305
1306
1307
1697
1294
272
1305
1306
1307
1697
1294
272
1306
1307
1697
1769
1294
272
1306
1307
1697
1769
1294
272
1306
1307
1697
1769
1294
272
1306
1307
1697
1769
1294
272
1306
1307
1697
1769
1294
272
1306
1307
1697
1769
1294
1295
1305
1306
1307
2365
1294
1295
1305
1306
1307
2365
1294
1295
1305
1306
1307
2365
1294
1295
1305
1306
1307
2365
1294
1295
1305
1306
2365
2366
1294
1295
1305
1306
2365
2366
1295
1306
2331
2365
2366
1295
1306
2331
2365
2366
1295
1306
2331
2365
2366
1295
1306
2331
2365
2366
1295
1306
2331
2365
2366
2378
1295
1306
2331
2365
2366
2378
1306
2331
1780
2366
1306
2331
1780
2366
272
2331
1769
1780
2366
2452
272
2331
1769
1780
2366
2452
272
1306
1769
1780
2366
2452
272
1306
1769
1780
2366
2452
272
1697
1769
1780
2366
2452
272
1697
1769
1780
2366
2452
272
1332
1928
1697
1769
2452
272
1332
1928
1697
1769
2452
272
1306
2331
1928
1697
2366
272
1306
2331
1928
1697
2366
272
1306
2331
1697
1769
2366
272
1306
2331
1697
1769
2366
272
1306
2331
1697
2366
2452
272
1306
2331
1697
2366
2452
272
1306
2331
1769
2366
2452
272
1306
2331
1769
2366
2452
272
1332
2331
1769
2366
2452
272
1332
2331
1769
2366
2452
272
1332
1697
1769
2366
2452
272
1332
1697
1769
2366
2452
272
1306
1332
1697
1780
2452
272
1306
1332
1697
1780
2452
272
1306
1332
1769
1780
2452
272
1306
1332
1769
1780
2452
272
1306
1332
2331
1780
2452
272
1306
1332
2331
1780
2452
272
1306
2331
1697
1780
2366
272
1306
2331
1697
1780
2366
272
2331
1697
1769
1780
2366
272
2331
1697
1769
1780
2366
272
1306
2331
1697
1780
2366
272
1306
2331
1697
1780
2366
272
1306
2331
1769
1780
2452
272
1306
2331
1769
1780
2452
272
2331
1697
1769
1780
2452
272
2331
1697
1769
1780
2452
272
1306
2331
1780
2366
2452
272
1306
2331
1780
2366
2452
272
1306
2331
1769
2366
272
1306
2331
1769