0,1,147546,8,16,0,
0,0,147539,11,21,0,
0,0,147539,8,24,0,
0,0,147536,11,24,0,
0,0,147540,10,21,0,
0,1,147536,12,22,0,
0,1,147534,13,23,0,
0,0,147536,13,22,0,
0,1,147534,12,24,0,
0,1,147538,8,24,0,
0,1,147534,12,24,0,
0,0,147534,13,24,0,
0,1,147537,13,20,0,
0,2,147534,16,19,0,
0,1,147535,11,24,0,
0,1,147535,11,24,0,
0,1,147536,9,25,0,
0,0,147534,15,22,0,
0,1,147538,12,20,0,
0,0,147537,12,22,0,
0,1,147534,11,25,0,
0,0,147534,11,26,0,
0,1,147533,11,26,0,
0,1,147534,17,19,0,
0,0,147535,12,24,0,
0,0,147535,11,25,0,
0,2,147533,10,26,0,
0,0,147535,15,21,0,
0,0,147533,15,23,0,
0,1,147536,14,20,0,
0,0,147534,16,21,0,
0,0,147533,14,24,0,
0,0,147532,13,26,0,
0,2,147533,16,20,0,
0,1,147534,12,24,0,
0,0,147536,10,25,0,
0,0,147534,16,21,0,
0,0,147536,14,21,0,
0,0,147535,9,27,0,
0,1,147536,13,21,0,
