826,3499,45269,9004,287,0,
369,4636,40288,13372,220,0,
195,4801,39295,14405,189,0,
176,4885,39456,14189,179,0,
167,4934,39588,14019,177,0,
151,4952,39178,14454,150,0,
146,4873,39284,14425,157,0,
134,4980,39144,14488,139,0,
131,4933,39186,14486,149,0,
128,4889,39230,14521,117,0,
130,4897,39317,14406,135,0,
136,5005,39205,14402,137,0,
141,4923,39321,14365,135,0,
105,4903,39369,14381,127,0,
123,4905,39299,14434,124,0,
132,4939,39217,14457,140,0,
122,4977,39145,14523,118,0,
106,4951,39194,14508,126,0,
113,4937,39320,14387,128,0,
109,4981,39168,14494,133,0,
116,5033,39304,14299,133,0,
128,4953,39194,14488,122,0,
130,4947,39230,14455,123,0,
122,4916,39146,14596,105,0,
129,4956,39227,14462,111,0,
140,4785,39239,14604,117,0,
109,4980,39373,14311,112,0,
97,4836,39193,14640,119,0,
126,4952,39179,14512,116,0,
108,4843,39120,14683,131,0,
108,4861,39347,14449,120,0,
129,4915,39297,14423,121,0,
106,4883,39304,14471,121,0,
103,4825,39349,14501,107,0,
116,4991,39271,14388,119,0,
132,4870,39376,14400,107,0,
119,4902,39271,14466,127,0,
126,4860,39278,14507,114,0,
122,4879,39262,14502,120,0,
109,4927,39277,14451,121,0,
124,4863,39370,14395,133,0,
128,4805,39133,14698,121,0,
128,4961,39363,14325,108,0,
123,4837,39346,14464,115,0,
112,4970,39044,14654,105,0,
107,4898,39301,14461,118,0,
119,4919,39173,14555,119,0,
111,4880,39093,14684,117,0,
111,4909,39253,14490,122,0,
111,4740,39245,14671,118,0,
138,4938,39205,14488,116,0,
139,4867,39349,14426,104,0,
115,4898,39482,14258,132,0,
119,4898,39536,14219,113,0,
117,4935,39231,14478,124,0,
109,4838,39287,14544,107,0,
100,4809,39184,14683,109,0,
100,4938,39169,14560,118,0,
112,4906,39258,14490,119,0,
126,4861,39359,14426,113,0,
112,4805,39201,14651,116,0,
120,4841,39432,14383,109,0,
113,4940,39265,14453,114,0,
127,4879,39472,14287,120,0,
105,4913,39266,14497,104,0,
112,4948,39245,14475,105,0,
106,4842,39543,14280,114,0,
118,4942,39265,14444,116,0,
122,4823,39177,14625,138,0,
134,4832,39357,14462,100,0,
117,4787,39209,14637,135,0,
114,4887,39273,14493,118,0,
117,4859,39247,14546,116,0,
105,4836,39242,14602,100,0,
102,4880,39419,14387,97,0,
114,4952,39451,14259,109,0,
104,4905,39124,14640,112,0,
138,4853,39381,14403,110,0,
107,4858,39394,14414,112,0,
122,4782,39351,14510,120,0,
118,4825,39381,14450,111,0,
113,4860,39264,14544,104,0,
122,4822,39320,14507,114,0,
120,4868,39238,14551,108,0,
112,4858,39214,14586,115,0,
116,4802,39359,14473,135,0,
107,4842,39226,14583,127,0,
106,4914,39148,14612,105,0,
120,4753,39372,14521,119,0,
112,4854,39323,14479,117,0,
129,4817,39306,14497,136,0,
120,4902,39384,14364,115,0,
115,4833,39486,14341,110,0,
118,4772,39332,14539,124,0,
127,4871,39271,14517,99,0,
113,4761,39314,14558,139,0,
114,4856,39282,14519,114,0,
115,4848,39269,14546,107,0,
116,4838,39279,14531,121,0,
104,4765,39469,14448,99,0,
110,4912,39274,14482,107,0,
122,4883,39283,14489,108,0,
123,4803,39276,14571,112,0,
126,4864,39484,14290,121,0,
87,4892,39403,14397,106,0,
113,4817,39393,14434,128,0,
116,4790,39415,14437,127,0,
118,4863,39246,14545,113,0,
106,4836,39180,14662,101,0,
123,4903,39316,14433,110,0,
108,4911,39306,14425,135,0,
112,4846,39239,14565,123,0,
90,4937,39467,14286,105,0,
111,4790,39434,14443,107,0,
111,4901,39205,14564,104,0,
112,4785,39358,14507,123,0,
105,4818,39457,14384,121,0,
117,4888,39269,14485,126,0,
118,4862,39215,14573,117,0,
113,4766,39375,14515,116,0,
87,4888,39361,14422,127,0,
104,4864,39324,14469,124,0,
99,4797,39213,14664,112,0,
112,4754,39269,14643,107,0,
114,4695,39476,14507,93,0,
114,4848,39414,14390,119,0,
101,4827,39352,14487,118,0,
120,4787,39415,14456,107,0,
111,4823,39251,14596,104,0,
107,4720,39340,14611,107,0,
95,4760,39395,14507,128,0,
92,4793,39379,14534,87,0,
99,4843,39157,14658,128,0,
105,4883,39287,14486,124,0,
115,4899,39214,14541,116,0,
116,4853,39271,14535,110,0,
110,4826,39254,14564,131,0,
98,4833,39269,14569,116,0,
115,4746,39293,14612,119,0,
109,4818,39279,14576,103,0,
96,4875,39343,14457,114,0,
121,4887,39338,14432,107,0,
116,4814,39339,14507,109,0,
104,4827,39389,14439,126,0,
99,4809,39275,14600,102,0,
113,4874,39320,14448,130,0,
116,4827,39276,14526,140,0,
102,4815,39428,14443,97,0,
95,4863,39340,14481,106,0,
101,4872,39305,14483,124,0,
101,4846,39443,14393,102,0,
114,4842,39334,14487,108,0,
112,4883,39253,14513,124,0,
126,4805,39263,14565,126,0,
119,4761,39300,14578,127,0,
113,4801,39313,14562,96,0,
110,4731,39369,14574,101,0,
118,4810,39323,14520,114,0,
125,4788,39278,14585,109,0,
123,4858,39422,14378,104,0,
102,4808,39241,14646,88,0,
106,4900,39362,14405,112,0,
107,4827,39264,14587,100,0,
107,4849,39295,14540,94,0,
125,4794,39354,14487,125,0,
117,4786,39348,14519,115,0,
113,4851,39275,14519,127,0,
106,4783,39264,14606,126,0,
127,4879,39184,14577,118,0,
107,4865,39292,14503,118,0,
102,4814,39259,14597,113,0,
101,4871,39360,14453,100,0,
94,4857,39258,14566,110,0,
105,4877,39356,14450,97,0,
115,4724,39373,14560,113,0,
111,4867,39322,14468,117,0,
126,4784,39352,14523,100,0,
97,4815,39460,14394,119,0,
124,4823,39191,14634,113,0,
102,4783,39419,14485,96,0,
103,4859,39407,14396,120,0,
117,4749,39306,14593,120,0,
119,4875,39350,14427,114,0,
100,4741,39332,14590,122,0,
106,4792,39138,14724,125,0,
94,4821,39277,14587,106,0,
104,4754,39332,14573,122,0,
96,4870,39315,14499,105,0,
106,4719,39312,14635,113,0,
107,4751,39343,14548,136,0,
134,4778,39287,14571,115,0,
97,4936,39309,14447,96,0,
114,4898,39345,14432,96,0,
110,4862,39206,14607,100,0,
126,4776,39180,14665,138,0,
100,4831,39433,14407,114,0,
92,4863,39333,14496,101,0,
89,4827,39457,14396,116,0,
107,4847,39369,14459,103,0,
94,4851,39585,14245,110,0,
101,4794,39213,14665,112,0,
119,4789,39405,14471,101,0,
90,4935,39394,14342,124,0,
108,4819,39168,14687,103,0,
112,4818,39385,14470,100,0,
113,4779,39388,14482,123,0,
121,4840,39194,14630,100,0,
113,4826,39314,14524,108,0,
100,4832,39425,14440,88,0,
111,4880,39266,14539,89,0,
114,4764,39325,14589,93,0,
112,4814,39372,14490,97,0,
104,4801,39300,14561,119,0,
106,4856,39376,14424,123,0,
110,4862,39280,14538,95,0,
104,4893,39391,14387,110,0,
100,4803,39332,14540,110,0,
120,4774,39328,14556,107,0,
95,4769,39353,14554,114,0,
126,4855,39447,14346,111,0,
113,4861,39305,14497,109,0,
114,4823,39362,14476,110,0,
110,4887,39327,14445,116,0,
114,4853,39415,14377,126,0,
78,4908,39448,14351,100,0,
98,4917,39392,14360,118,0,
110,4800,39400,14459,116,0,
97,4921,39317,14434,116,0,
102,4899,39358,14427,99,0,
101,4828,39306,14531,119,0,
120,4848,39408,14404,105,0,
82,4765,39296,14614,128,0,
102,4758,39366,14552,107,0,
104,4755,39377,14551,98,0,
114,4904,39199,14557,111,0,
111,4795,39292,14595,92,0,
115,4765,39268,14621,116,0,
113,4755,39348,14566,103,0,
115,4817,39215,14627,111,0,
118,4842,39369,14452,104,0,
99,4870,39332,14487,97,0,
107,4853,39154,14648,123,0,
137,4791,39378,14465,114,0,
119,4790,39493,14368,115,0,
102,4802,39430,14451,100,0,
111,4851,39275,14543,105,0,
96,4778,39323,14582,106,0,
120,4895,39311,14455,104,0,
110,4791,39480,14401,103,0,
103,4860,39411,14403,108,0,
96,4785,39366,14521,117,0,
114,4798,39245,14601,127,0,
117,4830,39273,14552,113,0,
115,4788,39447,14417,118,0,
112,4767,39411,14496,99,0,
114,4759,39351,14538,123,0,
112,4778,39389,14494,112,0,
102,4760,39347,14569,107,0,
92,4726,39336,14604,127,0,
102,4722,39508,14455,98,0,
115,4803,39302,14554,111,0,
103,4821,39270,14573,118,0,
110,4760,39478,14437,100,0,
94,4690,39280,14709,112,0,
126,4853,39342,14461,103,0,
117,4864,39431,14363,110,0,
113,4836,39293,14551,92,0,
113,4797,39377,14496,102,0,
128,4771,39278,14599,109,0,
118,4801,39195,14668,103,0,
110,4781,39322,14554,118,0,
119,4774,39410,14476,106,0,
120,4812,39338,14495,120,0,
115,4765,39293,14621,91,0,
103,4778,39281,14600,123,0,
130,4846,39250,14552,107,0,
97,4790,39343,14547,108,0,
115,4883,39212,14571,104,0,
101,4740,39507,14396,141,0,
109,4723,39499,14451,103,0,
97,4764,39431,14471,122,0,
114,4732,39296,14638,105,0,
92,4759,39428,14512,94,0,
100,4797,39424,14462,102,0,
117,4798,39251,14626,93,0,
109,4793,39391,14502,90,0,
99,4753,39478,14448,107,0,
117,4762,39398,14500,108,0,
102,4835,39305,14549,94,0,
109,4828,39239,14614,95,0,
101,4722,39478,14475,109,0,
98,4839,39411,14421,116,0,
87,4783,39406,14499,110,0,
115,4793,39423,14448,106,0,
120,4799,39421,14441,104,0,
97,4739,39315,14630,104,0,
94,4895,39141,14646,109,0,
109,4850,39234,14587,105,0,
107,4749,39279,14643,107,0,
113,4847,39229,14593,103,0,
91,4864,39132,14708,90,0,
121,4782,39350,14546,86,0,
94,4832,39371,14482,106,0,
110,4828,39365,14475,107,0,
123,4818,39376,14478,90,0,
108,4810,39440,14432,95,0,
112,4769,39249,14645,110,0,
114,4810,39493,14348,120,0,
119,4912,39233,14516,105,0,
98,4796,39438,14444,109,0,
110,4822,39410,14441,102,0,
127,4776,39341,14537,104,0,
100,4816,39365,14500,104,0,
109,4830,39283,14551,112,0,
86,4784,39290,14605,120,0,
105,4804,39439,14427,110,0,
114,4885,39400,14369,117,0,
126,4880,39335,14430,114,0,
117,4876,39299,14471,122,0,
125,4739,39319,14595,107,0,
107,4766,39433,14454,125,0,
104,4830,39399,14437,115,0,
103,4835,39395,14439,113,0,
114,4806,39366,14485,114,0,
126,4785,39391,14467,116,0,
89,4924,39413,14355,104,0,
120,4849,39388,14425,103,0,
112,4805,39337,14538,93,0,
114,4811,39349,14507,104,0,
128,4825,39303,14515,114,0,
115,4775,39342,14547,106,0,
99,4709,39499,14475,103,0,
104,4858,39339,14490,94,0,
108,4914,39313,14444,106,0,
98,4855,39278,14562,92,0,
101,4854,39373,14440,117,0,
104,4811,39270,14589,111,0,
114,4792,39256,14610,113,0,
105,4871,39307,14477,125,0,
122,4855,39367,14450,91,0,
119,4851,39336,14466,113,0,
94,4826,39527,14324,114,0,
101,4801,39407,14474,102,0,
99,4779,39378,14528,101,0,
107,4877,39352,14441,108,0,
94,4846,39564,14265,116,0,
97,4772,39434,14478,104,0,
111,4803,39241,14623,107,0,
109,4816,39195,14657,108,0,
89,4895,39372,14431,98,0,
103,4788,39379,14512,103,0,
105,4819,39362,14487,112,0,
104,4773,39264,14634,110,0,
111,4782,39334,14536,122,0,
110,4729,39426,14518,102,0,
117,4742,39443,14478,105,0,
99,4793,39321,14568,104,0,
122,4740,39433,14489,101,0,
115,4719,39395,14544,112,0,
116,4850,39259,14555,105,0,
103,4789,39411,14489,93,0,
116,4832,39310,14528,99,0,
102,4799,39417,14461,106,0,
91,4817,39373,14473,131,0,
102,4800,39276,14600,107,0,
104,4823,39413,14444,101,0,
109,4782,39368,14531,95,0,
120,4766,39488,14395,116,0,
110,4907,39188,14579,101,0,
107,4846,39395,14422,115,0,
98,4869,39410,14411,97,0,
122,4812,39347,14500,104,0,
105,4730,39413,14535,102,0,
97,4799,39327,14557,105,0,
119,4859,39357,14453,97,0,
108,4819,39357,14492,109,0,
105,4798,39413,14454,115,0,
100,4790,39378,14508,109,0,
105,4785,39466,14417,112,0,
106,4826,39410,14451,92,0,
91,4864,39453,14358,119,0,
91,4866,39274,14535,119,0,
106,4834,39354,14492,99,0,
111,4795,39429,14448,102,0,
97,4839,39382,14435,132,0,
97,4877,39290,14500,121,0,
122,4785,39457,14417,104,0,
99,4753,39425,14510,98,0,
118,4812,39279,14576,100,0,
111,4760,39199,14696,119,0,
102,4808,39482,14385,108,0,
113,4846,39496,14327,103,0,
103,4793,39510,14376,103,0,
114,4843,39323,14494,111,0,
109,4717,39406,14562,91,0,
113,4869,39295,14504,104,0,
108,4795,39350,14537,95,0,
114,4740,39302,14630,99,0,
110,4830,39341,14477,127,0,
109,4730,39438,14508,100,0,
106,4872,39318,14481,108,0,
101,4787,39398,14498,101,0,
103,4772,39276,14616,118,0,
100,4866,39402,14402,115,0,
94,4905,39246,14525,115,0,
110,4830,39307,14526,112,0,
107,4797,39458,14407,116,0,
108,4796,39328,14559,94,0,
92,4813,39413,14472,95,0,
108,4747,39321,14598,111,0,
109,4851,39281,14536,108,0,
101,4791,39352,14535,106,0,
101,4761,39353,14578,92,0,
105,4808,39400,14454,118,0,
104,4790,39427,14463,101,0,
101,4789,39381,14501,113,0,
108,4822,39318,14527,110,0,
103,4772,39186,14713,111,0,
89,4837,39325,14507,127,0,
103,4910,39258,14509,105,0,
111,4792,39525,14344,113,0,
95,4821,39187,14678,104,0,
98,4876,39463,14319,129,0,
115,4796,39363,14515,96,0,
108,4796,39358,14505,118,0,
122,4822,39179,14642,120,0,
115,4816,39236,14607,111,0,
116,4806,39473,14389,101,0,
112,4803,39417,14465,88,0,
118,4835,39449,14366,117,0,
111,4691,39377,14586,120,0,
106,4798,39439,14434,108,0,
91,4769,39380,14534,111,0,
82,4821,39482,14403,97,0,
104,4836,39452,14380,113,0,
127,4760,39393,14489,116,0,
108,4759,39253,14670,95,0,
94,4820,39483,14386,102,0,
94,4861,39424,14395,111,0,
114,4725,39469,14473,104,0,
123,4825,39327,14514,96,0,
91,4823,39340,14508,123,0,
118,4795,39323,14533,116,0,
88,4792,39383,14511,111,0,
97,4790,39437,14453,108,0,
117,4738,39532,14400,98,0,
96,4724,39563,14400,102,0,
133,4841,39204,14604,103,0,
98,4763,39390,14519,115,0,
120,4757,39360,14541,107,0,
105,4772,39371,14523,114,0,
116,4760,39285,14617,107,0,
109,4702,39445,14542,87,0,
101,4805,39394,14476,109,0,
95,4722,39418,14539,111,0,
99,4818,39389,14490,89,0,
113,4841,39551,14275,105,0,
104,4744,39420,14530,87,0,
108,4724,39487,14469,97,0,
111,4806,39440,14416,112,0,
106,4768,39525,14373,113,0,
109,4769,39367,14531,109,0,
122,4754,39416,14483,110,0,
115,4767,39358,14538,107,0,
91,4786,39335,14584,89,0,
103,4824,39443,14416,99,0,
102,4720,39391,14561,111,0,
125,4791,39438,14411,120,0,
108,4740,39461,14480,96,0,
116,4863,39483,14316,107,0,
115,4815,39289,14555,111,0,
105,4784,39270,14609,117,0,
100,4814,39424,14437,110,0,
113,4740,39397,14516,119,0,
97,4721,39428,14549,90,0,
108,4816,39451,14397,113,0,
108,4866,39319,14494,98,0,
93,4834,39200,14629,129,0,
115,4764,39452,14446,108,0,
111,4788,39253,14613,120,0,
103,4857,39287,14551,87,0,
106,4740,39447,14492,100,0,
98,4806,39405,14456,120,0,
107,4795,39259,14625,99,0,
101,4776,39395,14502,111,0,
105,4669,39511,14484,116,0,
99,4806,39234,14637,109,0,
108,4775,39265,14615,122,0,
109,4907,39360,14410,99,0,
101,4897,39373,14422,92,0,
91,4868,39340,14493,93,0,
108,4793,39342,14534,108,0,
104,4778,39396,14488,119,0,
112,4748,39428,14482,115,0,
111,4775,39227,14660,112,0,
111,4805,39259,14609,101,0,
112,4818,39345,14525,85,0,
106,4833,39432,14422,92,0,
114,4786,39422,14465,98,0,
112,4769,39418,14486,100,0,
119,4800,39273,14589,104,0,
99,4808,39514,14350,114,0,
110,4785,39381,14515,94,0,
86,4864,39178,14653,104,0,
94,4747,39390,14548,106,0,
110,4744,39476,14454,101,0,
111,4794,39447,14434,99,0,
100,4893,39467,14341,84,0,
100,4839,39324,14514,108,0,
103,4818,39501,14360,103,0,
115,4859,39226,14586,99,0,
101,4814,39302,14569,99,0,
110,4760,39352,14543,120,0,
97,4776,39399,14517,96,0,
126,4755,39420,14482,102,0,
118,4842,39400,14423,102,0,
121,4717,39310,14622,115,0,
105,4748,39330,14606,96,0,
96,4815,39306,14565,103,0,
112,4804,39366,14496,107,0,
98,4792,39327,14561,107,0,
118,4797,39405,14463,102,0,
112,4795,39416,14462,100,0,
115,4806,39421,14456,87,0,
109,4780,39216,14668,112,0,
101,4769,39389,14502,124,0,
109,4807,39405,14473,91,0,
96,4807,39385,14492,105,0,
115,4752,39411,14516,91,0,
107,4721,39411,14549,97,0,
114,4710,39450,14494,117,0,
102,4751,39500,14428,104,0,
99,4843,39476,14365,102,0,
113,4781,39430,14456,105,0,
119,4807,39389,14481,89,0,
108,4803,39473,14404,97,0,
112,4798,39389,14500,86,0,
90,4757,39455,14472,111,0,
102,4793,39447,14437,106,0,
111,4796,39402,14472,104,0,
118,4729,39459,14466,113,0,
109,4752,39438,14481,105,0,
113,4877,39474,14331,90,0,
103,4790,39469,14424,99,0,
101,4877,39334,14459,114,0,
102,4787,39479,14403,114,0,
118,4798,39255,14607,107,0,
117,4845,39381,14429,113,0,
112,4745,39176,14739,113,0,
94,4825,39395,14465,106,0,
114,4718,39410,14548,95,0,
79,4852,39419,14434,101,0,
110,4865,39501,14303,106,0,
108,4779,39394,14505,99,0,
113,4762,39384,14510,116,0,
111,4800,39340,14533,101,0,
89,4851,39382,14450,113,0,
98,4780,39317,14586,104,0,
97,4745,39278,14638,127,0,
109,4727,39431,14523,95,0,
98,4820,39445,14418,104,0,
109,4807,39432,14443,94,0,
104,4786,39262,14619,114,0,
117,4741,39268,14653,106,0,
115,4721,39503,14440,106,0,
91,4919,39345,14431,99,0,
101,4740,39325,14610,109,0,
98,4771,39369,14511,136,0,
96,4773,39313,14595,108,0,
103,4755,39305,14615,107,0,
115,4753,39378,14536,103,0,
92,4909,39302,14491,91,0,
117,4779,39281,14597,111,0,
107,4742,39400,14534,102,0,
99,4832,39597,14258,99,0,
108,4856,39379,14429,113,0,
95,4821,39518,14354,97,0,
97,4713,39505,14479,91,0,
105,4715,39419,14516,130,0,
101,4759,39467,14449,109,0,
83,4900,39294,14506,102,0,
99,4791,39366,14531,98,0,
85,4817,39350,14536,97,0,
132,4806,39343,14492,112,0,
118,4766,39446,14458,97,0,
101,4713,39437,14541,93,0,
111,4710,39557,14402,105,0,
99,4855,39373,14464,94,0,
110,4823,39532,14315,105,0,
93,4830,39287,14575,100,0,
114,4837,39430,14410,94,0,
98,4774,39432,14474,107,0,
97,4785,39426,14464,113,0,
99,4757,39409,14515,105,0,
107,4841,39454,14382,101,0,
101,4711,39431,14529,113,0,
91,4865,39288,14550,91,0,
117,4729,39504,14445,90,0,
96,4874,39381,14448,86,0,
116,4778,39356,14531,104,0,
113,4781,39402,14486,103,0,
116,4748,39344,14568,109,0,
121,4747,39526,14380,111,0,
108,4783,39444,14438,112,0,
91,4828,39364,14521,81,0,
108,4730,39438,14501,108,0,
117,4761,39476,14433,98,0,
99,4793,39303,14580,110,0,
103,4811,39381,14483,107,0,
123,4764,39282,14608,108,0,
109,4857,39525,14306,88,0,
121,4717,39549,14388,110,0,
94,4814,39352,14536,89,0,
103,4780,39464,14414,124,0,
90,4824,39331,14513,127,0,
112,4796,39464,14421,92,0,
90,4858,39238,14587,112,0,
98,4820,39419,14455,93,0,
98,4782,39468,14444,93,0,
99,4839,39449,14393,105,0,
105,4742,39417,14525,96,0,
113,4803,39497,14369,103,0,
98,4788,39357,14560,82,0,
107,4772,39426,14458,122,0,
105,4887,39393,14385,115,0,
98,4755,39544,14395,93,0,
83,4775,39368,14558,101,0,
114,4784,39333,14574,80,0,
95,4782,39413,14508,87,0,
104,4680,39418,14573,110,0,
113,4791,39362,14502,117,0,
101,4809,39217,14638,120,0,
90,4774,39587,14328,106,0,
98,4811,39174,14697,105,0,
124,4798,39459,14392,112,0,
108,4760,39446,14458,113,0,
113,4782,39482,14405,103,0,
97,4727,39424,14549,88,0,
104,4753,39510,14427,91,0,
96,4732,39452,14490,115,0,
116,4717,39454,14496,102,0,
92,4840,39484,14354,115,0,
102,4833,39412,14445,93,0,
130,4757,39369,14530,99,0,
91,4834,39523,14354,83,0,
103,4802,39345,14535,100,0,
110,4811,39418,14430,116,0,
112,4881,39319,14475,98,0,
109,4721,39432,14541,82,0,
106,4745,39627,14315,92,0,
109,4831,39383,14454,108,0,
114,4855,39256,14549,111,0,
123,4820,39257,14576,109,0,
104,4719,39433,14524,105,0,
99,4790,39454,14435,107,0,
93,4833,39391,14460,108,0,
105,4829,39386,14453,112,0,
118,4798,39335,14514,120,0,
104,4819,39374,14490,98,0,
113,4758,39409,14501,104,0,
99,4806,39254,14631,95,0,
104,4692,39445,14544,100,0,
116,4787,39524,14346,112,0,
111,4753,39419,14494,108,0,
106,4782,39404,14476,117,0,
126,4731,39351,14566,111,0,
97,4795,39343,14548,102,0,
111,4858,39345,14461,110,0,
87,4789,39402,14499,108,0,
86,4816,39461,14409,113,0,
104,4787,39384,14515,95,0,
120,4731,39509,14429,96,0,
111,4727,39478,14462,107,0,
111,4748,39449,14490,87,0,
115,4756,39419,14483,112,0,
103,4750,39399,14541,92,0,
92,4864,39328,14492,109,0,
105,4778,39601,14300,101,0,
105,4813,39389,14485,93,0,
106,4778,39466,14442,93,0,
111,4816,39436,14423,99,0,
91,4863,39356,14473,102,0,
117,4744,39530,14389,105,0,
98,4795,39470,14427,95,0,
107,4765,39326,14575,112,0,
127,4697,39546,14407,108,0,
102,4770,39450,14454,109,0,
108,4701,39382,14595,99,0,
105,4729,39390,14558,103,0,
131,4797,39398,14464,95,0,
109,4758,39522,14399,97,0,
106,4681,39505,14491,102,0,
94,4842,39494,14348,107,0,
116,4959,39252,14438,120,0,
104,4812,39490,14375,104,0,
91,4719,39343,14617,115,0,
97,4800,39399,14489,100,0,
90,4714,39392,14586,103,0,
108,4812,39376,14471,118,0,
101,4761,39560,14366,97,0,
88,4758,39511,14437,91,0,
101,4814,39451,14423,96,0,
105,4781,39279,14607,113,0,
103,4790,39411,14478,103,0,
91,4823,39527,14346,98,0,
92,4751,39439,14513,90,0,
117,4758,39469,14431,110,0,
104,4851,39362,14453,115,0,
113,4772,39363,14531,106,0,
93,4854,39229,14618,91,0,
118,4829,39525,14300,113,0,
119,4735,39325,14602,104,0,
90,4762,39543,14379,111,0,
115,4672,39489,14500,109,0,
120,4723,39495,14452,95,0,
102,4805,39351,14507,120,0,
107,4741,39285,14643,109,0,
97,4764,39321,14598,105,0,
116,4709,39652,14296,112,0,
112,4842,39486,14352,93,0,
111,4837,39462,14383,92,0,
96,4715,39533,14445,96,0,
108,4812,39394,14475,96,0,
115,4683,39419,14577,91,0,
92,4745,39402,14543,103,0,
118,4772,39436,14462,97,0,
109,4729,39272,14676,99,0,
110,4802,39438,14443,92,0,
116,4801,39296,14573,99,0,
98,4675,39599,14403,110,0,
95,4763,39541,14373,113,0,
95,4700,39355,14629,106,0,
100,4813,39555,14318,99,0,
103,4818,39311,14538,115,0,
93,4828,39396,14459,109,0,
104,4788,39365,14538,90,0,
121,4709,39433,14528,94,0,
120,4741,39385,14534,105,0,
102,4751,39378,14551,103,0,
106,4661,39520,14507,91,0,
99,4790,39327,14566,103,0,
94,4788,39414,14471,118,0,
103,4766,39493,14420,103,0,
107,4802,39365,14523,88,0,
115,4760,39446,14457,107,0,
103,4835,39432,14414,101,0,
128,4718,39310,14626,103,0,
101,4750,39405,14524,105,0,
110,4870,39395,14394,116,0,
98,4862,39425,14396,104,0,
113,4860,39494,14294,124,0,
110,4894,39281,14488,112,0,
111,4821,39508,14341,104,0,
89,4689,39377,14629,101,0,
106,4840,39355,14489,95,0,
110,4766,39301,14586,122,0,
99,4895,39493,14300,98,0,
105,4729,39403,14536,112,0,
88,4716,39490,14473,118,0,
113,4712,39486,14468,106,0,
97,4764,39403,14530,91,0,
99,4837,39429,14421,99,0,
97,4777,39547,14390,74,0,
92,4696,39324,14680,93,0,
115,4721,39479,14471,99,0,
102,4780,39618,14290,95,0,
89,4738,39481,14480,97,0,
93,4892,39488,14312,100,0,
97,4768,39453,14478,89,0,
108,4793,39435,14455,94,0,
107,4742,39371,14567,98,0,
111,4726,39479,14466,103,0,
113,4726,39538,14407,101,0,
105,4783,39462,14436,99,0,
100,4741,39416,14526,102,0,
86,4841,39467,14377,114,0,
114,4664,39378,14618,111,0,
90,4716,39475,14491,113,0,
106,4777,39426,14489,87,0,
95,4764,39345,14583,98,0,
121,4797,39352,14503,112,0,
109,4789,39388,14509,90,0,
104,4736,39401,14539,105,0,
117,4798,39442,14413,115,0,
109,4759,39460,14446,111,0,
99,4807,39548,14299,132,0,
100,4821,39333,14551,80,0,
102,4753,39367,14562,101,0,
93,4809,39535,14343,105,0,
105,4796,39437,14445,102,0,
105,4670,39350,14650,110,0,
105,4840,39334,14519,87,0,
112,4749,39335,14572,117,0,
92,4781,39371,14536,105,0,
101,4743,39367,14572,102,0,
98,4816,39527,14350,94,0,
99,4700,39489,14501,96,0,
95,4819,39278,14590,103,0,
96,4788,39410,14492,99,0,
87,4771,39530,14374,123,0,
97,4789,39342,14557,100,0,
96,4791,39461,14430,107,0,
105,4699,39544,14435,102,0,
85,4776,39481,14443,100,0,
85,4867,39407,14420,106,0,
95,4706,39464,14516,104,0,
87,4794,39324,14576,104,0,
96,4706,39444,14535,104,0,
110,4776,39259,14630,110,0,
92,4820,39301,14559,113,0,
89,4856,39280,14563,97,0,
87,4838,39370,14491,99,0,
90,4822,39335,14541,97,0,
109,4725,39445,14494,112,0,
91,4826,39321,14543,104,0,
112,4822,39297,14555,99,0,
102,4772,39506,14399,106,0,
99,4785,39473,14412,116,0,
93,4824,39408,14458,102,0,
91,4799,39399,14493,103,0,
90,4800,39388,14499,108,0,
104,4740,39428,14511,102,0,
117,4735,39349,14587,97,0,
121,4741,39352,14568,103,0,
96,4818,39275,14586,110,0,
105,4711,39486,14473,110,0,
111,4727,39625,14308,114,0,
86,4810,39419,14461,109,0,
112,4691,39479,14520,83,0,
105,4849,39376,14441,114,0,
96,4726,39499,14454,110,0,
107,4843,39187,14642,106,0,
91,4846,39290,14544,114,0,
120,4783,39379,14507,96,0,
113,4862,39427,14375,108,0,
100,4674,39264,14725,122,0,
108,4819,39319,14539,100,0,
101,4819,39497,14363,105,0,
110,4758,39460,14441,116,0,
113,4733,39394,14542,103,0,
106,4713,39483,14474,109,0,
86,4743,39488,14461,107,0,
89,4706,39545,14433,112,0,
95,4818,39438,14437,97,0,
85,4759,39585,14377,79,0,
100,4806,39329,14533,117,0,
102,4779,39537,14360,107,0,
103,4843,39268,14569,102,0,
98,4800,39316,14566,105,0,
121,4857,39342,14466,99,0,
101,4785,39439,14463,97,0,
92,4734,39326,14637,96,0,
103,4817,39341,14517,107,0,
108,4765,39302,14600,110,0,
113,4746,39417,14505,104,0,
106,4745,39300,14623,111,0,
96,4737,39362,14580,110,0,
99,4722,39381,14571,112,0,
105,4771,39257,14634,118,0,
108,4798,39415,14460,104,0,
94,4813,39347,14541,90,0,
107,4749,39400,14529,100,0,
105,4728,39524,14422,106,0,
112,4770,39359,14547,97,0,
106,4716,39524,14440,99,0,
107,4627,39645,14412,94,0,
102,4711,39315,14665,92,0,
95,4728,39451,14511,100,0,
104,4783,39309,14587,102,0,
107,4724,39444,14498,112,0,
94,4805,39387,14503,96,0,
101,4801,39571,14302,110,0,
86,4799,39414,14452,134,0,
99,4861,39414,14416,95,0,
105,4772,39374,14503,131,0,
95,4744,39538,14394,114,0,
110,4730,39391,14539,115,0,
95,4816,39352,14514,108,0,
111,4777,39432,14456,109,0,
114,4756,39452,14448,115,0,
99,4796,39310,14568,112,0,
97,4742,39553,14376,117,0,
108,4779,39399,14497,102,0,
93,4730,39316,14645,101,0,
88,4806,39447,14439,105,0,
115,4762,39395,14502,111,0,
107,4726,39287,14650,115,0,
100,4810,39531,14343,101,0,
99,4773,39477,14423,113,0,
86,4774,39519,14402,104,0,
98,4790,39451,14453,93,0,
133,4910,39416,14314,112,0,
92,4770,39482,14421,120,0,
104,4699,39392,14592,98,0,
106,4822,39443,14401,113,0,
114,4758,39365,14540,108,0,
111,4712,39450,14529,83,0,
98,4776,39380,14540,91,0,
126,4675,39506,14468,110,0,
98,4831,39362,14490,104,0,
97,4844,39238,14602,104,0,
117,4715,39439,14512,102,0,
117,4759,39476,14408,125,0,
122,4834,39281,14551,97,0,
106,4823,39379,14467,110,0,
103,4800,39502,14381,99,0,
76,4753,39509,14422,125,0,
89,4822,39279,14567,128,0,
103,4767,39529,14376,110,0,
105,4729,39347,14580,124,0,
89,4780,39387,14532,97,0,
92,4795,39459,14439,100,0,
106,4776,39645,14271,87,0,
93,4810,39427,14446,109,0,
83,4800,39400,14489,113,0,
115,4750,39258,14639,123,0,
100,4778,39295,14594,118,0,
95,4803,39398,14478,111,0,
113,4755,39417,14484,116,0,
102,4848,39314,14510,111,0,
105,4855,39499,14322,104,0,
80,4762,39416,14515,112,0,
97,4739,39425,14530,94,0,
106,4732,39371,14561,115,0,
111,4810,39436,14424,104,0,
104,4819,39372,14488,102,0,
104,4670,39439,14558,114,0,
82,4809,39305,14592,97,0,
94,4721,39440,14509,121,0,
101,4819,39371,14479,115,0,
79,4752,39460,14490,104,0,
119,4763,39203,14701,99,0,
105,4764,39480,14431,105,0,
90,4879,39396,14406,114,0,
101,4743,39383,14556,102,0,
96,4785,39495,14412,97,0,
104,4747,39383,14540,111,0,
110,4793,39462,14404,116,0,
86,4831,39304,14560,104,0,
87,4766,39457,14494,81,0,
107,4772,39483,14426,97,0,
96,4796,39419,14486,88,0,
85,4796,39301,14607,96,0,
103,4730,39544,14403,105,0,
119,4831,39501,14343,91,0,
113,4758,39525,14388,101,0,
100,4725,39499,14447,114,0,
101,4757,39515,14402,110,0,
90,4779,39366,14547,103,0,
106,4739,39319,14617,104,0,
98,4841,39322,14513,111,0,
95,4768,39441,14486,95,0,
94,4793,39520,14382,96,0,
104,4761,39376,14540,104,0,
93,4732,39505,14462,93,0,
105,4765,39438,14477,100,0,
109,4774,39509,14394,99,0,
103,4762,39287,14627,106,0,
113,4827,39304,14554,87,0,
94,4895,39313,14472,111,0,
95,4784,39390,14510,106,0,
99,4813,39474,14393,106,0,
86,4813,39448,14438,100,0,
93,4750,39423,14516,103,0,
108,4796,39314,14566,101,0,
83,4688,39519,14491,104,0,
107,4767,39392,14522,97,0,
97,4732,39383,14559,114,0,
110,4696,39454,14511,114,0,
116,4679,39488,14502,100,0,
106,4758,39407,14508,106,0,
107,4738,39416,14498,126,0,
99,4845,39487,14352,102,0,
107,4710,39359,14604,105,0,
123,4788,39280,14580,114,0,
105,4826,39316,14534,104,0,
94,4716,39461,14504,110,0,
112,4758,39395,14525,95,0,
114,4724,39469,14479,99,0,
107,4740,39423,14518,97,0,
89,4832,39368,14495,101,0,
93,4766,39442,14462,122,0,
110,4797,39474,14389,115,0,
97,4834,39386,14457,111,0,
97,4753,39456,14480,99,0,
99,4699,39501,14489,97,0,
96,4649,39480,14584,76,0,
98,4788,39279,14624,96,0,
94,4802,39520,14379,90,0,
120,4716,39399,14556,94,0,
114,4739,39525,14395,112,0,
76,4858,39393,14454,104,0,
125,4626,39452,14575,107,0,
96,4824,39439,14441,85,0,
94,4739,39498,14453,101,0,
102,4811,39406,14458,108,0,
95,4761,39484,14416,129,0,
103,4722,39341,14620,99,0,
86,4764,39324,14601,110,0,
85,4692,39534,14456,118,0,
