986,4754,49215,11252,346,0,
421,6161,42705,17065,201,0,
214,6284,41546,18379,130,0,
167,6438,41596,18256,96,0,
161,6544,41876,17903,69,0,
138,6490,41276,18587,62,0,
137,6365,41386,18601,64,0,
114,6599,41209,18564,67,0,
113,6512,41222,18633,73,0,
118,6401,41297,18694,43,0,
121,6446,41419,18505,62,0,
110,6554,41337,18489,63,0,
116,6437,41555,18398,47,0,
109,6347,41558,18497,42,0,
95,6482,41447,18487,42,0,
122,6411,41428,18542,50,0,
114,6493,41340,18563,43,0,
98,6336,41481,18582,56,0,
101,6396,41482,18524,50,0,
123,6455,41252,18673,50,0,
117,6488,41509,18394,45,0,
94,6446,41456,18494,63,0,
103,6444,41467,18495,44,0,
89,6417,41261,18742,44,0,
97,6421,41564,18422,49,0,
111,6438,41354,18605,45,0,
100,6404,41556,18452,41,0,
116,6400,41435,18565,37,0,
109,6461,41435,18511,37,0,
102,6349,41603,18457,42,0,
107,6372,41623,18415,36,0,
112,6375,41446,18583,37,0,
95,6403,41532,18481,42,0,
103,6367,41617,18436,30,0,
106,6434,41511,18460,42,0,
103,6349,41613,18452,36,0,
97,6423,41424,18557,52,0,
90,6463,41457,18491,52,0,
110,6415,41442,18551,35,0,
76,6413,41482,18531,51,0,
115,6289,41651,18455,43,0,
110,6307,41412,18680,44,0,
96,6442,41526,18459,30,0,
99,6395,41593,18433,33,0,
99,6415,41389,18621,29,0,
96,6377,41546,18498,36,0,
100,6368,41430,18623,32,0,
109,6364,41438,18607,35,0,
108,6407,41499,18500,39,0,
106,6344,41386,18684,33,0,
104,6386,41604,18421,38,0,
109,6360,41612,18439,33,0,
96,6463,41668,18291,35,0,
95,6360,41712,18338,48,0,
107,6389,41495,18524,38,0,
95,6309,41589,18521,39,0,
95,6384,41488,18545,41,0,
111,6357,41495,18558,32,0,
111,6422,41514,18467,39,0,
95,6378,41520,18522,38,0,
90,6338,41507,18575,43,0,
96,6399,41587,18441,30,0,
115,6471,41544,18385,38,0,
86,6421,41574,18441,31,0,
106,6339,41506,18568,34,0,
91,6360,41522,18542,38,0,
94,6378,41738,18302,41,0,
111,6306,41590,18507,39,0,
103,6324,41431,18666,29,0,
90,6363,41639,18429,32,0,
88,6244,41449,18738,34,0,
103,6353,41508,18557,32,0,
109,6354,41551,18497,42,0,
95,6421,41594,18413,30,0,
104,6388,41596,18428,37,0,
100,6425,41700,18278,50,0,
95,6395,41392,18644,27,0,
102,6418,41664,18344,25,0,
94,6281,41550,18584,44,0,
98,6337,41586,18503,29,0,
103,6239,41692,18492,27,0,
92,6367,41472,18590,32,0,
105,6345,41528,18549,26,0,
97,6335,41490,18590,41,0,
100,6336,41536,18543,38,0,
102,6282,41630,18514,25,0,
111,6193,41432,18776,41,0,
107,6311,41454,18641,40,0,
106,6309,41569,18542,27,0,
90,6354,41587,18479,43,0,
88,6368,41636,18423,38,0,
114,6312,41609,18471,47,0,
113,6291,41714,18414,21,0,
83,6308,41608,18515,39,0,
90,6430,41511,18494,28,0,
90,6272,41628,18525,38,0,
89,6344,41539,18549,32,0,
107,6341,41567,18500,38,0,
106,6304,41461,18646,36,0,
84,6414,41679,18348,28,0,
86,6407,41539,18482,39,0,
88,6421,41467,18540,37,0,
93,6415,41505,18508,32,0,
102,6391,41679,18350,31,0,
100,6291,41698,18429,35,0,
111,6336,41597,18472,37,0,
95,6297,41557,18564,40,0,
94,6403,41542,18477,37,0,
107,6278,41469,18676,23,0,
91,6362,41693,18361,46,0,
86,6459,41570,18402,36,0,
90,6334,41670,18438,21,0,
96,6313,41806,18300,38,0,
98,6271,41640,18505,39,0,
100,6297,41444,18678,34,0,
93,6344,41611,18475,30,0,
97,6365,41774,18277,40,0,
88,6367,41634,18429,35,0,
94,6414,41570,18436,39,0,
85,6269,41732,18429,38,0,
79,6310,41717,18414,33,0,
87,6284,41733,18418,31,0,
89,6248,41507,18668,41,0,
89,6351,41565,18522,26,0,
87,6263,41678,18491,34,0,
103,6392,41546,18471,41,0,
91,6338,41679,18424,21,0,
103,6266,41661,18495,28,0,
92,6360,41575,18491,35,0,
113,6302,41502,18597,39,0,
79,6239,41626,18569,40,0,
80,6287,41833,18327,26,0,
75,6378,41462,18601,37,0,
114,6377,41506,18521,35,0,
107,6362,41410,18640,34,0,
92,6371,41597,18464,29,0,
94,6243,41577,18610,29,0,
107,6350,41492,18572,32,0,
87,6269,41524,18634,39,0,
94,6286,41584,18560,29,0,
82,6377,41633,18424,37,0,
107,6266,41646,18491,43,0,
92,6315,41621,18495,30,0,
101,6360,41701,18349,42,0,
100,6332,41608,18480,33,0,
99,6373,41663,18390,28,0,
86,6349,41658,18425,35,0,
78,6404,41623,18421,27,0,
82,6340,41664,18438,29,0,
82,6342,41671,18422,36,0,
88,6424,41754,18260,27,0,
91,6313,41682,18444,23,0,
77,6406,41658,18389,23,0,
84,6311,41604,18518,36,0,
108,6312,41540,18558,35,0,
100,6378,41596,18443,36,0,
76,6290,41596,18552,39,0,
81,6357,41644,18432,39,0,
97,6378,41640,18410,28,0,
98,6300,41771,18356,28,0,
94,6296,41534,18600,29,0,
93,6462,41603,18353,42,0,
77,6377,41484,18566,49,0,
105,6344,41574,18506,24,0,
94,6302,41745,18376,36,0,
89,6253,41622,18554,35,0,
90,6368,41614,18447,34,0,
94,6284,41484,18649,42,0,
102,6372,41583,18459,37,0,
116,6298,41570,18530,39,0,
80,6340,41656,18453,24,0,
96,6339,41690,18404,24,0,
95,6296,41598,18525,39,0,
91,6271,41658,18505,28,0,
84,6250,41737,18443,39,0,
95,6293,41656,18480,29,0,
92,6293,41667,18471,30,0,
94,6360,41816,18255,28,0,
94,6352,41486,18592,29,0,
77,6386,41708,18350,32,0,
96,6335,41721,18367,34,0,
82,6200,41750,18506,15,0,
98,6335,41625,18456,39,0,
96,6227,41748,18444,38,0,
86,6359,41412,18661,35,0,
103,6345,41519,18562,24,0,
77,6336,41679,18433,28,0,
100,6313,41608,18492,40,0,
102,6256,41691,18469,35,0,
91,6306,41667,18458,31,0,
84,6297,41559,18586,27,0,
96,6320,41688,18419,30,0,
88,6332,41670,18441,22,0,
106,6403,41461,18553,30,0,
87,6318,41443,18668,37,0,
83,6282,41761,18386,41,0,
87,6266,41590,18573,37,0,
97,6248,41750,18421,37,0,
74,6283,41714,18446,36,0,
99,6333,41855,18229,37,0,
101,6229,41599,18596,28,0,
92,6263,41665,18496,37,0,
84,6429,41583,18418,39,0,
94,6309,41482,18634,34,0,
103,6299,41599,18519,33,0,
109,6266,41605,18538,35,0,
103,6244,41590,18583,33,0,
92,6342,41583,18506,30,0,
85,6372,41769,18304,23,0,
92,6320,41535,18580,26,0,
96,6146,41756,18511,44,0,
88,6344,41691,18408,22,0,
92,6180,41612,18633,36,0,
97,6353,41741,18336,26,0,
85,6352,41622,18456,38,0,
78,6332,41778,18332,33,0,
102,6262,41655,18498,36,0,
104,6163,41677,18578,31,0,
87,6295,41720,18417,34,0,
94,6397,41610,18424,28,0,
100,6297,41595,18540,21,0,
77,6371,41704,18372,29,0,
93,6334,41741,18358,27,0,
87,6283,41684,18466,33,0,
80,6340,41796,18309,28,0,
103,6260,41826,18331,33,0,
88,6286,41707,18445,27,0,
102,6270,41683,18464,34,0,
81,6322,41715,18405,30,0,
85,6275,41592,18568,33,0,
89,6300,41820,18304,40,0,
94,6232,41623,18571,33,0,
90,6316,41643,18476,28,0,
82,6263,41687,18497,24,0,
100,6421,41553,18451,28,0,
84,6259,41680,18504,26,0,
82,6311,41500,18622,38,0,
88,6300,41749,18385,31,0,
84,6246,41672,18513,38,0,
93,6326,41781,18318,35,0,
90,6379,41613,18447,24,0,
99,6321,41505,18594,34,0,
103,6243,41580,18597,30,0,
82,6256,41791,18397,27,0,
85,6302,41708,18425,33,0,
80,6290,41653,18490,40,0,
97,6244,41678,18498,36,0,
100,6344,41789,18287,33,0,
86,6250,41791,18394,32,0,
99,6324,41653,18442,35,0,
74,6322,41725,18402,30,0,
83,6248,41711,18484,27,0,
105,6312,41743,18359,34,0,
94,6286,41627,18508,38,0,
95,6284,41612,18529,33,0,
88,6184,41810,18437,34,0,
104,6238,41721,18447,43,0,
87,6253,41670,18508,35,0,
73,6255,41548,18651,26,0,
85,6199,41813,18427,29,0,
79,6293,41673,18472,36,0,
89,6323,41619,18490,32,0,
87,6297,41742,18393,34,0,
85,6197,41631,18616,24,0,
100,6419,41497,18508,29,0,
114,6273,41676,18454,36,0,
88,6300,41595,18530,40,0,
93,6288,41692,18452,28,0,
89,6289,41634,18513,28,0,
94,6255,41587,18576,41,0,
96,6213,41570,18640,34,0,
109,6299,41736,18385,24,0,
96,6268,41660,18500,29,0,
90,6266,41696,18473,28,0,
78,6218,41638,18591,28,0,
93,6276,41656,18502,26,0,
64,6319,41682,18460,28,0,
101,6246,41621,18560,25,0,
82,6287,41728,18420,36,0,
101,6251,41800,18365,36,0,
70,6234,41827,18392,30,0,
84,6325,41628,18490,26,0,
90,6226,41684,18529,24,0,
85,6312,41834,18290,32,0,
90,6261,41636,18535,31,0,
93,6307,41669,18451,33,0,
88,6278,41804,18352,31,0,
94,6269,41690,18467,33,0,
96,6342,41616,18471,28,0,
82,6355,41580,18510,26,0,
76,6178,41817,18455,27,0,
80,6286,41683,18476,28,0,
91,6254,41792,18387,29,0,
96,6353,41644,18424,36,0,
86,6227,41758,18454,28,0,
92,6233,41681,18519,28,0,
95,6227,41541,18656,34,0,
86,6231,41592,18612,32,0,
69,6290,41676,18490,28,0,
110,6278,41616,18519,30,0,
79,6218,41466,18762,28,0,
90,6293,41816,18323,31,0,
86,6348,41710,18376,33,0,
77,6274,41771,18412,19,0,
91,6321,41696,18424,21,0,
72,6209,41767,18477,28,0,
96,6317,41589,18516,35,0,
98,6294,41789,18336,36,0,
99,6280,41566,18581,27,0,
80,6266,41841,18333,33,0,
77,6439,41652,18358,27,0,
93,6289,41669,18478,24,0,
87,6372,41517,18547,30,0,
94,6374,41684,18368,33,0,
90,6294,41651,18490,28,0,
78,6286,41745,18413,31,0,
79,6281,41755,18401,37,0,
93,6262,41724,18449,25,0,
107,6264,41692,18464,26,0,
90,6299,41730,18408,26,0,
94,6157,41802,18475,25,0,
96,6233,41721,18463,40,0,
100,6242,41715,18468,28,0,
108,6284,41754,18374,33,0,
114,6189,41685,18517,48,0,
94,6292,41799,18339,29,0,
112,6276,41793,18343,29,0,
100,6295,41693,18427,38,0,
87,6188,41823,18425,30,0,
98,6264,41776,18382,33,0,
90,6272,41559,18609,23,0,
85,6299,41785,18355,29,0,
103,6330,41795,18305,20,0,
100,6391,41638,18395,29,0,
98,6234,41703,18487,31,0,
72,6368,41690,18393,30,0,
100,6200,41632,18591,30,0,
84,6230,41559,18646,34,0,
94,6315,41682,18428,34,0,
91,6251,41710,18465,36,0,
95,6355,41707,18359,37,0,
70,6258,41915,18273,37,0,
67,6260,41781,18416,29,0,
81,6301,41759,18382,30,0,
88,6377,41713,18345,30,0,
84,6214,41988,18232,35,0,
91,6204,41753,18478,27,0,
102,6302,41565,18556,28,0,
91,6271,41603,18564,24,0,
86,6297,41760,18377,33,0,
87,6270,41798,18362,36,0,
92,6309,41711,18410,31,0,
85,6209,41646,18575,38,0,
88,6276,41740,18409,40,0,
92,6178,41764,18482,37,0,
81,6185,41830,18426,31,0,
93,6256,41688,18481,35,0,
103,6316,41731,18372,31,0,
84,6154,41752,18532,31,0,
107,6283,41725,18404,34,0,
93,6214,41846,18367,33,0,
103,6291,41600,18531,28,0,
83,6208,41719,18515,28,0,
91,6205,41866,18360,31,0,
79,6287,41712,18445,30,0,
70,6303,41747,18409,24,0,
79,6216,41733,18491,34,0,
83,6230,41914,18291,35,0,
113,6413,41545,18448,34,0,
94,6305,41779,18351,24,0,
85,6319,41769,18337,43,0,
105,6192,41780,18449,27,0,
84,6217,41643,18589,20,0,
72,6350,41624,18479,28,0,
82,6327,41737,18377,30,0,
79,6222,41628,18599,25,0,
73,6273,41763,18415,29,0,
85,6307,41734,18399,28,0,
87,6201,41955,18281,29,0,
90,6334,41779,18323,27,0,
90,6306,41716,18423,18,0,
77,6226,41729,18495,26,0,
83,6321,41747,18366,36,0,
75,6392,41725,18332,29,0,
86,6196,41785,18456,30,0,
81,6338,41529,18577,28,0,
92,6275,41857,18308,21,0,
96,6223,41710,18495,29,0,
91,6340,41661,18435,26,0,
100,6218,41564,18640,31,0,
80,6187,41901,18362,23,0,
87,6376,41905,18154,31,0,
105,6272,41849,18303,24,0,
81,6389,41687,18360,36,0,
96,6239,41742,18455,21,0,
95,6312,41822,18286,38,0,
81,6321,41737,18390,24,0,
90,6174,41864,18399,26,0,
101,6318,41611,18496,27,0,
93,6179,41858,18393,30,0,
89,6329,41722,18376,37,0,
82,6297,41742,18395,37,0,
76,6246,41783,18417,31,0,
67,6330,41702,18421,33,0,
74,6314,41602,18530,33,0,
78,6294,41762,18391,28,0,
66,6247,41884,18335,21,0,
92,6236,41683,18515,27,0,
80,6216,41803,18423,31,0,
86,6179,41766,18487,35,0,
95,6290,41658,18482,28,0,
91,6328,41729,18369,36,0,
90,6275,41750,18409,29,0,
99,6213,41821,18394,26,0,
86,6123,41803,18507,34,0,
79,6281,41762,18404,27,0,
95,6222,41625,18580,31,0,
86,6156,41650,18638,23,0,
90,6345,41744,18341,33,0,
94,6390,41664,18388,17,0,
87,6249,41842,18344,31,0,
100,6296,41474,18647,36,0,
91,6352,41698,18381,31,0,
95,6230,41756,18442,30,0,
80,6294,41712,18429,38,0,
90,6312,41593,18525,33,0,
94,6335,41544,18558,22,0,
66,6266,41798,18399,24,0,
86,6240,41754,18459,14,0,
91,6368,41774,18287,33,0,
82,6330,41686,18420,35,0,
98,6261,41880,18295,19,0,
84,6284,41700,18465,20,0,
90,6262,41866,18305,30,0,
77,6349,41795,18303,29,0,
93,6250,41842,18342,26,0,
89,6214,41658,18567,25,0,
76,6178,41939,18332,28,0,
94,6247,41697,18496,19,0,
90,6177,41870,18393,23,0,
77,6344,41691,18413,28,0,
75,6227,41764,18463,24,0,
96,6225,41741,18465,26,0,
71,6282,41796,18369,35,0,
75,6382,41696,18379,21,0,
71,6302,41873,18279,28,0,
101,6214,41914,18301,23,0,
95,6356,41588,18498,16,0,
83,6281,41691,18464,34,0,
89,6229,41655,18544,36,0,
89,6228,41885,18318,33,0,
89,6340,41677,18420,27,0,
83,6176,41805,18453,36,0,
88,6242,41804,18379,40,0,
84,6199,41842,18404,24,0,
74,6315,41800,18341,23,0,
81,6357,41838,18249,28,0,
77,6278,41764,18404,30,0,
74,6267,41793,18393,26,0,
84,6289,41734,18412,34,0,
86,6109,41794,18537,27,0,
102,6249,41692,18491,19,0,
96,6241,41773,18418,25,0,
90,6278,41633,18521,31,0,
70,6267,41679,18507,30,0,
87,6306,41748,18379,33,0,
88,6242,41634,18559,30,0,
83,6340,41818,18289,23,0,
95,6188,41853,18389,28,0,
90,6286,41795,18355,27,0,
89,6305,41563,18564,32,0,
87,6299,41659,18471,37,0,
89,6315,41827,18294,28,0,
98,6254,41763,18414,24,0,
105,6290,41776,18352,30,0,
90,6311,41688,18436,28,0,
83,6319,41654,18474,23,0,
77,6197,41595,18649,35,0,
103,6284,41823,18308,35,0,
88,6283,41601,18538,43,0,
84,6296,41668,18481,24,0,
87,6273,41820,18355,18,0,
99,6279,41717,18415,43,0,
77,6229,41696,18516,35,0,
69,6337,41798,18306,43,0,
97,6190,41890,18341,35,0,
73,6301,41565,18583,31,0,
91,6275,41612,18547,28,0,
91,6401,41646,18389,26,0,
76,6429,41725,18294,29,0,
90,6321,41656,18457,29,0,
76,6309,41770,18367,31,0,
105,6208,41800,18409,31,0,
82,6245,41737,18465,24,0,
104,6344,41660,18421,24,0,
77,6275,41704,18465,32,0,
87,6389,41688,18365,24,0,
89,6270,41743,18419,32,0,
87,6273,41845,18323,25,0,
103,6191,41768,18463,28,0,
82,6326,41622,18498,25,0,
75,6319,41921,18211,27,0,
89,6257,41742,18433,32,0,
88,6324,41586,18527,28,0,
94,6170,41684,18581,24,0,
86,6254,41912,18268,33,0,
81,6331,41714,18398,29,0,
92,6250,41777,18403,31,0,
98,6258,41716,18456,25,0,
94,6239,41933,18257,30,0,
91,6332,41665,18440,25,0,
86,6306,41612,18515,34,0,
94,6269,41690,18472,28,0,
77,6282,41816,18351,27,0,
86,6201,41696,18538,32,0,
84,6332,41802,18310,25,0,
75,6259,41645,18538,36,0,
88,6273,41645,18513,34,0,
83,6289,41647,18514,20,0,
80,6270,41748,18424,31,0,
82,6226,41772,18447,26,0,
93,6218,41737,18473,32,0,
94,6160,41730,18530,39,0,
80,6341,41810,18289,33,0,
93,6226,41624,18589,21,0,
70,6349,41733,18374,27,0,
86,6257,41777,18408,25,0,
82,6276,41748,18412,35,0,
79,6245,41777,18422,30,0,
72,6312,41742,18400,27,0,
79,6302,41678,18462,32,0,
85,6249,41815,18370,34,0,
78,6220,41887,18346,22,0,
81,6233,41854,18363,22,0,
81,6294,41732,18426,20,0,
94,6226,41854,18354,25,0,
78,6330,41796,18324,25,0,
73,6222,41897,18337,24,0,
82,6263,41792,18383,33,0,
101,6235,41771,18422,24,0,
90,6114,41817,18514,18,0,
99,6318,41711,18400,25,0,
73,6376,41907,18163,34,0,
84,6284,41763,18393,29,0,
83,6193,41748,18498,31,0,
87,6227,41828,18389,22,0,
87,6358,41617,18462,29,0,
108,6278,41866,18275,26,0,
106,6159,41520,18731,37,0,
82,6298,41679,18469,25,0,
96,6256,41732,18450,19,0,
79,6287,41703,18456,28,0,
102,6300,41907,18217,27,0,
93,6263,41784,18395,18,0,
90,6218,41735,18477,33,0,
86,6243,41671,18525,28,0,
77,6292,41747,18412,25,0,
94,6333,41630,18471,25,0,
70,6295,41751,18397,40,0,
89,6222,41837,18380,25,0,
80,6218,41803,18425,27,0,
98,6250,41873,18315,17,0,
74,6251,41761,18447,20,0,
86,6303,41642,18504,18,0,
92,6146,41957,18334,24,0,
95,6246,41785,18394,33,0,
86,6177,41708,18555,27,0,
87,6263,41751,18429,23,0,
83,6226,41613,18608,23,0,
80,6160,41679,18616,18,0,
67,6275,41734,18447,30,0,
75,6407,41650,18398,23,0,
71,6332,41709,18421,20,0,
103,6183,41787,18452,28,0,
76,6365,41979,18105,28,0,
107,6238,41789,18381,38,0,
70,6278,41858,18321,26,0,
101,6226,41729,18471,26,0,
74,6152,41816,18474,37,0,
83,6242,41854,18352,22,0,
82,6351,41645,18459,16,0,
74,6294,41664,18497,24,0,
81,6169,41788,18491,24,0,
96,6235,41736,18458,28,0,
96,6238,41795,18396,28,0,
84,6195,41746,18494,34,0,
95,6215,41828,18385,30,0,
84,6202,41749,18488,30,0,
72,6271,41897,18282,31,0,
82,6265,41820,18353,33,0,
90,6303,41726,18406,28,0,
88,6232,41859,18339,35,0,
83,6195,41834,18415,26,0,
82,6264,41818,18362,27,0,
79,6267,41752,18432,23,0,
74,6245,41787,18427,20,0,
89,6279,41676,18481,28,0,
98,6180,41764,18489,22,0,
66,6349,41787,18328,23,0,
96,6210,41696,18517,34,0,
95,6291,41796,18356,15,0,
84,6299,41615,18517,38,0,
97,6185,41963,18276,32,0,
99,6208,41863,18354,29,0,
72,6275,41802,18374,30,0,
95,6307,41714,18411,26,0,
84,6217,41896,18322,34,0,
89,6189,41686,18568,21,0,
74,6186,41799,18468,26,0,
84,6272,41709,18459,29,0,
89,6319,42003,18108,34,0,
97,6205,41920,18309,22,0,
75,6294,41634,18518,32,0,
103,6258,41796,18369,27,0,
85,6319,41656,18459,34,0,
88,6212,41775,18455,23,0,
77,6312,41647,18491,26,0,
91,6198,41842,18400,22,0,
74,6336,41778,18337,28,0,
79,6240,41826,18384,24,0,
81,6243,41891,18312,26,0,
93,6225,41899,18308,28,0,
72,6254,41850,18346,31,0,
92,6212,41920,18306,23,0,
88,6259,41845,18334,27,0,
83,6195,41993,18264,18,0,
70,6298,41833,18332,20,0,
104,6228,41604,18590,27,0,
80,6251,41692,18501,29,0,
77,6213,41803,18437,23,0,
79,6315,41726,18396,37,0,
80,6259,41624,18565,25,0,
84,6182,41959,18299,29,0,
92,6318,41669,18436,38,0,
100,6212,41912,18303,26,0,
86,6256,41785,18397,29,0,
117,6210,41755,18435,36,0,
82,6183,41744,18523,21,0,
89,6218,41833,18385,28,0,
82,6237,41758,18444,32,0,
94,6241,41857,18330,31,0,
81,6278,41800,18364,30,0,
96,6280,41842,18309,26,0,
89,6253,41733,18443,35,0,
74,6274,41846,18333,26,0,
70,6258,41757,18442,26,0,
84,6297,41772,18368,32,0,
69,6297,41728,18424,35,0,
92,6167,41753,18515,26,0,
87,6273,41910,18255,28,0,
86,6318,41614,18500,35,0,
78,6283,41713,18444,35,0,
99,6352,41603,18474,25,0,
75,6240,41753,18468,17,0,
92,6252,41817,18364,28,0,
85,6337,41834,18262,35,0,
92,6358,41707,18364,32,0,
88,6263,41730,18459,13,0,
80,6240,41820,18387,26,0,
81,6240,41762,18442,28,0,
74,6233,41745,18478,23,0,
83,6205,41935,18306,24,0,
74,6251,41758,18433,37,0,
76,6204,41729,18522,22,0,
78,6153,41773,18530,19,0,
99,6231,41776,18427,20,0,
81,6199,41824,18413,36,0,
103,6254,41785,18384,27,0,
83,6208,41711,18519,32,0,
78,6267,41884,18299,25,0,
67,6252,41712,18488,34,0,
84,6174,41956,18311,28,0,
70,6191,41891,18380,21,0,
86,6262,41728,18454,23,0,
82,6210,41802,18435,24,0,
77,6170,41841,18444,21,0,
79,6190,41714,18547,23,0,
96,6217,41954,18260,26,0,
99,6244,41837,18348,25,0,
83,6263,41790,18388,29,0,
95,6339,41771,18319,29,0,
73,6287,41758,18411,24,0,
83,6231,41938,18274,27,0,
100,6243,41850,18336,24,0,
94,6169,41624,18635,31,0,
89,6206,41925,18309,24,0,
66,6294,41844,18331,18,0,
82,6183,41904,18357,27,0,
82,6321,41630,18487,33,0,
99,6190,41854,18377,33,0,
89,6223,41933,18282,26,0,
90,6238,41804,18391,30,0,
74,6205,41861,18397,16,0,
82,6398,41652,18396,25,0,
80,6229,41950,18270,24,0,
74,6108,41745,18599,27,0,
80,6266,41743,18431,33,0,
91,6309,41746,18375,32,0,
79,6302,41728,18418,26,0,
83,6211,41846,18387,26,0,
90,6106,41855,18479,23,0,
77,6342,41775,18327,32,0,
74,6207,41686,18564,22,0,
94,6242,41809,18374,34,0,
77,6266,41865,18312,33,0,
77,6233,41831,18380,32,0,
88,6259,41698,18479,29,0,
79,6267,41732,18442,33,0,
101,6273,41728,18420,31,0,
77,6250,41656,18550,20,0,
104,6309,41928,18188,24,0,
75,6199,41692,18558,29,0,
79,6190,41922,18326,36,0,
97,6173,41938,18323,22,0,
75,6236,41928,18288,26,0,
90,6290,41729,18413,31,0,
81,6253,41727,18464,28,0,
69,6252,41753,18436,43,0,
79,6247,41999,18200,28,0,
91,6252,41794,18385,31,0,
68,6306,41856,18301,22,0,
76,6236,41811,18401,29,0,
92,6237,41736,18447,41,0,
88,6149,41778,18510,28,0,
77,6201,41783,18463,29,0,
106,6164,41854,18415,14,0,
83,6285,41781,18384,20,0,
75,6233,41802,18413,30,0,
77,6312,41746,18389,29,0,
89,6263,41993,18181,27,0,
97,6200,41945,18288,23,0,
91,6199,41723,18525,15,0,
84,6264,41968,18205,32,0,
81,6308,41698,18436,30,0,
76,6271,41795,18383,28,0,
96,6186,41807,18429,35,0,
114,6191,41778,18445,25,0,
86,6249,41721,18469,28,0,
87,6295,41619,18530,22,0,
96,6191,41807,18437,22,0,
83,6223,41783,18441,23,0,
87,6187,41879,18364,36,0,
99,6214,41957,18262,21,0,
86,6336,41793,18318,20,0,
90,6259,41768,18405,31,0,
88,6247,41941,18245,32,0,
95,6199,41678,18553,28,0,
93,6234,41720,18478,28,0,
86,6230,41869,18341,27,0,
74,6270,41859,18319,31,0,
89,6341,41846,18247,30,0,
76,6283,41613,18551,30,0,
84,6306,41848,18292,23,0,
62,6163,41791,18508,29,0,
69,6274,41773,18404,33,0,
83,6310,41691,18450,19,0,
75,6352,41847,18253,26,0,
103,6251,41751,18426,22,0,
91,6182,41931,18317,32,0,
81,6233,41810,18406,23,0,
76,6219,41759,18460,39,0,
84,6222,41842,18378,27,0,
86,6183,41878,18380,26,0,
80,6139,41732,18565,37,0,
75,6305,41882,18262,29,0,
93,6276,41899,18260,25,0,
79,6273,41772,18406,23,0,
76,6277,41790,18393,17,0,
90,6149,41863,18430,21,0,
93,6241,41751,18440,28,0,
68,6272,41865,18323,25,0,
70,6221,41889,18350,23,0,
87,6242,41842,18348,34,0,
88,6230,41798,18412,25,0,
97,6242,41764,18428,22,0,
80,6284,41845,18319,25,0,
82,6202,41764,18475,30,0,
83,6309,41772,18366,23,0,
74,6160,41834,18454,31,0,
85,6273,41642,18520,33,0,
87,6217,41710,18512,27,0,
76,6148,41763,18546,20,0,
79,6271,41763,18418,22,0,
76,6287,41779,18391,20,0,
96,6213,41780,18438,26,0,
95,6284,41811,18326,37,0,
80,6325,41727,18395,26,0,
91,6180,41756,18495,31,0,
85,6259,41867,18313,29,0,
74,6238,41779,18433,29,0,
85,6104,41692,18645,27,0,
83,6255,41761,18429,25,0,
80,6241,41772,18429,31,0,
56,6275,41759,18429,34,0,
97,6238,41673,18519,26,0,
58,6305,41812,18360,18,0,
71,6275,41837,18353,17,0,
94,6298,41614,18517,30,0,
97,6323,41674,18428,31,0,
77,6277,41940,18232,27,0,
77,6295,41745,18405,31,0,
78,6302,41762,18385,26,0,
82,6183,41944,18312,32,0,
79,6311,41802,18338,23,0,
72,6331,41853,18263,34,0,
80,6258,41838,18349,28,0,
72,6299,41657,18507,18,0,
76,6245,41945,18255,32,0,
81,6209,41719,18516,28,0,
89,6109,41671,18656,28,0,
91,6239,41647,18543,33,0,
80,6254,41762,18424,33,0,
97,6191,41712,18535,18,0,
103,6191,41858,18374,27,0,
96,6236,41714,18477,30,0,
87,6198,41744,18498,26,0,
86,6189,41839,18418,21,0,
80,6243,41886,18309,35,0,
73,6178,41835,18443,24,0,
94,6344,41751,18331,33,0,
67,6221,41790,18445,30,0,
77,6313,41746,18385,32,0,
79,6207,41664,18582,21,0,
97,6283,41711,18443,19,0,
87,6271,41665,18513,17,0,
89,6255,41835,18348,26,0,
81,6273,41807,18362,30,0,
94,6299,41708,18418,34,0,
95,6182,41975,18275,26,0,
99,6263,41742,18419,30,0,
81,6171,41826,18455,20,0,
95,6301,41599,18535,23,0,
86,6183,41664,18589,31,0,
91,6197,41864,18375,26,0,
91,6247,41820,18372,23,0,
80,6206,41729,18501,37,0,
85,6245,41691,18502,30,0,
83,6240,41804,18404,22,0,
82,6270,41820,18356,25,0,
85,6209,41746,18479,34,0,
93,6133,41903,18403,21,0,
75,6195,41935,18321,27,0,
81,6182,41927,18345,18,0,
79,6184,41858,18411,21,0,
74,6147,41910,18393,29,0,
80,6227,41873,18351,22,0,
93,6115,41917,18404,24,0,
89,6270,41694,18464,36,0,
80,6310,41724,18408,31,0,
79,6396,41750,18300,28,0,
85,6223,41866,18347,32,0,
81,6228,41630,18594,20,0,
84,6273,41796,18376,24,0,
75,6338,41756,18353,31,0,
78,6241,41783,18421,30,0,
80,6236,41794,18408,35,0,
70,6213,41801,18449,20,0,
77,6209,41724,18513,30,0,
77,6245,41663,18539,29,0,
81,6257,41851,18334,30,0,
97,6254,41748,18427,27,0,
87,6205,41828,18407,26,0,
88,6192,42025,18217,31,0,
94,6228,41837,18364,30,0,
90,6171,41912,18361,19,0,
87,6164,41993,18289,20,0,
86,6219,41837,18385,26,0,
90,6189,41872,18380,22,0,
85,6204,41742,18498,24,0,
82,6285,41872,18298,16,0,
76,6268,41883,18297,29,0,
65,6282,41890,18291,25,0,
89,6193,41797,18450,24,0,
90,6297,41871,18264,31,0,
80,6227,41774,18451,21,0,
87,6219,41834,18393,20,0,
103,6185,41720,18510,35,0,
71,6255,41782,18421,24,0,
82,6273,41755,18411,32,0,
93,6184,41813,18428,35,0,
92,6243,41670,18518,30,0,
78,6261,41939,18259,16,0,
80,6250,41818,18371,34,0,
78,6178,41679,18599,19,0,
74,6286,41810,18367,16,0,
75,6231,41797,18426,24,0,
80,6275,41752,18418,28,0,
74,6196,41897,18364,22,0,
72,6283,41881,18290,27,0,
66,6265,41842,18348,32,0,
102,6228,41968,18232,23,0,
98,6338,41795,18298,24,0,
83,6200,41896,18341,33,0,
93,6277,41760,18403,20,0,
98,6265,41886,18278,26,0,
88,6283,41624,18535,23,0,
84,6283,41706,18457,23,0,
76,6252,41757,18435,33,0,
98,6181,41986,18258,30,0,
79,6237,41778,18428,31,0,
77,6315,41627,18512,22,0,
92,6276,41831,18332,22,0,
83,6185,41860,18399,26,0,
89,6350,41694,18396,24,0,
74,6286,41702,18463,28,0,
86,6187,41982,18271,27,0,
68,6179,41860,18413,33,0,
78,6330,41582,18531,32,0,
83,6205,41886,18351,28,0,
72,6198,41738,18509,36,0,
79,6216,41840,18390,28,0,
84,6245,41973,18222,29,0,
95,6229,41937,18269,23,0,
87,6312,41797,18327,30,0,
78,6265,41793,18396,21,0,
78,6210,41743,18499,23,0,
84,6294,41681,18473,21,0,
81,6328,41771,18345,28,0,
80,6204,41875,18364,30,0,
83,6287,41737,18419,27,0,
81,6247,41912,18278,35,0,
96,6167,41731,18532,27,0,
80,6214,41846,18391,22,0,
93,6236,41737,18465,22,0,
96,6165,41951,18325,16,0,
84,6293,41735,18410,31,0,
87,6177,41838,18425,26,0,
81,6280,41683,18480,29,0,
72,6224,41770,18458,29,0,
80,6301,41809,18335,28,0,
89,6218,41765,18451,30,0,
83,6294,41664,18488,24,0,
70,6243,41839,18370,31,0,
80,6242,41707,18502,22,0,
88,6323,41692,18428,22,0,
92,6271,41888,18271,31,0,
92,6189,41732,18513,27,0,
84,6248,41861,18338,22,0,
80,6233,41704,18507,29,0,
73,6233,41930,18285,32,0,
86,6299,41873,18267,28,0,
92,6317,41890,18228,26,0,
74,6262,41727,18450,40,0,
82,6243,41872,18338,18,0,
92,6301,41922,18205,33,0,
79,6213,41834,18404,23,0,
84,6197,41880,18371,21,0,
85,6280,41898,18270,20,0,
81,6254,41723,18465,30,0,
104,6175,41761,18481,32,0,
77,6224,41848,18375,29,0,
84,6215,41854,18371,29,0,
63,6372,41900,18200,18,0,
79,6138,41757,18560,19,0,
90,6177,41869,18390,27,0,
84,6251,41722,18470,26,0,
88,6281,41843,18314,27,0,
74,6191,41610,18652,26,0,
88,6242,41623,18582,18,0,
84,6353,41726,18366,24,0,
77,6216,41753,18485,22,0,
92,6216,41986,18231,28,0,
70,6165,42001,18290,27,0,
89,6185,41773,18481,25,0,
100,6297,41792,18343,21,0,
82,6126,41939,18388,18,0,
81,6235,41830,18381,26,0,
85,6271,41730,18440,27,0,
96,6099,41887,18448,23,0,
89,6115,41944,18383,22,0,
82,6242,41802,18402,25,0,
88,6196,41867,18379,23,0,
71,6319,41786,18350,27,0,
85,6203,41818,18418,29,0,
86,6231,41581,18636,19,0,
75,6233,41702,18509,34,0,
72,6191,41886,18383,21,0,
85,6296,41714,18421,37,0,
98,6176,41988,18271,20,0,
76,6276,41794,18383,24,0,
83,6247,41836,18358,29,0,
93,6205,41730,18497,28,0,
82,6238,41831,18374,28,0,
98,6177,41768,18486,24,0,
86,6189,41811,18439,28,0,
97,6226,41839,18375,16,0,
69,6181,41910,18362,31,0,
89,6195,41603,18632,34,0,
80,6263,41871,18317,22,0,
83,6264,41839,18340,27,0,
94,6206,41899,18330,24,0,
91,6286,41730,18429,17,0,
78,6166,41817,18458,34,0,
99,6201,41954,18268,31,0,
82,6268,41915,18257,31,0,
90,6247,41927,18263,26,0,
95,6152,41907,18368,31,0,
83,6202,41730,18512,26,0,
84,6187,41740,18507,35,0,
89,6183,41993,18261,27,0,
81,6149,41959,18339,25,0,
74,6264,41687,18496,32,0,
90,6136,41721,18591,15,0,
68,6221,41718,18525,21,0,
86,6180,41834,18426,27,0,
92,6243,41881,18300,37,0,
76,6249,41736,18476,16,0,
97,6177,41962,18294,23,0,
62,6126,42022,18318,25,0,
82,6190,41856,18402,23,0,
93,6202,41825,18403,30,0,
96,6167,41888,18375,27,0,
69,6299,41678,18488,19,0,
91,6197,41808,18438,19,0,
95,6249,42028,18161,20,0,
97,6267,41802,18365,22,0,
80,6222,41797,18419,35,0,
79,6259,41795,18396,24,0,
68,6216,41877,18364,28,0,
95,6196,41906,18324,32,0,
88,6190,41832,18412,31,0,
98,6232,41934,18268,21,0,
78,6279,41793,18374,29,0,
76,6262,41870,18326,19,0,
79,6244,41828,18368,34,0,
95,6156,41774,18494,34,0,
76,6236,41796,18414,31,0,
66,6302,41824,18340,21,0,
90,6317,41901,18224,21,0,
77,6229,41966,18248,33,0,
88,6303,41791,18351,20,0,
78,6151,41814,18482,28,0,
75,6140,41827,18491,20,0,
78,6273,41907,18270,25,0,
65,6377,41750,18339,22,0,
78,6242,41966,18245,22,0,
79,6204,41930,18312,28,0,
71,6249,42057,18157,19,0,
80,6229,41714,18503,27,0,
81,6231,41797,18417,27,0,
83,6200,41842,18409,19,0,
83,6230,41857,18360,23,0,
76,6321,41853,18293,10,0,
79,6197,41828,18427,22,0,
89,6247,41941,18251,25,0,
84,6184,41729,18528,28,0,
88,6186,41984,18264,31,0,
82,6305,41719,18418,29,0,
89,6180,41847,18403,34,0,
89,6268,41621,18549,26,0,
88,6330,41780,18333,22,0,
85,6279,41843,18331,15,0,
91,6120,42031,18287,24,0,
73,6196,41961,18299,24,0,
99,6147,41914,18375,18,0,
93,6267,41920,18249,24,0,
81,6202,41873,18373,24,0,
74,6185,41927,18347,20,0,
74,6168,42117,18175,19,0,
81,6232,41938,18275,27,0,
91,6203,42056,18184,19,0,
69,6279,41887,18289,29,0,
77,6191,41746,18519,20,0,
62,6184,41773,18513,21,0,
93,6281,41837,18324,18,0,
78,6337,41805,18308,25,0,
85,6178,41937,18331,22,0,
76,6297,41854,18299,27,0,
65,6171,41769,18528,20,0,
92,6190,41945,18307,19,0,
79,6243,41926,18288,17,0,
83,6199,41874,18362,35,0,
80,6265,41830,18354,24,0,
104,6172,41915,18340,22,0,
78,6198,41861,18387,29,0,
91,6189,41840,18409,24,0,
96,6239,41852,18347,19,0,
83,6242,41862,18342,24,0,
94,6165,42057,18213,24,0,
76,6274,41742,18424,37,0,
94,6197,41838,18393,31,0,
80,6195,41868,18389,21,0,
88,6231,41794,18416,24,0,
78,6179,41890,18381,25,0,
83,6234,41997,18210,29,0,
92,6281,41830,18326,24,0,
76,6113,41997,18342,25,0,
91,6216,41871,18352,23,0,
94,6160,41928,18354,17,0,
80,6190,41931,18325,27,0,
71,6298,41962,18193,29,0,
92,6126,41797,18519,19,0,
86,6169,41858,18412,28,0,
69,6216,41894,18348,26,0,
53,6247,41760,18466,27,0,
93,6205,41912,18317,26,0,
96,6190,41924,18312,31,0,
77,6204,42014,18233,25,0,
75,6203,41801,18454,20,0,
94,6107,42045,18278,29,0,
78,6159,41921,18368,27,0,
80,6160,41925,18368,20,0,
80,6126,41942,18372,33,0,
78,6236,41895,18319,25,0,
93,6242,41773,18418,27,0,
71,6131,41885,18440,26,0,
80,6187,42011,18252,23,0,
66,6199,41812,18445,31,0,
82,6181,41866,18400,24,0,
80,6257,41772,18421,23,0,
85,6208,41901,18340,19,0,
84,6176,41873,18393,27,0,
81,6275,41764,18397,36,0,
55,6167,41682,18621,28,0,
80,6286,41884,18270,33,0,
79,6253,41922,18278,21,0,
77,6262,41720,18466,28,0,
64,6170,41857,18430,32,0,
86,6180,41716,18541,30,0,
79,6175,41845,18421,33,0,
73,6252,41768,18431,29,0,
54,6206,41962,18302,29,0,
82,6240,41831,18367,33,0,
93,6210,41708,18518,24,0,
81,6239,41941,18271,21,0,
83,6164,41991,18278,37,0,
76,6269,41873,18314,21,0,
79,6286,41790,18384,14,0,
95,6137,41896,18387,38,0,
80,6253,41843,18342,35,0,
85,6201,41854,18387,26,0,
97,6171,41792,18472,21,0,
63,6229,41859,18383,19,0,
82,6182,41815,18448,26,0,
83,6183,41923,18332,32,0,
69,6250,41795,18411,28,0,
82,6194,41946,18303,28,0,
76,6233,41862,18359,23,0,
74,6255,41921,18286,17,0,
67,6193,41904,18359,30,0,
76,6229,41756,18467,25,0,
71,6199,41787,18474,22,0,
79,6236,42005,18201,32,0,
86,6173,41955,18317,22,0,
78,6219,41876,18354,26,0,
82,6188,41811,18442,30,0,
86,6122,41772,18543,30,0,
80,6221,41895,18324,33,0,
87,6150,41951,18341,24,0,
76,6118,42074,18255,30,0,
83,6129,41997,18316,28,0,
85,6043,41880,18513,32,0,
90,6257,41894,18282,30,0,
83,6116,41704,18624,26,0,
77,6186,41748,18513,29,0,
83,6192,41841,18414,23,0,
77,6240,41882,18330,24,0,
73,6162,41765,18525,28,0,
81,6162,41987,18288,35,0,
82,6117,41909,18424,21,0,
79,6162,42083,18214,15,0,
70,6163,41896,18394,30,0,
73,6176,41909,18370,25,0,
83,6249,41818,18371,32,0,
93,6198,41791,18449,22,0,
88,6262,41705,18471,27,0,
87,6263,41868,18307,28,0,
79,6275,41877,18293,29,0,
77,6247,41926,18275,28,0,
85,6206,41876,18357,29,0,
78,6200,41738,18511,26,0,
73,6277,41722,18462,19,0,
83,6201,41834,18398,37,0,
83,6211,41795,18449,15,0,
87,6160,41746,18526,34,0,
86,6219,41862,18358,28,0,
77,6229,41855,18363,29,0,
77,6186,41701,18569,20,0,
83,6185,41974,18286,25,0,
68,6252,41770,18436,27,0,
92,6220,41788,18425,28,0,
80,6259,41926,18266,22,0,
90,6167,41714,18550,32,0,
78,6174,41781,18491,29,0,
85,6226,41827,18395,20,0,
94,6187,41959,18283,30,0,
59,6278,41870,18321,25,0,
80,6107,41973,18366,27,0,
84,6253,42013,18177,26,0,
78,6176,41969,18311,19,0,
81,6294,41769,18386,23,0,
88,6117,42002,18327,19,0,
79,6298,41776,18378,22,0,
75,6186,41881,18392,19,0,
77,6227,41724,18503,22,0,
86,6202,41809,18426,30,0,
81,6180,41752,18514,26,0,
85,6248,41751,18435,34,0,
89,6198,41912,18330,24,0,
65,6293,41824,18342,29,0,
62,6225,41736,18491,39,0,
84,6200,41889,18350,30,0,
89,6171,41853,18409,31,0,
88,6189,42010,18246,20,0,
74,6182,41865,18406,26,0,
94,6213,41816,18413,17,0,
82,6167,41998,18271,35,0,
75,6131,41889,18414,44,0,
67,6227,41940,18297,22,0,
99,6200,41842,18393,19,0,
74,6181,41949,18334,15,0,
77,6236,41954,18264,22,0,
88,6053,41812,18572,28,0,
82,6251,42007,18188,25,0,
77,6166,41820,18466,24,0,
85,6206,41895,18340,27,0,
71,6180,41949,18333,20,0,
81,6317,41979,18147,29,0,
88,6113,42081,18247,24,0,
94,6232,41997,18201,29,0,
76,6218,41892,18349,18,0,
84,6281,41857,18297,34,0,
75,6262,41840,18349,27,0,
78,6231,41667,18541,36,0,
87,6164,41835,18446,21,0,
70,6204,41770,18486,23,0,
70,6251,41893,18311,28,0,
74,6275,41828,18346,30,0,
68,6311,41785,18372,17,0,
93,6177,41761,18488,34,0,
62,6279,41826,18362,24,0,
75,6213,41819,18412,34,0,
79,6188,41946,18315,25,0,
85,6183,41903,18353,29,0,
72,6141,41935,18380,25,0,
72,6235,41772,18450,24,0,
73,6149,42016,18292,23,0,
71,6129,41912,18417,24,0,
79,6214,41883,18353,24,0,
80,6205,41917,18327,24,0,
82,6281,41746,18421,23,0,
79,6108,41976,18370,20,0,
68,6216,41923,18318,28,0,
89,6164,41956,18320,24,0,
77,6207,41888,18359,22,0,
81,6233,41858,18362,19,0,
71,6248,42088,18122,24,0,
94,6151,41839,18444,25,0,
84,6156,41907,18387,19,0,
78,6230,41816,18411,18,0,
73,6125,41910,18425,20,0,
90,6204,42030,18206,23,0,
96,6253,41833,18345,26,0,
73,6165,42022,18270,23,0,
93,6259,41949,18229,23,0,
77,6264,41772,18414,26,0,
79,6226,41715,18502,31,0,
66,6281,41665,18517,24,0,
97,6201,41998,18228,29,0,
80,6198,41945,18308,22,0,
81,6105,41914,18432,21,0,
74,6242,42113,18102,22,0,
86,6172,41806,18465,24,0,
87,6239,41918,18284,25,0,
68,6202,41976,18280,27,0,
84,6163,41864,18417,25,0,
75,6155,41949,18352,22,0,
97,6181,41845,18411,19,0,
92,6168,41907,18361,25,0,
89,6257,42021,18168,18,0,
72,6230,41859,18364,28,0,
80,6210,41939,18306,18,0,
77,6177,41906,18371,22,0,
90,6239,41785,18419,20,0,
94,6220,41959,18253,27,0,
76,6257,41804,18386,30,0,
68,6334,41903,18219,29,0,
74,6211,41779,18464,25,0,
75,6279,41829,18347,23,0,
85,6315,41790,18336,27,0,
82,6251,41756,18426,38,0,
74,6329,41873,18249,28,0,
73,6228,42054,18174,24,0,
87,6153,41997,18292,24,0,
70,6147,41996,18314,26,0,
90,6207,41831,18397,28,0,
75,6270,41760,18419,29,0,
78,6252,41926,18276,21,0,
71,6198,41820,18437,27,0,
72,6184,42137,18139,21,0,
65,6203,41868,18391,26,0,
72,6216,41969,18274,22,0,
71,6139,41989,18323,31,0,
83,6175,42030,18242,23,0,
71,6207,41867,18384,24,0,
93,6201,41861,18371,27,0,
97,6129,42016,18284,27,0,
87,6291,41885,18266,24,0,
70,6212,42105,18132,34,0,
82,6278,41780,18396,17,0,
79,6169,41920,18356,29,0,
74,6213,41852,18390,24,0,
83,6249,41773,18428,20,0,
96,6168,42092,18168,29,0,
71,6178,41833,18444,27,0,
82,6288,41959,18199,25,0,
97,6168,41919,18342,27,0,
83,6156,42049,18238,27,0,
76,6291,41917,18239,30,0,
69,6169,41963,18323,29,0,
79,6195,41762,18500,17,0,
86,6247,41932,18263,25,0,
92,6207,41842,18388,24,0,
90,6199,41796,18432,36,0,
91,6184,41928,18326,24,0,
76,6191,41801,18462,23,0,
82,6261,41788,18391,31,0,
70,6172,41986,18292,33,0,
91,6166,41756,18515,25,0,
88,6094,41848,18502,21,0,
83,6167,41883,18382,38,0,
86,6072,41958,18408,29,0,
98,6190,41986,18258,21,0,
62,6290,41839,18340,22,0,
83,6123,41870,18448,29,0,
86,6178,41882,18376,31,0,
85,6187,42008,18240,33,0,
80,6161,41834,18451,27,0,
90,6238,41788,18409,28,0,
60,6258,41887,18329,19,0,
77,6250,41882,18317,27,0,
85,6207,41866,18366,29,0,
78,6145,41961,18342,27,0,
75,6151,41815,18486,26,0,
84,6203,41974,18263,29,0,
76,6249,41960,18236,32,0,
78,6294,41796,18353,32,0,
86,6233,41954,18257,23,0,
81,6191,41846,18408,27,0,
79,6285,41856,18308,25,0,
92,6178,42012,18244,27,0,
90,6200,41873,18358,32,0,
69,6193,41956,18316,19,0,
87,6177,41724,18546,19,0,
80,6230,41954,18264,25,0,
98,6173,41799,18451,32,0,
84,6212,41930,18296,31,0,
64,6262,41880,18322,25,0,
78,6169,41897,18391,18,0,
71,6252,41844,18351,35,0,
74,6198,41884,18371,26,0,
94,6189,41921,18315,34,0,
70,6188,41886,18384,25,0,
76,6271,41943,18246,17,0,
96,6241,41781,18412,23,0,
72,6238,41911,18310,22,0,
77,6282,41886,18283,25,0,
70,6160,41886,18407,30,0,
73,6136,42023,18295,26,0,
69,6240,41852,18373,19,0,
81,6187,41892,18373,20,0,
83,6249,41840,18354,27,0,
79,6151,41923,18378,22,0,
71,6226,41900,18328,28,0,
74,6214,41848,18394,23,0,
86,6266,41858,18315,28,0,
103,6254,41733,18428,35,0,
71,6215,41886,18358,23,0,
73,6256,41756,18432,36,0,
66,6168,41702,18588,29,0,
101,6252,41745,18431,24,0,
74,6224,41791,18441,23,0,
89,6205,41961,18270,28,0,
76,6166,41873,18403,35,0,
87,6202,41755,18492,17,0,
82,6194,41918,18322,37,0,
78,6262,41767,18416,30,0,
94,6170,41889,18373,27,0,
73,6248,41951,18249,32,0,
79,6213,41797,18433,31,0,
95,6207,41902,18321,28,0,
91,6228,41987,18216,31,0,
79,6235,41869,18348,22,0,
77,6144,41944,18355,33,0,
82,6141,42015,18287,28,0,
82,6157,41846,18452,16,0,
89,6256,41910,18273,25,0,
73,6254,41797,18397,32,0,
77,6237,41902,18302,35,0,
75,6286,41809,18346,37,0,
85,6106,41716,18622,24,0,
72,6171,42025,18259,26,0,
92,6176,41799,18462,24,0,
74,6133,41930,18387,29,0,
97,6154,41777,18500,25,0,
77,6181,41919,18349,27,0,
77,6095,41909,18454,18,0,
83,6262,41875,18309,24,0,
76,6158,41832,18456,31,0,
71,6215,41952,18293,22,0,
94,6133,41799,18491,36,0,
72,6209,41963,18272,37,0,
86,6178,41830,18431,28,0,
80,6237,42067,18142,27,0,
82,6180,41837,18431,23,0,
71,6143,42128,18187,24,0,
86,6253,41791,18394,29,0,
88,6196,42016,18233,20,0,
84,6133,41890,18419,27,0,
83,6204,41994,18250,22,0,
83,6185,41838,18414,33,0,
65,6179,41907,18376,26,0,
87,6239,41837,18371,19,0,
66,6183,41839,18439,26,0,
76,6180,41868,18399,30,0,
77,6159,42083,18201,33,0,
66,6270,41827,18361,29,0,
75,6200,41875,18378,25,0,
89,6208,41954,18274,28,0,
72,6190,41833,18437,21,0,
78,6259,41840,18350,26,0,
84,6201,41826,18415,27,0,
69,6259,41956,18249,20,0,
70,6173,41953,18328,29,0,
68,6369,41753,18336,27,0,
77,6212,42040,18198,26,0,
85,6155,41941,18343,29,0,
76,6283,41909,18252,33,0,
68,6190,41994,18274,27,0,
82,6213,41862,18361,35,0,
91,6228,42064,18141,29,0,
76,6155,41824,18474,24,0,
88,6214,41945,18276,30,0,
71,6158,41775,18513,36,0,
103,6147,42011,18265,27,0,
87,6217,41984,18248,17,0,
92,6279,41827,18328,27,0,
74,6325,41964,18165,25,0,
85,6173,41930,18344,21,0,
76,6250,41810,18385,32,0,
91,6170,41833,18430,29,0,
83,6269,41813,18360,28,0,
61,6249,41902,18316,25,0,
88,6232,42003,18217,13,0,
91,6152,41987,18293,30,0,
90,6147,42054,18239,23,0,
74,6173,42009,18273,24,0,
74,6237,41826,18393,23,0,
82,6276,41875,18302,18,0,
79,6157,42060,18227,30,0,
93,6180,41988,18267,25,0,
81,6152,42071,18233,16,0,
68,6086,42033,18335,31,0,
70,6104,41963,18390,26,0,
84,6163,41980,18305,21,0,
77,6238,41873,18336,29,0,
81,6139,42026,18290,17,0,
76,6184,41966,18295,32,0,
83,6306,41933,18216,15,0,
75,6193,42064,18179,42,0,
62,6229,41898,18338,26,0,
84,6218,41672,18555,24,0,
81,6172,41993,18292,15,0,
97,6071,41798,18563,24,0,
66,6188,42079,18199,21,0,
81,6213,41876,18360,23,0,
76,6189,41833,18428,27,0,
72,6183,41862,18415,21,0,
69,6158,41867,18429,30,0,
80,6184,41970,18293,26,0,
70,6176,42026,18257,24,0,
80,6121,41885,18440,27,0,
75,6196,41776,18469,37,0,
73,6181,42048,18230,21,0,
83,6251,41753,18431,35,0,
76,6283,41812,18356,26,0,
70,6102,41973,18382,26,0,
77,6167,41970,18319,20,0,
77,6214,41914,18320,28,0,
79,6237,41886,18320,31,0,
80,6199,41848,18412,14,0,
64,6302,41748,18418,21,0,
87,6265,41941,18240,20,0,
70,6195,41911,18353,24,0,
72,6164,41915,18371,31,0,
82,6236,41759,18450,26,0,
85,6213,41879,18360,16,0,
68,6269,41683,18503,30,0,
86,6285,41812,18344,26,0,
81,6169,41893,18393,17,0,
83,6192,41799,18455,24,0,
93,6186,41910,18342,22,0,
83,6227,41992,18229,22,0,
73,6254,42041,18164,21,0,
75,6157,41813,18482,26,0,
77,6236,41747,18473,20,0,
77,6159,41821,18473,23,0,
84,6128,41847,18471,23,0,
72,6178,41823,18460,20,0,
85,6159,41863,18421,25,0,
86,6338,41897,18196,36,0,
88,6257,41754,18412,42,0,
82,6130,42104,18209,28,0,
83,6189,41838,18420,23,0,
80,6226,41929,18302,16,0,
72,6127,42000,18331,23,0,
77,6172,41835,18445,24,0,
82,6199,41825,18429,18,0,
77,6204,41813,18433,26,0,
69,6209,41966,18285,24,0,
89,6175,41765,18499,25,0,
80,6210,41837,18396,30,0,
66,6177,41824,18457,29,0,
79,6146,42008,18288,32,0,
90,6155,41916,18365,27,0,
81,6155,41973,18309,35,0,
72,6234,41916,18306,25,0,
78,6218,41761,18468,28,0,
82,6223,41834,18381,33,0,
80,6266,41940,18243,24,0,
85,6105,42033,18305,25,0,
83,6184,41931,18334,21,0,
67,6192,41865,18400,29,0,
75,6253,41717,18483,25,0,
87,6208,41853,18376,29,0,
76,6139,42015,18300,23,0,
73,6242,41881,18330,27,0,
79,6122,41907,18430,15,0,
90,6247,41781,18408,27,0,
71,6250,41938,18267,27,0,
84,6261,41824,18357,27,0,
91,6167,41772,18490,33,0,
82,6211,41989,18242,29,0,
92,6225,41895,18318,23,0,
81,6157,41862,18427,26,0,
81,6258,41780,18411,23,0,
78,6202,41764,18481,28,0,
82,6180,41882,18387,22,0,
82,6176,41890,18378,27,0,
91,6141,41981,18311,29,0,
78,6214,42047,18198,16,0,
82,6130,41905,18413,23,0,
93,6198,41871,18372,19,0,
87,6223,42009,18213,21,0,
86,6158,41872,18407,30,0,
87,6165,41974,18293,34,0,
69,6202,41910,18340,32,0,
91,6259,41891,18288,24,0,
63,6198,41912,18353,27,0,
63,6238,41936,18287,29,0,
70,6147,42034,18277,25,0,
79,6196,42013,18250,15,0,
89,6129,41876,18436,23,0,
79,6127,41852,18469,26,0,
78,6156,41894,18406,19,0,
85,6211,42029,18202,26,0,
85,6195,41995,18254,24,0,
75,6251,41845,18346,36,0,
72,6202,41872,18378,29,0,
87,6111,41953,18381,21,0,
69,6204,42082,18168,30,0,
87,6150,41983,18308,25,0,
69,6184,41848,18421,31,0,
87,6211,41976,18254,25,0,
75,6206,41793,18456,23,0,
90,6159,41793,18485,26,0,
75,6128,41787,18533,30,0,
71,6156,41985,18322,19,0,
86,6222,41851,18375,19,0,
91,6224,41987,18236,15,0,
68,6219,41857,18388,21,0,
78,6112,41866,18464,33,0,
88,6184,41676,18582,23,0,
77,6133,41964,18352,27,0,
77,6208,41923,18314,31,0,
86,6091,41852,18502,22,0,
85,6232,41979,18231,26,0,
68,6188,42014,18259,24,0,
74,6214,41790,18454,21,0,
73,6231,41851,18373,25,0,
68,6177,41959,18322,27,0,
68,6263,41939,18264,19,0,
80,6200,41923,18325,25,0,
86,6214,42004,18225,24,0,
77,6261,41876,18310,29,0,
84,6203,42016,18230,20,0,
79,6230,41841,18381,22,0,
64,6159,41911,18396,23,0,
81,6148,41925,18373,26,0,
85,6240,42017,18193,18,0,
89,6207,42113,18121,23,0,
81,6225,41849,18371,27,0,
70,6282,41913,18266,22,0,
89,6151,42058,18231,24,0,
83,6286,41700,18457,27,0,
78,6197,41827,18424,27,0,
73,6244,42008,18203,25,0,
75,6305,41835,18314,24,0,
84,6110,41842,18492,25,0,
92,6119,41975,18346,21,0,
71,6091,42030,18330,31,0,
79,6113,41826,18508,27,0,
78,6149,41948,18344,34,0,
66,6189,42007,18252,39,0,
108,6124,41861,18430,30,0,
75,6075,41937,18437,29,0,
82,6234,41934,18282,21,0,
81,6156,41938,18360,18,0,
76,6199,41973,18282,23,0,
74,6209,41874,18366,30,0,
66,6194,41871,18404,18,0,
61,6134,42020,18309,29,0,
77,6124,41843,18484,25,0,
76,6218,41818,18415,26,0,
85,6216,41908,18314,30,0,
73,6284,41763,18404,29,0,
83,6194,41795,18451,30,0,
77,6218,41822,18404,32,0,
80,6243,41746,18457,27,0,
72,6154,41985,18325,17,0,
69,6247,41759,18461,17,0,
78,6228,41885,18342,20,0,
64,6232,41911,18322,24,0,
84,6114,41937,18396,22,0,
86,6231,41793,18410,33,0,
72,6233,41879,18342,27,0,
86,6165,41664,18606,32,0,
80,6191,41876,18383,23,0,
72,6124,41914,18415,28,0,
69,6172,41859,18431,22,0,
77,6224,41883,18339,30,0,
79,6345,41769,18340,20,0,
77,6086,41980,18390,20,0,
77,6191,41800,18464,21,0,
81,6131,41847,18464,30,0,
83,6233,41963,18253,21,0,
65,6195,41865,18393,35,0,
83,6266,41871,18305,28,0,
72,6166,41997,18293,25,0,
86,6205,41886,18350,26,0,
85,6156,41952,18326,34,0,
72,6272,41829,18351,29,0,
88,6187,41973,18277,28,0,
69,6184,41922,18347,31,0,
77,6086,42044,18325,21,0,
78,6157,41880,18412,26,0,
76,6215,41762,18480,20,0,
84,6332,41885,18234,18,0,
76,6103,42116,18235,23,0,
93,6217,41763,18455,25,0,
81,6300,41839,18315,18,0,
72,6144,41886,18433,18,0,
95,6128,41982,18316,32,0,
74,6181,42017,18259,22,0,
87,6225,41966,18251,24,0,
79,6126,42009,18314,25,0,
84,6274,41915,18252,28,0,
68,6117,41896,18448,24,0,
72,6238,42026,18189,28,0,
69,6158,41806,18500,20,0,
113,6154,42019,18247,20,0,
82,6251,41932,18251,37,0,
79,6142,42010,18300,22,0,
81,6242,41708,18490,32,0,
87,6161,42023,18260,22,0,
71,6240,41829,18390,23,0,
80,6190,41782,18482,19,0,
89,6195,41996,18244,29,0,
73,6215,41982,18263,20,0,
94,6172,41649,18610,28,0,
100,6114,41908,18407,24,0,
84,6202,41956,18285,26,0,
73,6195,41774,18479,32,0,
82,6275,41834,18336,26,0,
73,6210,41957,18288,25,0,
81,6072,42130,18251,19,0,
85,6183,41863,18399,23,0,
89,6191,41905,18348,20,0,
75,6304,41917,18230,27,0,
79,6192,41884,18376,22,0,
65,6266,42027,18171,24,0,
72,6215,41805,18431,30,0,
83,6122,41879,18443,26,0,
69,6160,41876,18428,20,0,
77,6232,41806,18416,22,0,
85,6221,41967,18258,22,0,
90,6186,41881,18367,29,0,
75,6218,41873,18365,22,0,
79,6111,41876,18457,30,0,
85,6213,41858,18373,24,0,
83,6226,41896,18326,22,0,
83,6129,41987,18323,31,0,
71,6214,41794,18447,27,0,
77,6150,41833,18469,24,0,
77,6117,41733,18603,23,0,
83,6139,41855,18446,30,0,
76,6232,41865,18352,28,0,
68,6196,41851,18407,31,0,
87,6136,41843,18450,37,0,
71,6185,42038,18230,29,0,
64,6198,41976,18293,22,0,
68,6154,42030,18274,27,0,
75,6158,41809,18491,20,0,
80,6174,41932,18349,18,0,
74,6242,41884,18333,20,0,
92,6001,42066,18370,24,0,
83,6114,41925,18407,24,0,
84,6216,42002,18229,22,0,
86,6228,41917,18304,18,0,
94,6277,41827,18334,21,0,
80,6257,41866,18318,32,0,
71,6218,41970,18267,27,0,
78,6158,41864,18433,20,0,
75,6122,42062,18259,35,0,
72,6196,42105,18157,23,0,
78,6242,41704,18496,33,0,
73,6154,42013,18283,30,0,
77,6232,41940,18279,25,0,
68,6156,42205,18101,23,0,
73,6184,41958,18314,24,0,
76,6223,42009,18230,15,0,
93,6115,41878,18449,18,0,
90,6177,42056,18205,25,0,
92,6104,41928,18405,24,0,
78,6251,41779,18422,23,0,
75,6160,42113,18178,27,0,
88,6127,41927,18386,25,0,
59,6156,41904,18404,30,0,
86,6208,41795,18436,28,0,
77,6129,41838,18485,24,0,
90,6200,41913,18325,25,0,
79,6260,41855,18330,29,0,
71,6178,41858,18420,26,0,
99,6207,41942,18282,23,0,
77,6212,41802,18434,28,0,
64,6170,41847,18443,29,0,
86,6189,41811,18440,27,0,
90,6171,41909,18354,29,0,
81,6159,42053,18240,20,0,
66,6186,42074,18200,27,0,
80,6190,41690,18558,35,0,
79,6125,41680,18647,22,0,
64,6241,41799,18420,29,0,
84,6229,42031,18182,27,0,
73,6133,41929,18403,15,0,
90,6099,41978,18359,27,0,
84,6139,42039,18267,24,0,
75,6158,41759,18536,25,0,
94,6204,41793,18424,38,0,
71,6248,41793,18430,11,0,
82,6167,41893,18386,25,0,
71,6240,41932,18284,26,0,
71,6132,41922,18404,24,0,
87,6140,41977,18319,30,0,
89,6235,41746,18455,28,0,
88,6123,41918,18396,28,0,
71,6208,41978,18272,24,0,
84,6175,41756,18509,29,0,
64,6184,41880,18401,24,0,
91,6171,41960,18305,26,0,
86,6204,42031,18201,31,0,
77,6134,42006,18306,30,0,
75,6259,41826,18361,32,0,
69,6216,41928,18309,31,0,
72,6160,41714,18583,24,0,
87,6229,41877,18340,20,0,
75,6211,41864,18374,29,0,
78,6214,41948,18287,26,0,
86,6252,41944,18255,16,0,
81,6134,41834,18476,28,0,
70,6151,41788,18529,15,0,
86,6197,42031,18218,21,0,
82,6151,41808,18483,29,0,
87,6151,42005,18282,28,0,
78,6133,41856,18461,25,0,
85,6177,41892,18374,25,0,
80,6083,42010,18363,17,0,
85,6127,41988,18317,36,0,
79,6132,41994,18320,28,0,
82,6119,41947,18381,24,0,
68,6125,41935,18406,19,0,
73,6143,41910,18407,20,0,
71,6257,41731,18459,35,0,
84,6124,41799,18523,23,0,
93,6294,41958,18179,29,0,
59,6280,41925,18271,18,0,
78,6130,41809,18509,27,0,
75,6124,41930,18401,23,0,
80,6166,41766,18519,22,0,
69,6196,42034,18238,16,0,
82,6092,42076,18280,23,0,
66,6171,41947,18343,26,0,
88,6225,41742,18470,28,0,
78,6205,41988,18246,36,0,
71,6191,41825,18432,34,0,
82,6149,41907,18386,29,0,
72,6227,41804,18420,30,0,
73,6190,41932,18330,28,0,
90,6172,41944,18330,17,0,
76,6242,41823,18391,21,0,
67,6301,41682,18482,21,0,
71,6297,41858,18299,28,0,
71,6201,41849,18406,26,0,
67,6228,42073,18162,23,0,
71,6308,41906,18241,27,0,
91,6160,41750,18527,25,0,
95,6075,42058,18302,23,0,
73,6161,41961,18337,21,0,
74,6250,41899,18294,36,0,
85,6121,41968,18346,33,0,
80,6251,41773,18415,34,0,
87,6163,41931,18341,31,0,
89,6119,42019,18299,27,0,
85,6162,41950,18332,24,0,
76,6211,41952,18287,27,0,
83,6198,42035,18220,17,0,
73,6175,42080,18207,18,0,
66,6128,42117,18222,20,0,
96,6100,42090,18244,23,0,
82,6199,41852,18389,31,0,
82,6251,41809,18389,22,0,
71,6296,41823,18340,23,0,
86,6187,41901,18354,25,0,
68,6091,42044,18329,21,0,
83,6263,41953,18227,27,0,
84,6214,41851,18384,20,0,
90,6158,41909,18372,24,0,
101,6208,41915,18303,26,0,
74,6231,41874,18349,25,0,
79,6174,41815,18466,19,0,
79,6183,42017,18245,29,0,
69,6238,41797,18430,19,0,
80,6024,42007,18416,26,0,
69,6214,41742,18505,23,0,
78,6160,41904,18383,28,0,
84,6244,41768,18428,29,0,
94,6242,41909,18283,25,0,
73,6166,41964,18321,29,0,
80,6192,41944,18315,22,0,
87,6165,41879,18394,28,0,
91,6167,41863,18416,16,0,
80,6146,42048,18250,29,0,
84,6183,41984,18280,22,0,
64,6249,41969,18248,23,0,
74,6105,41913,18443,18,0,
81,6139,41987,18324,22,0,
79,6193,42009,18236,36,0,
78,6205,41850,18401,19,0,
76,6256,41969,18230,22,0,
67,6187,41925,18349,25,0,
88,6143,41897,18403,22,0,
72,6114,42024,18320,23,0,
83,6122,41971,18354,23,0,
71,6168,41964,18323,27,0,
82,6198,42034,18217,22,0,
75,6124,41847,18485,22,0,
77,6207,42072,18167,30,0,
64,6204,41859,18397,29,0,
77,6204,41982,18271,19,0,
86,6289,41961,18189,28,0,
89,6181,41796,18458,29,0,
60,6164,41875,18432,22,0,
89,6211,41955,18268,30,0,
66,6132,42030,18295,30,0,
65,6228,41844,18389,27,0,
76,6252,41984,18217,24,0,
70,6193,41897,18377,16,0,
71,6128,41998,18327,29,0,
70,6173,41843,18444,23,0,
88,6106,42067,18273,19,0,
81,6097,41858,18487,30,0,
66,6167,41965,18339,16,0,
65,6272,41849,18346,21,0,
74,6156,41914,18393,16,0,
75,6267,41870,18320,21,0,
74,6245,41880,18334,20,0,
80,6208,41839,18393,33,0,
68,6230,42090,18140,25,0,
82,6221,41896,18332,22,0,
73,6119,41862,18476,23,0,
83,6210,41923,18315,22,0,
82,6131,41969,18354,17,0,
69,6245,41811,18399,29,0,
82,6186,41806,18443,36,0,
87,6164,42009,18272,21,0,
78,6256,41836,18347,36,0,
75,6224,41958,18274,22,0,
70,6115,41830,18514,24,0,
76,6145,41919,18378,35,0,
71,6114,41909,18435,24,0,
80,6060,41982,18406,25,0,
80,6164,42053,18230,26,0,
68,6200,41904,18347,34,0,
73,6191,41853,18413,23,0,
71,6160,41830,18460,32,0,
71,6239,41859,18358,26,0,
76,6175,41850,18430,22,0,
86,6124,42150,18163,30,0,
72,6155,41941,18358,27,0,
83,6256,41874,18319,21,0,
80,6204,41953,18286,30,0,
75,6133,41916,18406,23,0,
81,6076,42042,18324,30,0,
81,6193,41993,18246,40,0,
75,6219,41852,18384,23,0,
68,6325,41846,18286,28,0,
94,6158,41950,18323,28,0,
75,6304,41810,18340,24,0,
62,6226,41950,18298,17,0,
90,6187,41776,18473,27,0,
89,6229,41796,18413,26,0,
70,6200,41889,18367,27,0,
66,6192,41940,18334,21,0,
83,6241,41771,18428,30,0,
89,6169,41774,18501,20,0,
69,6263,41810,18386,25,0,
81,6236,41808,18406,22,0,
74,6201,41841,18407,30,0,
75,6175,41782,18507,14,0,
77,6125,41843,18487,21,0,
78,6181,42078,18198,18,0,
63,6215,41805,18435,35,0,
81,6160,41962,18322,28,0,
91,6235,41911,18288,28,0,
86,6107,41793,18532,35,0,
79,6193,41934,18324,23,0,
66,6222,41793,18449,23,0,
76,6070,42128,18254,25,0,
95,6202,41924,18312,20,0,
78,6131,42062,18255,27,0,
75,6236,42073,18151,18,0,
94,6141,42111,18185,22,0,
78,6246,41940,18255,34,0,
62,6231,41948,18279,33,0,
69,6090,42039,18323,32,0,
73,6155,42046,18247,32,0,
77,6121,41884,18442,29,0,
72,6256,42018,18190,17,0,
72,6159,42003,18303,16,0,
77,6080,41956,18422,18,0,
78,6193,42095,18155,32,0,
70,6162,41982,18314,25,0,
72,6266,41855,18336,24,0,
71,6192,41957,18308,25,0,
71,6081,42035,18347,19,0,
75,6178,41997,18272,31,0,
78,6088,41867,18495,25,0,
64,6236,41893,18343,17,0,
76,6183,41836,18429,29,0,
78,6104,41747,18602,22,0,
78,6136,42027,18290,22,0,
87,6165,41901,18365,35,0,
85,6218,41857,18369,24,0,
69,6189,42098,18167,30,0,
86,6203,41997,18246,21,0,
77,6237,42025,18189,25,0,
69,6151,42037,18272,24,0,
81,6217,41923,18305,27,0,
65,6145,42152,18167,24,0,
65,6219,41858,18383,28,0,
75,6242,42030,18176,30,0,
71,6227,41903,18319,33,0,
88,6189,41933,18316,27,0,
84,6189,41810,18440,30,0,
83,6118,41939,18400,13,0,
67,6098,41953,18408,27,0,
72,6164,42054,18238,25,0,
78,6236,41911,18313,15,0,
83,6213,41992,18239,26,0,
74,6280,41919,18253,27,0,
84,6185,41819,18441,24,0,
80,6169,41918,18365,21,0,
82,6197,42021,18228,25,0,
83,6227,41957,18264,22,0,
83,6180,41927,18336,27,0,
73,6059,41991,18403,27,0,
96,6149,41948,18330,30,0,
78,6086,41840,18529,20,0,
84,6133,42014,18295,27,0,
84,6238,41743,18465,23,0,
85,6173,41863,18404,28,0,
85,6165,41999,18277,27,0,
80,6330,41835,18282,26,0,
69,6225,42102,18138,19,0,
71,6112,41954,18391,25,0,
87,6223,41962,18259,22,0,
82,6244,41912,18283,32,0,
84,6235,41934,18273,27,0,
73,6157,41877,18421,25,0,
94,6160,41937,18331,31,0,
68,6219,42016,18224,26,0,
81,6145,41812,18490,25,0,
59,6086,42082,18306,20,0,
73,6188,41894,18376,22,0,
85,6164,41862,18423,19,0,
84,6191,41860,18393,25,0,
86,6215,42131,18096,25,0,
96,6209,41963,18259,26,0,
81,6086,41732,18637,17,0,
86,6267,41855,18323,22,0,
67,6223,41836,18400,27,0,
91,6222,41924,18291,25,0,
64,6181,42052,18235,21,0,
82,6189,41764,18496,22,0,
84,6143,41964,18345,17,0,
91,6156,42004,18273,29,0,
87,6254,41999,18191,22,0,
92,6108,42103,18229,21,0,
68,6123,41969,18374,19,0,
84,6136,41978,18331,24,0,
81,6224,41850,18371,27,0,
90,6199,41741,18494,29,0,
70,6200,42129,18131,23,0,
78,6229,42004,18214,28,0,
79,6136,42020,18292,26,0,
71,6172,42159,18127,24,0,
87,6247,41936,18259,24,0,
76,6221,41941,18301,14,0,
69,6133,41907,18417,27,0,
76,6148,42001,18317,11,0,
84,6166,41816,18465,22,0,
83,6111,41932,18406,21,0,
76,6211,41952,18286,28,0,
85,6182,42010,18246,30,0,
58,6229,41963,18278,25,0,
67,6160,41905,18396,25,0,
83,6183,41997,18265,25,0,
82,6143,42091,18216,21,0,
75,6244,41924,18280,30,0,
88,6149,41977,18314,25,0,
75,6180,41957,18315,26,0,
73,6082,41998,18370,30,0,
69,6198,42006,18255,25,0,
84,6252,42059,18137,21,0,
69,6155,42049,18257,23,0,
83,6204,41876,18366,24,0,
85,6205,42009,18221,33,0,
76,6142,41935,18371,29,0,
66,6252,41785,18425,25,0,
78,6217,42012,18220,26,0,
78,6221,41877,18352,25,0,
62,6222,41849,18395,25,0,
76,6217,42071,18162,27,0,
66,6205,42000,18258,24,0,
76,6223,41820,18408,26,0,
91,6225,41933,18282,22,0,
65,6228,41893,18345,22,0,
83,6125,41863,18451,31,0,
83,6168,41842,18433,27,0,
82,6172,42006,18270,23,0,
75,6205,41909,18333,31,0,
76,6163,41823,18455,36,0,
54,6380,41885,18210,24,0,
80,6182,42198,18060,33,0,
80,6168,41860,18421,24,0,
74,6126,41863,18464,26,0,
78,6171,41991,18284,29,0,
69,6134,41942,18376,32,0,
85,6137,41952,18350,29,0,
80,6122,41889,18440,22,0,
74,6198,41838,18420,23,0,
85,6237,41905,18302,24,0,
69,6241,41808,18410,25,0,
77,6233,42076,18141,26,0,
98,6232,41938,18257,28,0,
101,6080,42047,18299,26,0,
72,6211,41965,18271,34,0,
77,6197,42051,18206,22,0,
79,6242,41941,18274,17,0,
77,6123,41948,18378,27,0,
75,6250,41842,18367,19,0,
89,6162,41998,18264,40,0,
82,6219,41997,18229,26,0,
79,6172,42046,18227,29,0,
70,6270,41995,18187,31,0,
73,6227,41909,18324,20,0,
85,6250,42054,18141,23,0,
71,6115,41882,18458,27,0,
71,6259,41966,18224,33,0,
79,6247,41954,18251,22,0,
90,6180,42027,18227,29,0,
69,6249,41862,18347,26,0,
94,6164,41895,18371,29,0,
75,6174,42017,18265,22,0,
73,6139,41951,18370,20,0,
87,6199,41998,18249,20,0,
82,6129,41895,18420,27,0,
87,6182,41938,18325,21,0,
89,6232,41904,18300,28,0,
72,6134,42053,18260,34,0,
76,6207,41964,18287,19,0,
71,6254,41791,18412,25,0,
60,6163,41962,18355,13,0,
85,6061,41875,18514,18,0,
66,6300,41977,18185,25,0,
72,6250,41890,18311,30,0,
85,6229,41888,18329,22,0,
68,6176,41936,18351,22,0,
86,6217,41864,18358,28,0,
75,6096,42012,18347,23,0,
61,6050,42079,18338,25,0,
92,6112,41998,18325,26,0,
72,6220,42045,18200,16,0,
76,6132,41928,18393,24,0,
93,6210,41895,18337,18,0,
75,6276,41925,18242,35,0,
68,6200,41908,18353,24,0,
69,6206,41788,18457,33,0,
85,6257,41818,18370,23,0,
71,6194,42046,18218,24,0,
74,6272,41720,18461,26,0,
79,6113,41916,18421,24,0,
64,6162,41960,18341,26,0,
82,6162,41968,18311,30,0,
76,6176,42021,18247,33,0,
67,6134,41847,18476,29,0,
85,6215,41847,18375,31,0,
103,6133,42014,18267,36,0,
76,6166,41968,18312,31,0,
73,6193,41958,18297,32,0,
61,6143,42142,18183,24,0,
84,6137,42028,18283,21,0,
95,6244,42079,18106,29,0,
69,6230,41711,18506,37,0,
77,6207,41880,18369,20,0,
73,6220,41781,18456,23,0,
76,6154,41910,18384,29,0,
80,6185,41910,18360,18,0,
67,6192,42020,18254,20,0,
70,6280,42032,18153,18,0,
90,6184,42061,18199,19,0,
87,6171,41941,18331,23,0,
75,6163,41986,18302,27,0,
73,6207,41920,18332,21,0,
72,6189,41926,18332,34,0,
66,6207,42080,18179,21,0,
81,6184,41919,18345,24,0,
87,6194,41871,18372,29,0,
67,6186,41917,18366,17,0,
80,6240,41821,18389,23,0,
62,6180,42080,18217,14,0,
74,6167,41995,18293,24,0,
81,6093,41964,18392,23,0,
83,6288,41763,18397,22,0,
78,6289,41837,18322,27,0,
72,6058,42048,18351,24,0,
75,6194,41997,18268,19,0,
104,6148,41931,18339,31,0,
82,6149,41831,18464,27,0,
65,6165,42071,18228,24,0,
73,6226,42040,18192,22,0,
88,6173,41921,18347,24,0,
70,6311,41852,18299,21,0,
73,6187,42026,18240,27,0,
75,6268,41970,18208,32,0,
64,6166,41877,18410,36,0,
89,6106,41909,18426,23,0,
80,6198,41838,18414,23,0,
72,6329,41795,18325,32,0,
85,6204,42068,18176,20,0,
77,6111,41886,18450,29,0,
68,6118,41875,18471,21,0,
94,6218,41990,18217,34,0,
83,6255,41852,18339,24,0,
59,6171,41840,18455,28,0,
82,6067,41996,18369,39,0,
76,6129,41929,18397,22,0,
92,6182,41961,18294,24,0,
77,6294,41744,18421,17,0,
80,6227,41869,18343,34,0,
71,6197,41951,18307,27,0,
66,6228,41938,18294,27,0,
75,6185,41993,18273,27,0,
69,6119,41889,18444,32,0,
72,6204,41940,18311,26,0,
71,6152,42011,18294,25,0,
78,6289,41950,18213,23,0,
68,6171,41948,18340,26,0,
89,6154,41952,18330,28,0,
87,6087,41954,18402,23,0,
83,6148,41950,18348,24,0,
90,6234,41863,18346,20,0,
71,6148,41931,18385,18,0,
71,6119,41956,18381,26,0,
92,6092,41944,18398,27,0,
82,6118,41976,18356,21,0,
81,6234,41991,18228,19,0,
67,6133,41974,18357,22,0,
90,6129,42043,18262,29,0,
81,6151,42009,18282,30,0,
66,6228,41867,18366,26,0,
69,6214,41948,18291,31,0,
81,6175,41844,18429,24,0,
95,6124,41906,18401,27,0,
68,6181,42065,18208,31,0,
74,6184,41871,18393,31,0,
85,6184,41847,18411,26,0,
74,6219,41964,18278,18,0,
74,6019,42036,18396,28,0,
79,6177,41911,18362,24,0,
69,6141,41968,18354,21,0,
79,6179,42031,18241,23,0,
72,6214,41819,18427,21,0,
90,6198,41948,18291,26,0,
91,6155,41986,18294,27,0,
72,6171,41791,18496,23,0,
89,6193,41789,18461,21,0,
76,6127,42031,18291,28,0,
81,6177,41779,18490,26,0,
78,6287,41784,18386,18,0,
77,6284,41887,18283,22,0,
70,6190,41874,18392,27,0,
65,6277,42065,18128,18,0,
77,6157,42024,18268,27,0,
86,6141,41974,18335,17,0,
74,6248,41985,18226,20,0,
56,6245,41740,18487,25,0,
86,6145,41981,18327,14,0,
61,6227,41999,18240,26,0,
86,6177,41939,18325,26,0,
88,6198,41829,18411,27,0,
72,6214,41929,18314,24,0,
70,6153,41907,18403,20,0,
75,6215,41948,18284,31,0,
74,6233,42114,18101,31,0,
74,6194,41889,18379,17,0,
83,6207,41948,18285,30,0,
66,6213,41880,18369,25,0,
71,6230,41963,18259,30,0,
65,6035,42186,18239,28,0,
73,6221,41814,18422,23,0,
68,6245,41888,18333,19,0,
74,6181,42069,18204,25,0,
76,6228,41862,18359,28,0,
72,6137,42018,18305,21,0,
75,6230,41886,18335,27,0,
91,6189,42052,18198,23,0,
77,6217,41887,18348,24,0,
72,6214,41803,18430,34,0,
77,6266,41992,18187,31,0,
77,6208,41895,18347,26,0,
82,6238,41968,18244,21,0,
67,6198,41929,18340,19,0,
57,6197,41935,18348,16,0,
61,6284,41930,18245,33,0,
79,6203,42091,18170,10,0,
66,6152,41946,18363,26,0,
82,6141,41952,18358,20,0,
80,6211,41939,18297,26,0,
62,6184,42019,18256,32,0,
75,6114,41935,18402,27,0,
88,6170,41826,18444,25,0,
62,6166,41991,18315,19,0,
58,6117,41963,18392,23,0,
87,6105,41966,18363,32,0,
66,6186,41906,18377,18,0,
81,6198,41877,18365,32,0,
68,6191,42002,18268,24,0,
69,6202,41982,18281,19,0,
87,6238,42047,18163,18,0,
72,6139,41948,18373,21,0,
90,6099,41948,18401,15,0,
89,6187,41962,18292,23,0,
76,6117,42124,18205,31,0,
69,6205,41907,18337,35,0,
62,6152,42113,18211,15,0,
81,6191,42092,18158,31,0,
73,6164,41913,18371,32,0,
79,6174,41967,18306,27,0,
78,6229,42074,18158,14,0,
72,6310,41881,18265,25,0,
70,6254,41908,18295,26,0,
67,6165,41974,18320,27,0,
78,6221,41893,18333,28,0,
79,6261,41954,18231,28,0,
76,6172,41948,18328,29,0,
87,6138,42070,18229,29,0,
93,6280,41877,18277,26,0,
64,6187,42101,18180,21,0,
62,6180,42047,18237,27,0,
84,6277,41935,18220,37,0,
83,6249,41926,18274,21,0,
81,6121,41992,18348,11,0,
73,6102,42042,18323,13,0,
88,6228,41969,18245,23,0,
71,6204,42107,18148,23,0,
83,6171,41963,18314,22,0,
70,6202,41883,18378,20,0,
59,6201,42011,18258,24,0,
77,6192,41947,18315,22,0,
89,6095,42058,18287,24,0,
90,6123,42060,18258,22,0,
76,6197,42065,18191,24,0,
70,6140,41823,18496,24,0,
75,6243,41954,18252,29,0,
69,6137,42082,18240,25,0,
92,6130,41841,18465,25,0,
79,6203,42111,18139,21,0,
80,6135,42039,18280,19,0,
80,6220,41944,18284,25,0,
78,6118,42060,18278,19,0,
84,6177,41886,18385,21,0,
69,6177,41987,18294,26,0,
65,6214,41948,18299,27,0,
76,6089,42000,18360,28,0,
81,6115,42023,18304,30,0,
85,6154,41987,18302,25,0,
86,6110,42036,18287,34,0,
83,6212,41766,18465,27,0,
67,6112,42096,18255,23,0,
68,6138,42032,18289,26,0,
70,6200,41895,18361,27,0,
103,6199,41967,18261,23,0,
72,6198,42020,18236,27,0,
66,6134,42019,18309,25,0,
77,6166,41928,18351,31,0,
73,6167,42139,18144,30,0,
101,6101,41837,18483,31,0,
88,6199,41995,18245,26,0,
91,6231,41925,18277,29,0,
61,6147,42021,18305,19,0,
69,6122,41875,18462,25,0,
72,6213,42015,18232,21,0,
95,6221,41885,18325,27,0,
90,6156,41922,18366,19,0,
82,6096,42032,18319,24,0,
74,6125,42071,18260,23,0,
61,6138,41934,18394,26,0,
90,6159,42038,18244,22,0,
84,6242,41978,18221,28,0,
73,6096,42157,18200,27,0,
79,6124,42020,18304,26,0,
79,6166,41922,18369,17,0,
88,6184,41890,18369,22,0,
82,6164,41946,18330,31,0,
71,6197,41886,18372,27,0,
74,6167,42091,18207,14,0,
76,6225,41957,18274,21,0,
81,6066,42034,18357,15,0,
61,6138,41910,18419,25,0,
79,6177,41994,18277,26,0,
72,6210,42054,18190,27,0,
88,6078,41900,18458,29,0,
72,6123,41948,18383,27,0,
77,6230,41976,18251,19,0,
83,6186,41897,18362,25,0,
69,6214,41935,18308,27,0,
66,6168,42046,18244,29,0,
74,6170,41970,18322,17,0,
83,6171,42106,18171,22,0,
83,6223,41991,18243,13,0,
80,6165,41914,18368,26,0,
78,6135,42133,18180,27,0,
74,6047,42210,18195,27,0,
63,6214,41906,18343,27,0,
67,6136,41866,18461,23,0,
77,6102,42172,18178,24,0,
69,6173,41900,18383,28,0,
79,6211,41929,18302,32,0,
76,6229,41934,18289,25,0,
76,6133,42211,18105,28,0,
85,6165,41856,18418,29,0,
70,6233,41965,18268,17,0,
74,6140,42033,18278,28,0,
80,6161,42103,18184,25,0,
67,6281,41924,18253,28,0,
89,6267,41928,18250,19,0,
61,6110,42028,18329,25,0,
74,6232,42121,18104,22,0,
64,6214,41937,18311,27,0,
77,6100,41978,18375,23,0,
68,6193,41781,18488,23,0,
71,6184,42041,18227,30,0,
80,6152,41928,18365,28,0,
75,6043,42080,18337,18,0,
74,6120,41991,18350,18,0,
85,6127,41909,18408,24,0,
71,6245,41902,18319,16,0,
86,6161,41961,18322,23,0,
69,6169,41964,18328,23,0,
73,6288,41995,18173,24,0,
68,6234,42063,18173,15,0,
76,6137,41928,18392,20,0,
81,6217,41811,18416,28,0,
70,6267,41861,18323,32,0,
86,6206,41897,18334,30,0,
77,6098,42137,18216,25,0,
75,6013,41999,18444,22,0,
66,6176,41963,18316,32,0,
75,6246,42030,18176,26,0,
73,6215,42039,18205,21,0,
74,6124,41997,18329,29,0,
79,6228,42061,18160,25,0,
77,6157,42077,18209,33,0,
73,6203,42007,18240,30,0,
93,6078,42015,18346,21,0,
78,6253,41902,18282,38,0,
84,6257,41822,18370,20,0,
71,6175,42087,18198,22,0,
90,6157,41842,18438,26,0,
74,6227,41886,18345,21,0,
87,6199,41931,18320,16,0,
73,6113,42061,18285,21,0,
94,6190,41904,18350,15,0,
65,6120,41833,18507,28,0,
77,6184,41886,18388,18,0,
83,6132,41899,18414,25,0,
79,6081,42140,18228,25,0,
72,6208,42047,18203,23,0,
69,6207,41969,18275,33,0,
86,6185,41967,18290,25,0,
78,6157,42110,18177,31,0,
73,6187,41987,18284,22,0,
87,6154,42151,18137,24,0,
86,6184,41975,18285,23,0,
78,6161,42002,18284,28,0,
79,6165,42143,18140,26,0,
70,6174,42025,18266,18,0,
83,6178,41965,18302,25,0,
66,6208,42025,18229,25,0,
94,6133,41979,18320,27,0,
81,6178,41938,18330,26,0,
67,6114,42083,18263,26,0,
73,6191,41995,18266,28,0,
72,6095,42044,18317,25,0,
89,6077,41966,18399,22,0,
83,6306,41942,18194,28,0,
72,6111,41983,18367,20,0,
71,6255,41852,18355,20,0,
94,6234,41858,18349,18,0,
73,6107,42056,18288,29,0,
87,6101,42023,18318,24,0,
86,6166,41988,18298,15,0,
79,6124,41997,18336,17,0,
76,6204,41963,18294,16,0,
73,6156,41938,18368,18,0,
93,6120,41911,18403,26,0,
73,6199,41951,18305,25,0,
73,6103,41936,18423,18,0,
72,6224,41880,18350,27,0,
82,6196,41878,18379,18,0,
76,6324,41848,18277,28,0,
64,6191,41896,18369,33,0,
91,6091,42064,18279,28,0,
88,6203,41938,18304,20,0,
70,6176,41917,18365,25,0,
68,6078,42005,18379,23,0,
79,6221,42050,18182,21,0,
78,6209,41776,18465,25,0,
81,6122,41936,18394,20,0,
77,6093,41965,18400,18,0,
67,6110,41936,18416,24,0,
66,6226,41994,18248,19,0,
83,6110,41879,18463,18,0,
90,6164,42039,18233,27,0,
74,6150,42001,18306,22,0,
84,6158,41950,18337,24,0,
84,6143,41871,18426,29,0,
68,6264,41991,18204,26,0,
71,6113,42083,18266,20,0,
68,6189,41885,18386,25,0,
61,6126,41951,18391,24,0,
73,6210,41874,18377,19,0,
72,6157,41835,18467,22,0,
82,6179,42068,18196,28,0,
62,6196,42058,18212,25,0,
81,6136,41925,18384,27,0,
69,6152,42094,18217,21,0,
87,6262,41926,18252,26,0,
69,6208,41780,18465,31,0,
82,6237,41900,18299,35,0,
85,6206,41849,18387,26,0,
81,6142,41977,18331,22,0,
82,6091,41943,18408,29,0,
82,6178,42008,18252,33,0,
78,6107,41878,18463,27,0,
89,6138,42075,18224,27,0,
76,6233,41861,18350,33,0,
90,6237,41978,18225,23,0,
76,6251,41912,18293,21,0,
84,6183,41923,18338,25,0,
82,6256,42078,18113,24,0,
78,6156,42125,18173,21,0,
84,6151,42017,18274,27,0,
77,6116,41773,18562,25,0,
71,6161,42020,18279,22,0,
72,6160,42049,18247,25,0,
70,6276,42075,18109,23,0,
75,6139,41997,18312,30,0,
78,6255,41971,18221,28,0,
70,6204,42007,18244,28,0,
60,6225,41797,18451,20,0,
66,6249,41919,18293,26,0,
73,6115,42112,18232,21,0,
73,6119,41981,18359,21,0,
85,6187,42110,18147,24,0,
82,6162,41960,18324,25,0,
83,6119,41987,18341,23,0,
83,6166,42035,18250,19,0,
75,6189,42047,18218,24,0,
79,6212,42075,18166,21,0,
84,6081,42017,18349,22,0,
65,6174,42029,18260,25,0,
77,6230,42029,18191,26,0,
84,6109,41929,18411,20,0,
74,6229,41993,18241,16,0,
73,6222,41877,18355,26,0,
82,6247,41949,18257,18,0,
95,6293,41870,18269,26,0,
73,6212,42101,18141,26,0,
68,6112,41877,18475,21,0,
74,6249,41951,18268,11,0,
76,6232,41934,18294,17,0,
61,6127,41992,18358,15,0,
82,6222,42092,18131,26,0,
77,6063,42172,18215,26,0,
66,6218,41963,18279,27,0,
67,6114,41904,18445,23,0,
80,6125,41819,18509,20,0,
71,6255,42002,18205,20,0,
77,6272,41933,18253,18,0,
77,6087,42000,18373,16,0,
90,6223,41950,18266,24,0,
65,6123,42107,18224,34,0,
68,6113,42125,18228,19,0,
74,6134,41888,18434,23,0,
69,6182,41998,18278,26,0,
76,6199,41991,18263,24,0,
81,6097,41870,18487,18,0,
75,6202,42095,18162,19,0,
86,6221,41890,18334,22,0,
72,6156,41874,18434,17,0,
75,6216,41885,18351,26,0,
77,6169,42040,18252,15,0,
78,6186,41889,18372,28,0,
70,6123,42154,18180,26,0,
64,6160,42080,18234,15,0,
89,6173,42009,18263,19,0,
77,6223,41830,18410,13,0,
72,6238,41860,18362,21,0,
75,6159,41985,18303,31,0,
81,6110,42029,18314,19,0,
89,6170,41795,18480,19,0,
79,6148,41878,18422,26,0,
80,6154,42083,18218,18,0,
76,6196,42173,18093,15,0,
66,6178,42141,18142,26,0,
69,6182,42000,18281,21,0,
84,6047,42001,18390,31,0,
72,6115,41990,18358,18,0,
73,6145,42120,18192,23,0,
86,6177,41991,18273,26,0,
67,6174,42028,18258,26,0,
81,6156,42050,18248,18,0,
84,6042,42252,18146,29,0,
75,6177,41996,18274,31,0,
83,6107,42098,18241,24,0,
76,6140,42043,18272,22,0,
65,6120,42179,18164,25,0,
90,6180,42002,18266,15,0,
71,6115,42057,18282,28,0,
73,6176,41868,18411,25,0,
73,6211,42007,18232,30,0,
53,6202,42098,18182,18,0,
78,6108,41891,18457,19,0,
82,6080,42100,18276,15,0,
75,6046,41970,18436,26,0,
63,6117,42080,18263,30,0,
79,6097,41988,18370,19,0,
63,6169,41984,18315,22,0,
68,6164,42175,18115,31,0,
75,6214,42211,18030,23,0,
70,6074,41844,18539,26,0,
68,6125,42023,18312,25,0,
75,6230,41941,18278,29,0,
70,6137,41941,18381,24,0,
78,6129,42016,18307,23,0,
83,6176,41993,18279,22,0,
75,6124,42024,18304,26,0,
75,6115,42075,18266,22,0,
79,6260,41982,18208,24,0,
71,6239,41950,18269,24,0,
76,6267,41903,18287,20,0,
71,6163,41819,18471,29,0,
81,6108,41984,18351,29,0,
85,6187,42043,18219,19,0,
71,6103,41966,18393,20,0,
77,6147,41938,18366,25,0,
72,6164,42047,18241,29,0,
68,6188,41974,18299,24,0,
68,6243,41881,18341,20,0,
74,6220,42238,18004,17,0,
65,6111,42106,18246,25,0,
63,6243,41984,18242,21,0,
68,6012,42067,18379,27,0,
76,6242,42121,18087,27,0,
87,6191,42100,18156,19,0,
68,6146,41928,18388,23,0,
68,6139,41982,18340,24,0,
73,6085,42120,18252,23,0,
68,6117,42132,18210,26,0,
67,6122,42142,18197,25,0,
81,6065,41933,18461,13,0,
84,6170,42094,18186,19,0,
65,6155,42109,18199,25,0,
78,6152,42130,18172,21,0,
90,6178,41981,18278,26,0,
86,6056,42104,18288,19,0,
77,6212,41890,18355,19,0,
85,6119,41983,18343,23,0,
63,6178,41988,18299,25,0,
70,6143,41984,18332,24,0,
75,6186,42031,18239,22,0,
78,6016,42146,18294,19,0,
89,6156,42035,18241,32,0,
67,6253,41931,18276,26,0,
84,6256,41899,18294,20,0,
59,6080,42097,18290,27,0,
78,6030,42130,18294,21,0,
87,6108,41893,18442,23,0,
81,6088,42185,18181,18,0,
86,6120,42011,18310,26,0,
79,6075,41987,18380,32,0,
76,6079,42038,18338,22,0,
66,6103,42087,18280,17,0,
72,6243,42016,18199,23,0,
69,6196,42031,18225,32,0,
81,6050,42002,18405,15,0,
80,6120,42061,18265,27,0,
82,6214,42010,18218,29,0,
66,6155,41988,18325,19,0,
66,6212,42131,18119,25,0,
68,6176,42019,18269,21,0,
66,6178,42229,18058,22,0,
69,6197,41916,18340,31,0,
74,6114,41899,18441,25,0,
74,6275,41977,18192,35,0,
74,6135,41994,18317,33,0,
88,6101,41941,18405,18,0,
73,6287,41859,18320,14,0,
70,6154,42068,18236,25,0,
69,6119,42020,18319,26,0,
75,6195,41922,18341,20,0,
70,6140,41961,18359,23,0,
66,6147,42151,18165,24,0,
77,6165,41902,18383,26,0,
70,6213,41922,18320,28,0,
77,6242,42086,18129,19,0,
79,6257,41894,18303,20,0,
72,6200,41953,18307,21,0,
89,6131,41730,18586,17,0,
76,6146,42085,18219,27,0,
80,6191,41951,18309,22,0,
75,6194,41850,18404,30,0,
73,6176,42043,18241,20,0,
73,6086,41887,18479,28,0,
93,6133,41979,18322,26,0,
94,6109,42092,18243,15,0,
79,6121,42167,18165,21,0,
73,6183,42167,18105,25,0,
77,6099,42131,18216,30,0,
64,6190,42012,18261,26,0,
70,6192,42079,18183,29,0,
70,6134,42129,18192,28,0,
78,6262,42013,18166,34,0,
80,6189,41960,18298,26,0,
89,6096,42060,18278,30,0,
81,6208,41972,18271,21,0,
69,6171,42039,18251,23,0,
84,6180,41835,18424,30,0,
62,6185,42063,18225,18,0,
71,6255,41931,18276,20,0,
77,6130,41924,18391,31,0,
77,6151,41966,18338,21,0,
68,6170,41948,18346,21,0,
79,6126,41999,18327,22,0,
72,6134,41984,18326,37,0,
77,6190,41885,18371,30,0,
63,6132,42188,18146,24,0,
73,6266,42146,18047,21,0,
76,6167,41965,18321,24,0,
68,6168,42034,18266,17,0,
62,6122,41889,18451,29,0,
81,6116,42053,18281,22,0,
74,6108,42000,18349,22,0,
73,6083,42004,18367,26,0,
71,6162,42112,18187,21,0,
85,6107,41987,18346,28,0,
58,6137,42017,18318,23,0,
70,6132,42117,18212,22,0,
77,6176,41958,18326,16,0,
88,6151,42045,18242,27,0,
65,6234,41985,18247,22,0,
64,6246,42101,18118,24,0,
67,6181,41797,18485,23,0,
68,6209,42103,18148,25,0,
73,6056,42057,18343,24,0,
77,6156,41942,18346,32,0,
73,6125,42076,18254,25,0,
62,6091,42174,18203,23,0,
69,6078,41994,18384,28,0,
65,6166,42200,18099,23,0,
79,6103,42014,18337,20,0,
72,6150,41850,18453,28,0,
89,6134,41985,18313,32,0,
73,6145,42002,18314,19,0,
86,6193,42009,18235,30,0,
80,6148,42102,18207,16,0,
67,6107,41989,18372,18,0,
76,6175,42102,18174,26,0,
62,6262,41894,18316,19,0,
74,6173,41967,18316,23,0,
73,6221,42052,18188,19,0,
82,6200,41880,18370,21,0,
90,6207,41936,18299,21,0,
62,6181,42143,18149,18,0,
94,6100,42041,18296,22,0,
78,6175,41960,18326,14,0,
85,6145,41855,18441,27,0,
66,6143,41971,18350,23,0,
59,6079,41926,18472,17,0,
76,6151,41976,18326,24,0,
64,6216,42064,18196,13,0,
75,6204,42035,18216,23,0,
83,6107,42012,18322,29,0,
75,6221,41941,18304,12,0,
70,6166,42016,18278,23,0,
72,6166,41952,18331,32,0,
89,6132,41934,18371,27,0,
69,6239,42035,18193,17,0,
75,6130,41945,18378,25,0,
68,6087,42134,18241,23,0,
82,6138,41735,18574,24,0,
76,6219,41929,18306,23,0,
82,6129,41862,18455,25,0,
63,6169,41693,18602,26,0,
73,6200,42079,18176,25,0,
88,6157,42007,18283,18,0,
77,6128,41941,18385,22,0,
75,6136,41941,18364,37,0,
83,6087,42086,18279,18,0,
68,6236,41830,18394,25,0,
83,6164,41830,18456,20,0,
77,6099,42130,18227,20,0,
91,6087,42065,18283,27,0,
58,6182,41945,18345,23,0,
71,6255,42064,18139,24,0,
87,6158,42105,18174,29,0,
58,6238,41967,18263,27,0,
73,6157,41974,18328,21,0,
70,6203,41850,18413,17,0,
74,6183,42112,18161,23,0,
70,6175,42147,18133,28,0,
94,6146,42089,18199,25,0,
81,6198,41945,18297,32,0,
79,6250,41841,18354,29,0,
68,6194,41888,18371,32,0,
76,6241,41884,18324,28,0,
70,6167,41919,18373,24,0,
69,6149,41912,18397,26,0,
66,6163,42093,18201,30,0,
74,6193,42025,18247,14,0,
90,6219,41891,18333,20,0,
78,6177,41882,18392,24,0,
70,6193,41937,18323,30,0,
81,6062,42050,18336,24,0,
66,6183,42136,18145,23,0,
69,6139,42083,18241,21,0,
53,6106,42088,18285,21,0,
71,6141,41901,18415,25,0,
66,6163,42103,18202,19,0,
72,6238,41923,18296,24,0,
87,6176,41976,18288,26,0,
84,6159,41943,18340,27,0,
60,6195,42060,18210,28,0,
79,6161,41886,18407,20,0,
75,6234,42163,18067,14,0,
63,6150,42030,18284,26,0,
61,6169,42034,18266,23,0,
67,6166,42089,18211,20,0,
87,6134,42111,18204,17,0,
69,6167,42001,18290,26,0,
77,6163,42001,18276,36,0,
68,6220,42019,18219,27,0,
76,6181,42050,18218,28,0,
64,6155,41972,18334,28,0,
99,6139,42085,18204,26,0,
78,6145,42095,18204,31,0,
78,6144,41915,18397,19,0,
78,6227,41935,18291,22,0,
62,6102,42078,18298,13,0,
75,6217,41995,18234,32,0,
76,6196,42038,18223,20,0,
86,6096,41971,18373,27,0,
81,6087,41945,18413,27,0,
73,6176,42010,18275,19,0,
76,6139,41988,18324,26,0,
74,6160,42094,18202,23,0,
85,6076,42042,18330,20,0,
69,6262,41867,18333,22,0,
68,6145,41858,18460,22,0,
69,6124,41965,18365,30,0,
76,6221,42104,18134,18,0,
79,6222,41824,18403,25,0,
59,6151,41989,18333,21,0,
75,6215,42110,18137,16,0,
76,6065,41972,18413,27,0,
68,6152,42032,18269,32,0,
79,6109,42110,18232,23,0,
70,6127,42089,18245,22,0,
68,6138,41984,18338,25,0,
86,6138,41949,18351,29,0,
72,6231,41970,18252,28,0,
64,6245,41992,18227,25,0,
72,6240,42040,18183,18,0,
62,6129,41989,18353,20,0,
68,6144,41974,18334,33,0,
72,6152,42150,18143,36,0,
66,6229,42087,18153,18,0,
74,6258,41907,18282,32,0,
79,6185,41950,18314,25,0,
79,6126,42011,18314,23,0,
67,6218,41945,18298,25,0,
69,6169,41903,18389,23,0,
78,6218,41865,18374,18,0,
81,6152,41951,18354,15,0,
81,6177,41933,18341,21,0,
76,6228,41888,18332,29,0,
70,6142,41989,18326,26,0,
69,6124,42055,18281,24,0,
80,6152,42025,18275,21,0,
61,6143,41873,18457,19,0,
79,6201,41995,18250,28,0,
69,6240,41927,18295,22,0,
72,6068,42091,18297,25,0,
66,6119,42224,18128,16,0,
72,6214,42017,18230,20,0,
83,6187,42117,18140,26,0,
75,6158,42028,18271,21,0,
75,6212,41965,18273,28,0,
89,6154,42084,18202,24,0,
78,6195,42008,18253,19,0,
63,6199,41997,18266,28,0,
77,6115,41751,18586,24,0,
62,6063,42161,18242,25,0,
67,6229,41976,18258,23,0,
68,6126,42001,18337,21,0,
84,6132,42078,18244,15,0,
79,6110,42024,18315,25,0,
69,6204,41994,18254,32,0,
77,6156,42100,18197,23,0,
80,6171,42032,18247,23,0,
66,6166,42196,18106,19,0,
60,6213,42010,18252,18,0,
66,6229,41955,18284,19,0,
60,6185,41978,18303,27,0,
80,6211,41958,18283,21,0,
73,6187,41960,18320,13,0,
80,6077,42022,18355,19,0,
90,6075,42017,18354,17,0,
71,6183,41883,18392,24,0,
60,6224,42008,18229,32,0,
66,6127,42140,18198,22,0,
69,6192,41959,18314,19,0,
85,6050,42094,18287,37,0,
83,6121,42088,18238,23,0,
84,6242,42072,18131,24,0,
68,6254,42044,18167,20,0,
65,6121,41963,18381,23,0,
71,6087,42057,18295,43,0,
74,6033,42152,18271,23,0,
82,6008,42080,18359,24,0,
85,6158,42021,18262,27,0,
72,6120,41975,18367,19,0,
56,6110,42045,18327,15,0,
79,6100,41964,18397,13,0,
68,6155,42040,18275,15,0,
88,6134,41979,18328,24,0,
73,6101,41984,18374,21,0,
67,6231,42078,18155,22,0,
76,6045,42089,18321,22,0,
91,6123,42053,18274,12,0,
91,6167,42124,18144,27,0,
85,6071,42242,18134,21,0,
93,6142,42014,18286,18,0,
91,6126,42077,18241,18,0,
76,6178,41939,18337,23,0,
78,6118,41914,18415,28,0,
76,6201,41956,18298,22,0,
80,6202,41970,18269,32,0,
66,6133,41992,18338,24,0,
75,6054,41884,18509,31,0,
81,6168,41884,18401,19,0,
64,6203,42103,18166,17,0,
72,6068,42010,18373,30,0,
78,6092,42050,18297,36,0,
85,6099,42084,18261,24,0,
69,6121,41982,18358,23,0,
68,6250,41885,18321,29,0,
73,6107,42120,18230,23,0,
72,6185,42013,18263,20,0,
77,6067,42150,18229,30,0,
82,6124,42051,18272,24,0,
70,6116,42152,18190,25,0,
77,6108,41997,18350,21,0,
86,6106,42052,18289,20,0,
97,6115,41982,18330,29,0,
82,6154,42011,18280,26,0,
77,6174,42049,18230,23,0,
70,6105,42171,18173,34,0,
66,6101,41987,18380,19,0,
59,6137,42129,18209,19,0,
78,6191,42012,18247,25,0,
85,6077,42059,18304,28,0,
70,6134,42127,18201,21,0,
87,6223,42003,18208,32,0,
74,6160,41897,18396,26,0,
71,6165,41971,18326,20,0,
81,6081,42067,18297,27,0,
87,6220,41954,18271,21,0,
79,6239,42063,18145,27,0,
91,6096,42047,18286,33,0,
80,6165,42094,18198,16,0,
59,6135,42138,18202,19,0,
87,6158,42012,18273,23,0,
67,6127,42032,18303,24,0,
71,6139,41929,18390,24,0,
62,6131,42182,18156,22,0,
83,6120,42018,18304,28,0,
61,6130,42121,18216,25,0,
78,6172,41973,18306,24,0,
71,6145,42015,18290,32,0,
69,6218,42153,18093,20,0,
70,6091,42014,18359,19,0,
74,6169,42106,18179,25,0,
68,6133,42098,18227,27,0,
65,6127,42084,18254,23,0,
87,6168,41935,18341,22,0,
84,6188,42122,18138,21,0,
87,6096,42052,18297,21,0,
73,6079,41992,18384,25,0,
74,6231,41939,18290,19,0,
61,6098,42048,18318,28,0,
83,6109,42020,18319,22,0,
72,6092,42014,18350,25,0,
78,6103,42161,18187,24,0,
81,6106,41910,18427,29,0,
68,6158,42169,18133,25,0,
77,6154,41956,18336,30,0,
82,6054,42232,18165,20,0,
79,6081,42029,18342,22,0,
82,6191,42029,18223,28,0,
70,6109,42052,18303,19,0,
74,6153,42075,18224,27,0,
72,6209,41929,18324,19,0,
69,6102,42167,18192,23,0,
58,6170,41980,18324,21,0,
71,6174,41973,18315,20,0,
78,6129,42054,18270,22,0,
74,6122,42091,18238,28,0,
75,6183,42098,18183,14,0,
67,6118,42181,18159,28,0,
91,6028,42076,18329,29,0,
83,6041,42014,18386,29,0,
78,6140,42074,18240,21,0,
60,6177,41968,18322,26,0,
76,6242,42028,18182,25,0,
82,6093,42117,18238,23,0,
65,6126,41918,18424,20,0,
90,6186,41889,18359,29,0,
76,6128,42053,18271,25,0,
61,6206,41924,18339,23,0,
75,6164,42083,18217,14,0,
71,6140,42077,18249,16,0,
73,6148,42077,18238,17,0,
76,6153,41894,18403,27,0,
54,6246,42008,18226,19,0,
74,6130,41799,18522,28,0,
58,6198,42011,18268,18,0,
78,6088,41966,18400,21,0,
86,6178,42012,18257,20,0,
63,6162,41950,18351,27,0,
69,6229,42101,18132,22,0,
66,6120,41926,18418,23,0,
67,6094,41993,18371,28,0,
74,6155,41921,18379,24,0,
71,6200,42054,18210,18,0,
73,6188,42091,18178,23,0,
73,6153,42027,18279,21,0,
70,6071,42231,18158,23,0,
72,6135,42041,18286,19,0,
79,6216,41887,18351,20,0,
79,6064,41976,18409,25,0,
78,6090,41876,18493,16,0,
82,6111,41885,18445,30,0,
75,6055,42140,18255,28,0,
102,6122,41948,18354,27,0,
71,6080,41872,18507,23,0,
66,6267,41952,18238,30,0,
66,6063,42085,18322,17,0,
