0,0,66197,2,1,1,
0,0,66197,1,3,0,
0,0,66197,2,2,0,
0,0,66197,2,1,1,
0,0,66197,1,3,0,
0,0,66197,1,2,1,
0,0,66197,0,3,1,
0,0,66197,0,4,0,
0,0,66197,1,3,0,
0,0,66197,1,3,0,
0,0,66197,0,4,0,
0,0,66197,0,4,0,
0,0,66197,1,3,0,
0,0,66197,1,3,0,
0,0,66197,2,2,0,
0,0,66197,0,4,0,
0,0,66197,1,3,0,
0,0,66197,1,3,0,
0,0,66197,0,4,0,
0,0,66197,2,2,0,
0,0,66197,0,4,0,
0,0,66197,1,2,1,
0,0,66197,0,4,0,
0,0,66197,1,3,0,
0,0,66197,2,2,0,
0,0,66197,2,2,0,
0,0,66197,1,3,0,
0,0,66197,0,4,0,
0,0,66197,0,3,1,
0,0,66197,1,3,0,
0,0,66197,2,2,0,
0,0,66197,0,4,0,
0,0,66197,1,3,0,
0,0,66197,2,2,0,
0,0,66197,0,3,1,
0,0,66197,1,3,0,
0,0,66197,0,4,0,
0,0,66197,1,3,0,
0,0,66197,0,4,0,
0,0,66197,1,2,1,
0,0,66197,0,4,0,
