839,3522,45669,9018,269,0,
405,4604,40508,13565,235,0,
204,4804,39431,14689,189,0,
187,5028,39467,14469,166,0,
180,4945,39759,14283,150,0,
137,4930,39244,14855,151,0,
128,4951,39274,14806,158,0,
143,5080,39153,14822,119,0,
137,4908,39195,14947,130,0,
146,4973,39242,14794,162,0,
137,4925,39335,14789,131,0,
146,4965,39275,14786,145,0,
122,4890,39472,14711,122,0,
118,4973,39449,14644,133,0,
136,4862,39365,14837,117,0,
139,4925,39432,14710,111,0,
139,4977,39190,14895,116,0,
132,4871,39476,14710,128,0,
133,4902,39347,14797,138,0,
117,4954,39278,14837,131,0,
118,4984,39293,14801,121,0,
133,4939,39409,14714,122,0,
143,4967,39254,14828,125,0,
113,4964,39163,14927,150,0,
123,4940,39390,14743,121,0,
119,4949,39290,14831,128,0,
134,4949,39389,14706,139,0,
130,4803,39399,14857,128,0,
117,4934,39309,14814,143,0,
119,4852,39617,14596,133,0,
128,4852,39420,14786,131,0,
129,4939,39366,14752,131,0,
113,4915,39326,14853,110,0,
114,4906,39457,14724,116,0,
124,4920,39358,14774,141,0,
117,4880,39394,14799,127,0,
130,4945,39282,14823,137,0,
109,4930,39261,14912,105,0,
115,4954,39346,14793,109,0,
113,4922,39333,14820,129,0,
138,4843,39539,14664,133,0,
131,4849,39380,14832,125,0,
119,4939,39341,14803,115,0,
126,4841,39451,14773,126,0,
111,5012,39281,14801,112,0,
98,4959,39379,14764,117,0,
114,4919,39325,14838,121,0,
131,4899,39385,14801,101,0,
126,4947,39318,14795,131,0,
138,4922,39282,14864,111,0,
126,4887,39535,14657,112,0,
111,4885,39426,14779,116,0,
119,4960,39405,14711,122,0,
114,4843,39479,14766,115,0,
121,4973,39432,14669,122,0,
107,4799,39380,14920,111,0,
121,4876,39408,14797,115,0,
120,4886,39436,14743,132,0,
123,4956,39369,14729,140,0,
114,4918,39356,14823,106,0,
117,4852,39401,14803,144,0,
132,4870,39339,14862,114,0,
114,4918,39443,14734,108,0,
106,4911,39492,14692,116,0,
112,4874,39501,14706,124,0,
104,4936,39373,14790,114,0,
101,4900,39559,14634,123,0,
138,4795,39394,14882,108,0,
117,4938,39353,14786,123,0,
127,4917,39499,14680,94,0,
105,4815,39306,14975,116,0,
109,4846,39379,14865,118,0,
119,4857,39515,14724,102,0,
110,4986,39485,14625,111,0,
120,4941,39389,14757,110,0,
103,4941,39497,14645,131,0,
116,4882,39343,14865,111,0,
109,4950,39377,14755,126,0,
113,4928,39301,14850,125,0,
113,4876,39368,14845,115,0,
124,4897,39401,14770,125,0,
121,4945,39276,14849,126,0,
124,4850,39430,14805,108,0,
121,4911,39312,14859,114,0,
112,4860,39384,14850,111,0,
112,4864,39488,14733,120,0,
127,4812,39316,14961,101,0,
119,4830,39310,14925,133,0,
117,4844,39436,14801,119,0,
111,4934,39323,14835,114,0,
116,4946,39457,14687,111,0,
121,4819,39326,14918,133,0,
120,4954,39468,14661,114,0,
99,4897,39355,14832,134,0,
115,4917,39385,14784,116,0,
95,4893,39409,14796,124,0,
124,4878,39329,14848,138,0,
123,4895,39445,14759,95,0,
114,4839,39291,14951,122,0,
124,4856,39507,14713,117,0,
94,4909,39344,14869,101,0,
121,4948,39293,14845,110,0,
120,4914,39347,14838,98,0,
107,4841,39559,14706,104,0,
106,4927,39462,14718,104,0,
114,4926,39361,14778,138,0,
109,4868,39410,14799,131,0,
131,4875,39423,14752,136,0,
127,4747,39438,14887,118,0,
104,4892,39527,14671,123,0,
109,4919,39398,14754,137,0,
107,4830,39554,14712,114,0,
123,4871,39473,14748,102,0,
109,4840,39459,14802,107,0,
106,4914,39291,14913,93,0,
120,4846,39453,14771,127,0,
104,4850,39622,14634,107,0,
113,4921,39413,14764,106,0,
119,4934,39508,14629,127,0,
104,4860,39479,14745,129,0,
91,4882,39529,14694,121,0,
114,4891,39590,14601,121,0,
116,4866,39277,14958,100,0,
130,4891,39506,14690,100,0,
125,4796,39505,14771,120,0,
116,4868,39411,14809,113,0,
117,4854,39517,14718,111,0,
116,4829,39469,14798,105,0,
121,4843,39432,14810,111,0,
117,4968,39297,14803,132,0,
125,4842,39429,14806,115,0,
102,4858,39663,14583,111,0,
120,4814,39335,14931,117,0,
101,4901,39327,14857,131,0,
111,4982,39183,14925,116,0,
109,4855,39422,14812,119,0,
119,4832,39420,14849,97,0,
121,4822,39353,14905,116,0,
107,4865,39282,14948,115,0,
112,4814,39407,14853,131,0,
95,4889,39418,14790,125,0,
119,4762,39460,14856,120,0,
124,4808,39459,14825,101,0,
109,4863,39497,14733,115,0,
111,4964,39515,14619,108,0,
135,4851,39510,14692,129,0,
108,4829,39474,14778,128,0,
105,4919,39335,14842,116,0,
117,4757,39544,14780,119,0,
112,4857,39398,14837,113,0,
108,4899,39616,14572,122,0,
105,4850,39561,14684,117,0,
103,4818,39561,14719,116,0,
110,4885,39435,14769,118,0,
105,4830,39376,14887,119,0,
112,4882,39410,14800,113,0,
120,4811,39381,14899,106,0,
120,4878,39466,14726,127,0,
111,4845,39464,14768,129,0,
119,4846,39497,14743,112,0,
111,4938,39363,14773,132,0,
136,4826,39468,14775,112,0,
107,4930,39334,14840,106,0,
128,4855,39386,14851,97,0,
125,4804,39588,14702,98,0,
101,4859,39514,14727,116,0,
126,4915,39452,14711,113,0,
107,4850,39253,14977,130,0,
134,4888,39466,14734,95,0,
129,4826,39447,14796,119,0,
103,4902,39524,14681,107,0,
123,4895,39499,14684,116,0,
107,4845,39468,14790,107,0,
117,4811,39469,14797,123,0,
98,4869,39534,14705,111,0,
105,4846,39505,14756,105,0,
110,4880,39510,14731,86,0,
98,4851,39512,14742,114,0,
103,4922,39328,14859,105,0,
95,4842,39475,14797,108,0,
111,4805,39554,14748,99,0,
122,4785,39595,14695,120,0,
111,4817,39454,14833,102,0,
109,4766,39517,14814,111,0,
113,4872,39314,14910,108,0,
123,4895,39426,14766,107,0,
110,4822,39554,14711,120,0,
127,4789,39459,14825,117,0,
92,4793,39527,14793,112,0,
102,4826,39478,14810,101,0,
91,4875,39479,14765,107,0,
102,4899,39581,14634,101,0,
112,4847,39416,14847,95,0,
115,4900,39430,14754,118,0,
108,4844,39278,14962,125,0,
101,4852,39620,14643,101,0,
121,4747,39434,14908,107,0,
111,4826,39520,14759,101,0,
100,4800,39520,14790,107,0,
96,4895,39523,14681,122,0,
96,4770,39486,14870,95,0,
102,4867,39457,14785,106,0,
106,4929,39423,14738,121,0,
116,4853,39336,14876,136,0,
107,4823,39372,14904,111,0,
132,4865,39305,14907,108,0,
119,4876,39471,14733,118,0,
106,4818,39456,14817,120,0,
107,4894,39563,14638,115,0,
95,4901,39349,14835,137,0,
103,4758,39497,14847,112,0,
92,4896,39501,14709,119,0,
119,4784,39395,14907,112,0,
122,4818,39526,14744,107,0,
105,4907,39473,14710,122,0,
106,4852,39567,14675,117,0,
120,4844,39401,14845,107,0,
110,4769,39460,14875,103,0,
113,4842,39508,14745,109,0,
116,4896,39338,14855,112,0,
124,4820,39442,14816,115,0,
96,4922,39580,14611,108,0,
89,4905,39519,14708,96,0,
93,4875,39442,14780,127,0,
97,4841,39548,14727,104,0,
100,4853,39505,14744,115,0,
106,4835,39485,14789,102,0,
110,4783,39491,14822,111,0,
118,4792,39499,14804,104,0,
104,4889,39329,14857,138,0,
99,4913,39591,14605,109,0,
118,4767,39471,14864,97,0,
112,4952,39405,14743,105,0,
107,4819,39435,14855,101,0,
108,4889,39478,14732,110,0,
108,4816,39471,14802,120,0,
117,4852,39323,14905,120,0,
105,4865,39571,14663,113,0,
110,4806,39564,14728,109,0,
108,4869,39575,14649,116,0,
92,4897,39388,14830,110,0,
110,4879,39448,14768,112,0,
117,4778,39391,14918,113,0,
95,4858,39573,14687,104,0,
122,4731,39450,14889,125,0,
95,4917,39409,14775,121,0,
123,4785,39475,14807,127,0,
109,4928,39481,14695,104,0,
98,4876,39524,14707,112,0,
116,4946,39337,14812,106,0,
102,4845,39541,14736,93,0,
81,4827,39509,14784,116,0,
97,4839,39602,14691,88,0,
103,4919,39411,14786,98,0,
115,4906,39372,14810,114,0,
111,4756,39642,14701,107,0,
112,4874,39501,14740,90,0,
100,4831,39515,14758,113,0,
100,4779,39398,14930,110,0,
111,4744,39571,14786,105,0,
90,4747,39507,14858,115,0,
103,4923,39416,14773,102,0,
100,4835,39538,14750,94,0,
104,4796,39490,14817,110,0,
106,4925,39277,14880,129,0,
114,4775,39451,14857,120,0,
117,4798,39417,14866,119,0,
126,4839,39491,14753,108,0,
100,4901,39406,14815,95,0,
124,4852,39505,14732,104,0,
107,4855,39425,14808,122,0,
108,4863,39532,14713,101,0,
113,4905,39406,14797,96,0,
111,4779,39469,14846,112,0,
99,4799,39504,14821,94,0,
102,4838,39510,14776,91,0,
104,4786,39513,14796,118,0,
106,4866,39534,14716,95,0,
106,4864,39454,14793,100,0,
99,4891,39613,14606,108,0,
103,4774,39653,14675,112,0,
92,4933,39413,14777,102,0,
107,4830,39453,14834,93,0,
106,4861,39614,14636,100,0,
96,4809,39503,14816,93,0,
100,4876,39455,14790,96,0,
105,4882,39473,14764,93,0,
120,4952,39363,14778,104,0,
111,4821,39415,14852,118,0,
99,4894,39336,14884,104,0,
87,4837,39570,14719,104,0,
105,4861,39503,14737,111,0,
106,4912,39464,14729,106,0,
129,4797,39501,14773,117,0,
98,4815,39558,14728,118,0,
100,4861,39439,14797,120,0,
103,4763,39490,14863,98,0,
106,4702,39481,14916,112,0,
94,4919,39548,14646,110,0,
113,4817,39530,14729,128,0,
113,4843,39319,14920,122,0,
107,4817,39629,14654,110,0,
107,4914,39440,14745,111,0,
100,4809,39574,14737,97,0,
106,4825,39434,14824,128,0,
111,4759,39562,14792,93,0,
119,4956,39325,14805,112,0,
115,4874,39537,14659,132,0,
125,4887,39365,14819,121,0,
96,4875,39596,14652,98,0,
96,4879,39428,14796,118,0,
99,4932,39438,14742,106,0,
109,4928,39300,14870,110,0,
110,4896,39575,14606,130,0,
88,4834,39472,14793,130,0,
107,4800,39524,14783,103,0,
94,4831,39460,14828,104,0,
111,4879,39530,14696,101,0,
111,4756,39499,14843,108,0,
96,4812,39577,14723,109,0,
106,4798,39522,14768,123,0,
114,4799,39568,14732,104,0,
96,4837,39476,14817,91,0,
112,4826,39635,14633,111,0,
97,4782,39521,14800,117,0,
106,4839,39636,14631,105,0,
106,4844,39650,14610,107,0,
102,4857,39422,14826,110,0,
100,4784,39579,14766,88,0,
108,4904,39606,14584,115,0,
115,4747,39401,14946,108,0,
118,4885,39547,14654,113,0,
109,4811,39579,14700,118,0,
88,4934,39565,14635,95,0,
91,4804,39536,14783,103,0,
103,4902,39562,14660,90,0,
101,4867,39430,14807,112,0,
80,4862,39389,14885,101,0,
122,4818,39556,14712,109,0,
103,4770,39553,14792,99,0,
99,4903,39556,14653,106,0,
108,4762,39620,14718,109,0,
106,4866,39540,14702,103,0,
106,4894,39532,14694,91,0,
107,4861,39524,14723,102,0,
104,4793,39682,14625,113,0,
97,4827,39459,14857,77,0,
126,4836,39402,14838,115,0,
107,4761,39496,14857,96,0,
101,4887,39432,14793,104,0,
103,4899,39510,14702,103,0,
114,4786,39434,14876,107,0,
102,4807,39456,14839,113,0,
102,4774,39594,14742,105,0,
115,4811,39515,14780,96,0,
107,4878,39565,14646,121,0,
104,4811,39449,14829,124,0,
101,4918,39499,14693,106,0,
99,4729,39552,14836,101,0,
113,4838,39536,14710,120,0,
100,4788,39586,14740,103,0,
114,4856,39426,14819,102,0,
94,4771,39516,14846,90,0,
99,4732,39627,14748,111,0,
109,4747,39611,14757,93,0,
93,4863,39503,14757,101,0,
111,4827,39479,14804,96,0,
109,4850,39684,14590,84,0,
107,4899,39446,14773,92,0,
110,4890,39500,14707,110,0,
112,4795,39574,14741,95,0,
112,4786,39536,14767,116,0,
83,4836,39408,14889,101,0,
102,4909,39486,14721,99,0,
126,4821,39546,14707,117,0,
91,4840,39428,14835,123,0,
85,4813,39478,14828,113,0,
128,4824,39508,14752,105,0,
99,4842,39695,14577,104,0,
106,4821,39564,14724,102,0,
106,4832,39409,14862,108,0,
98,4849,39573,14715,82,0,
108,4848,39510,14749,102,0,
100,4865,39483,14762,107,0,
102,4785,39623,14706,101,0,
94,4791,39386,14921,125,0,
121,4787,39609,14697,103,0,
105,4753,39498,14870,91,0,
102,4911,39476,14734,94,0,
118,4845,39365,14874,115,0,
109,4812,39640,14645,111,0,
102,4824,39747,14544,100,0,
108,4766,39675,14670,98,0,
107,4879,39527,14697,107,0,
113,4874,39513,14717,100,0,
106,4825,39606,14675,105,0,
101,4797,39539,14772,108,0,
109,4774,39638,14696,100,0,
124,4833,39395,14868,97,0,
114,4768,39600,14721,114,0,
103,4910,39422,14768,114,0,
111,4814,39599,14667,126,0,
99,4804,39675,14641,98,0,
99,4845,39519,14749,105,0,
97,4873,39526,14713,108,0,
96,4877,39545,14688,111,0,
102,4804,39528,14774,109,0,
109,4798,39433,14891,86,0,
98,4814,39571,14718,116,0,
104,4859,39521,14741,92,0,
109,4801,39544,14764,99,0,
120,4794,39555,14742,106,0,
101,4794,39633,14681,108,0,
100,4841,39599,14687,90,0,
103,4748,39482,14877,107,0,
94,4808,39511,14793,111,0,
101,4768,39381,14953,114,0,
85,4776,39614,14740,102,0,
97,4890,39459,14753,118,0,
110,4882,39486,14733,106,0,
120,4863,39615,14629,90,0,
118,4764,39297,15046,92,0,
123,4882,39427,14808,77,0,
109,4805,39528,14779,96,0,
87,4838,39524,14767,101,0,
98,4952,39429,14731,107,0,
102,4922,39497,14679,117,0,
101,4809,39564,14752,91,0,
107,4855,39559,14717,79,0,
106,4846,39559,14701,105,0,
85,4879,39421,14823,109,0,
103,4863,39611,14622,118,0,
115,4845,39500,14760,97,0,
104,4831,39632,14658,92,0,
103,4911,39601,14605,97,0,
113,4887,39539,14697,81,0,
119,4873,39467,14757,101,0,
89,4787,39717,14601,123,0,
118,4832,39486,14781,100,0,
105,4806,39595,14711,100,0,
113,4846,39428,14828,102,0,
102,4830,39594,14672,119,0,
96,4893,39432,14792,104,0,
107,4773,39636,14713,88,0,
94,4899,39529,14701,94,0,
91,4877,39576,14669,104,0,
101,4811,39640,14673,92,0,
116,4884,39452,14759,106,0,
109,4801,39530,14753,124,0,
114,4805,39416,14891,91,0,
94,4838,39700,14605,80,0,
99,4865,39511,14732,110,0,
92,4759,39537,14821,108,0,
118,4785,39539,14783,92,0,
92,4811,39551,14783,80,0,
100,4852,39550,14717,98,0,
107,4820,39628,14659,103,0,
100,4801,39547,14763,106,0,
88,4891,39502,14727,109,0,
107,4851,39474,14779,106,0,
110,4750,39508,14852,97,0,
105,4848,39584,14679,101,0,
112,4780,39477,14849,99,0,
101,4844,39414,14837,121,0,
105,4762,39546,14800,104,0,
102,4761,39549,14793,112,0,
115,4853,39477,14765,107,0,
120,4875,39474,14748,100,0,
103,4807,39575,14728,104,0,
117,4825,39467,14813,95,0,
113,4845,39362,14885,112,0,
95,4824,39502,14796,100,0,
109,4866,39625,14609,108,0,
117,4816,39508,14765,111,0,
103,4815,39613,14691,95,0,
110,4846,39511,14724,126,0,
95,4818,39474,14826,104,0,
112,4771,39452,14881,101,0,
122,4703,39580,14809,103,0,
111,4793,39403,14910,100,0,
91,4866,39447,14804,109,0,
102,4852,39566,14680,117,0,
110,4815,39447,14825,120,0,
88,4818,39464,14834,113,0,
106,4920,39529,14640,122,0,
118,4812,39486,14772,129,0,
99,4921,39425,14766,106,0,
109,4887,39402,14807,112,0,
117,4904,39461,14711,124,0,
108,4919,39434,14750,106,0,
105,4938,39399,14767,108,0,
94,4818,39525,14785,95,0,
115,4826,39497,14771,108,0,
91,4898,39537,14693,98,0,
105,4929,39457,14724,102,0,
93,4763,39567,14776,118,0,
113,4903,39480,14724,97,0,
106,4784,39565,14767,95,0,
101,4863,39553,14708,92,0,
133,4787,39562,14720,115,0,
97,4946,39381,14786,107,0,
102,4852,39590,14667,106,0,
109,4812,39449,14831,116,0,
88,4840,39533,14755,101,0,
90,4796,39425,14914,92,0,
128,4785,39632,14670,102,0,
107,4852,39391,14860,107,0,
113,4817,39490,14790,107,0,
106,4894,39557,14668,92,0,
92,4841,39693,14584,107,0,
102,4792,39478,14841,104,0,
106,4828,39524,14756,103,0,
136,4855,39368,14847,111,0,
111,4797,39516,14784,109,0,
105,4799,39403,14895,115,0,
95,4901,39624,14586,111,0,
104,4832,39488,14779,114,0,
117,4896,39396,14786,122,0,
117,4803,39568,14744,85,0,
103,4760,39636,14705,113,0,
82,4779,39481,14878,97,0,
109,4800,39472,14822,114,0,
93,4829,39514,14790,91,0,
92,4879,39528,14694,124,0,
113,4842,39421,14826,115,0,
93,4899,39578,14638,109,0,
104,4861,39458,14789,105,0,
109,4895,39468,14730,115,0,
99,4816,39567,14732,103,0,
101,4798,39473,14858,87,0,
110,4829,39426,14829,123,0,
127,4877,39528,14674,111,0,
113,4789,39541,14767,107,0,
102,4852,39607,14653,103,0,
108,4800,39559,14742,108,0,
100,4748,39528,14836,105,0,
100,4885,39549,14682,101,0,
80,4753,39646,14740,98,0,
101,4889,39542,14671,114,0,
109,4879,39501,14726,102,0,
106,4745,39528,14829,109,0,
101,4902,39469,14739,106,0,
111,4819,39592,14682,113,0,
105,4843,39480,14786,103,0,
86,4841,39465,14808,117,0,
101,4766,39518,14839,93,0,
97,4884,39437,14791,108,0,
140,4881,39552,14638,106,0,
102,4743,39356,14999,117,0,
110,4887,39426,14783,111,0,
108,4823,39506,14780,100,0,
96,4861,39403,14858,99,0,
116,4838,39658,14591,114,0,
101,4893,39525,14680,118,0,
92,4824,39519,14782,100,0,
105,4898,39429,14797,88,0,
89,4830,39445,14862,91,0,
119,4882,39409,14809,98,0,
99,4757,39674,14686,101,0,
88,4854,39516,14735,124,0,
106,4796,39600,14717,98,0,
110,4847,39599,14645,116,0,
98,4789,39574,14748,108,0,
110,4868,39482,14758,99,0,
111,4792,39750,14562,102,0,
100,4812,39497,14791,117,0,
121,4814,39434,14834,114,0,
100,4923,39566,14629,99,0,
102,4805,39323,14990,97,0,
100,4842,39432,14819,124,0,
109,4836,39550,14712,110,0,
111,4892,39407,14800,107,0,
110,4915,39478,14692,122,0,
113,4739,39527,14827,111,0,
120,4879,39678,14526,114,0,
112,4756,39578,14761,110,0,
102,4794,39520,14793,108,0,
93,4784,39526,14808,106,0,
104,4820,39573,14717,103,0,
105,4807,39575,14740,90,0,
93,4829,39541,14739,115,0,
114,4851,39445,14816,91,0,
105,4769,39577,14767,99,0,
126,4762,39545,14791,93,0,
98,4801,39639,14694,85,0,
98,4818,39428,14864,109,0,
119,4837,39444,14806,111,0,
97,4880,39518,14720,102,0,
97,4797,39625,14687,111,0,
90,4830,39578,14707,112,0,
97,4949,39549,14615,107,0,
106,4788,39587,14747,89,0,
109,4773,39554,14767,114,0,
101,4817,39568,14719,112,0,
88,4753,39545,14816,115,0,
87,4816,39612,14702,100,0,
109,4788,39567,14759,94,0,
125,4724,39510,14857,101,0,
92,4925,39590,14609,101,0,
129,4801,39547,14736,104,0,
119,4850,39476,14762,110,0,
98,4825,39442,14851,101,0,
103,4828,39675,14601,110,0,
107,4760,39627,14737,86,0,
94,4849,39644,14636,94,0,
107,4873,39426,14796,115,0,
114,4858,39562,14687,96,0,
107,4755,39546,14805,104,0,
89,4714,39580,14832,102,0,
101,4851,39483,14783,99,0,
102,4832,39670,14594,119,0,
119,4837,39641,14633,87,0,
98,4773,39402,14925,119,0,
127,4810,39511,14745,124,0,
110,4857,39444,14797,109,0,
81,4755,39524,14840,117,0,
116,4798,39420,14875,108,0,
88,4814,39600,14717,98,0,
95,4832,39515,14781,94,0,
108,4760,39552,14775,122,0,
117,4746,39663,14702,89,0,
100,4838,39519,14758,102,0,
94,4820,39558,14752,93,0,
112,4829,39668,14623,85,0,
102,4789,39616,14705,105,0,
103,4836,39663,14619,96,0,
85,4855,39752,14518,107,0,
109,4906,39349,14867,86,0,
105,4852,39480,14772,108,0,
92,4814,39534,14758,119,0,
100,4843,39527,14727,120,0,
99,4813,39549,14761,95,0,
101,4799,39624,14698,95,0,
97,4766,39570,14774,110,0,
103,4825,39582,14703,104,0,
126,4802,39610,14666,113,0,
105,4799,39548,14759,106,0,
103,4837,39550,14726,101,0,
108,4855,39479,14773,102,0,
116,4827,39441,14826,107,0,
101,4850,39564,14708,94,0,
97,4870,39478,14782,90,0,
104,4828,39604,14683,98,0,
117,4842,39453,14812,93,0,
96,4924,39526,14670,101,0,
94,4765,39631,14728,99,0,
99,4867,39514,14743,94,0,
94,4835,39445,14854,89,0,
100,4848,39489,14777,103,0,
106,4883,39636,14596,96,0,
95,4866,39409,14848,99,0,
95,4800,39639,14664,119,0,
106,4918,39410,14772,111,0,
97,4822,39514,14764,120,0,
110,4816,39535,14742,114,0,
98,4860,39672,14584,103,0,
101,4799,39551,14764,102,0,
99,4824,39464,14831,99,0,
103,4830,39533,14753,98,0,
98,4756,39445,14919,99,0,
106,4852,39403,14849,107,0,
123,4765,39595,14729,105,0,
104,4848,39449,14810,106,0,
100,4796,39448,14866,107,0,
112,4726,39405,14970,104,0,
104,4906,39469,14751,87,0,
81,4703,39593,14828,112,0,
88,4849,39527,14740,113,0,
106,4839,39469,14804,99,0,
79,4871,39548,14722,97,0,
100,4876,39442,14797,102,0,
105,4812,39665,14641,94,0,
105,4771,39542,14787,112,0,
103,4878,39415,14814,107,0,
88,4858,39526,14749,96,0,
82,4781,39727,14634,93,0,
105,4762,39449,14883,118,0,
123,4722,39655,14707,110,0,
114,4796,39589,14730,88,0,
97,4775,39523,14832,90,0,
113,4855,39497,14755,97,0,
96,4914,39453,14778,76,0,
109,4808,39705,14594,101,0,
108,4832,39595,14694,88,0,
110,4727,39447,14940,93,0,
133,4713,39625,14753,93,0,
87,4842,39574,14740,74,0,
101,4728,39599,14785,104,0,
108,4857,39403,14835,114,0,
112,4739,39652,14720,94,0,
90,4823,39585,14716,103,0,
101,4774,39547,14780,115,0,
97,4801,39501,14827,91,0,
103,4853,39529,14717,115,0,
96,4794,39703,14624,100,0,
102,4772,39499,14844,100,0,
101,4679,39621,14804,112,0,
98,4844,39584,14704,87,0,
98,4818,39550,14730,121,0,
89,4709,39624,14783,112,0,
107,4727,39644,14747,92,0,
100,4767,39692,14644,114,0,
77,4844,39467,14801,128,0,
106,4859,39634,14617,101,0,
106,4809,39561,14746,95,0,
92,4819,39519,14779,108,0,
111,4826,39517,14752,111,0,
86,4848,39521,14747,115,0,
108,4733,39578,14784,114,0,
97,4818,39457,14844,101,0,
116,4900,39634,14559,108,0,
97,4765,39488,14859,108,0,
96,4777,39612,14740,92,0,
90,4668,39674,14785,100,0,
101,4835,39621,14660,100,0,
97,4854,39554,14710,102,0,
113,4808,39529,14763,104,0,
100,4852,39620,14647,98,0,
104,4797,39585,14713,118,0,
105,4803,39631,14665,113,0,
85,4891,39567,14678,96,0,
97,4778,39547,14789,106,0,
105,4833,39410,14855,114,0,
98,4697,39537,14878,107,0,
85,4837,39624,14684,87,0,
107,4755,39596,14763,96,0,
109,4807,39586,14740,75,0,
110,4793,39535,14771,108,0,
108,4838,39547,14718,106,0,
105,4773,39693,14644,102,0,
98,4790,39641,14671,117,0,
109,4825,39525,14762,96,0,
97,4795,39735,14599,91,0,
99,4797,39427,14897,97,0,
87,4767,39541,14819,103,0,
105,4855,39574,14691,92,0,
111,4843,39541,14727,95,0,
97,4769,39457,14890,104,0,
102,4848,39392,14873,102,0,
96,4790,39558,14769,104,0,
113,4743,39608,14757,96,0,
91,4810,39595,14718,103,0,
117,4808,39727,14559,106,0,
102,4790,39675,14631,119,0,
105,4850,39556,14701,105,0,
115,4805,39707,14561,129,0,
108,4787,39435,14883,104,0,
88,4821,39434,14874,100,0,
92,4810,39605,14707,103,0,
104,4797,39599,14708,109,0,
107,4831,39650,14630,99,0,
93,4769,39402,14942,111,0,
86,4844,39536,14745,106,0,
91,4770,39507,14837,112,0,
114,4801,39534,14755,113,0,
104,4801,39513,14801,98,0,
96,4863,39470,14790,98,0,
105,4843,39520,14738,111,0,
94,4748,39723,14641,111,0,
110,4766,39493,14855,93,0,
109,4834,39494,14772,108,0,
121,4800,39560,14721,115,0,
91,4859,39535,14732,100,0,
89,4777,39551,14791,109,0,
118,4750,39634,14718,97,0,
94,4798,39618,14715,92,0,
98,4800,39456,14850,113,0,
122,4801,39397,14876,121,0,
101,4812,39541,14763,100,0,
117,4832,39522,14741,105,0,
96,4806,39603,14715,97,0,
99,4832,39686,14604,96,0,
111,4731,39584,14782,109,0,
95,4816,39564,14762,80,0,
112,4716,39532,14844,113,0,
112,4867,39643,14610,85,0,
91,4798,39645,14666,117,0,
113,4840,39605,14658,101,0,
84,4827,39649,14646,111,0,
86,4934,39372,14819,106,0,
107,4713,39521,14866,110,0,
101,4730,39595,14791,100,0,
104,4856,39533,14719,105,0,
106,4820,39502,14776,113,0,
113,4820,39527,14755,102,0,
105,4838,39557,14709,108,0,
97,4894,39588,14636,102,0,
101,4825,39527,14748,116,0,
104,4809,39574,14716,114,0,
104,4755,39534,14828,96,0,
90,4747,39408,14969,103,0,
114,4794,39517,14791,101,0,
114,4813,39673,14615,102,0,
84,4874,39411,14832,116,0,
94,4890,39432,14789,112,0,
98,4768,39550,14800,101,0,
84,4774,39584,14782,93,0,
115,4828,39508,14774,92,0,
110,4820,39458,14830,99,0,
98,4784,39757,14567,111,0,
88,4833,39532,14773,91,0,
111,4809,39589,14702,106,0,
99,4752,39588,14758,120,0,
106,4824,39581,14708,98,0,
90,4842,39580,14711,94,0,
99,4853,39562,14697,106,0,
89,4816,39382,14917,113,0,
93,4823,39685,14604,112,0,
104,4761,39546,14795,111,0,
99,4674,39540,14906,98,0,
110,4717,39546,14839,105,0,
95,4784,39552,14793,93,0,
129,4707,39539,14829,113,0,
118,4819,39542,14722,116,0,
106,4787,39574,14743,107,0,
110,4704,39557,14833,113,0,
112,4718,39563,14824,100,0,
89,4866,39625,14626,111,0,
94,4772,39581,14768,102,0,
109,4903,39481,14718,106,0,
77,4795,39549,14792,104,0,
102,4801,39509,14790,115,0,
110,4784,39470,14851,102,0,
125,4846,39457,14796,93,0,
91,4770,39472,14882,102,0,
92,4826,39590,14722,87,0,
95,4834,39399,14860,129,0,
101,4780,39560,14758,118,0,
115,4790,39766,14545,101,0,
94,4792,39694,14618,119,0,
97,4817,39413,14876,114,0,
120,4821,39438,14841,97,0,
99,4856,39458,14788,116,0,
125,4818,39608,14676,90,0,
94,4815,39646,14655,107,0,
94,4801,39517,14785,120,0,
87,4756,39525,14849,100,0,
75,4867,39522,14757,96,0,
90,4804,39580,14724,119,0,
96,4753,39580,14768,120,0,
102,4776,39591,14750,98,0,
104,4810,39600,14693,110,0,
110,4775,39702,14609,121,0,
95,4829,39425,14852,116,0,
105,4755,39608,14743,106,0,
93,4739,39612,14780,93,0,
104,4674,39695,14745,99,0,
101,4833,39541,14727,115,0,
108,4824,39556,14728,101,0,
102,4865,39615,14641,94,0,
106,4797,39642,14650,122,0,
120,4790,39375,14917,115,0,
108,4800,39674,14637,98,0,
94,4832,39608,14680,103,0,
82,4877,39529,14723,106,0,
102,4784,39502,14830,99,0,
95,4771,39576,14775,100,0,
105,4866,39450,14788,108,0,
104,4789,39486,14828,110,0,
94,4843,39609,14651,120,0,
102,4795,39466,14847,107,0,
114,4790,39710,14576,127,0,
87,4816,39786,14533,95,0,
119,4820,39486,14774,118,0,
104,4774,39588,14761,90,0,
110,4759,39666,14665,117,0,
105,4803,39597,14701,111,0,
94,4798,39502,14799,124,0,
101,4820,39543,14738,115,0,
111,4776,39692,14636,102,0,
88,4792,39646,14696,95,0,
89,4872,39480,14768,108,0,
100,4791,39532,14791,103,0,
94,4885,39550,14680,108,0,
105,4698,39604,14800,110,0,
109,4757,39432,14906,113,0,
114,4771,39356,14962,114,0,
116,4815,39516,14764,106,0,
114,4851,39410,14853,89,0,
99,4842,39454,14809,113,0,
100,4829,39464,14814,110,0,
106,4821,39627,14652,111,0,
94,4829,39582,14703,109,0,
103,4747,39467,14908,92,0,
100,4789,39568,14761,99,0,
91,4877,39537,14712,100,0,
96,4760,39597,14752,112,0,
102,4764,39614,14732,105,0,
100,4826,39521,14764,106,0,
88,4762,39608,14747,112,0,
114,4775,39744,14579,105,0,
94,4869,39544,14709,101,0,
89,4826,39646,14655,101,0,
113,4771,39478,14862,93,0,
102,4794,39747,14565,109,0,
102,4829,39456,14810,120,0,
99,4885,39441,14776,116,0,
107,4863,39505,14747,95,0,
116,4767,39700,14641,93,0,
104,4818,39546,14749,100,0,
93,4821,39541,14749,113,0,
103,4796,39559,14735,124,0,
93,4773,39640,14723,88,0,
111,4840,39512,14754,100,0,
100,4762,39517,14829,109,0,
104,4752,39698,14658,105,0,
95,4815,39555,14758,94,0,
96,4862,39403,14832,124,0,
96,4725,39654,14737,105,0,
85,4858,39499,14759,116,0,
96,4803,39564,14734,120,0,
87,4778,39769,14575,108,0,
112,4784,39655,14665,101,0,
94,4880,39545,14680,118,0,
103,4796,39489,14830,99,0,
99,4817,39493,14801,107,0,
118,4906,39512,14669,112,0,
109,4796,39655,14660,97,0,
105,4769,39572,14761,110,0,
107,4828,39599,14670,113,0,
92,4760,39728,14634,103,0,
98,4763,39499,14876,81,0,
91,4807,39531,14788,100,0,
98,4850,39412,14848,109,0,
110,4795,39640,14671,101,0,
88,4845,39533,14745,106,0,
95,4817,39548,14745,112,0,
111,4835,39491,14767,113,0,
100,4839,39470,14814,94,0,
111,4808,39570,14726,102,0,
81,4807,39547,14781,101,0,
101,4898,39508,14693,117,0,
94,4822,39600,14698,103,0,
96,4843,39355,14904,119,0,
103,4875,39414,14842,83,0,
102,4813,39622,14677,103,0,
110,4708,39473,14921,105,0,
91,4890,39510,14730,96,0,
106,4839,39481,14780,111,0,
94,4784,39629,14709,101,0,
95,4828,39628,14677,89,0,
99,4808,39667,14643,100,0,
109,4869,39518,14720,101,0,
102,4773,39629,14724,89,0,
113,4841,39542,14726,95,0,
105,4834,39499,14764,115,0,
110,4878,39511,14697,121,0,
98,4795,39643,14670,111,0,
110,4830,39576,14692,109,0,
103,4776,39517,14824,97,0,
96,4829,39618,14662,112,0,
107,4797,39563,14738,112,0,
108,4847,39593,14668,101,0,
120,4825,39414,14844,114,0,
99,4847,39579,14673,119,0,
89,4819,39474,14823,112,0,
109,4834,39579,14699,96,0,
96,4802,39347,14985,87,0,
88,4825,39386,14926,92,0,
97,4830,39551,14725,114,0,
100,4782,39537,14797,101,0,
105,4766,39709,14621,116,0,
85,4703,39699,14739,91,0,
95,4817,39564,14727,114,0,
105,4818,39571,14723,100,0,
85,4779,39644,14700,109,0,
102,4852,39563,14693,107,0,
103,4820,39487,14802,105,0,
114,4717,39578,14817,91,0,
96,4764,39596,14772,89,0,
98,4831,39648,14649,91,0,
109,4786,39675,14655,92,0,
97,4769,39609,14758,84,0,
103,4868,39555,14677,114,0,
102,4787,39361,14959,108,0,
104,4771,39528,14799,115,0,
95,4748,39667,14709,98,0,
103,4790,39535,14776,113,0,
91,4844,39723,14568,91,0,
111,4864,39600,14657,85,0,
108,4807,39589,14714,99,0,
108,4828,39454,14830,97,0,
92,4776,39568,14779,102,0,
96,4693,39568,14870,90,0,
102,4790,39545,14786,94,0,
102,4791,39670,14659,95,0,
100,4810,39627,14679,101,0,
100,4765,39407,14913,132,0,
94,4847,39594,14677,105,0,
104,4841,39569,14690,113,0,
108,4821,39542,14732,114,0,
97,4842,39487,14762,129,0,
99,4757,39539,14806,116,0,
106,4777,39684,14650,100,0,
85,4830,39596,14695,111,0,
115,4803,39658,14645,96,0,
108,4808,39669,14603,129,0,
98,4807,39506,14798,108,0,
84,4739,39544,14861,89,0,
97,4786,39703,14605,126,0,
