74785,287560,64437960321,1617650,2067996,98858,
56761,436144,64436583726,2338717,2593503,98319,
36078,507649,64436036790,2659805,2779624,87224,
24256,514966,64435959774,2808122,2717040,83012,
19831,518380,64435881223,2874921,2733662,79153,
18171,524051,64435822643,2909553,2753478,79274,
16800,526425,64435789286,2935674,2761448,77537,
15959,527464,64435773195,2952586,2759245,78721,
15250,528949,64435754987,2964435,2766633,76916,
14756,531016,64435728467,2974911,2782110,75910,
14388,532656,64435714473,2983401,2787653,74599,
14083,533643,64435702897,2991586,2789379,75582,
13784,534569,64435690031,2997131,2796323,75332,
13640,535057,64435682323,3001558,2799574,75018,
13373,534936,64435674898,3009428,2800708,73827,
13213,534857,64435669389,3014261,2801718,73732,
13074,534631,64435666271,3021969,2798998,72227,
12899,535209,64435662192,3026140,2798451,72279,
12818,536208,64435659830,3029717,2797991,70606,
12638,535877,64435661786,3029295,2796541,71033,
12581,536608,64435656064,3037788,2793863,70266,
12532,535834,64435652703,3039922,2796547,69632,
12379,536836,64435646378,3041143,2801442,68992,
12352,537626,64435639161,3042671,2806016,69344,
12150,536774,64435635970,3044804,2807931,69541,
12093,538006,64435628563,3046511,2811846,70151,
12035,539478,64435623600,3047545,2814776,69736,
11845,538591,64435620787,3050817,2815519,69611,
11976,537827,64435617738,3054822,2815842,68965,
11737,538356,64435617556,3056316,2814423,68782,
11703,538342,64435615387,3060466,2812944,68328,
11566,538372,64435615855,3062240,2811273,67864,
11601,538052,64435616056,3063518,2810364,67579,
11416,538346,64435617115,3063911,2809130,67252,
11534,537549,64435615744,3068430,2807445,66468,
11394,538004,64435614572,3068313,2808201,66686,
11218,538251,64435611616,3070654,2809079,66352,
11250,538728,64435608336,3071409,2811453,65994,
11095,539007,64435605214,3073627,2812313,65914,
11036,539801,64435601273,3073242,2815145,66673,
10960,539628,64435598326,3071490,2820393,66373,
11123,538522,64435597823,3074795,2818254,66653,
11105,539629,64435593054,3076872,2820435,66075,
11074,540152,64435592906,3078280,2818594,66164,
11103,539697,64435592103,3079861,2818798,65608,
10906,540092,64435339408,3082155,2815385,65369,
10946,539715,64435338772,3084214,2814788,64880,
10918,539449,64435338496,3084851,2814934,64667,
10719,540171,64435339120,3084794,2813993,64518,
10717,539153,64435339100,3087174,2813009,64162,
10704,539516,64435336120,3087858,2815183,63934,
10496,539246,64435334505,3089696,2814988,64384,
10679,540596,64435332695,3087592,2817665,64088,
10478,540703,64435330536,3089481,2817707,64410,
10463,541215,64435327644,3087313,2822612,64068,
10462,541039,64435325702,3089407,2822580,64125,
10510,540862,64435325771,3091670,2820597,63905,
10414,540798,64435325471,3092644,2820329,63659,
10500,540566,64435323401,3094405,2821093,63350,
10530,540969,64435322647,3094541,2821394,63234,
10424,540115,64435324603,3094963,2819912,63298,
10448,540868,64435324567,3096519,2817615,63298,
10201,540722,64435323998,3095778,2819667,62949,
10234,540417,64435323396,3100429,2816199,62640,
10140,540723,64435322307,3098154,2819670,62321,
10135,540743,64435321680,3099091,2819148,62518,
10125,540865,64435319151,3101903,2819064,62207,
10278,541339,64435318610,3098056,2822145,62887,
10041,540649,64435315729,3101965,2822396,62535,
10270,540572,64435316711,3101821,2821611,62330,
10158,540829,64435314213,3104643,2821220,62252,
10081,540844,64435315062,3101993,2823198,62137,
10105,540841,64435312916,3104458,2823294,61698,
10064,541753,64435312694,3104591,2822147,62066,
9861,541695,64435313589,3104307,2822119,61744,
9965,541271,64435312239,3106693,2821551,61596,
10090,541933,64435310540,3106425,2823234,61093,
9889,541383,64435313039,3104979,2822912,61113,
9976,541713,64435311503,3108092,2821233,60798,
9852,541931,64435309841,3108101,2822545,61045,
9913,542304,64435307943,3107162,2824861,61132,
9884,541484,64435307223,3110712,2822745,61267,
9684,540973,64435308292,3109356,2823598,61412,
9774,541377,64435307394,3110592,2823120,61058,
9739,542076,64435304730,3110755,2825296,60719,
9772,541109,64435305802,3110509,2825455,60668,
9651,540640,64435304388,3112338,2825788,60510,
9669,541830,64435304326,3111369,2825561,60560,
9673,541119,64435303008,3115775,2823344,60396,
9819,540824,64435304337,3114947,2823166,60222,
9665,541855,64435304827,3113315,2823381,60272,
9632,541639,64435303387,3115581,2822383,60693,
9794,541839,64435303926,3112881,2824359,60516,
9592,541520,64435301258,3117681,2823307,59957,
9535,541658,64435301782,3116641,2823577,60122,
9561,541765,64435301929,3114766,2824892,60402,
9471,543471,64435297975,3117011,2825526,59861,
9654,541988,64435299907,3114827,2826738,60201,
9503,542005,64435300589,3117306,2823969,59943,
9629,541937,64435297498,3118556,2825830,59865,
9464,542315,64435297862,3117254,2826512,59908,
9625,542072,64435297893,3117546,2826308,59871,
9499,542417,64435297121,3121269,2823486,59523,
9392,542204,64435298614,3119691,2823497,59917,
9339,542467,64435296066,3121827,2824184,59432,
9420,542394,64435297223,3120896,2823767,59615,
9286,542145,64435296949,3120165,2825439,59331,
9349,542110,64435295737,3121454,2825661,59004,
9271,541659,64435294184,3123868,2825054,59279,
9515,541671,64435293518,3123089,2826405,59117,
9294,541969,64435293084,3123621,2826227,59120,
9422,542304,64435292983,3123649,2825876,59081,
9231,542993,64435292808,3123624,2825540,59119,
9255,542550,64435290929,3125371,2826262,58948,
9158,542296,64435292264,3124567,2825733,59297,
9301,542879,64435291508,3122999,2827292,59336,
9199,542283,64435292170,3125859,2824792,59012,
9068,542319,64435291754,3125360,2825775,59039,
9235,542671,64435289332,3125556,2827808,58713,
9148,542480,64435291621,3124502,2826598,58966,
9192,542491,64435290844,3126259,2825933,58596,
9139,543242,64435288841,3126945,2826355,58793,
9214,542749,64435290300,3125558,2826737,58757,
9223,542551,64435288134,3127169,2827478,58760,
9251,541810,64435289611,3126592,2827644,58407,
9152,543095,64435286606,3129600,2826195,58667,
9048,543896,64435287398,3128371,2826559,58043,
9163,543150,64435287293,3128231,2826983,58495,
8860,543003,64435286634,3129309,2827137,58372,
9108,543244,64435286108,3128922,2827341,58592,
9178,542957,64435286840,3129247,2826950,58143,
8999,543062,64435287881,3128567,2826397,58409,
9112,543026,64435285818,3129854,2827591,57914,
8865,542455,64435286584,3130616,2826940,57855,
8873,542874,64435284080,3131901,2827442,58145,
9013,543048,64435285287,3130797,2827306,57864,
8765,542960,64435284366,3131606,2827896,57722,
8968,544039,64435281582,3133463,2827282,57981,
8982,543163,64435284589,3132002,2826467,58112,
8834,543546,64435282097,3133110,2828040,57688,
8868,542837,64435284499,3131350,2827966,57795,
8876,543091,64435281724,3135266,2826676,57682,
9047,543358,64435281589,3133081,2828587,57653,
8919,543400,64435282802,3134273,2826415,57506,
8795,544013,64435280842,3133956,2828524,57185,
8808,544250,64435280290,3134549,2828226,57192,
8813,543210,64435281360,3134149,2828518,57265,
9021,543712,64435280476,3134755,2827907,57444,
8940,543243,64435280915,3135881,2826995,57341,
8711,543377,64435280804,3137538,2825424,57461,
8734,543760,64435281105,3134204,2828153,57359,
8999,543473,64435281474,3134284,2827535,57550,
8904,541944,64435280593,3136418,2828333,57123,
8584,543155,64435281300,3135210,2827582,57484,
8733,543392,64435278243,3137146,2828630,57171,
8683,542286,64435279402,3137965,2827897,57082,
8785,543328,64435280188,3135732,2828153,57129,
8774,542956,64435278437,3137278,2828878,56992,
8755,542771,64435279317,3138192,2827503,56777,
8854,543891,64435278303,3136580,2828639,57048,
8708,543713,64435278659,3136836,2828276,57123,
8685,542683,64435276833,3141529,2826573,57012,
8609,543313,64435279533,3138063,2826694,57103,
8700,543627,64435276496,3139425,2828282,56785,
8624,543258,64435277954,3138855,2827609,57015,
8850,543636,64435276819,3140920,2826146,56944,
8822,543532,64435275504,3140175,2828701,56581,
8617,544571,64435274764,3141819,2826700,56844,
8701,543313,64435021286,3141572,2827861,56727,
8478,544237,64435019806,3140226,2830332,56381,
8513,543164,64435022578,3139407,2829554,56244,
8754,543841,64435021263,3139527,2829854,56221,
8481,544237,64435020275,3141999,2827972,56496,
8539,543325,64435019896,3145440,2825898,56362,
8643,543373,64435020840,3142182,2828103,56319,
8638,544641,64435018175,3143586,2827898,56522,
8494,544350,64435019949,3142076,2827983,56608,
8640,544037,64435018748,3143784,2827920,56331,
8533,543213,64435020997,3141512,2828649,56556,
8586,543547,64435019520,3141851,2829535,56421,
8715,544290,64435018432,3141443,2830604,55976,
8574,543672,64435019021,3142024,2829760,56409,
8528,542953,64435019190,3142979,2829920,55890,
8478,544085,64435016384,3146162,2828116,56235,
8628,543359,64435019555,3143613,2828379,55926,
8288,544924,64435016984,3144430,2828781,56053,
8572,544327,64435017018,3145972,2827610,55961,
8506,543413,64435017987,3144438,2828941,56175,
8544,543755,64435017593,3144329,2828867,56372,
8398,544455,64435017746,3143737,2829476,55648,
8418,543916,64435018531,3142833,2829791,55971,
8437,544020,64435017496,3144475,2829047,55985,
8457,544422,64435017186,3145196,2828280,55919,
8485,543739,64435016918,3143849,2830452,56017,
8524,544528,64435017396,3144702,2828458,55852,
8442,543161,64435016555,3146204,2829447,55651,
8384,544154,64435016183,3146523,2828296,55920,
8408,543556,64435015856,3147646,2828070,55924,
8490,543924,64435016264,3145940,2828982,55860,
8491,543861,64435015091,3146973,2829196,55848,
8495,542943,64435015297,3145449,2831649,55627,
8405,544272,64435015725,3145863,2829406,55789,
8319,543785,64435015540,3146852,2829019,55945,
8389,545134,64435011990,3147919,2830539,55489,
8269,544246,64435014237,3146164,2830804,55740,
8326,542923,64435015165,3147925,2829698,55423,
8468,544018,64435012473,3148230,2830766,55505,
8347,544027,64435016056,3147565,2828268,55197,
8433,544385,64435012636,3147170,2831788,55048,
8354,543724,64435012793,3149888,2828843,55858,
8344,544457,64435012825,3148687,2829743,55404,
8391,544596,64435011920,3149556,2829477,55520,
8367,544780,64435011150,3150683,2829188,55287,
8237,544250,64435013631,3148411,2829299,55632,
8190,543994,64435013332,3151277,2827320,55347,
8153,544295,64435012003,3149294,2830578,55137,
8115,544037,64435012411,3148743,2830626,55528,
8326,544483,64435010953,3151936,2828687,55075,
8343,543578,64435012296,3151389,2828845,55009,
8208,543994,64435009718,3152475,2830031,55034,
8186,543569,64435010925,3152923,2829174,54683,
8190,544490,64435011145,3150906,2829611,55118,
8256,544045,64435012180,3150957,2828698,55324,
8023,544403,64435009749,3152263,2830037,54985,
8204,543187,64435011966,3150487,2830570,55046,
8319,544170,64435011484,3151137,2828895,55455,
8316,544468,64435009469,3151446,2830793,54968,
8229,544854,64435008094,3154265,2828988,55030,
8125,544502,64435010490,3149612,2832053,54678,
8271,544267,64435010709,3152228,2829099,54886,
8240,544832,64435011894,3149587,2830147,54758,
8130,544110,64435010241,3151177,2831298,54504,
8271,544494,64435009373,3151828,2830955,54539,
8216,544235,64435009994,3154023,2828284,54708,
8187,543811,64435009831,3151527,2831627,54477,
8154,543423,64435008038,3155043,2830269,54533,
8139,544157,64435007789,3155041,2829463,54871,
8178,544818,64435007479,3152981,2831459,54545,
7971,545330,64435007983,3152950,2830288,54938,
8149,544342,64435008361,3154422,2829450,54736,
8301,544542,64435008009,3152482,2832022,54104,
8215,544540,64435009343,3152321,2830298,54743,
8007,544390,64435010241,3153695,2828126,55001,
8154,543835,64435008404,3153890,2830706,54471,
8199,544723,64435007534,3154655,2829786,54563,
8158,544253,64435008579,3154097,2829571,54802,
8103,544547,64435007021,3153687,2831476,54626,
8193,544599,64435006536,3155356,2830016,54760,
8086,544641,64435007469,3153418,2831107,54739,
7885,544972,64435008460,3152195,2831134,54814,
8053,543996,64435007411,3156621,2828709,54670,
8003,544676,64435004500,3157267,2830392,54622,
7965,544138,64435006359,3157401,2829098,54499,
8065,544823,64435006457,3155529,2829809,54777,
8018,544530,64435006599,3155332,2830558,54423,
7861,546019,64435004516,3156113,2830384,54567,
8014,544324,64435006315,3157322,2829337,54148,
8049,544772,64435003127,3158938,2830124,54450,
8116,544247,64435005098,3155267,2832327,54405,
7949,545081,64435004575,3156860,2830511,54484,
8127,544300,64435006725,3156103,2829865,54340,
8129,544402,64435005083,3156115,2831540,54191,
8027,544889,64435003482,3158837,2830095,54130,
7828,544991,64435005477,3157679,2829038,54447,
7955,544761,64435004073,3158641,2829909,54121,
8001,544426,64435003704,3158435,2830729,54165,
7996,544881,64435002918,3160079,2829247,54339,
8056,543824,64435005694,3156744,2830757,54385,
7932,545080,64435003998,3157525,2830662,54263,
7813,544972,64435002690,3159545,2830321,54119,
7867,544164,64435005056,3157157,2831475,53741,
7791,545394,64435004439,3156994,2830610,54232,
7956,544030,64435005314,3158374,2829637,54149,
7863,544485,64435003453,3159235,2830248,54176,
7893,544860,64435002478,3156987,2833484,53758,
7793,545143,64435002830,3157919,2831955,53820,
7767,544801,64435003010,3159244,2830780,53858,
7882,544688,64435002086,3159377,2831372,54055,
7857,544622,64435003708,3156585,2832450,54238,
7819,545123,64435001744,3158504,2832428,53842,
7861,544544,64435002471,3159285,2831401,53898,
8038,544452,64435001929,3161759,2829477,53805,
7889,544114,64435001834,3160428,2831233,53962,
7872,544903,64435003195,3158556,2831012,53922,
7756,544471,64435002238,3158791,2832569,53635,
7843,544738,64435003145,3159515,2830696,53523,
7751,544768,64435001640,3159919,2831733,53649,
7817,544489,64435001506,3159178,2832660,53810,
7767,545894,64434999206,3160747,2832084,53762,
7750,545188,64435001923,3162006,2828811,53782,
7875,544814,64435000594,3163046,2829404,53727,
7613,544420,64435002643,3160204,2830792,53788,
7838,545129,64435000151,3162451,2830416,53475,
7841,544219,64435000512,3162918,2830452,53518,
7818,544528,64435001974,3160111,2831421,53608,
7755,544898,64435001922,3158541,2832706,53638,
7813,544700,64435000336,3162151,2830804,53656,
7700,544845,64435001072,3161252,2830892,53699,
7586,545135,64435001052,3160072,2832063,53552,
7740,544569,64434999277,3165596,2828629,53649,
7706,545577,64434997861,3164997,2829833,53486,
7825,545260,64434999274,3161149,2832547,53405,
7868,545122,64435000105,3163349,2829374,53642,
7821,544592,64434999350,3163952,2830621,53124,
7730,545567,64435000139,3162605,2829935,53484,
7705,544786,64434999680,3163567,2830103,53619,
7777,546326,64434997224,3163330,2831478,53325,
7753,544913,64434997565,3165040,2830609,53580,
7748,545121,64434999263,3162342,2831677,53309,
7771,544663,64434999323,3164123,2830170,53410,
7858,545323,64434997350,3162485,2832951,53493,
7789,545374,64434997602,3163645,2831804,53246,
7563,545113,64434998778,3164954,2829797,53255,
7585,544650,64434998971,3162899,2832079,53276,
7682,545395,64434996465,3164925,2831816,53177,
7680,545614,64434998033,3165124,2829832,53177,
7579,544995,64434999349,3162355,2831600,53582,
7666,545506,64434998600,3161894,2832329,53465,
7868,545230,64434996793,3166195,2829869,53505,
7792,543667,64434998211,3165670,2830476,53643,
7825,545358,64434995537,3163996,2833587,53157,
7729,544960,64434998109,3162608,2832432,53622,
7642,544621,64434996625,3166017,2831189,53366,
7630,545406,64434996015,3165513,2831535,53361,
7679,546400,64434997597,3162564,2831710,53510,
7603,545552,64434995577,3164244,2833498,52986,
7468,545006,64434998959,3163035,2831500,53492,
7673,545717,64434995562,3164498,2833044,52966,
7534,545715,64434997285,3163955,2831798,53173,
7649,544270,64434996489,3164036,2833871,53145,
7702,545521,64434997586,3164470,2831131,53050,
7464,546374,64434996170,3163857,2832033,53562,
7632,546086,64434993908,3166900,2831978,52956,
7412,545494,64434994697,3168235,2830447,53175,
7489,544636,64434998532,3165980,2829685,53138,
7891,546152,64434994575,3164766,2832781,53295,
7637,545839,64434994429,3165161,2833297,53097,
7701,545296,64434996341,3166467,2830608,53047,
7568,546438,64434994065,3166782,2831692,52915,
7559,545528,64434994110,3169006,2830042,53215,
7704,543761,64434995853,3167758,2831285,53099,
7434,545883,64434993416,3167302,2832641,52784,
7520,544220,64434744423,3165145,2830847,53450,
7707,546613,64434739207,3168547,2830758,52773,
7532,545158,64434741380,3168573,2830127,52835,
7419,545199,64434740846,3167188,2831998,52955,
7643,545477,64434738190,3169140,2832662,52493,
7569,545178,64434741824,3168965,2829315,52754,
7587,545623,64434739648,3168122,2831726,52899,
7660,544813,64434740489,3170045,2829550,53048,
7525,545852,64434738681,3167695,2833281,52571,
7466,545355,64434741626,3165662,2832809,52687,
7606,545485,64434740072,3168389,2831480,52573,
7557,545273,64434740029,3166573,2833539,52634,
7636,545486,64434740340,3168520,2830757,52866,
7436,545475,64434741424,3167745,2830991,52534,
7568,545632,64434740066,3168236,2831622,52481,
7552,545905,64434738017,3168816,2832431,52884,
7539,546312,64434738542,3168186,2832513,52513,
7519,545497,64434739703,3170168,2829981,52737,
7568,545072,64434738670,3169824,2831853,52618,
7547,545375,64434737775,3170051,2832474,52383,
7555,545273,64434739130,3169605,2831316,52726,
7476,545647,64434738466,3168998,2832282,52736,
7430,545029,64434739312,3170082,2831035,52715,
7635,545227,64434738547,3167275,2834642,52279,
7590,545597,64434737932,3169530,2832349,52607,
7625,546006,64434736661,3170483,2832447,52383,
7596,544910,64434739603,3169950,2830818,52728,
7442,547018,64434735107,3170624,2832730,52684,
7333,545773,64434737455,3169263,2833193,52588,
7479,545686,64434738585,3170435,2830851,52569,
7495,546214,64434737034,3169777,2832481,52604,
7628,545119,64434736797,3172252,2831267,52542,
7476,545975,64434737713,3169579,2831962,52900,
7496,545222,64434737200,3171450,2831700,52537,
7548,546160,64434736152,3171564,2831610,52571,
7415,545617,64434736920,3172362,2830949,52342,
7469,544947,64434737122,3171947,2831870,52250,
7411,545058,64434738064,3168918,2833944,52210,
7459,544832,64434737576,3171106,2832830,51802,
7503,546032,64434737198,3171096,2831614,52162,
7431,546230,64434737920,3167724,2833808,52492,
7437,545956,64434736781,3170262,2832925,52244,
7550,546481,64434735573,3170523,2833324,52154,
7363,545671,64434738019,3170476,2831761,52315,
7303,545212,64434738556,3171639,2830532,52363,
7470,545123,64434736284,3171111,2833435,52182,
7568,545536,64434735842,3171531,2833094,52034,
7476,545623,64434736203,3173028,2831148,52127,
7461,546012,64434735968,3170546,2833566,52052,
7500,545317,64434736268,3173343,2831086,52091,
7453,545395,64434735765,3171248,2833279,52465,
7457,545391,64434735118,3172997,2832174,52468,
7580,546601,64434734071,3171079,2833743,52531,
7429,546119,64434734613,3173454,2831926,52064,
7482,545588,64434734837,3172339,2833130,52229,
7330,545347,64434736003,3172202,2832288,52435,
7345,545706,64434735334,3174291,2830636,52293,
7314,545584,64434734937,3173299,2832419,52052,
7327,545808,64434736248,3171002,2833030,52190,
7265,546118,64434733630,3172786,2833418,52388,
7229,546543,64434735290,3172969,2831245,52329,
7334,545542,64434734750,3175126,2830692,52161,
7314,546252,64434735669,3170790,2833493,52087,
7297,545841,64434733814,3175192,2831371,52090,
7326,545525,64434734008,3174410,2832055,52281,
7445,545562,64434733474,3172900,2834279,51944,
7331,544533,64434737257,3173935,2830499,52050,
7307,545896,64434733201,3173542,2833750,51909,
7284,545064,64434733082,3174288,2834001,51886,
7265,546035,64434733651,3175253,2831272,52129,
7260,545697,64434733114,3174221,2833029,52284,
7234,546900,64434731996,3176457,2831195,51823,
7380,546485,64434733920,3174790,2830849,52181,
7370,545679,64434732972,3174680,2832773,52131,
7338,546056,64434734088,3174718,2831269,52136,
7356,546774,64434731607,3174471,2833389,52008,
7268,546620,64434732002,3174808,2833092,51815,
7280,545843,64434731657,3174219,2834758,51848,
7245,545453,64434734267,3174522,2832224,51894,
7322,546131,64434732870,3174751,2833019,51512,
7413,545834,64434732038,3175657,2832936,51727,
7376,544953,64434734593,3174935,2832046,51702,
7394,545662,64434733356,3176078,2831113,52002,
7207,545344,64434733160,3174847,2833538,51509,
7233,546373,64434733699,3173490,2833050,51760,
7357,545663,64434732879,3175144,2832781,51781,
7224,545538,64434733581,3173902,2833681,51679,
7399,545717,64434732558,3174630,2833333,51968,
7384,545769,64434732435,3174634,2833703,51680,
7205,546014,64434732163,3175731,2832950,51542,
7238,545885,64434730847,3176492,2833659,51484,
7332,546521,64434731918,3174604,2833530,51700,
7261,545768,64434732120,3174693,2834118,51645,
7416,545197,64434733226,3175540,2832491,51735,
7164,545408,64434733132,3174975,2833224,51702,
7218,546086,64434732401,3176471,2831829,51600,
7158,546031,64434731140,3175797,2833560,51919,
7309,545793,64434732451,3174891,2833233,51928,
7286,546272,64434731322,3177417,2831792,51516,
7314,545825,64434731453,3176229,2833063,51721,
7153,546030,64434732914,3175445,2832233,51830,
7170,545692,64434732072,3176105,2832927,51639,
7227,546772,64434730157,3178622,2831263,51564,
7130,546083,64434730920,3177083,2832771,51618,
7268,545986,64434729274,3176760,2834862,51455,
7298,546165,64434731029,3177771,2831871,51471,
7242,546301,64434731285,3177273,2831972,51532,
7250,545931,64434730846,3176052,2834329,51197,
7249,545407,64434729573,3179594,2831926,51856,
7148,545993,64434730309,3177432,2833261,51462,
7174,546354,64434729940,3178691,2831630,51816,
7178,545950,64434731910,3175675,2833230,51662,
7194,546363,64434731994,3177377,2831240,51437,
7171,546273,64434729765,3177645,2833043,51708,
7251,544748,64434731113,3177824,2832923,51746,
7132,546031,64434731189,3178654,2830853,51746,
7028,545831,64434730405,3178833,2831754,51754,
7271,546396,64434729658,3178307,2832251,51722,
7276,545998,64434729631,3178567,2832595,51538,
7197,545757,64434730078,3178737,2832453,51383,
7292,545701,64434729617,3179698,2831839,51458,
7056,546334,64434728981,3180386,2831667,51181,
7140,546130,64434729194,3176837,2835070,51234,
7386,546014,64434729188,3179523,2832075,51419,
7180,545598,64434729703,3178734,2832642,51748,
7141,546702,64434729510,3177097,2833501,51654,
7261,547136,64434728184,3178762,2833000,51262,
7107,545267,64434729484,3176883,2835417,51447,
7154,546009,64434729723,3179172,2832072,51475,
7144,547442,64434728514,3175650,2835757,51098,
7183,545905,64434726491,3180370,2834602,51054,
7189,546553,64434728915,3179726,2832051,51171,
7064,546605,64434727793,3178366,2834965,50812,
7130,544814,64434731861,3178470,2831939,51391,
7030,546044,64434729257,3179282,2832661,51331,
7023,545953,64434730083,3179686,2831477,51383,
7133,545421,64434728896,3180711,2832189,51255,
7191,546701,64434727803,3179071,2833956,50883,
7130,546126,64434729689,3177610,2833749,51301,
7062,545207,64434728481,3181255,2832515,51085,
7112,545820,64434729218,3179235,2833120,51100,
7208,547219,64434726735,3178508,2834903,51032,
7114,546355,64434727443,3179162,2834485,51046,
7105,546914,64434728558,3177619,2834771,50638,
7062,545118,64434728938,3181100,2832168,51219,
7178,547369,64434724086,3181521,2834709,50742,
7081,546099,64434728414,3180974,2832022,51015,
7097,545525,64434728002,3181027,2832911,51043,
7004,546312,64434727198,3178952,2835438,50701,
7125,547182,64434727116,3178342,2834893,50947,
7049,545127,64434727675,3181406,2833273,51075,
7229,545329,64434727277,3179141,2836138,50491,
7082,546879,64434727306,3178127,2835134,51077,
7109,545894,64434726042,3180599,2835226,50735,
7128,544898,64434727594,3180712,2834335,50938,
7120,546390,64434725641,3180742,2834740,50972,
7158,545706,64434726622,3181555,2833975,50589,
7077,547188,64434727280,3179190,2833875,50995,
7170,546939,64434726913,3178752,2834878,50953,
7063,546874,64434725651,3182018,2833191,50808,
7021,546414,64434728308,3179617,2833319,50926,
6966,547142,64434726145,3181484,2832761,51106,
7035,545345,64434726319,3181695,2834083,51128,
6970,546026,64434726460,3182745,2832314,51090,
7075,546300,64434726801,3181563,2833201,50665,
6989,546190,64434725749,3180354,2835554,50769,
7047,545515,64434727216,3181691,2833443,50693,
6979,546616,64434725547,3180531,2835357,50575,
7140,545083,64434728233,3180961,2833121,51067,
7108,546029,64434725664,3181730,2834242,50832,
7000,546563,64434724888,3183462,2832766,50926,
6928,546545,64434725470,3182289,2833328,51045,
7079,546158,64434727073,3182007,2831951,51337,
6964,546948,64434724806,3181758,2834039,51090,
7145,546481,64434723734,3183954,2833398,50893,
7051,545223,64434726618,3182229,2833201,51283,
7005,546209,64434725405,3180212,2836085,50689,
6844,545959,64434726068,3182338,2833813,50583,
6987,546235,64434726468,3181766,2833319,50830,
7009,545889,64434727159,3183041,2831718,50789,
7102,545410,64434725344,3185117,2831561,51071,
7174,546487,64434724594,3179873,2836826,50651,
7052,545519,64434725667,3184171,2832150,51046,
7083,547006,64434723965,3182644,2833982,50925,
7012,546014,64434724594,3182578,2834308,51099,
6917,547108,64434725078,3180945,2834146,51411,
7077,546362,64434725196,3182700,2833499,50771,
7089,546130,64434724789,3182777,2833939,50881,
6977,546853,64434723341,3183598,2834299,50537,
7090,546395,64434725943,3180973,2834398,50806,
7046,547074,64434722305,3183928,2834377,50875,
6928,546956,64434723171,3183933,2833935,50682,
7090,545657,64434725448,3182647,2833897,50866,
6943,546528,64434725045,3180586,2835706,50797,
7106,546846,64434722847,3184274,2833893,50639,
7013,545497,64434724757,3183902,2833700,50736,
7067,546625,64434723796,3182731,2834332,51054,
6926,546450,64434722112,3185264,2833971,50882,
7034,545856,64434724154,3184679,2833148,50734,
7067,546005,64434724711,3182556,2834656,50610,
7083,546968,64434724079,3182886,2833720,50869,
7015,546905,64434723130,3182827,2835286,50442,
6941,546684,64434723479,3182835,2834950,50716,
7040,546748,64434723178,3182947,2834826,50866,
6965,547025,64434723617,3182112,2835522,50364,
6924,547325,64434722339,3185186,2833099,50732,
7006,547258,64434723451,3183243,2834096,50551,
6908,546806,64434723224,3183727,2833918,51022,
7040,545198,64434724950,3184079,2833536,50802,
7026,546686,64434724244,3183778,2832922,50949,
6883,545695,64434724125,3185144,2832622,51136,
6989,546571,64434722064,3184043,2835273,50665,
6939,546877,64434723162,3183442,2834556,50629,
7087,545924,64434725995,3182966,2833087,50546,
7063,546546,64434721906,3184936,2834580,50574,
6946,545976,64434723410,3184250,2834321,50702,
7041,547045,64434721544,3184407,2835249,50319,
7011,546928,64434722327,3183871,2835316,50152,
6968,546611,64434722081,3184213,2835172,50560,
6837,546954,64434723293,3184294,2833606,50621,
6992,547309,64434723138,3183427,2834037,50702,
6842,547039,64434722045,3184597,2834739,50343,
6928,546852,64434720743,3184384,2835720,50978,
7018,546336,64434721969,3183806,2835857,50619,
6968,545728,64434722461,3186449,2833242,50757,
6966,545519,64434721007,3185979,2835541,50593,
6982,546093,64434723149,3183616,2835146,50619,
6885,545609,64434722420,3186366,2833365,50960,
6904,546496,64434722982,3183090,2835765,50368,
6938,546240,64434723152,3185912,2832841,50522,
6963,546657,64434720486,3184364,2836803,50332,
6968,546583,64434721739,3186040,2834126,50149,
6777,547844,64434719844,3184982,2835927,50231,
6999,545322,64434720974,3188237,2833718,50355,
7075,546068,64434720552,3187959,2833619,50332,
6884,545553,64434722140,3186863,2833529,50636,
7045,545944,64434720132,3187297,2834668,50519,
6913,547581,64434721102,3185107,2834527,50375,
6911,546775,64434720758,3188366,2832499,50296,
6890,546862,64434720907,3186350,2834271,50325,
6931,546947,64434722264,3184468,2834661,50334,
6804,547116,64434720774,3186610,2833940,50361,
6776,546885,64434722282,3186478,2832644,50540,
6876,546667,64434720559,3186130,2834861,50512,
6881,546778,64434720370,3186402,2834836,50338,
7079,546244,64434721592,3184936,2835559,50195,
6987,546918,64434719849,3186160,2835545,50146,
6815,545601,64434722287,3186256,2833932,50714,
6851,547130,64434720274,3186262,2834588,50500,
7015,546254,64434719397,3186661,2835881,50397,
6902,546275,64434720386,3188070,2833695,50277,
6939,546741,64434720878,3185902,2834907,50238,
6859,546664,64434721027,3185925,2834789,50341,
6835,546396,64434721617,3185889,2834577,50291,
6891,546383,64434720797,3187804,2833283,50447,
6874,546379,64434720498,3186673,2834687,50494,
6975,546369,64434721317,3184404,2836163,50377,
6850,547331,64434718743,3187090,2835470,50121,
6821,546745,64434720528,3184985,2836155,50371,
6830,547588,64434719231,3186387,2835413,50156,
6829,546744,64434718925,3187394,2835549,50164,
6849,547030,64434719023,3188344,2834038,50321,
6852,546781,64434718017,3189933,2833807,50215,
6859,546895,64434719113,3188142,2833857,50739,
6818,546353,64434718500,3187757,2835730,50447,
6819,546386,64434719405,3188186,2834556,50253,
6955,546864,64434719137,3187476,2834808,50365,
6797,546659,64434718009,3190023,2834222,49895,
6923,546876,64434720390,3186327,2834920,50169,
6983,546485,64434717005,3189816,2835038,50278,
6851,547632,64434716880,3189480,2834643,50119,
6737,546394,64434718528,3189829,2833936,50181,
6812,547037,64434717670,3188471,2835633,49982,
6742,546591,64434717574,3189830,2834779,50089,
6857,547662,64434716784,3187598,2836567,50137,
6855,546848,64434718772,3189463,2833369,50298,
6823,546762,64434719031,3185650,2836866,50473,
6870,546469,64434719978,3188733,2833531,50024,
6935,546311,64434716476,3189260,2836300,50323,
6859,546317,64434719005,3190075,2833173,50176,
6882,547252,64434717141,3188632,2835704,49994,
6763,547417,64434719325,3187356,2834662,50082,
6919,546744,64434719813,3187963,2834244,49922,
6688,547266,64434717771,3189492,2834403,49985,
6901,547041,64434717186,3190181,2834292,50004,
6761,547001,64434717313,3188858,2835539,50133,
6906,547150,64434717638,3188035,2835922,49954,
6750,546462,64434718430,3189122,2834914,49927,
6633,546927,64434718882,3188086,2835088,49989,
6751,546970,64434717977,3187168,2836802,49937,
6805,545282,64434718168,3191058,2833846,50446,
6789,545608,64434717307,3191199,2834522,50180,
6777,546471,64434716859,3189689,2836019,49790,
6723,546702,64434717815,3188781,2835705,49879,
6890,546166,64434718304,3186053,2838205,49987,
6740,547213,64434718201,3186470,2837038,49943,
6724,546890,64434718119,3189097,2834664,50111,
6784,546626,64434717115,3190028,2835169,49883,
6836,547667,64434713977,3191246,2835614,50265,
6744,547199,64434717597,3190413,2834071,49581,
6767,547376,64434717778,3189199,2834504,49981,
6742,547589,64434715792,3190275,2834777,50430,
6616,547515,64434715889,3189150,2836539,49896,
6798,546675,64434717041,3191125,2834357,49609,
6855,546969,64434715813,3189937,2836200,49831,
6765,546571,64434716735,3190498,2835274,49762,
6798,547729,64434715872,3190219,2835183,49804,
6684,546900,64434716498,3189841,2836013,49669,
6714,547263,64434716293,3189839,2835821,49675,
6668,546762,64434717237,3188304,2836768,49866,
6647,546164,64434719223,3191118,2832613,49840,
6755,547348,64434716409,3189943,2835261,49889,
6884,546942,64434717087,3188698,2835872,50122,
6783,547508,64434713216,3193366,2834817,49915,
6688,546988,64434717404,3191771,2833217,49537,
6828,547111,64434716594,3189274,2835741,50057,
6858,546152,64434718323,3189999,2834585,49688,
6783,547049,64434715076,3192671,2834449,49577,
6785,545808,64434716218,3192552,2834785,49457,
6820,547479,64434715071,3190289,2836188,49758,
6770,546501,64434716542,3190949,2835170,49673,
6660,547144,64434716492,3191114,2834292,49903,
6796,547891,64434715945,3190404,2834478,50091,
6799,547032,64434715350,3190818,2835694,49912,
6805,547396,64434715212,3190347,2835671,50174,
6572,547830,64434715695,3190609,2835105,49794,
6783,547070,64434715397,3191475,2835224,49656,
6794,546516,64434715252,3192100,2835323,49620,
6805,547586,64434715000,3190360,2836412,49442,
6718,546190,64434716193,3191268,2835390,49846,
6804,547153,64434714803,3191734,2835773,49338,
6658,546674,64434715639,3190364,2836903,49367,
6697,548010,64434715755,3191738,2833977,49428,
6688,547384,64434714532,3191014,2836638,49349,
6803,547421,64434716205,3189768,2835693,49715,
6765,547707,64434713677,3191810,2836077,49569,
6605,546466,64434716318,3192645,2833958,49613,
6755,547227,64434713760,3191953,2836313,49597,
6798,545995,64434715359,3192460,2835511,49482,
6746,547120,64434714163,3191121,2836774,49681,
6818,546345,64434715248,3191756,2835561,49877,
6808,547143,64434715190,3189433,2837576,49455,
6737,546773,64434715538,3191219,2835811,49527,
6734,547635,64434714588,3191424,2835201,50023,
6721,546474,64434715732,3190639,2836504,49535,
6895,546465,64434714112,3192190,2836195,49748,
6549,547214,64434715339,3190879,2836149,49475,
6715,547473,64434713033,3191148,2837517,49719,
6769,547290,64434714718,3193033,2834161,49634,
6769,546785,64434714083,3192647,2835626,49695,
6675,547075,64434716453,3190970,2834785,49647,
6797,546815,64434715311,3190999,2836243,49440,
6850,546552,64434715715,3191636,2835021,49831,
6696,546523,64434715018,3190359,2837393,49616,
6714,547409,64434714421,3191606,2835653,49802,
6739,546715,64434715467,3192107,2835095,49482,
6743,547302,64434712910,3191424,2837191,50035,
6636,546878,64434713759,3194499,2834238,49595,
6635,547710,64434712971,3192931,2835534,49824,
6717,547083,64434714222,3193176,2834678,49729,
6596,547170,64434715032,3192103,2835145,49559,
6752,547173,64434714794,3192345,2834566,49975,
6788,546413,64434714679,3192326,2835888,49511,
6779,547060,64434714301,3192236,2835856,49373,
6553,547418,64434714437,3191927,2835687,49583,
6592,546785,64434714007,3192515,2835586,50120,
6700,546510,64434715475,3192617,2834555,49748,
6788,547219,64434713637,3194054,2834227,49680,
6507,546402,64434712900,3194847,2835404,49545,
6813,547011,64434714309,3194185,2833639,49648,
6732,546846,64434714271,3192775,2835477,49504,
6732,546006,64434716177,3192874,2834724,49092,
6692,546116,64434714916,3192726,2835497,49658,
6622,547883,64434712991,3191947,2836773,49389,
6869,546158,64434713361,3193121,2837102,48994,
6509,547071,64434714683,3192873,2834962,49507,
6680,546776,64434713678,3193211,2835449,49811,
6529,547091,64434713105,3192759,2836297,49824,
6667,547981,64434711281,3194848,2835472,49356,
6813,547489,64434711705,3193001,2836925,49672,
6663,546604,64434713102,3193481,2836382,49373,
6764,546819,64434712679,3195517,2834635,49191,
6565,546467,64434713175,3194590,2835780,49028,
6755,546435,64434712831,3194197,2835819,49568,
6508,547919,64434711925,3192867,2837160,49226,
6737,546719,64434712396,3194763,2835634,49356,
6712,547144,64434712606,3193317,2836385,49441,
6639,546808,64434712645,3193816,2836320,49377,
6661,546789,64434459486,3193392,2836242,49180,
6618,547556,64434458602,3193704,2835677,49593,
6584,546513,64434456930,3196191,2836140,49392,
6515,548455,64434457507,3194204,2835525,49544,
6620,547115,64434458886,3194295,2835419,49415,
6629,547599,64434203363,3195342,2835786,49176,
6637,546477,64434206005,3192614,2836563,49599,
6677,547100,64434204349,3193695,2837208,48866,
6614,547525,64434204279,3194582,2835300,49595,
6663,547911,64434203728,3193438,2836861,49294,
6598,547397,64434204571,3193989,2836059,49281,
6591,547740,64434204852,3192790,2836546,49376,
6615,547035,64434203004,3195452,2836667,49122,
6621,547229,64434204696,3194314,2835683,49352,
6539,547130,64434203774,3195963,2835582,48907,
6593,546962,64434204744,3195164,2834895,49537,
6619,546830,64434204000,3195655,2835664,49127,
6581,548321,64434202309,3195262,2836243,49179,
6440,547978,64434203347,3197014,2833906,49210,
6557,546829,64434203085,3195591,2836589,49244,
6573,546850,64434205580,3194046,2835873,48973,
6686,547536,64434202044,3196476,2835941,49212,
6549,547562,64434204673,3195389,2834555,49167,
6647,546982,64434203432,3194057,2837646,49131,
6555,547378,64434202436,3197038,2835575,48913,
6706,547785,64434201969,3196310,2835904,49221,
6727,547137,64434203402,3196757,2834406,49466,
6728,546390,64434203600,3196446,2835665,49066,
6562,546558,64434204574,3194306,2836801,49094,
6651,546718,64434203348,3194862,2836962,49354,
6556,547083,64434204750,3193865,2836466,49175,
6709,547586,64434203160,3196093,2835177,49170,
6526,546769,64434204455,3196675,2834172,49298,
6463,547839,64434201778,3196656,2835908,49251,
6675,547058,64434203446,3196642,2834959,49115,
6651,547303,64434203712,3194309,2836430,49490,
6627,546919,64434202282,3195506,2837277,49284,
6631,548050,64434202538,3193994,2837603,49079,
6590,547714,64434203651,3194841,2835660,49439,
6462,546332,64434203562,3195996,2836416,49127,
6631,547196,64434201601,3196036,2837595,48836,
6657,546811,64434203356,3196917,2835331,48823,
6644,546105,64434204288,3196071,2835731,49056,
6517,546520,64434205896,3193178,2836511,49273,
6572,546422,64434204884,3194180,2836374,49463,
6508,547313,64434203921,3194211,2837030,48912,
6562,547303,64434204581,3195137,2835071,49241,
6482,546125,64434203796,3195792,2836863,48837,
6524,546892,64433949408,3194542,2837571,49103,
6538,548062,64433948810,3194857,2836625,49148,
6658,547103,64433948382,3195516,2837394,48987,
6608,546391,64433949740,3195430,2836799,49072,
6575,547057,64433948562,3196456,2836322,49068,
6759,547033,64433947630,3197309,2836423,48886,
6460,546985,64433949958,3195803,2835773,49061,
6701,547992,64433947586,3194996,2837934,48831,
6587,547138,64433947707,3198887,2834694,49027,
6603,546807,64433948402,3197299,2836207,48722,
6512,547257,64433948065,3196288,2836770,49148,
6479,546582,64433949328,3196960,2835773,48918,
6507,547717,64433947467,3198368,2834956,49025,
6480,547365,64433949879,3195030,2836372,48914,
6443,547840,64433948409,3196116,2835819,49413,
6792,547085,64433948873,3195601,2836793,48896,
6594,547455,64433948257,3196000,2836596,49138,
6489,547671,64433946606,3197434,2836865,48975,
6683,547252,64433948323,3194777,2837599,49406,
6558,546163,64433949191,3195993,2836938,49197,
6521,547088,64433947427,3197832,2835978,49194,
6544,546326,64433948496,3198660,2835106,48908,
6500,547628,64433948184,3197136,2835817,48775,
6597,547324,64433948550,3196825,2835386,49358,
6503,547820,64433946995,3197833,2836183,48705,
6708,546904,64433948637,3196154,2836593,49044,
6441,547397,64433948576,3196422,2836300,48904,
6699,547698,64433946775,3197495,2836423,48950,
6568,548112,64433946515,3197834,2836064,48947,
6610,546587,64433949738,3196001,2836339,48765,
6617,547358,64433946826,3195825,2838458,48956,
6510,547856,64433946546,3197331,2837052,48745,
6555,546988,64433947694,3199114,2834521,49168,
6679,547241,64433947481,3195984,2837907,48748,
6553,546989,64433948435,3196445,2836872,48746,
6620,547122,64433947120,3196578,2837728,48872,
6505,547425,64433947678,3197863,2835751,48818,
6555,548357,64433946152,3196873,2837462,48641,
6435,547594,64433945882,3198353,2837454,48322,
6490,546898,64433947910,3197977,2835611,49154,
6458,547248,64433947824,3198913,2835046,48551,
6432,548231,64433946206,3198345,2836038,48788,
6548,547752,64433947878,3196063,2836874,48925,
6510,546446,64433947025,3199283,2836038,48738,
6488,548258,64433945006,3197268,2838499,48521,
6629,546934,64433946456,3197395,2838046,48580,
6519,546761,64433946361,3198820,2836916,48663,
6487,548171,64433945642,3196934,2837890,48916,
6540,547086,64433946694,3196899,2837876,48945,
6388,547097,64433947100,3196341,2838489,48625,
6500,547579,64433947930,3196489,2836626,48916,
6488,547715,64433945478,3197865,2837630,48864,
6370,547771,64433946236,3198609,2836171,48883,
6420,547709,64433947812,3196936,2836437,48726,
6451,547901,64433945111,3198492,2837525,48560,
6563,547312,64433944976,3198696,2837775,48718,
6477,548143,64433948330,3195636,2836955,48499,
6409,548020,64433945665,3199362,2835931,48653,
6421,547081,64433947881,3197401,2836684,48572,
6398,547569,64433946585,3197216,2837715,48557,
6540,547498,64433947016,3198591,2835687,48708,
6457,547255,64433947769,3197784,2836052,48723,
6532,547542,64433945153,3199619,2836765,48429,
6487,548114,64433945117,3200547,2834810,48965,
6397,547266,64433946093,3197655,2837970,48659,
6588,548284,64433945595,3198285,2836787,48501,
6372,547626,64433946244,3198145,2837071,48582,
6445,547933,64433945711,3198467,2836847,48637,
6440,546931,64433947915,3197985,2836290,48479,
6507,547245,64433946440,3198931,2836490,48427,
6370,547946,64433945495,3198668,2837273,48288,
6520,547101,64433947731,3196954,2836769,48965,
6487,547136,64433946843,3196924,2838289,48361,
6518,547517,64433945641,3197901,2837735,48728,
6494,547639,64433946519,3199946,2835009,48433,
6420,548041,64433944090,3199476,2837488,48525,
6499,547198,64433947480,3199268,2835057,48538,
6487,548575,64433945046,3197467,2837605,48860,
6394,547559,64433944780,3198673,2838380,48254,
6435,546628,64433946164,3199136,2837028,48649,
6502,546550,64433947135,3198225,2836982,48646,
6522,547453,64433946399,3197698,2837378,48590,
6472,546137,64433948391,3199101,2835300,48639,
6508,547345,64433945098,3198450,2837836,48803,
6400,547763,64433944877,3199378,2837177,48445,
6467,547908,64433945664,3196973,2838388,48640,
6467,547048,64433946018,3198884,2836949,48674,
6489,547376,64433945552,3198413,2837276,48934,
6483,547553,64433943757,3200062,2837617,48568,
6453,547521,64433944241,3201110,2836053,48662,
6338,547458,64433946151,3200196,2835188,48709,
6443,546926,64433945493,3200254,2836467,48457,
6485,548103,64433943880,3198385,2838837,48350,
6408,547595,64433946000,3198168,2837696,48173,
6410,546779,64433946327,3198492,2837388,48644,
6386,547939,64433944873,3200482,2835819,48541,
6481,547667,64433945019,3199900,2836614,48359,
6541,547088,64433943141,3201713,2836952,48605,
6477,547671,64433944429,3200924,2836192,48347,
6279,547551,64433944882,3199677,2836888,48763,
6476,547326,64433946033,3199485,2836122,48598,
6562,547787,64433942020,3202655,2836909,48107,
6498,547019,64433944404,3201154,2836523,48442,
6538,546355,64433945884,3200335,2836670,48258,
6332,547892,64433943337,3198856,2839098,48525,
6525,547428,64433945777,3201487,2834455,48368,
6407,547768,64433944686,3200331,2836302,48546,
6433,547239,64433945378,3200292,2835779,48919,
6378,547614,64433944535,3200554,2836761,48198,
6456,547095,64433943352,3201418,2837384,48335,
6521,547123,64433945030,3201500,2835482,48384,
6482,547710,64433943983,3201725,2835622,48518,
6553,546804,64433944827,3200974,2836437,48445,
6511,547409,64433943442,3200874,2837391,48413,
6456,546929,64433946835,3199220,2836052,48548,
6378,547392,64433943450,3200104,2838267,48449,
6403,547083,64433944781,3201021,2836286,48466,
6469,547536,64433944037,3200041,2837536,48421,
6521,548068,64433942131,3202236,2836369,48715,
6427,546981,64433944809,3200378,2836755,48690,
6402,547620,64433942337,3201385,2837831,48465,
6381,547818,64433943730,3202329,2835272,48510,
6387,546711,64433944265,3201716,2836637,48324,
6460,546943,64433944303,3200739,2837104,48491,
6431,547297,64433943446,3202011,2836281,48574,
6376,548088,64433943577,3198661,2838885,48453,
6510,547169,64433943541,3202304,2836156,48360,
6502,547048,64433943899,3200895,2837410,48286,
6262,547293,64433944859,3199658,2837528,48440,
6526,546933,64433943825,3202162,2836248,48346,
6412,546878,64433944693,3201133,2836675,48249,
6356,546757,64433943765,3203622,2835082,48458,
6309,548051,64433942792,3203485,2835007,48396,
6423,547007,64433943896,3203749,2834368,48597,
6432,546564,64433944335,3199928,2838264,48517,
6450,547390,64433941820,3203227,2836796,48357,
6213,547647,64433943429,3200677,2837889,48185,
6338,547047,64433944837,3201783,2836085,47950,
6403,547050,64433944434,3199713,2838181,48259,
6401,547285,64433942973,3202869,2835886,48626,
6371,547928,64433944197,3201359,2835549,48636,
6361,547317,64433944314,3201266,2836241,48541,
6395,548237,64433941136,3202988,2836824,48460,
6392,547582,64433943231,3201852,2836026,48957,
6407,547331,64433943470,3200403,2838198,48231,
6458,547632,64433942909,3200842,2838046,48153,
6332,547180,64433943244,3201798,2837566,47920,
6347,546808,64433944219,3200207,2838018,48441,
6293,547631,64433942626,3202328,2836839,48323,
6357,547580,64433943107,3202145,2836373,48478,
6396,547682,64433943534,3199945,2838152,48331,
6505,547966,64433942735,3200543,2837849,48442,
6456,547256,64433942712,3201444,2837695,48477,
6349,548076,64433942143,3200661,2838683,48128,
6430,547136,64433944108,3200551,2837522,48293,
6451,547258,64433941545,3203011,2837357,48418,
6361,547305,64433943099,3202963,2836058,48254,
6287,546947,64433943349,3201242,2837700,48515,
6421,547671,64433940181,3204144,2837390,48233,
6385,547204,64433943275,3201676,2837360,48140,
6504,546909,64433942385,3202970,2836931,48341,
6398,547994,64433942901,3200425,2837761,48561,
6455,546855,64433944539,3201722,2835820,48649,
6497,548130,64433941950,3201061,2838141,48261,
6396,548313,64433941601,3201145,2838283,48302,
6442,547544,64433941250,3203422,2837192,48190,
6435,547997,64433943160,3199842,2838796,47810,
6469,547920,64433939432,3204867,2837287,48065,
6307,547378,64433942578,3201017,2838573,48187,
6341,547212,64433942018,3203451,2836939,48079,
6326,548612,64433939319,3202533,2838943,48307,
6470,548081,64433941826,3203350,2835616,48697,
6301,547998,64433941649,3201156,2838720,48216,
6324,547869,64433943257,3199702,2838791,48097,
6443,547810,64433942120,3201674,2838129,47864,
6478,546791,64433940279,3204240,2837969,48283,
6458,547139,64433942179,3201726,2838584,47954,
6418,548560,64433939675,3202865,2838224,48298,
6353,547997,64433939461,3202506,2839810,47913,
6363,547764,64433941770,3203605,2836375,48163,
6382,547580,64433941106,3204054,2836793,48125,
6240,547828,64433941169,3202709,2838114,47980,
6284,548202,64433939379,3203992,2838086,48097,
6434,547640,64433943245,3202149,2836442,48130,
6360,547161,64433940809,3202948,2838783,47979,
6524,547206,64433941625,3203755,2836393,48537,
6381,547854,64433940282,3204988,2836551,47984,
6486,547650,64433940566,3201751,2839457,48130,
6282,546780,64433942047,3202288,2838532,48111,
6357,547370,64433942788,3202110,2837422,47993,
6227,548463,64433940664,3202626,2837883,48177,
6491,548625,64433941726,3202584,2836307,48307,
6285,546497,64433943591,3203125,2836098,48444,
6296,548528,64433939170,3202051,2840119,47876,
6555,547193,64433940510,3204420,2837401,47961,
6441,546756,64433941444,3204336,2837107,47956,
6301,546945,64433940260,3204251,2838086,48197,
6464,547246,64433941537,3202444,2838059,48290,
6438,547239,64433940872,3203118,2838228,48145,
6313,546995,64433942127,3201023,2839272,48310,
6277,547405,64433941280,3202403,2838212,48463,
6295,547162,64433940658,3202808,2839228,47889,
6373,547235,64433941752,3202808,2837789,48083,
6267,548502,64433938877,3203344,2839207,47843,
6340,547805,64433941082,3203225,2837583,48005,
6401,547073,64433940921,3203565,2837971,48109,
6275,547482,64433941440,3203634,2837038,48171,
6426,547173,64433942905,3203487,2836050,47999,
6354,547097,64433941651,3203050,2837697,48191,
6291,547407,64433941192,3205035,2835977,48138,
6344,547978,64433937924,3207053,2837173,47568,
6314,547742,64433940400,3204319,2837008,48257,
6330,546923,64433940209,3204951,2837453,48174,
6273,547337,64433940044,3204394,2838021,47971,
6365,547644,64433941943,3202187,2838012,47889,
6414,547439,64433940752,3202021,2839309,48105,
6400,547579,64433939662,3205020,2837638,47741,
6223,548779,64433939123,3203873,2838001,48041,
6269,546963,64433942509,3202572,2837673,48054,
6280,548149,64433940347,3202530,2839025,47709,
6112,547704,64433941225,3203608,2837530,47861,
6263,547434,64433940421,3204054,2838084,47784,
