1,75427,1265057,71670961219,4998715,4726094,3713,
2,38541,2106107,71663671317,8492501,7718817,2942,
3,13777,2507717,71660030085,10627197,8849779,1670,
4,6683,2596729,71659012922,11530096,8882294,1501,
5,3935,2619282,71658361582,12064738,8979632,1056,
6,2647,2652493,71657781813,12367161,9224920,1191,
7,2064,2665446,71657495163,12588591,9277899,1062,
8,1592,2673144,71657309854,12729862,9314665,1108,
9,1332,2681124,71657181672,12830266,9334905,926,
10,1139,2684490,71657103914,12900240,9339476,966,
11,1029,2687648,71657034355,12964043,9342204,946,
12,944,2691560,71656970051,13007815,9358848,1007,
13,827,2694402,71656922967,13054506,9356634,889,
14,799,2694649,71656870319,13095876,9367653,929,
15,752,2699781,71656811438,13130645,9386715,894,
16,720,2700966,71656772687,13164458,9390547,847,
17,699,2704641,71656728671,13195324,9400063,827,
18,656,2705435,71656690527,13223220,9409531,856,
19,622,2706226,71656664305,13242540,9415654,878,
20,640,2706265,71656637329,13266707,9418424,860,
21,604,2706707,71656606778,13290972,9424317,847,
22,579,2708898,71656579113,13310530,9430324,781,
23,562,2710418,71656553802,13330374,9434282,787,
24,577,2711842,71656529265,13346405,9441377,759,
25,547,2711488,71656510977,13362451,9443990,772,
26,542,2714913,71656480982,13381789,9451238,761,
27,512,2710758,71656472110,13396590,9449547,708,
28,496,2713395,71656448127,13411303,9456150,754,
29,536,2713180,71656430724,13426860,9458200,725,
30,500,2714745,71656410866,13436326,9467097,691,
31,480,2714930,71656397811,13450985,9465311,708,
32,477,2716779,71656378543,13466477,9467219,730,
33,479,2716840,71656359339,13483297,9469604,666,
34,490,2717593,71656347271,13490920,9473283,668,
35,483,2716901,71656335842,13502894,9473450,655,
36,452,2717798,71656320820,13508494,9481945,716,
37,443,2719438,71656305260,13518631,9485764,689,
38,462,2717993,71656296729,13532392,9481981,668,
39,422,2720477,71656277764,13541269,9489618,675,
40,449,2717481,71656273222,13553911,9484472,690,
41,446,2718588,71656261025,13561458,9488040,668,
42,444,2721452,71656244830,13569301,9493541,657,
43,411,2720719,71656240859,13573661,9493959,616,
44,398,2721197,71656227617,13582092,9498293,628,
45,440,2721619,71656217117,13593155,9497326,568,
46,408,2723701,71656209056,13597396,9499035,629,
47,426,2720547,71656200781,13605941,9501935,595,
48,441,2721634,71656188326,13614798,9504406,620,
49,398,2722411,71656179503,13620329,9506980,604,
50,426,2724718,71656172910,13624643,9506924,604,
51,407,2724213,71656161903,13636680,9506424,598,
52,376,2721677,71656162547,13636825,9508227,573,
53,400,2721614,71656150562,13646554,9510475,620,
54,378,2724849,71656144132,13650020,9510295,551,
55,390,2724722,71656135596,13654064,9514930,523,
56,400,2723715,71656129388,13659905,9516262,555,
57,375,2724469,71656122445,13665349,9517062,525,
58,393,2724470,71656112931,13673179,9518689,563,
59,373,2726090,71656108225,13674616,9520363,558,
60,388,2723619,71656098530,13687025,9520111,552,
61,367,2724317,71656098140,13686160,9520695,546,
62,362,2725985,71656084578,13698127,9520641,529,
63,371,2726832,71656081956,13693493,9527100,473,
64,378,2725101,71656077597,13702970,9523607,572,
65,384,2725975,71656071808,13708724,9522757,577,
66,353,2726732,71656064396,13709197,9529031,516,
67,359,2726017,71656060453,13713588,9529273,535,
68,343,2725045,71656054876,13723563,9525876,522,
69,356,2726926,71656047005,13726039,9529338,561,
70,313,2726414,71656044474,13726807,9531712,505,
71,336,2724959,71656035645,13738100,9530663,522,
72,330,2726449,71656037060,13735539,9530395,452,
73,319,2728023,71656030124,13740968,9530342,449,
74,352,2727479,71656019529,13744158,9538198,509,
75,334,2724778,71656023917,13749159,9531556,481,
76,340,2726555,71656012820,13753536,9536456,518,
77,333,2728279,71656008532,13754125,9538454,502,
78,352,2728054,71656006602,13757979,9536752,486,
79,334,2727789,71655997320,13764673,9539629,480,
80,332,2729306,71655992126,13768232,9539741,488,
81,326,2727754,71655992391,13773443,9535816,495,
82,327,2727965,71655988721,13771871,9540905,436,
83,347,2730846,71655980752,13769366,9548413,501,
84,334,2727802,71655979095,13781615,9540907,472,
85,316,2728994,71655977346,13779758,9543356,455,
86,306,2730666,71655973128,13784477,9541158,490,
87,298,2730515,71655967779,13785774,9545413,446,
88,359,2730171,71655960909,13793481,9544851,454,
89,327,2731612,71655963097,13789866,9544841,482,
90,324,2731950,71655950381,13797471,9549663,436,
91,280,2728171,71655954218,13798910,9548190,456,
92,307,2729443,71655948108,13802007,9549898,462,
93,305,2729648,71655945179,13802643,9552011,439,
94,290,2730817,71655940678,13810176,9547799,465,
95,308,2729956,71655938797,13811085,9549619,460,
96,288,2732572,71655936003,13809124,9551822,416,
97,291,2730194,71655933164,13821069,9545054,453,
98,308,2730603,71655928848,13818038,9551943,485,
99,311,2729724,71655922837,13823773,9553140,440,
100,299,2729038,71655922931,13825017,9552488,452,
101,283,2730989,71655917542,13829243,9551718,450,
102,294,2731172,71655919273,13827231,9551829,426,
103,276,2730707,71655910340,13834166,9554303,433,
104,316,2731300,71655911127,13834772,9552300,410,
105,288,2732893,71655905843,13834946,9555856,399,
106,242,2730649,71655901175,13841371,9556332,456,
107,308,2731632,71655901859,13838907,9557108,411,
108,272,2730441,71655899675,13843186,9556242,409,
109,303,2731155,71655894940,13845243,9558150,434,
110,286,2732876,71655888449,13851262,9556945,407,
111,277,2731063,71655887793,13854412,9556241,438,
112,292,2731965,71655886787,13851923,9558840,418,
113,302,2734724,71655882291,13852848,9559622,438,
114,287,2732032,71655877960,13862374,9557131,441,
115,301,2732513,71655873308,13866233,9557441,429,
116,270,2731767,71655873865,13861866,9562047,410,
117,293,2732492,71655873833,13864542,9558630,435,
118,293,2731470,71655870548,13866942,9560573,399,
119,273,2733898,71655870031,13864067,9561543,413,
120,265,2734387,71655859579,13868341,9567241,412,
121,254,2733978,71655864189,13869563,9561850,391,
122,253,2733758,71655857808,13874652,9563362,392,
123,248,2736420,71655855510,13872885,9564721,441,
124,273,2735192,71655847588,13882329,9564442,401,
125,236,2731955,71655856007,13875398,9566220,409,
126,282,2733557,71655847070,13882334,9566571,411,
127,252,2734375,71655847093,13881852,9566247,406,
128,249,2733584,71655841018,13889587,9565389,398,
129,230,2734618,71655840863,13888743,9565391,380,
130,246,2735696,71655836400,13890888,9566584,411,
131,267,2734011,71655839026,13891403,9565083,435,
132,280,2733413,71655834006,13892454,9569650,422,
133,253,2733556,71655837232,13893564,9565234,386,
134,224,2737538,71655827621,13895824,9568648,370,
135,245,2733136,71655832314,13900591,9563579,360,
136,255,2736627,71655827399,13896751,9568831,362,
137,236,2736300,71655821243,13899981,9572068,397,
138,272,2737728,71655820470,13904703,9566653,399,
139,250,2735649,71655818600,13905564,9569792,370,
140,273,2736389,71655819870,13904880,9568415,398,
141,230,2737311,71655812992,13906897,9572417,378,
142,244,2736480,71655814703,13908386,9570026,386,
143,219,2737795,71655810485,13911296,9570047,383,
144,233,2734943,71655812254,13914370,9568043,382,
145,261,2737577,71655807096,13913522,9571376,393,
146,224,2738671,71655799397,13916248,9575305,380,
147,222,2735670,71655803536,13915964,9574443,390,
148,232,2736663,71655802991,13919813,9570157,369,
149,233,2736718,71655802462,13920645,9569808,359,
150,238,2737563,71655797947,13919536,9574585,356,
151,236,2737057,71655798926,13918938,9574685,383,
152,214,2737916,71655797033,13922460,9572224,378,
153,233,2737506,71655794351,13925694,9572064,377,
154,218,2737868,71655788003,13926582,9577194,360,
155,238,2736548,71655788493,13931866,9572711,369,
156,215,2737222,71655786309,13930459,9575636,384,
157,226,2738649,71655785177,13930888,9574922,363,
158,219,2736728,71655790555,13927615,9574730,378,
159,232,2738244,71655778425,13935401,9577552,371,
160,206,2738286,71655776569,13937241,9577559,364,
161,212,2738226,71655778404,13934930,9578095,358,
162,215,2736436,71655778184,13936907,9578099,384,
163,211,2739519,71655775352,13939259,9575511,373,
164,247,2739340,71655774693,13940112,9575466,367,
165,198,2738145,71655771700,13942130,9577695,357,
166,240,2739764,71655767789,13946291,9575762,379,
167,228,2739382,71655764781,13944907,9580576,351,
168,232,2738326,71655764512,13949034,9577731,390,
169,214,2739810,71655761339,13948352,9580107,403,
170,207,2740301,71655758147,13952021,9579192,357,
171,227,2739585,71655761679,13950243,9578148,343,
172,226,2737295,71655759992,13955558,9576791,363,
173,203,2740989,71655755757,13950282,9582648,346,
174,215,2737253,71655758086,13952752,9581574,345,
175,207,2737044,71655752733,13961045,9578812,384,
176,200,2740184,71655753216,13957420,9578864,341,
177,192,2741714,71655747158,13958740,9582060,361,
178,200,2740326,71655748503,13959914,9580911,371,
179,205,2738831,71655748171,13963293,9579351,374,
180,227,2739006,71655745073,13964532,9581007,380,
181,185,2738908,71655743092,13966243,9581431,366,
182,197,2738853,71655745187,13965239,9580363,386,
183,237,2739198,71655740052,13968683,9581722,333,
184,202,2739368,71655741567,13966357,9582400,331,
185,216,2739639,71655738539,13969694,9581788,349,
186,209,2739854,71655740737,13967104,9581964,357,
187,201,2739692,71655736088,13968433,9585424,387,
188,208,2738098,71655735802,13976897,9578822,398,
189,195,2740794,71655732091,13969319,9587489,337,
190,181,2738980,71655733365,13971928,9585433,338,
191,196,2739776,71655728052,13976872,9584998,331,
192,195,2742085,71655728530,13975904,9583140,371,
193,209,2739120,71655730863,13972322,9587361,350,
194,171,2739987,71655730142,13978872,9580657,396,
195,204,2740290,71655723765,13983243,9582372,351,
196,210,2741215,71655723181,13980333,9584940,346,
197,194,2743028,71655724542,13979567,9582517,377,
198,177,2740412,71655719375,13984461,9585431,369,
199,198,2739202,71655724085,13981417,9584962,361,
200,201,2739873,71655721749,13986164,9581888,350,
201,171,2742158,71655711635,13989179,9586721,361,
202,204,2742817,71655715859,13989462,9581544,339,
203,197,2742180,71655712908,13987618,9586963,359,
204,180,2741368,71655717611,13987026,9583708,332,
205,198,2742212,71655707938,13991908,9587629,340,
206,190,2743766,71655706669,13991533,9587721,346,
207,179,2743710,71655704037,13998366,9583571,362,
208,183,2741952,71655709372,13993384,9584979,355,
209,154,2743815,71655703661,13995028,9587223,344,
210,171,2742835,71655702223,13998295,9586376,325,
211,168,2742905,71655701506,13999122,9586130,394,
212,182,2743037,71655703211,13998803,9584672,320,
213,188,2743799,71655700358,13996947,9588590,343,
214,190,2744270,71655696112,14000609,9588720,324,
215,181,2741939,71655697360,14005991,9584392,362,
216,181,2741817,71655696281,14002919,9588715,312,
217,191,2740881,71655696640,14005012,9587133,368,
218,164,2745618,71655697323,13997220,9589571,329,
219,175,2743926,71655692875,14005273,9587636,340,
220,185,2742278,71655694373,14006660,9586382,347,
221,169,2742751,71655688753,14012187,9586061,304,
222,190,2743874,71655685776,14011407,9588663,315,
223,188,2743774,71655691607,14008080,9586222,354,
224,185,2741557,71655686361,14011875,9589892,355,
225,166,2744248,71655683489,14012529,9589432,361,
226,198,2742677,71655681946,14013205,9591825,374,
227,171,2742721,71655683509,14014232,9589223,369,
228,184,2743729,71655679425,14019270,9587243,374,
229,183,2742664,71655685947,14011703,9589405,323,
230,163,2744244,71655675960,14015592,9593932,334,
231,158,2743903,71655680283,14021061,9584470,350,
232,183,2743304,71655677989,14016691,9591746,312,
233,188,2742885,71655678275,14018603,9589895,379,
234,184,2745699,71655668175,14018966,9596821,380,
235,179,2741700,71655678598,14017423,9591976,349,
236,180,2743499,71655676198,14020752,9589245,351,
237,156,2744421,71655669076,14024613,9591626,333,
238,162,2743891,71655672900,14022096,9590833,343,
239,171,2744438,71655668863,14026677,9589740,336,
240,176,2744186,71655669353,14024732,9591428,350,
241,166,2743126,71655666356,14026121,9594103,353,
242,173,2744290,71655661784,14031849,9591775,354,
243,152,2742345,71655664751,14029121,9593506,350,
244,161,2743471,71655667725,14029736,9588793,339,
245,178,2744924,71655663625,14028363,9592781,354,
246,150,2745159,71655664932,14026474,9593185,325,
247,134,2744514,71655657432,14033704,9594078,363,
248,161,2743927,71655661538,14030919,9593319,361,
249,151,2746223,71655660417,14032681,9590409,344,
250,160,2745888,71655657349,14033365,9593125,338,
251,157,2745397,71655656867,14033102,9594369,333,
252,144,2745302,71655658728,14035136,9590560,355,
253,152,2747293,71655653169,14037047,9592237,327,
254,144,2747361,71655653393,14038692,9590279,356,
255,157,2744758,71655653500,14036386,9595080,344,
256,142,2745311,71655650212,14040092,9594117,351,
257,156,2746153,71655648220,14043020,9592294,382,
258,141,2746253,71655647260,14041235,9594997,339,
259,150,2745054,71655647583,14046176,9590943,319,
260,156,2744915,71655643228,14043296,9598290,340,
261,137,2743663,71655648836,14046063,9591173,353,
262,138,2745979,71655648832,14042256,9592677,343,
263,169,2746278,71655643823,14040480,9599147,328,
264,175,2744534,71655646750,14047267,9591170,329,
265,147,2746436,71655639527,14047015,9596777,323,
266,160,2746755,71655641083,14047099,9594804,324,
267,143,2742926,71655641007,14050159,9595650,340,
268,143,2747996,71655636926,14044236,9600583,341,
269,156,2746961,71655639197,14047637,9595952,322,
270,149,2745309,71655635914,14054777,9593732,344,
271,140,2747397,71655635120,14051459,9595763,346,
272,149,2746590,71655636145,14053937,9593084,320,
273,147,2744947,71655634144,14055758,9594897,332,
274,147,2747853,71655630988,14051835,9599072,330,
275,128,2746907,71655631170,14056722,9594952,346,
276,158,2745517,71655630884,14059473,9593867,326,
277,148,2746260,71655628623,14057063,9597815,316,
278,134,2747084,71655626993,14056528,9599156,330,
279,145,2748439,71655623835,14056382,9601095,329,
280,149,2745627,71655630771,14058656,9594636,386,
281,135,2748255,71655622597,14060813,9598081,344,
282,153,2746901,71655623499,14066913,9592437,322,
283,138,2749095,71655622875,14061253,9596538,326,
284,144,2749327,71655623339,14061391,9595700,324,
285,130,2748160,71655618176,14064450,9598964,345,
286,140,2746341,71655621352,14062603,9599435,354,
287,124,2745884,71655619890,14068718,9595292,317,
288,125,2749804,71655614766,14065571,9599622,337,
289,137,2750357,71655614651,14064475,9600267,338,
290,146,2744211,71655621644,14067920,9595953,351,
291,125,2747303,71655614269,14068010,9600183,335,
292,123,2749798,71655612797,14064724,9602429,354,
293,128,2747184,71655612377,14073051,9597151,334,
294,134,2748163,71655613293,14073703,9594652,280,
295,150,2749464,71655611689,14070377,9598232,313,
296,148,2748525,71655609836,14068950,9602431,335,
297,139,2747361,71655611019,14076605,9594763,338,
298,143,2748104,71655606821,14072656,9602159,342,
299,139,2748099,71655608236,14071835,9601605,311,
300,115,2747289,71655613011,14074903,9594620,287,
301,117,2746950,71655602507,14079326,9601006,319,
302,128,2746030,71655606774,14078032,9598936,325,
303,133,2748782,71655605673,14076345,9598947,345,
304,137,2748857,71655606021,14077143,9597745,322,
305,148,2750045,71655598261,14077923,9603490,358,
306,129,2749186,71655602451,14078157,9599969,333,
307,140,2748830,71655599561,14080573,9600813,308,
308,122,2747715,71655599601,14081364,9601115,308,
309,112,2749043,71655598992,14082145,9599634,299,
310,132,2750231,71655598580,14079751,9601215,316,
311,134,2749136,71655598811,14083249,9598553,342,
312,128,2748630,71655596829,14080631,9603683,324,
313,132,2747441,71655599128,14082674,9600516,334,
314,115,2750269,71655592748,14085342,9601462,289,
315,139,2750030,71655590970,14085983,9602789,314,
316,122,2748894,71655593960,14083167,9603793,289,
317,110,2749411,71655591362,14086364,9602646,332,
318,128,2748580,71655589714,14089034,9602452,317,
319,118,2749435,71655588653,14090151,9601562,306,
320,118,2747869,71655588889,14092499,9600524,326,
321,116,2748952,71655589522,14090887,9600451,297,
322,133,2749305,71655590189,14087388,9602893,317,
323,153,2750422,71655585897,14092707,9600721,325,
324,122,2750136,71655587058,14092612,9599991,306,
325,131,2750383,71655586385,14092256,9600745,325,
326,129,2750814,71655580904,14093591,9604461,326,
327,124,2749115,71655587502,14092217,9600939,328,
328,120,2751114,71655583169,14092026,9603508,288,
329,121,2750708,71655580901,14090360,9607842,293,
330,119,2751299,71655582784,14096723,9598994,306,
331,125,2750528,71655578204,14098385,9602676,307,
332,121,2750667,71655577805,14097532,9603778,322,
333,122,2750381,71655577736,14097737,9603932,317,
334,118,2750634,71655575698,14099546,9603927,302,
335,106,2749578,71655578784,14099669,9601777,311,
336,128,2750089,71655576329,14100176,9603164,339,
337,126,2747929,71655576698,14101953,9603209,310,
338,104,2749860,71655571833,14100478,9607619,331,
339,121,2750169,71655575782,14100439,9603396,318,
340,113,2751569,71655568542,14102584,9607108,309,
341,132,2750526,71655575765,14100167,9603329,306,
342,122,2751265,71655566147,14104600,9607777,314,
343,108,2750974,71655566786,14104199,9607820,338,
344,112,2750693,71655567855,14109191,9602069,305,
345,117,2753341,71655562876,14106176,9607412,303,
346,101,2752322,71655564340,14107579,9605566,317,
347,104,2751030,71655565795,14108117,9604860,319,
348,119,2750640,71655564075,14108269,9606814,307,
349,124,2752171,71655562835,14111031,9603730,334,
350,108,2751543,71655563489,14110942,9603832,311,
351,130,2753366,71655559338,14110287,9606814,290,
352,110,2752739,71655560679,14107955,9608444,298,
353,92,2751262,71655563265,14109972,9605342,292,
354,109,2752941,71655563715,14108652,9604509,299,
355,117,2752791,71655557965,14115351,9603666,335,
356,120,2750499,71655562272,14113234,9603765,335,
357,102,2751735,71655558567,14111834,9607703,284,
358,119,2751367,71655557252,14116485,9604715,287,
359,123,2751988,71655560099,14108210,9609467,338,
360,107,2751671,71655556215,14116684,9605238,310,
361,118,2750202,71655559023,14117183,9603397,302,
362,108,2751085,71655555796,14114196,9608749,291,
363,98,2750897,71655553805,14121076,9604037,312,
364,114,2751568,71655551286,14116982,9609972,303,
365,115,2749921,71655555414,14120129,9604356,290,
366,108,2750826,71655554553,14118066,9606377,295,
367,100,2750276,71655551141,14121026,9607387,295,
368,102,2751587,71655552799,14118764,9606674,299,
369,109,2753309,71655549799,14119931,9606779,298,
370,114,2751946,71655550832,14118862,9608146,325,
371,132,2753182,71655547827,14120230,9608554,300,
372,101,2750192,71655552886,14120503,9606235,308,
373,106,2753404,71655547317,14120030,9609050,318,
374,117,2751910,71655545022,14124263,9608604,309,
375,114,2753227,71655544609,14126418,9605552,305,
376,99,2752274,71655541073,14128072,9608421,286,
377,118,2753029,71655541049,14125513,9610237,279,
378,108,2751097,71655544950,14127534,9606228,308,
379,100,2753046,71655544434,14125735,9606598,312,
380,114,2752989,71655543306,14126501,9607008,307,
381,106,2751764,71655541296,14129550,9607204,305,
382,104,2751780,71655538832,14129725,9609449,335,
383,91,2752733,71655539809,14129185,9608097,310,
384,116,2752640,71655536818,14129954,9610366,331,
385,105,2753009,71655539508,14129836,9607444,323,
386,102,2754446,71655535378,14130295,9609697,307,
387,91,2752983,71655536643,14128939,9611283,286,
388,115,2754018,71655531318,14134869,9609587,318,
389,95,2753656,71655533105,14132092,9610992,285,
390,96,2752276,71655532765,14131618,9613164,306,
391,99,2753367,71655537127,14131342,9607964,326,
392,102,2753340,71655533210,14137747,9605520,306,
393,110,2753480,71655529966,14135750,9610634,285,
394,80,2753901,71655530209,14136433,9609275,327,
395,110,2753974,71655530541,14135239,9610079,282,
396,110,2752362,71655531006,14138055,9608381,311,
397,82,2756239,71655524477,14138097,9611042,288,
398,101,2755327,71655530350,14133580,9610573,294,
399,95,2754527,71655527587,14138012,9609739,265,
400,100,2756062,71655526561,14136804,9610383,315,
401,107,2753455,71655525644,14142113,9608591,315,
402,98,2755211,71655520623,14146949,9607001,343,
403,84,2753593,71655525914,14140195,9610128,311,
404,100,2754149,71655522482,14147114,9606073,307,
405,99,2755606,71655522732,14142007,9609460,320,
406,101,2754168,71655522649,14142093,9610897,317,
407,94,2752501,71655522486,14145362,9609514,268,
408,92,2752910,71655523040,14143907,9609961,315,
409,94,2754635,71655518969,14147592,9608632,303,
410,87,2754940,71655518108,14148170,9608635,285,
411,83,2753460,71655514440,14147743,9614195,304,
412,78,2755434,71655517598,14143814,9612985,316,
413,101,2756314,71655513576,14145547,9614379,308,
414,97,2755946,71655513181,14150548,9610143,310,
415,97,2753035,71655515776,14150846,9610134,337,
416,103,2757116,71655511886,14150411,9610392,317,
417,65,2755224,71655515669,14147858,9611097,312,
418,94,2756232,71655512210,14149052,9612355,282,
419,104,2755231,71655513947,14149290,9611381,272,
420,88,2755942,71655510038,14154216,9609599,342,
421,79,2755624,71655508418,14155247,9610520,337,
422,103,2753624,71655511194,14152613,9612395,296,
423,81,2755628,71655512618,14150138,9611456,304,
424,102,2756160,71655507325,14152186,9614119,333,
425,76,2756210,71655504763,14158660,9610196,320,
426,79,2756243,71655506133,14155333,9612115,322,
427,83,2755537,71655507268,14153567,9613447,323,
428,102,2756902,71655505359,14156652,9610916,294,
429,89,2755586,71655504897,14156781,9612594,278,
430,95,2757459,71655504991,14155257,9612126,297,
431,88,2755066,71655506813,14158628,9609321,309,
432,87,2755540,71655500513,14162160,9611596,329,
433,89,2754096,71655504152,14157836,9613766,286,
434,85,2755368,71655499298,14165046,9610147,281,
435,67,2754907,71655498412,14165085,9611455,299,
436,97,2755999,71655502012,14154569,9617237,311,
437,108,2756073,71655499494,14160478,9613780,292,
438,83,2756405,71655494938,14163953,9614548,298,
439,85,2756864,71655498745,14158537,9615708,286,
440,62,2754675,71655498736,14165578,9610865,309,
441,88,2756296,71655499570,14160563,9613393,315,
442,92,2756012,71655497186,14166132,9610511,292,
443,71,2756347,71655498708,14161436,9613361,302,
444,74,2756564,71655491881,14164513,9616891,302,
445,87,2756761,71655492098,14163283,9617699,297,
446,87,2756427,71655494589,14160501,9618309,312,
447,82,2755794,71655495136,14169219,9609686,308,
448,76,2755567,71655495826,14168556,9609883,317,
449,77,2756338,71655489795,14165275,9618431,309,
450,77,2758131,71655495135,14165494,9611109,279,
451,85,2757898,71655489227,14169938,9612767,310,
452,74,2753490,71655494290,14172454,9609609,308,
453,72,2756151,71655490250,14170814,9612623,315,
454,94,2757786,71655489054,14169111,9613874,306,
455,78,2756847,71655488099,14170659,9614251,291,
456,89,2757637,71655487057,14172278,9612868,296,
457,69,2759560,71655483593,14172911,9613774,318,
458,80,2757817,71655486260,14174086,9611669,313,
459,67,2756833,71655488216,14166596,9618239,274,
460,80,2758257,71655484900,14173355,9613318,315,
461,79,2755644,71655486474,14175423,9612316,289,
462,83,2757292,71655484584,14175537,9612432,297,
463,69,2757949,71655484032,14170379,9617494,302,
464,84,2757099,71655482842,14174791,9615109,300,
465,81,2758526,71655479722,14173580,9618023,293,
466,79,2757516,71655481213,14172272,9618812,333,
467,77,2756984,71655480960,14179313,9612594,297,
468,78,2755520,71655483796,14174537,9616000,294,
469,72,2758905,71655475747,14177681,9617546,274,
470,90,2757374,71655479034,14179624,9613810,293,
471,78,2757870,71655474889,14182781,9614312,295,
472,85,2756349,71655478665,14179385,9615445,296,
473,82,2758314,71655477265,14180334,9613952,278,
474,78,2758357,71655472518,14183103,9615851,318,
475,81,2757812,71655474001,14182457,9615575,299,
476,82,2756215,71655474875,14183869,9614915,269,
477,68,2757393,71655474341,14183688,9614437,298,
478,78,2756399,71655468661,14187053,9617710,324,
479,84,2758591,71655473586,14179832,9617844,288,
480,59,2758146,71655472518,14179470,9619763,269,
481,76,2758072,71655472922,14186989,9611864,302,
482,72,2761304,71655469313,14181415,9617828,293,
483,70,2760272,71655470485,14185747,9613362,289,
484,77,2756418,71655473090,14184405,9615916,319,
485,62,2758960,71655471465,14184477,9614977,284,
486,79,2760269,71655467055,14186817,9615709,296,
487,85,2757814,71655469043,14187815,9615156,312,
488,63,2758409,71655467888,14188028,9615511,326,
489,43,2757734,71655467137,14187451,9617578,282,
490,66,2758213,71655463812,14192808,9615020,306,
491,52,2759804,71655460227,14191019,9618843,280,
492,74,2758744,71655467770,14188355,9615022,260,
493,58,2759728,71655463025,14191719,9615390,305,
494,62,2757493,71655466424,14191359,9614590,297,
495,72,2757588,71655461935,14194147,9616215,268,
496,76,2759936,71655462475,14191154,9616268,316,
497,63,2759179,71655462743,14188278,9619644,318,
498,58,2760875,71655462568,14189819,9616599,306,
499,65,2760689,71655458271,14193608,9617281,311,
500,86,2759305,71655459897,14190541,9620111,285,
501,76,2759616,71655457120,14194086,9619023,304,
502,70,2759433,71655456441,14194052,9619956,273,
503,80,2758994,71655458715,14194936,9617187,313,
504,74,2759780,71655456631,14194964,9618506,270,
505,83,2759952,71655456008,14198288,9615613,281,
506,63,2760416,71655456427,14193431,9619584,304,
507,61,2758640,71655458530,14196497,9616194,303,
508,68,2760830,71655454928,14198634,9615489,276,
509,67,2760281,71655450838,14202363,9616411,265,
510,60,2759710,71655453075,14197760,9619325,295,
511,77,2758601,71655453783,14198130,9619338,296,
512,68,2759860,71655452481,14200169,9617344,303,
513,62,2757239,71655453923,14198961,9619717,323,
514,61,2759761,71655451031,14198678,9620375,319,
515,65,2761490,71655447500,14203565,9617323,282,
516,63,2759567,71655450403,14201297,9618589,306,
517,56,2762236,71655450324,14199778,9617553,278,
518,79,2762129,71655449243,14197774,9620713,287,
519,65,2758783,71655447536,14204835,9618685,321,
520,63,2759670,71655449222,14200947,9620015,308,
521,63,2759540,71655448684,14200691,9620956,291,
522,68,2758098,71655449431,14204670,9617623,335,
523,63,2760158,71655448532,14207385,9613805,282,
524,59,2759648,71655444897,14205964,9619370,287,
525,68,2758293,71655445928,14208136,9617508,292,
526,73,2760143,71655442266,14208421,9619027,295,
527,73,2760123,71655443642,14207718,9618360,309,
528,70,2759219,71655441316,14208118,9621224,276,
529,66,2758215,71655443924,14209217,9618523,280,
530,57,2759669,71655446031,14204140,9620022,306,
531,60,2760062,71655437953,14208906,9622946,298,
532,59,2760109,71655439017,14212814,9617949,277,
533,62,2760512,71655443236,14212468,9613638,309,
534,49,2759095,71655440816,14211583,9618382,300,
535,52,2760889,71655435919,14212338,9620767,260,
536,61,2760898,71655434540,14216195,9618241,290,
537,54,2762131,71655434602,14213819,9619330,289,
538,55,2758948,71655437251,14215010,9618670,291,
539,47,2758858,71655434320,14216011,9620670,319,
540,51,2760380,71655436156,14213061,9620286,291,
541,55,2761461,71655433583,14214160,9620699,267,
542,60,2762301,71655432744,14214489,9620316,315,
543,68,2760495,71655434766,14214245,9620368,283,
544,60,2762015,71655432504,14213026,9622323,297,
545,52,2759806,71655432598,14214913,9622564,292,
546,70,2761107,71655430461,14217765,9620527,295,
547,59,2762184,71655429870,14213215,9624596,301,
548,40,2761710,71655431933,14217373,9618868,301,
549,53,2757849,71655426903,14223168,9621938,314,
550,66,2760700,71655430604,14217770,9620776,309,
551,57,2762735,71655427818,14217158,9622168,289,
552,51,2761220,71655429126,14222152,9617401,274,
553,66,2760968,71655428133,14219975,9620791,292,
554,59,2761536,71655427587,14216727,9624013,303,
555,58,2761764,71655421947,14225983,9620175,298,
556,60,2759662,71655429277,14221711,9619231,284,
557,69,2760091,71655428423,14219395,9621950,297,
558,55,2761346,71655424187,14222723,9621651,263,
559,54,2762098,71655423602,14221798,9622374,299,
560,62,2762979,71655422739,14220178,9623979,288,
561,64,2761142,71655424493,14222124,9622124,278,
562,43,2761691,71655422446,14223247,9622514,284,
563,59,2761869,71655422659,14224071,9621266,301,
564,57,2761585,71655423488,14224684,9620144,267,
565,48,2762393,71655420291,14224908,9622323,262,
566,59,2762042,71655420927,14221595,9625310,292,
567,56,2760999,71655424237,14223582,9621070,281,
568,55,2762385,71655413275,14231176,9623052,282,
569,39,2762703,71655416643,14226914,9623646,280,
570,68,2761336,71655420108,14227849,9620591,273,
571,64,2760671,71655417540,14227062,9624627,261,
572,50,2762673,71655412335,14228563,9626322,282,
573,56,2762802,71655419401,14226105,9621562,299,
574,51,2762001,71655415781,14228272,9623865,255,
575,44,2763278,71655415161,14228055,9623400,287,
576,65,2762541,71655422842,14222677,9621825,275,
577,64,2762346,71655415557,14227599,9624370,289,
578,57,2759844,71655414371,14232280,9623386,287,
579,46,2761835,71655412451,14229394,9626216,283,
580,59,2762683,71655416050,14231475,9619658,300,
581,47,2765192,71655410342,14226843,9627518,283,
582,50,2760672,71655412026,14233589,9623560,328,
583,63,2762814,71655409888,14228904,9628260,296,
584,50,2761194,71655410887,14236413,9621395,286,
585,52,2762061,71655409708,14233040,9625074,290,
586,48,2760614,71655413625,14232388,9623266,284,
587,46,2762556,71655407896,14237494,9621945,288,
588,51,2762950,71655408167,14233864,9624896,297,
589,56,2764271,71655403018,14233534,9629061,285,
590,58,2761737,71655409526,14237368,9621265,271,
591,52,2761876,71655408198,14233453,9626373,273,
592,50,2761981,71655401588,14240459,9625871,276,
593,62,2762172,71655403988,14234697,9629026,280,
594,47,2763775,71655406869,14232999,9626226,309,
595,50,2762369,71655405758,14238421,9623335,292,
596,64,2762985,71655403997,14241388,9621481,310,
597,48,2762373,71655402547,14242931,9622046,280,
598,55,2762921,71655405307,14236439,9625205,298,
599,48,2762504,71655404036,14238920,9624419,298,
600,47,2762637,71655401386,14239584,9626276,295,
601,48,2764984,71655399791,14240546,9624553,303,
602,50,2762553,71655401610,14242747,9622967,298,
603,50,2762048,71655401897,14244205,9621735,290,
604,45,2764139,71655397666,14240647,9627454,274,
605,59,2763662,71655396844,14243056,9626291,313,
606,57,2761674,71655400328,14245030,9622852,284,
607,45,2764249,71655394751,14246109,9624786,285,
608,49,2764124,71655396150,14239980,9629626,296,
609,46,2763535,71655399204,14241428,9625730,282,
610,48,2763490,71655393801,14242276,9630340,270,
611,45,2762704,71655399219,14241185,9626776,296,
612,47,2764706,71655395235,14243045,9626931,261,
613,39,2764360,71655394747,14247902,9622892,285,
614,48,2763534,71655396044,14247041,9623276,282,
615,62,2763670,71655390968,14249968,9625266,291,
616,45,2764425,71655392365,14246554,9626537,299,
617,56,2763136,71655395034,14242884,9628856,259,
618,33,2762282,71655391290,14251330,9625016,274,
619,70,2764431,71655391491,14244337,9629611,285,
620,39,2762488,71655395511,14244592,9627286,309,
621,40,2763591,71655389049,14250547,9626707,291,
622,40,2764108,71655389616,14251962,9624220,279,
623,54,2763323,71655389795,14249210,9627535,308,
624,51,2764085,71655391006,14252036,9622777,270,
625,49,2764517,71655390300,14252316,9622759,284,
626,57,2765064,71655389045,14252093,9623699,267,
627,43,2763650,71655384761,14253338,9628150,283,
628,46,2766191,71655387507,14251043,9625180,258,
629,59,2763058,71655388108,14252539,9626180,281,
630,50,2763286,71655390306,14254744,9621547,292,
631,37,2764050,71655385514,14252179,9628173,272,
632,47,2764935,71655386686,14253613,9624640,304,
633,48,2765503,71655386096,14256246,9622048,284,
634,49,2765283,71655380440,14253754,9630416,283,
635,53,2763483,71655385393,14253999,9626994,303,
636,39,2764378,71655386648,14252606,9626277,277,
637,42,2767186,71655379483,14258326,9624930,258,
638,44,2766290,71655376990,14258425,9628204,272,
639,42,2762542,71655383389,14256140,9627783,329,
640,41,2765499,71655380321,14257283,9626767,314,
641,41,2762965,71655380871,14259341,9626705,302,
642,38,2765142,71655380068,14258452,9626246,279,
643,54,2765646,71655372772,14261533,9629947,273,
644,58,2766409,71655379668,14256422,9627389,279,
645,54,2765557,71655379279,14256860,9628194,281,
646,51,2764873,71655381257,14256508,9627265,271,
647,45,2762945,71655377534,14263497,9625917,287,
648,40,2764076,71655374259,14262604,9628959,287,
649,43,2764296,71655377671,14260964,9626961,290,
650,38,2766451,71655376527,14258587,9628354,268,
651,52,2765579,71655374176,14257742,9632406,270,
652,61,2763652,71655375255,14261774,9629208,275,
653,45,2764959,71655372156,14262561,9630215,289,
654,50,2764189,71655375615,14263371,9626695,305,
655,46,2765179,71655371094,14260825,9632791,290,
656,34,2764161,71655368920,14264303,9632515,292,
657,48,2765592,71655372978,14261562,9629732,313,
658,40,2766143,71655372769,14262409,9628628,236,
659,42,2765770,71655369779,14265668,9628730,236,
660,40,2765377,71655372888,14264629,9627010,281,
661,43,2764636,71655370271,14265124,9629865,286,
662,47,2764876,71655370960,14261205,9632866,271,
663,45,2764275,71655371138,14265710,9628774,283,
664,50,2765097,71655371039,14267139,9626650,250,
665,46,2766706,71655365525,14268847,9628817,284,
666,31,2764063,71655369005,14266818,9630048,260,
667,44,2765435,71655364895,14273223,9626336,292,
668,41,2766056,71655366251,14271025,9626605,247,
669,41,2765217,71655366549,14271254,9626853,311,
670,40,2763374,71655370711,14266929,9628886,285,
671,38,2765977,71655364966,14269984,9628972,288,
672,41,2763421,71655362889,14273208,9630367,299,
673,32,2766456,71655364605,14273676,9625203,253,
674,39,2766099,71655363982,14271428,9628402,275,
675,31,2766497,71655365038,14265412,9632978,269,
676,36,2764805,71655360754,14275020,9629338,272,
677,44,2767659,71655363272,14267734,9631236,280,
678,34,2765037,71655359405,14273753,9631737,259,
679,37,2767253,71655362988,14267206,9632490,251,
680,50,2765612,71655359212,14274853,9630236,262,
681,38,2765702,71655359764,14277275,9627172,274,
682,37,2764320,71655361787,14273647,9630159,275,
683,38,2764515,71655363087,14273189,9629131,265,
684,38,2765513,71655359860,14275316,9629239,259,
685,40,2765695,71655357116,14276774,9630332,268,
686,40,2764993,71655353966,14277590,9633359,277,
687,36,2766024,71655356249,14274294,9633326,296,
688,35,2767041,71655357580,14274190,9631076,303,
689,37,2765285,71655359000,14278615,9626999,289,
690,32,2766958,71655355656,14273729,9633571,279,
691,33,2763590,71655359359,14278296,9628682,265,
692,44,2765794,71655353341,14278993,9631769,284,
693,25,2765668,71655354705,14279099,9630435,293,
694,41,2764855,71655351381,14282029,9631635,284,
695,33,2766790,71655355376,14279527,9628227,272,
696,45,2764811,71655355921,14279105,9630074,269,
697,30,2767061,71655351955,14280185,9630706,288,
698,39,2765795,71655352731,14278622,9632756,282,
699,43,2767572,71655351044,14279499,9631783,284,
700,42,2767833,71655349521,14281166,9631387,276,
701,36,2766943,71655352070,14281337,9629528,311,
702,33,2767555,71655346339,14281084,9634926,288,
703,37,2763990,71655350829,14286411,9628685,273,
704,24,2766014,71655350310,14277438,9636166,273,
705,34,2765551,71655354533,14281336,9628496,275,
706,38,2766494,71655344010,14284945,9634497,241,
707,40,2767579,71655346900,14278167,9637258,281,
708,38,2767259,71655346120,14285777,9630750,281,
709,46,2767755,71655345336,14287105,9629685,298,
710,35,2767158,71655345530,14284557,9632658,287,
711,28,2769626,71655344316,14280840,9635168,247,
712,26,2769281,71655341809,14285822,9633018,269,
713,37,2766420,71655344161,14290547,9628786,274,
714,32,2767644,71655341755,14292201,9628326,267,
715,24,2768751,71655341679,14288552,9630966,253,
716,37,2768362,71655342693,14287458,9631410,265,
717,35,2768345,71655340480,14287719,9633404,242,
718,25,2768390,71655339404,14290392,9631747,267,
719,36,2766427,71655342431,14290638,9630406,287,
720,26,2766541,71655341609,14288828,9632936,285,
721,37,2768664,71655344567,14286544,9630137,276,
722,40,2767592,71655337841,14293695,9630748,309,
723,33,2767466,71655339531,14289713,9633214,268,
724,44,2769452,71655335398,14291964,9633106,261,
725,38,2767718,71655340061,14289144,9632987,277,
726,33,2768981,71655334738,14294802,9631387,284,
727,25,2767123,71655340996,14290973,9630839,269,
728,35,2768255,71655338497,14289130,9633992,316,
729,36,2769556,71655334660,14296513,9629187,273,
730,42,2768551,71655338298,14293531,9629544,259,
731,33,2770391,71655338261,14288963,9632283,294,
732,20,2769172,71655333376,14293218,9634163,276,
733,41,2768752,71655338324,14291220,9631611,277,
734,28,2767393,71655336932,14291521,9634059,292,
735,28,2768033,71655332608,14297687,9631619,250,
736,40,2769164,71655333269,14293709,9633788,255,
737,44,2766830,71655336983,14296602,9629497,269,
738,27,2767985,71655327163,14294976,9639821,253,
739,38,2767393,71655335911,14297138,9629445,300,
740,38,2768624,71655333906,14295538,9631821,298,
741,28,2766847,71655331748,14296978,9634340,284,
742,32,2768746,71655329556,14298723,9632926,242,
743,30,2766592,71655333819,14296168,9633331,285,
744,26,2767683,71655331443,14298929,9631880,264,
745,32,2769536,71655328013,14297301,9635071,272,
746,37,2767437,71655328565,14299468,9634445,273,
747,28,2768672,71655326048,14302278,9632941,258,
748,33,2769657,71655327839,14296584,9635854,258,
749,31,2766163,71655333278,14296991,9633483,279,
750,28,2768641,71655324607,14300222,9636467,260,
751,24,2767775,71655325197,14304563,9632402,264,
752,36,2770393,71655329323,14297500,9632704,269,
753,29,2768293,71655322752,14302110,9636796,245,
754,43,2767250,71655325892,14304345,9632435,260,
755,27,2766722,71655324900,14302846,9635479,251,
756,36,2766468,71655329933,14300988,9632501,299,
757,31,2768766,71655325349,14304419,9631390,270,
758,37,2769039,71655322905,14304632,9633321,291,
759,25,2767018,71655325532,14302354,9635014,282,
760,32,2768308,71655318017,14308401,9635187,280,
761,32,2769487,71655323320,14304423,9632690,273,
762,43,2768930,71655325475,14303071,9632441,265,
763,34,2768376,71655318311,14307419,9635819,266,
764,33,2768961,71655325940,14304701,9630298,292,
765,26,2770436,71655319086,14305062,9635333,282,
766,29,2769304,71655319032,14305196,9636395,269,
767,32,2771572,71655316959,14305476,9635914,272,
768,31,2767991,71655319740,14304270,9637916,277,
769,25,2769098,71655316580,14313129,9631096,297,
770,34,2771422,71655319262,14302199,9637028,280,
771,32,2768571,71655321656,14306669,9633022,275,
772,30,2770060,71655311285,14311458,9637143,249,
773,23,2770071,71655315479,14311054,9633336,262,
774,28,2767814,71655317078,14310766,9634267,272,
775,29,2770993,71655313620,14311399,9633933,251,
776,33,2768428,71655312396,14311560,9637542,266,
777,29,2769236,71655317012,14306219,9637437,292,
778,42,2768324,71655315112,14309711,9636750,286,
779,25,2769787,71655313869,14311464,9634824,256,
780,30,2767588,71655317593,14309408,9635343,263,
781,26,2771578,71655310223,14310532,9637616,250,
782,40,2768742,71655312580,14309196,9639385,282,
783,25,2769937,71655311547,14314640,9633791,285,
784,29,2769592,71655310784,14311755,9637798,267,
785,36,2770064,71655310122,14314678,9635052,273,
786,17,2767632,71655312342,14312613,9637344,277,
787,26,2769398,71655311179,14311290,9638055,277,
788,35,2769961,71655310234,14312310,9637404,281,
789,34,2769394,71655307518,14314618,9638381,280,
790,26,2769632,71655308844,14316021,9635435,267,
791,25,2769790,71655309857,14312893,9637370,290,
792,33,2769424,71655307024,14312520,9640955,269,
793,30,2770868,71655310119,14314143,9634792,273,
794,27,2769154,71655308959,14314727,9637071,287,
795,25,2769019,71655308097,14316239,9636574,271,
796,26,2770780,71655303103,14320613,9635457,246,
797,30,2769721,71655307273,14315664,9637243,294,
798,29,2770702,71655304108,14314173,9640950,263,
799,40,2768430,71655303722,14321133,9636630,270,
800,36,2768904,71655305176,14324557,9631298,254,
801,33,2772164,71655303448,14316197,9638109,274,
802,28,2770762,71655304313,14317899,9636967,256,
803,31,2771102,71655305025,14316288,9637517,262,
804,34,2767813,71655305899,14321639,9634557,283,
805,36,2769946,71655305306,14319513,9635163,261,
806,24,2768773,71655302729,14319265,9639162,272,
807,31,2770924,71655302410,14322173,9634399,288,
808,33,2769066,71655304698,14320977,9635192,259,
809,29,2769802,71655301183,14322217,9636722,272,
810,23,2770058,71655298449,14320577,9640843,275,
811,21,2770759,71655299576,14317564,9642055,249,
812,26,2769265,71655303320,14318990,9638366,258,
813,26,2769084,71655301538,14322240,9637099,238,
814,21,2769323,71655304709,14322678,9633202,292,
815,25,2769561,71655299325,14324023,9637050,241,
816,31,2768533,71655301222,14326961,9633197,281,
817,34,2771359,71655296098,14323982,9638462,290,
818,25,2771047,71655297084,14322781,9639021,267,
819,24,2770372,71655295428,14327021,9637121,259,
820,23,2770977,71655297160,14324768,9637037,260,
821,39,2768430,71655299971,14324457,9637068,260,
822,34,2770421,71655294553,14327702,9637257,258,
823,26,2769595,71655297646,14326166,9636525,267,
824,23,2770955,71655296070,14323275,9639620,282,
825,29,2770487,71655291866,14331333,9636252,258,
826,28,2770001,71655293631,14327937,9638348,280,
827,31,2769799,71655294427,14331023,9634650,295,
828,26,2772135,71655292637,14324995,9640183,249,
829,21,2768324,71655295460,14326930,9639217,273,
830,24,2770844,71655294524,14326364,9638218,251,
831,22,2770801,71655295533,14323777,9639817,275,
832,26,2771230,71655291322,14327971,9639414,262,
833,21,2769229,71655290872,14329585,9640228,290,
834,29,2771166,71655290915,14331047,9636764,304,
835,35,2771311,71655291189,14328211,9639225,254,
836,33,2770042,71655291634,14328733,9639535,248,
837,21,2772789,71655288771,14331860,9636515,269,
838,23,2769950,71655289211,14335102,9635671,268,
839,27,2771663,71655285268,14334000,9639020,247,
840,27,2771882,71655287959,14328062,9642007,288,
841,27,2772103,71655285806,14331263,9640744,282,
842,27,2771610,71655288100,14329419,9640806,263,
843,27,2770266,71655289208,14330945,9639516,263,
844,31,2770015,71655287062,14331941,9640901,275,
845,26,2770762,71655286516,14333832,9638816,273,
846,20,2770714,71655286821,14332099,9640317,254,
847,23,2769379,71655284666,14337034,9638890,233,
848,24,2768953,71655293390,14330812,9636733,313,
849,22,2771806,71655282246,14333764,9642136,251,
850,24,2771028,71655282057,14340450,9636388,278,
851,34,2773629,71655280736,14337383,9638187,256,
852,29,2772324,71655280789,14338500,9638314,269,
853,26,2773089,71655282403,14334709,9639727,271,
854,22,2770778,71655284291,14338517,9636353,264,
855,31,2772314,71655281601,14338415,9637578,286,
856,23,2769013,71655282605,14337953,9640363,268,
857,24,2771326,71655282889,14333805,9641907,274,
858,22,2770335,71655280601,14339254,9639752,261,
859,24,2770823,71655281074,14337871,9640177,256,
860,27,2771339,71655279450,14341873,9637260,276,
861,25,2770595,71655277344,14342994,9639005,262,
862,33,2771207,71655281196,14341640,9635900,249,
863,21,2772449,71655274382,14343669,9639451,253,
864,25,2771473,71655277033,14338490,9642952,252,
865,23,2771396,71655276642,14341842,9640057,265,
866,30,2771443,71655275964,14343203,9639335,250,
867,20,2771746,71655275940,14340330,9641949,240,
868,20,2770492,71655276734,14339849,9642860,270,
869,25,2771801,71655276116,14340402,9641585,296,
870,23,2769635,71655278920,14347270,9634096,281,
871,25,2772483,71655273279,14346029,9638129,280,
872,17,2774607,71655273943,14344572,9636819,267,
873,16,2771670,71655275835,14341659,9640799,246,
874,22,2771837,71655272228,14346666,9639214,258,
875,25,2770642,71655274725,14343853,9640704,276,
876,25,2772754,71655277074,14340059,9640056,257,
877,16,2771708,71655273109,14341159,9643973,260,
878,17,2773437,71655270790,14343728,9642020,233,
879,25,2770080,71655271126,14350651,9638068,275,
880,20,2771340,71655270573,14347148,9640877,267,
881,20,2771254,71655271053,14345158,9642453,287,
882,31,2770954,71655269733,14347767,9641474,266,
883,24,2769948,71655271553,14349690,9638758,252,
884,15,2770700,71655271634,14348566,9639048,262,
885,25,2773902,71655270870,14342674,9642514,240,
886,27,2772483,71655266875,14351365,9639209,266,
887,28,2771981,71655267435,14349931,9640579,271,
888,28,2771295,71655265527,14355026,9638076,273,
889,22,2772803,71655265047,14352827,9639261,265,
890,21,2773686,71655262108,14348798,9645385,227,
891,30,2774128,71655261378,14351984,9642444,261,
892,19,2772924,71655267175,14350484,9639331,292,
893,18,2773283,71655263654,14351784,9641207,279,
894,21,2771547,71655266453,14350899,9641075,230,
895,25,2771468,71655264041,14352714,9641712,265,
896,22,2772429,71655262808,14351554,9643160,252,
897,27,2774198,71655261148,14352213,9642356,283,
898,21,2771443,71655261985,14353961,9642534,281,
899,19,2772028,71655261968,14357529,9638442,239,
900,23,2772924,71655266198,14350227,9640586,267,
901,20,2773118,71655258730,14354764,9643325,268,
902,27,2771498,71655269119,14348132,9641172,277,
903,15,2772838,71655261680,14353373,9642041,278,
904,21,2774629,71655258051,14351532,9645736,256,
905,20,2772934,71655261144,14355786,9640074,267,
906,16,2770151,71655260506,14357474,9641817,261,
907,29,2773984,71655258680,14352614,9644642,276,
908,25,2773631,71655261096,14353895,9641327,251,
909,17,2772324,71655264337,14350620,9642639,288,
910,23,2772080,71655258463,14357299,9642095,265,
911,21,2774287,71655252867,14355353,9647411,286,
912,25,2770417,71655257981,14362694,9638849,259,
913,20,2770316,71655259102,14358678,9641873,236,
914,21,2774392,71655251650,14358675,9645223,264,
915,21,2771379,71655255616,14359692,9643273,244,
916,22,2773497,71655257473,14361199,9637734,300,
917,26,2774002,71655254210,14359341,9642389,256,
918,21,2772958,71655254889,14360464,9641626,267,
919,17,2773971,71655253654,14356029,9646272,282,
920,12,2775105,71655250564,14359559,9644715,270,
921,21,2773168,71655251649,14363605,9641541,241,
922,14,2773531,71655251789,14360336,9644289,266,
923,19,2772155,71655249610,14363103,9645080,258,
924,22,2772580,71655253463,14356607,9647314,239,
925,17,2772927,71655253631,14360786,9642594,270,
926,19,2774026,71655250882,14360145,9644876,277,
927,19,2772573,71655250659,14360122,9646600,252,
928,17,2773290,71655252250,14357937,9646466,265,
929,11,2773652,71655245605,14364431,9646266,260,
930,21,2772499,71655253226,14363103,9641118,258,
931,22,2774654,71655246144,14361859,9647263,283,
932,17,2774644,71655246541,14363592,9645156,275,
933,18,2773243,71655251218,14363573,9641898,275,
934,21,2774106,71655246459,14365533,9643858,248,
935,21,2773213,71655248158,14363856,9644705,272,
936,23,2771436,71655252303,14364834,9641355,274,
937,13,2772724,71655250047,14364000,9643184,257,
938,18,2772213,71655245020,14366749,9645959,266,
939,23,2774555,71655250071,14360816,9644509,251,
940,9,2775939,71655240454,14366754,9646769,300,
941,22,2772137,71655248540,14367909,9641368,249,
942,14,2775074,71655244942,14362919,9647000,276,
943,25,2771595,71655243937,14368589,9645841,238,
944,23,2773686,71655247377,14368162,9640712,265,
945,24,2774164,71655245660,14364352,9645760,265,
946,21,2772195,71655244355,14368530,9644863,261,
947,17,2774162,71655243324,14367988,9644491,243,
948,17,2773437,71655244613,14367916,9643967,275,
949,21,2773478,71655242266,14372470,9641731,259,
950,14,2774008,71655241360,14368362,9646238,243,
951,17,2773774,71655242587,14365020,9648552,275,
952,22,2771322,71655244520,14372256,9641854,251,
953,24,2774698,71655237022,14368967,9649260,254,
954,12,2772103,71655246301,14369156,9642374,279,
955,9,2773094,71655239944,14372470,9644462,246,
956,19,2774516,71655238874,14370154,9646432,230,
957,11,2772656,71655244092,14370187,9643016,263,
958,14,2774149,71655240753,14371590,9643457,262,
959,22,2773858,71655238623,14372405,9645056,261,
960,19,2774122,71655237196,14375252,9643396,240,
961,22,2772944,71655238116,14374422,9644430,291,
962,11,2774416,71655239742,14372179,9643607,270,
963,21,2775082,71655233826,14370356,9650673,267,
964,22,2773280,71655238224,14369971,9648470,258,
965,16,2773630,71655236912,14376554,9642860,253,
966,15,2772610,71655237250,14374041,9646047,262,
967,11,2772906,71655231825,14374019,9651230,234,
968,14,2776121,71655237547,14374492,9641797,254,
969,26,2775843,71655230277,14376110,9647691,278,
970,14,2773290,71655236947,14371274,9648453,247,
971,12,2775258,71655234644,14373919,9646113,279,
972,16,2775916,71655231196,14373443,9649382,272,
973,14,2775458,71655233867,14373558,9647050,278,
974,16,2774774,71655233850,14376343,9644992,250,
975,21,2776111,71655231522,14379619,9642677,275,
976,34,2775721,71655230993,14377413,9645817,247,
977,15,2775294,71655231840,14376536,9646290,250,
978,22,2772769,71655234178,14375375,9647641,240,
979,18,2776382,71655228356,14379122,9646074,273,
980,17,2773252,71655236598,14377038,9643052,268,
981,24,2774696,71655232471,14379337,9643438,259,
982,17,2774628,71655232086,14377216,9646001,277,
983,23,2773219,71655227963,14380725,9648046,249,
984,16,2773946,71655232089,14378237,9645673,264,
985,18,2775155,71655230984,14378277,9645514,277,
986,13,2775513,71655229201,14378282,9646953,263,
987,12,2776156,71655225079,14382911,9645805,262,
988,26,2775634,71655227860,14381219,9645211,275,
989,17,2774553,71655225171,14381650,9648602,232,
990,21,2775242,71655225976,14384914,9643802,270,
991,13,2774098,71655231195,14379326,9645351,242,
992,20,2773714,71655227167,14381154,9647921,249,
993,18,2772406,71655228245,14381409,9647876,271,
994,20,2772153,71655228255,14383483,9646056,258,
995,15,2776643,71655225378,14379083,9648838,268,
996,22,2775730,71655225195,14383698,9645316,264,
997,18,2776390,71655225762,14379731,9648040,284,
998,14,2773676,71655224176,14387568,9644550,241,
999,14,2775282,71655229307,14379463,9645925,234,
1000,17,2773033,71655225828,14387975,9643108,264,
1100,15,2777841,71655183967,14417298,9650835,269,
1200,5,2779473,71655155524,14438803,9656170,250,
1300,11,2780452,71655120470,14472330,9656711,251,
1400,4,2780988,71655096384,14488820,9663782,247,
1500,9,2782124,71655066670,14510617,9670573,232,
1600,3,2783678,71655041846,14532262,9672235,201,
1700,3,2783686,71655018201,14550800,9677296,239,
1800,3,2786126,71654995002,14569446,9679413,235,
1900,1,2786210,71654976580,14582173,9685025,236,
2000,1,2786377,71654962044,14596567,9685012,224,
2100,2,2789177,71654939319,14610308,9691192,227,
2200,1,2786005,71654925780,14629780,9688434,225,
2300,3,2787619,71654908657,14638764,9694992,190,
2400,1,2787677,71654892612,14652796,9696938,201,
2500,3,2789714,71654877622,14664481,9698193,212,
2600,2,2787847,71654869071,14673231,9699870,204,
2700,2,2788060,71654854125,14688719,9699109,210,
2800,3,2789045,71654840489,14691338,9709150,200,
2900,0,2788480,71654832869,14699795,9708904,177,
3000,4,2789134,71654822022,14705961,9712928,175,
3100,0,2791180,71654811523,14715905,9711400,217,
3200,5,2790268,71654807093,14720674,9711963,222,
3300,0,2788815,71654796667,14731860,9712666,217,
3400,2,2791889,71654785741,14736249,9716164,180,
3500,1,2793381,71654780886,14738576,9717196,185,
3600,0,2791742,71654766951,14745700,9725660,172,
3700,3,2790339,71654766514,14752670,9720517,182,
3800,1,2792754,71654757053,14757512,9722696,209,
3900,1,2792183,71654752679,14760088,9725068,206,
4000,2,2790563,71654745967,14768247,9725243,203,
4100,0,2791585,71654736226,14773291,9728949,174,
4200,0,2792932,71654732930,14772354,9731811,198,
4300,0,2792421,71654724747,14779837,9733026,194,
4400,0,2793117,71654726436,14778985,9731500,187,
4500,0,2794026,71654712380,14788514,9735142,163,
4600,1,2791709,71654711053,14789935,9737352,175,
4700,1,2794322,71654707093,14792256,9736360,192,
4800,1,2791065,71654707612,14796824,9734520,203,
4900,3,2793187,71654700612,14801659,9734585,179,
5000,2,2793894,71654695659,14802227,9738276,167,
5100,0,2793657,71654689510,14805646,9741241,171,
5200,1,2792998,71654693084,14804951,9739006,185,
5300,0,2794031,71654686591,14809829,9739593,181,
5400,0,2791959,71654684060,14814500,9739533,173,
5500,2,2792733,71654680371,14813054,9743893,172,
5600,2,2794786,71654673852,14817895,9743521,169,
5700,3,2793162,71654677844,14815730,9743313,173,
5800,2,2792282,71654676377,14814512,9746874,178,
5900,0,2793329,71654671864,14817711,9747154,167,
6000,0,2794243,71654666443,14822493,9746879,167,
6100,0,2793240,71654663262,14828551,9745016,156,
6200,2,2796788,71654661668,14829356,9742226,185,
6300,1,2796598,71654655897,14825649,9751929,151,
6400,0,2791946,71654663655,14828253,9746200,171,
6500,1,2795269,71654658327,14826623,9749855,150,
6600,1,2794708,71654658412,14828251,9748682,171,
6700,0,2791660,71654658690,14830674,9749017,184,
6800,0,2795887,71654652663,14829591,9751939,145,
6900,0,2793824,71654650572,14836375,9749283,171,
7000,0,2793183,71654650469,14836323,9750061,189,
7100,1,2793559,71654650756,14832799,9752942,168,
7200,1,2797315,71654645961,14834079,9752686,183,
7300,1,2795130,71654643174,14840883,9750878,159,
7400,0,2795846,71654643579,14837794,9752851,155,
7500,0,2795541,71654641853,14842388,9750289,154,
7600,1,2792755,71654640895,14843689,9752734,151,
7700,0,2796593,71654638266,14842562,9752602,202,
7800,0,2793979,71654644656,14839695,9751711,184,
7900,1,2793694,71654640460,14840664,9755221,185,
8000,0,2794143,71654640314,14845706,9749903,159,
8100,1,2794214,71654637281,14845470,9753094,165,
8200,0,2795670,71654636076,14847844,9750469,166,
8300,0,2796132,71654637249,14840739,9755954,151,
8400,1,2793823,71654635029,14842898,9758320,154,
8500,0,2794952,71654634762,14844042,9756318,151,
8600,0,2794194,71654633982,14845573,9756323,153,
8700,1,2793754,71654635899,14846704,9753709,158,
8800,2,2795532,71654633087,14846756,9754711,137,
8900,1,2796507,71654628998,14850159,9754412,148,
9000,0,2794103,71654633229,14845860,9756878,155,
9100,2,2795901,71654627888,14848904,9757384,146,
9200,1,2794335,71654630344,14848734,9756655,156,
9300,1,2796404,71654625412,14849569,9758682,157,
9400,2,2794471,71654628901,14850522,9756180,149,
9500,0,2794297,71654627055,14853239,9755475,159,
9600,0,2794456,71654627991,14850546,9757084,148,
9700,1,2796834,71654627005,14849890,9756334,161,
9800,1,2794178,71654628563,14850549,9756780,154,
9900,1,2795190,71654626572,14850088,9758236,138,
10000,1,2795623,71654626614,14849568,9758251,168,
