5756,26268,866461665,227999,226574,874,
5707,44262,866299140,298923,300192,912,
3870,54355,866226193,328685,335237,796,
2605,56724,866202252,353397,333441,717,
2058,57844,866188588,364502,335486,658,
1894,59235,866179473,367434,340365,735,
1729,59474,866175262,370332,341630,709,
1598,59937,866172002,372362,342544,693,
1508,60360,866169934,373789,342842,703,
1388,60206,866168492,375976,342398,676,
1368,60274,866167200,376609,343001,684,
1403,60390,866166307,377554,342798,684,
1291,60503,866166371,377942,342325,704,
1313,60195,866165273,379083,342624,648,
1236,60529,866164592,379817,342250,712,
1280,60206,866164256,379773,342944,677,
1181,60464,866163862,380413,342531,685,
1202,60449,866163397,380611,342846,631,
1207,60775,866163201,380110,343160,683,
1185,60679,866162721,380194,343685,672,
1178,60693,866162483,380719,343391,672,
1191,60807,866161681,381750,343035,672,
1196,60672,866161971,381140,343503,654,
1182,60716,866161116,382208,343228,686,
1182,60520,866161881,381525,343374,654,
1177,60323,866161493,381480,344007,656,
1136,60526,866161049,382582,343175,668,
1130,60670,866161362,381769,343565,640,
1172,60621,866160669,382834,343202,638,
1101,60621,866160623,382319,343843,629,
1120,60538,866160864,382531,343403,680,
1157,60664,866160856,381934,343855,670,
1160,60726,866160312,382991,343310,637,
1084,60428,866160367,382414,344183,660,
1149,60730,866159901,383230,343474,652,
1132,60594,866160152,382503,344129,626,
1101,60690,866159951,382466,344262,666,
1098,60675,866159686,383060,343970,647,
1123,60526,866159637,383350,343873,627,
1158,61039,866159057,383554,343713,615,
1085,60736,866159937,382831,343924,623,
1112,60555,866159602,382814,344413,640,
1100,60516,866159623,383350,343928,619,
1115,60539,866159483,383394,343929,676,
1090,60728,866159463,382698,344499,658,
1092,60816,866159712,383046,343812,658,
1058,61123,866159414,382390,344535,616,
1093,60603,866159700,383962,343123,655,
1116,60868,866158893,383308,344303,648,
1094,60736,866159016,384295,343433,562,
1167,60906,866158336,384096,343986,645,
1067,60908,866158571,383774,344185,631,
1119,60838,866159021,382961,344539,658,
1080,60674,866159136,383290,344280,676,
1113,60745,866158555,384344,343777,602,
1107,60787,866158199,384226,344193,624,
1062,60892,866158857,383458,344257,610,
1088,60774,866158389,383935,344291,659,
1121,60834,866158698,383625,344198,660,
1089,61060,866158290,383224,344828,645,
1057,60659,866159007,383858,343915,640,
1103,60690,866158656,383287,344804,596,
1048,60943,866158247,383558,344742,598,
1117,60506,866158911,383265,344739,598,
1105,60934,866158273,383828,344341,655,
1033,60899,866158476,384043,344100,585,
1076,61073,866158055,383220,345141,571,
1072,60960,866158290,383604,344588,622,
1071,60409,866158711,383741,344544,660,
1117,60456,866158883,383665,344413,602,
1135,60848,866158254,383539,344760,600,
1058,60681,866158432,383962,344354,649,
1139,60629,866158355,384107,344298,608,
1109,60716,866158552,383778,344382,599,
1144,60757,866157993,384390,344202,650,
1054,61026,866157985,383928,344497,646,
1039,60329,866158556,383702,344885,625,
1125,60857,866157682,384583,344287,602,
1049,60945,866157774,383883,344922,563,
1095,60557,866158092,385098,343668,626,
1013,60570,866157869,384947,344142,595,
1034,61267,866157466,384093,344636,640,
1111,60660,866157588,384591,344613,573,
1069,61053,866158226,383640,344534,614,
1110,60533,866158054,384630,344207,602,
1115,60523,866158361,384110,344430,597,
1030,60714,866158363,384023,344373,633,
1065,60983,866157725,383932,344808,623,
1051,60768,866157901,384344,344460,612,
1046,60907,866157788,384573,344212,610,
1114,60981,866157549,384495,344397,600,
1063,60925,866157839,384223,344485,601,
1068,60830,866157552,384670,344391,625,
1104,60506,866157570,384403,344918,635,
1052,60872,866158058,383576,344939,639,
1000,60887,866158033,384296,344274,646,
1083,60759,866157005,384858,344798,633,
1043,61051,866158170,383707,344594,571,
1118,60703,866158090,384256,344378,591,
1043,60600,866157473,384810,344607,603,
1019,60636,866158178,383736,344907,660,
1080,60970,866157244,384627,344568,647,
1094,60855,866157723,383530,345326,608,
1086,60886,866157499,385086,343955,624,
1005,60746,866157853,383850,345069,613,
1028,60718,866157964,384130,344667,629,
1111,60695,866157518,384126,345061,625,
1073,60964,866157346,384690,344476,587,
1016,60973,866157737,384137,344662,611,
1050,60882,866157368,384868,344383,585,
1045,60840,866157555,383935,345166,595,
1081,60907,866157402,385039,344075,632,
1020,60714,866157765,384432,344559,646,
1073,60895,866157310,384456,344772,630,
1036,60884,866157417,384125,345064,610,
1077,60623,866157720,384456,344611,649,
1051,60843,866157519,383822,345326,575,
1044,60933,866157118,385257,344173,611,
1018,60898,866157660,383495,345435,630,
1078,60907,866157045,385168,344327,611,
1035,60923,866157546,384070,344960,602,
1057,60347,866158266,384133,344741,592,
1022,60807,866157170,384879,344665,593,
1037,60790,866157226,384922,344562,599,
1049,60421,866158078,384422,344514,652,
1075,60791,866157462,384074,345115,619,
1045,60719,866157529,384537,344718,588,
1008,60522,866157571,384343,345123,569,
1089,61073,866156525,385210,344662,577,
1049,60621,866156883,385168,344828,587,
1041,60689,866157810,384798,344226,572,
1038,60932,866157230,384730,344608,598,
995,60867,866157730,384671,344265,608,
1094,61055,866156207,384747,345443,590,
1038,60874,866157425,384890,344269,640,
1072,60781,866157769,384459,344454,601,
1069,60974,866157088,384137,345262,606,
1000,60878,866157181,384700,344778,599,
996,60953,866157297,383990,345322,578,
1065,60843,866157153,384944,344550,581,
1033,61107,866157400,384379,344600,617,
1088,61233,866157264,383916,345007,628,
1028,60858,866156821,385168,344594,667,
1050,60581,866157225,384319,345350,611,
1043,61085,866157109,383822,345451,626,
1079,60606,866157445,384697,344689,620,
1053,60809,866157115,384929,344600,630,
1035,60921,866156992,384652,344929,607,
1053,60623,866157566,384714,344589,591,
1061,60924,866157118,384626,344790,617,
1022,61028,866156793,384538,345126,629,
1066,60902,866157320,384490,344766,592,
1125,61181,866156596,384353,345280,601,
1074,60912,866157084,385014,344446,606,
1097,60960,866156657,385251,344612,559,
1000,61021,866156760,384480,345275,600,
1028,61098,866157183,384664,344527,636,
1030,60975,866157127,384705,344723,576,
1044,60799,866157043,384714,344904,632,
1083,60729,866157041,384938,344758,587,
1066,60830,866156746,384870,345040,584,
1062,60705,866157237,385076,344425,631,
1041,60736,866157252,384574,344974,559,
1079,61029,866156736,384813,344847,632,
1031,60752,866156617,385548,344615,573,
1063,60982,866157650,383839,345034,568,
971,61283,866156973,384591,344719,599,
1105,60604,866156919,384905,345002,601,
1090,61208,866156459,384937,344858,584,
1048,60719,866157491,384077,345183,618,
1035,60955,866156984,384568,345003,591,
1011,60694,866157378,384875,344577,601,
968,61247,866156393,384787,345139,602,
1022,61276,866157113,384400,344747,578,
1044,60901,866157431,384663,344469,628,
995,60899,866156866,384881,344846,649,
1127,60979,866156844,384512,345051,623,
1012,61034,866156344,385191,344929,626,
1029,61101,866156417,385241,344710,638,
1042,60805,866156521,385165,344982,621,
1063,60777,866156998,384981,344721,596,
1079,61021,866156862,384491,345079,604,
1042,60848,866156448,385491,344689,618,
1076,60998,866156950,384883,344648,581,
1087,60671,866156868,384811,345085,614,
1022,61034,866156334,385068,345060,618,
1039,60854,866156916,385099,344596,632,
1014,60602,866156827,385906,344223,564,
981,60825,866157091,384650,344987,602,
1008,60675,866157025,384946,344896,586,
1111,60914,866156509,385524,344471,607,
1021,61076,866157146,384067,345188,638,
1043,61132,866156498,384429,345456,578,
1030,60790,866156998,385044,344710,564,
1118,60757,866156433,385176,345035,617,
1006,60987,866156909,384877,344731,626,
1003,61124,866156102,385947,344353,607,
1019,60843,866156864,384037,345769,604,
1043,60836,866156582,384569,345510,596,
1052,60805,866157159,384620,344851,649,
1031,60881,866156793,384904,344916,611,
1028,61058,866156667,384891,344877,615,
1000,61097,866156148,385049,345227,615,
1047,60636,866157307,384650,344909,587,
1023,60724,866156890,384762,345066,671,
1104,60908,866156296,385224,344975,629,
1092,61048,866156994,384023,345362,617,
1081,60666,866156946,384687,345131,625,
1026,60780,866156625,385334,344794,577,
1070,61063,866156440,384996,344946,621,
1051,60974,866156633,384941,344950,587,
1034,60939,866156471,385196,344897,599,
1000,61082,866156765,384800,344913,576,
1040,61050,866155939,385694,344817,596,
1027,60999,866156569,384566,345382,593,
1034,61019,866156668,385387,344434,594,
1056,61139,866156136,384475,345707,623,
1070,60965,866156338,385711,344479,573,
1049,60651,866156852,384983,344998,603,
1035,60901,866156441,384990,345148,621,
1049,60745,866156689,385100,344987,566,
1054,61235,866156344,385071,344790,642,
1020,60666,866156096,386134,344663,557,
1015,61086,866156629,384560,345234,612,
982,60996,866156712,384648,345199,599,
1027,60962,866156762,384505,345284,596,
1104,60797,866155867,385196,345533,639,
1010,61080,866156204,385430,344802,610,
975,61055,866156605,384391,345489,621,
956,60923,866156964,384725,344967,601,
1011,60993,866156615,384850,345067,600,
1000,60745,866156424,385163,345204,600,
1003,61065,866156115,385143,345203,607,
1043,60731,866156830,384704,345246,582,
1065,60885,866156839,384900,344880,567,
991,60983,866155692,385974,344887,609,
1035,60906,866156652,385449,344492,602,
1100,60914,866156398,385286,344850,588,
1010,61018,866156326,385371,344812,599,
984,60959,866156531,385089,344973,600,
1021,60997,866156836,384137,345580,565,
1088,60770,866156445,385557,344616,660,
1060,60943,866156470,385375,344693,595,
1070,60999,866156545,384231,345696,595,
980,60927,866156538,384815,345272,604,
1043,60828,866157084,384988,344562,631,
1109,61057,866155865,385629,344898,578,
1027,61013,866156544,384758,345173,621,
1022,60928,866155597,385629,345397,563,
1055,60834,866156483,385376,344833,555,
1031,60763,866156597,384515,345615,615,
1070,60798,866156814,385547,344289,618,
1037,60779,866156383,385063,345255,619,
1041,61001,866156393,384827,345275,599,
991,60862,866156264,385818,344613,588,
1057,60593,866156643,384943,345298,602,
1020,60886,866156079,385260,345265,626,
987,60856,866156037,385653,345017,586,
1040,60678,866156629,385745,344436,608,
1030,60724,866156419,384922,345385,656,
1062,60895,866156566,385100,344920,593,
1028,60951,866156225,385513,344803,616,
1011,60989,866156450,385057,345007,622,
958,61162,866155901,386002,344522,591,
1050,60416,866156887,385258,344925,600,
1006,61128,866156554,384935,344913,600,
1035,60737,866156340,385104,345295,625,
1022,61054,866156484,384462,345501,613,
1060,61163,866156380,384752,345169,611,
1036,61004,866156665,384992,344815,624,
1057,60841,866155908,385724,344968,638,
1074,60840,866156469,385081,345020,652,
1017,61135,866155966,385443,344967,608,
1037,60997,866156058,385462,344983,599,
1048,60813,866156230,385791,344668,586,
1068,60792,866156503,384889,345312,572,
1007,60740,866156518,385387,344890,594,
994,61177,866155916,385813,344585,651,
1009,60799,866156341,384779,345630,578,
1024,60981,866156283,385134,345084,630,
1000,60698,866156768,384717,345386,567,
1081,60632,866156960,384541,345338,584,
992,60921,866156361,385644,344591,627,
1022,61261,866156633,384680,344967,573,
966,60967,866156639,385290,344641,633,
1027,60773,866156166,385219,345351,600,
997,60876,866156050,385302,345294,617,
1021,60854,866156196,385715,344749,601,
1013,60899,866156723,384854,345076,571,
1014,60938,866156032,385795,344799,558,
1068,60306,866156394,385926,344831,611,
1040,61093,866156373,385150,344897,583,
993,60796,866156375,384844,345556,572,
1037,61223,866156280,384569,345390,637,
1037,61146,866156497,385278,344614,564,
1015,61104,866156353,384780,345293,591,
1063,60985,866155853,386383,344240,612,
1063,61161,866156067,384566,345700,579,
1040,60954,866155932,385839,344756,615,
1026,61151,866155971,385258,345115,615,
1041,60992,866156562,384715,345218,608,
1012,60708,866156086,385581,345149,600,
956,60800,866156587,385329,344851,613,
1047,60957,866156134,384765,345591,642,
1021,60673,866156040,385903,344915,584,
1054,60883,866156449,385013,345155,582,
1068,60951,866156537,384484,345506,590,
1073,60746,866156059,385570,345096,592,
1051,61182,866156092,385054,345145,612,
1013,60716,866156443,385343,345054,567,
1035,61040,866156029,385774,344572,686,
1024,60802,866156124,385338,345248,600,
1018,60863,866155661,385690,345328,576,
1047,60664,866156329,385497,345033,566,
1033,60739,866156613,385322,344832,597,
1017,60858,866156074,384883,345698,606,
1068,60796,866156619,384968,345081,604,
1020,60735,866156568,385260,344948,605,
1013,61021,866155917,384768,345870,547,
1046,60735,866156657,385228,344881,589,
1020,60914,866156466,385239,344921,576,
1030,61069,866156036,385230,345221,550,
988,60884,866156407,385183,345089,585,
1033,60643,866156349,384902,345643,566,
1046,60671,866156969,384283,345569,598,
1020,61329,866156182,384369,345625,611,
999,60720,866156163,385440,345233,581,
1040,60954,866156131,385690,344715,606,
1033,60975,866155917,385482,345117,612,
1011,60859,866156520,385071,345036,639,
993,60838,866155832,385495,345363,615,
1025,60816,866156352,386023,344333,587,
991,61212,866156126,384774,345476,557,
1051,60899,866155993,385374,345233,586,
993,61252,866155673,385621,345012,585,
1035,61042,866155958,385019,345494,588,
1042,60730,866155942,385502,345326,594,
1003,60733,866156288,385981,344551,580,
1031,60927,866155931,386120,344491,636,
1036,61198,866155485,385083,345724,610,
1031,61085,866155904,385528,344984,604,
1015,60786,866155932,386000,344809,594,
1037,60795,866156200,385020,345458,626,
995,60953,866156164,385701,344756,567,
1043,61180,866155595,385398,345332,588,
980,61042,866155603,385247,345613,651,
1037,61138,866156042,385700,344607,612,
1088,60680,866155609,386572,344617,570,
1035,60909,866156130,385007,345442,613,
1004,60926,866155515,386336,344775,580,
1068,61065,866156082,385044,345307,570,
1037,61047,866155795,384955,345708,592,
1042,61026,866156175,385208,345069,616,
1013,61424,866155451,385523,345132,593,
1010,60983,866155866,385750,344911,616,
1050,61037,866155769,386137,344544,599,
993,60834,866156219,385206,345282,602,
1033,60853,866155811,385790,345078,571,
1024,60669,866156088,386038,344741,576,
1081,60929,866155614,385561,345333,618,
1050,60818,866155830,385079,345820,539,
1062,60929,866156180,385219,345159,587,
1010,60781,866155899,385792,345065,589,
1041,61000,866156092,384908,345505,590,
1050,61077,866156231,385342,344826,610,
1042,60765,866155365,386106,345266,592,
1025,60814,866155857,385271,345562,607,
1012,60732,866156246,385950,344589,607,
1036,61072,866155179,385722,345534,593,
1052,61030,866156226,385166,345074,588,
1042,60782,866155793,385457,345467,595,
1064,60996,866155752,385221,345486,617,
1006,60830,866155848,386005,344851,596,
1005,60720,866156251,385480,345103,577,
1084,61056,866155944,385517,344924,611,
1022,61028,866155559,385860,345041,626,
1006,61255,866155441,385984,344881,569,
1016,60998,866156149,384723,345691,559,
1007,61051,866155963,385307,345173,635,
1067,61374,866155137,385717,345273,568,
961,60927,866156117,384859,345679,593,
962,61141,866155678,384893,345844,618,
1077,60966,866156320,385292,344837,644,
1053,60611,866155865,385706,345302,599,
926,61159,866156039,385027,345407,578,
1008,60873,866155821,385720,345097,617,
1077,60643,866156005,385172,345623,616,
1054,60737,866155527,385498,345725,595,
1008,61139,866155926,385549,344927,587,
1094,60933,866155695,385994,344824,596,
1060,61014,866155801,385852,344834,575,
1037,61134,866156275,384840,345252,598,
1072,60805,866155892,385389,345399,579,
1047,60887,866155537,386272,344797,596,
1024,60687,866156172,385224,345454,575,
1017,61037,866156025,385379,345054,624,
1043,60540,866155951,386237,344765,600,
990,60874,866155782,386083,344781,626,
1040,60790,866156262,385543,344859,642,
1004,60824,866155864,385677,345196,571,
1025,61237,866155304,385598,345385,587,
1079,60730,866156395,385480,344828,624,
1036,60935,866155299,385843,345452,571,
948,61164,866155494,385374,345570,586,
1017,60833,866156182,384813,345701,590,
1056,61089,866155218,385937,345225,611,
1035,60688,866156423,385343,345064,583,
997,60849,866155786,385606,345290,608,
1013,61031,866155582,385913,345006,591,
1021,60822,866155774,386150,344798,571,
1008,60909,866156101,384842,345688,588,
994,60698,866155378,386099,345354,613,
993,60588,866155742,385903,345310,600,
1035,60840,866156270,385534,344871,586,
1056,60791,866155488,385823,345404,574,
1070,60933,866155466,386013,345094,560,
1006,60949,866155838,385120,345644,579,
1003,60836,866155539,385632,345537,589,
952,60629,866156288,385912,344798,557,
969,61202,866155286,386179,344878,622,
972,60926,866156069,384331,346285,553,
988,61082,866155119,386351,345082,514,
986,61228,866155428,385439,345456,599,
1018,61049,866155339,385611,345432,687,
1014,60914,866155602,385741,345295,570,
978,60905,866155641,385848,345203,561,
1073,61159,866155190,385943,345176,595,
1014,60964,866155931,385252,345425,550,
1038,61015,866155811,385356,345336,580,
1074,60910,866155834,385103,345622,593,
1012,60695,866155499,385942,345381,607,
1019,60925,866155609,386040,344987,556,
1021,61113,866155652,385755,344991,604,
1001,60936,866155860,384887,345896,556,
1024,60895,866155551,385716,345378,572,
1029,60780,866156376,385150,345214,587,
1056,60954,866155506,385257,345810,553,
1016,60672,866155710,385858,345337,543,
987,61010,866156144,384708,345717,570,
1042,61002,866155608,384824,346092,568,
1067,60590,866155561,386009,345352,557,
1001,60916,866155503,385384,345799,533,
1041,61114,866155451,385633,345356,541,
1009,60813,866155846,385512,345357,599,
1017,61206,866155178,385305,345869,561,
977,60786,866156200,385317,345242,614,
968,60889,866155935,385309,345454,581,
1052,60966,866155173,385804,345559,582,
989,60878,866155764,385479,345472,554,
990,61092,866155439,385248,345800,567,
1011,60936,866155413,386016,345129,631,
1015,60823,866156271,385263,345208,556,
1048,60610,866155852,385857,345218,551,
948,61047,866155261,385951,345338,591,
992,60932,866155500,385714,345365,633,
961,61156,866155637,385528,345238,616,
985,61024,866155515,385844,345200,568,
1023,60900,866155645,385581,345379,608,
1030,60808,866156023,385728,344924,623,
1028,61060,866154917,386185,345370,576,
1047,60786,866155967,385351,345375,610,
1026,61156,866155122,386122,345125,585,
1038,60992,866154921,386077,345551,557,
1000,60688,866155767,385721,345376,584,
979,61102,866155387,386240,344881,547,
1043,60719,866155721,385787,345298,568,
1024,60803,866155246,386246,345203,614,
992,61202,866155354,384940,346078,570,
1013,60634,866155692,386406,344790,601,
1002,61287,866155691,385812,344759,585,
1005,61070,866155841,385339,345302,579,
995,61100,866155140,385996,345324,581,
995,61197,866155130,385462,345805,547,
1034,60769,866155502,385966,345234,631,
1074,60557,866155543,385610,345753,599,
990,60998,866155741,385717,345111,579,
977,61289,866155397,385720,345150,603,
992,60958,866156013,385154,345386,633,
1011,60934,866156083,384962,345527,619,
1044,61054,866155689,385832,344970,547,
1006,60782,866155893,385822,345040,593,
1018,60821,866155564,385919,345238,576,
996,61014,866154899,386185,345436,606,
1012,60770,866156388,385051,345349,566,
971,60888,866156021,385669,345003,584,
1024,60697,866155714,385456,345671,574,
994,61039,866155265,385966,345287,585,
1011,61015,866155021,386129,345370,590,
1047,61030,866154741,386115,345603,600,
1033,61198,866154748,386016,345510,631,
958,60947,866155714,385219,345684,614,
990,60902,866155607,386375,344660,602,
1047,60685,866155221,386046,345601,536,
986,61056,866155805,385420,345306,563,
1022,60936,866155019,386686,344868,605,
1032,60692,866155859,385890,345064,599,
1031,61047,866155694,385170,345590,604,
1020,60911,866155656,385816,345179,554,
1011,60956,866155428,385636,345521,584,
1034,61112,866155286,385381,345753,570,
984,61060,866155181,385911,345423,577,
1036,60826,866156026,385444,345210,594,
1003,60888,866155326,386478,344929,511,
979,61008,866155554,386084,344891,620,
1029,60821,866155732,385775,345185,594,
1027,60793,866155235,385623,345867,591,
1066,60943,866155689,385387,345485,566,
990,60837,866155398,386460,344869,582,
1018,61214,866154944,385256,346121,583,
962,61248,866155390,386152,344829,555,
1014,60843,866155695,385385,345584,615,
952,60954,866155316,385581,345758,575,
1013,60822,866155854,386156,344693,598,
1041,61079,866155405,385647,345340,624,
997,60887,866155337,385867,345425,623,
1023,61092,866154963,386231,345236,591,
1036,60901,866155638,386046,344951,564,
954,60709,866155949,385169,345781,574,
994,61395,866154920,385348,345909,570,
962,60962,866155519,385596,345473,624,
1042,60716,866156049,385189,345579,561,
1023,60810,866155922,385745,345063,573,
1004,60724,866155206,385861,345813,528,
1027,60684,866155357,385709,345741,618,
1082,60922,866155358,385456,345738,580,
1023,60927,866156176,385205,345193,612,
1030,60852,866155665,385488,345482,619,
1015,61052,866155546,385839,345079,605,
985,61035,866155488,385649,345424,555,
1011,60945,866154917,386522,345164,577,
1007,60945,866155754,385965,344885,580,
985,60882,866155648,385581,345456,584,
1005,61107,866155593,385360,345481,590,
1002,60919,866155153,386160,345318,584,
961,60999,866155869,385476,345228,603,
997,60825,866155646,386180,344890,598,
1043,60787,866154975,386602,345158,571,
940,60804,866155353,386137,345324,578,
938,60824,866155324,386069,345396,585,
1096,60728,866155553,385513,345653,593,
1081,61156,866155227,385369,345696,607,
1048,60994,866155389,385567,345581,557,
1065,61102,866154892,386019,345461,597,
1019,61014,866155249,385703,345563,588,
1005,61206,866154984,386477,344901,563,
1016,61139,866155327,385951,345110,593,
1044,60626,866155465,386137,345321,543,
1013,61129,866155148,386145,345103,598,
977,60849,866155647,385371,345734,558,
1004,61012,866155133,386475,344913,599,
1065,60674,866155769,385442,345620,566,
1033,61033,866155203,385877,345409,581,
1001,60805,866155282,386035,345407,606,
1031,61049,866155428,385918,345144,566,
1028,60783,866155008,386299,345405,613,
1067,60553,866155502,385683,345752,579,
1002,61074,866155019,386062,345384,595,
980,60752,866154863,386543,345443,555,
974,60932,866155396,385904,345353,577,
1024,60768,866155734,385489,345518,603,
983,61178,866155026,385504,345890,555,
1004,61017,866155182,386365,344998,570,
989,61227,866155407,385950,344985,578,
1008,60973,866155179,385667,345744,565,
1039,60915,866154645,385846,346117,574,
940,61138,866155588,385573,345312,585,
1033,60745,866155782,385465,345537,574,
942,61256,866155230,385636,345524,548,
1002,61041,866155480,385709,345322,582,
942,61149,866155507,385740,345191,607,
999,60798,866155679,386038,345018,604,
1045,60924,866155196,386945,344442,584,
1036,60906,866155645,385354,345532,663,
992,60863,866155127,386141,345426,587,
940,61096,866155171,385871,345488,570,
1047,61199,866154903,385942,345458,587,
952,61147,866155177,385774,345509,577,
965,60831,866155096,386181,345447,616,
1018,60722,866155450,386065,345329,552,
968,60947,866155430,385675,345551,565,
981,61124,866154748,385932,345769,582,
947,60709,866155496,386075,345323,586,
956,61028,866155394,385187,345968,603,
1020,60900,866155515,385957,345186,558,
969,60537,866155845,385977,345253,555,
1027,61004,866155169,385760,345605,571,
1027,60794,866154909,386089,345750,567,
1003,60800,866155397,385655,345725,556,
981,61000,866155559,385718,345318,560,
1006,60955,866155433,385383,345772,587,
1045,60861,866155375,385204,346041,610,
1046,61043,866154713,386834,344963,537,
953,61029,866156075,385235,345248,596,
1041,60798,866155271,385656,345768,602,
1037,60953,866155438,385990,345124,594,
985,60742,866155344,386121,345380,563,
974,60962,866155352,385362,345918,568,
1026,60934,866155095,386522,344995,564,
1009,60948,866155628,385742,345219,590,
975,60603,866155466,386108,345391,593,
1023,61040,866155297,385612,345608,556,
1060,60802,866155134,385216,346369,555,
1019,60825,866155259,386108,345295,630,
1014,61056,866155111,385297,346092,566,
959,60726,866155806,385583,345507,555,
938,60726,866155383,386232,345266,591,
1043,60710,866155233,386370,345175,605,
1029,61170,866155326,386004,345060,547,
1008,61175,866154901,386021,345474,557,
994,61159,866155282,385819,345317,565,
1029,61220,866154367,386322,345623,575,
1012,60991,866155318,385594,345672,549,
1012,61055,866155310,385724,345456,579,
967,61160,866154913,385819,345699,578,
987,61151,866154773,386252,345393,580,
986,61301,866154575,385708,346039,527,
981,60766,866155249,386725,344870,544,
989,60941,866155458,385108,346082,558,
1045,60789,866155548,386805,344372,577,
1030,60493,866155950,385533,345538,592,
1036,60996,866155139,386257,345148,560,
1000,61218,866155190,386017,345130,581,
952,60963,866155113,386316,345212,580,
1061,61141,866155295,385573,345488,578,
983,61265,866154887,386266,345129,606,
970,61017,866155212,385932,345398,607,
983,61062,866154683,385985,345886,537,
993,60900,866154965,386798,344866,614,
964,61107,866155081,385431,345967,586,
1032,60892,866155217,386263,345154,578,
987,60672,866155246,386705,344985,540,
992,61011,866155230,386039,345287,577,
966,60935,866155563,385823,345279,570,
994,60875,866155367,386641,344672,587,
979,61241,866154697,386207,345454,558,
1018,60785,866155220,386335,345240,538,
1072,61179,866155049,384962,346308,566,
980,60890,866155277,386326,345080,583,
1038,60747,866155347,386009,345403,592,
980,60917,866155130,386589,344927,593,
1023,60450,866155676,385699,345692,596,
964,60899,866156009,385112,345568,584,
1005,60727,866155595,385511,345741,557,
1024,60627,866155620,386056,345272,537,
988,61014,866154927,385908,345764,535,
1038,60725,866155290,385884,345593,606,
1030,60811,866154975,386381,345375,564,
1001,60930,866155070,386020,345536,579,
996,61063,866154555,386468,345458,596,
988,60980,866155559,385738,345276,595,
1032,60930,866155142,386227,345211,594,
971,61052,866154775,386858,344880,600,
1004,61090,866155533,385344,345573,592,
976,60784,866155508,386030,345282,556,
1010,61131,866155246,385616,345528,605,
962,61216,866154325,386913,345152,568,
1019,61096,866154879,386124,345455,563,
1064,60723,866155311,386237,345219,582,
985,60959,866154803,386821,345008,560,
1020,60443,866155640,386220,345266,547,
1025,61141,866154455,386550,345380,585,
989,60963,866155406,385859,345349,570,
1039,61008,866154778,385990,345738,583,
999,60981,866155227,386088,345279,562,
1013,61117,866155473,385762,345177,594,
1030,60868,866155178,385978,345460,618,
1032,60854,866155407,386273,344978,592,
1000,61015,866155149,386054,345370,548,
982,60805,866155227,387032,344506,584,
959,60922,866155196,385066,346368,625,
1004,61114,866154590,386691,345202,535,
1002,61085,866154972,385566,345930,581,
967,61160,866154588,385962,345896,563,
1040,60998,866155077,386066,345349,606,
1008,60926,866155229,385866,345500,607,
979,60972,866155328,386123,345144,590,
1013,60931,866155345,385566,345712,569,
969,61144,866155126,385840,345455,602,
1011,61216,866154696,386424,345206,583,
945,61077,866155090,385793,345654,577,
1054,61100,866154709,386192,345531,550,
1003,61165,866154923,387192,344276,577,
1007,61154,866154998,385745,345655,577,
998,60963,866155410,385839,345376,550,
1004,61201,866155233,385854,345284,560,
1003,61323,866155058,385308,345885,559,
996,60757,866155390,385500,345917,576,
957,60613,866155569,386458,344967,572,
936,60876,866155177,386113,345427,607,
1024,60996,866155403,385275,345857,581,
957,61164,866155083,385961,345370,601,
999,61253,866154977,385123,346226,558,
1030,60909,866154722,386415,345455,605,
1044,61067,866154849,386211,345368,597,
961,61149,866154957,385795,345669,605,
1003,60751,866155266,385954,345644,518,
1034,60979,866155112,385338,346092,581,
1009,60936,866154956,386161,345482,592,
994,61064,866154870,386157,345460,591,
914,61116,866155171,385858,345480,597,
992,60916,866155469,385499,345674,586,
1027,61068,866154894,385606,345936,605,
1049,60836,866155271,385730,345631,619,
974,60646,866155026,386734,345213,543,
969,61026,866154782,386145,345620,594,
988,60744,866155181,386209,345389,625,
1031,60661,866155416,386570,344862,596,
953,61043,866155092,385455,345991,602,
1005,61073,866154942,386090,345465,561,
989,60768,866155530,386565,344715,569,
1060,61056,866154739,386129,345548,604,
1036,60906,866154873,385947,345805,569,
1006,60875,866155332,385766,345580,577,
1061,60939,866155155,385727,345665,589,
1037,61146,866155372,385009,345953,619,
933,61159,866155646,386264,344535,599,
1047,61129,866154700,385715,345947,598,
982,60814,866155276,386385,345111,568,
1050,60687,866155396,386078,345353,572,
977,61341,866154875,385882,345474,587,
1016,61037,866155396,386063,345073,551,
1043,60976,866154948,386204,345383,582,
1020,60929,866155454,385767,345380,586,
1014,60783,866155529,385599,345578,633,
948,60818,866155258,386299,345236,577,
1023,60854,866155114,386594,344975,576,
996,60734,866155391,385383,346085,547,
998,61255,866154518,385905,345896,564,
947,61353,866154935,386331,344968,602,
981,60848,866154757,386703,345269,578,
984,61354,866155699,384348,346173,578,
981,61246,866154701,386122,345539,547,
987,60931,866155328,386362,344925,603,
995,61082,866155114,385406,345972,567,
965,61086,866155034,385744,345720,587,
1004,60907,866155347,385706,345560,612,
1016,60935,866154796,386311,345496,582,
1053,61207,866155161,385095,346033,587,
1040,60724,866155441,386420,344922,589,
977,61192,866155100,385713,345563,591,
999,60726,866155101,386178,345561,571,
1036,60956,866155118,385967,345485,574,
1005,60809,866155257,385788,345747,530,
1013,60693,866155179,385851,345834,566,
1043,61044,866154543,386425,345539,542,
1023,60789,866154564,386841,345337,582,
952,60873,866155087,386641,345025,558,
971,60770,866155460,385873,345489,573,
1003,61012,866155127,385536,345916,542,
1044,60856,866155220,386012,345394,610,
966,61024,866155075,385224,346323,524,
1060,61222,866154766,386319,345225,544,
1009,60947,866155194,385430,346004,552,
966,60850,866155399,386154,345169,598,
1003,61071,866155408,385398,345643,613,
959,60953,866155509,385604,345510,601,
1025,61016,866154733,386410,345378,574,
1033,61050,866155515,385687,345286,565,
973,61324,866154663,386062,345543,571,
955,61053,866154610,386296,345633,589,
942,61284,866154894,385794,345689,533,
963,61141,866154878,386201,345309,644,
991,60443,866155940,386172,344977,613,
978,61008,866155023,385999,345516,612,
980,61175,866155305,385805,345312,559,
1019,61038,866154937,386307,345278,557,
1047,60996,866155068,385844,345595,586,
1033,61074,866155060,385744,345636,589,
987,60854,866154904,386287,345518,586,
1030,60833,866154950,386571,345152,600,
1015,61135,866154962,385777,345666,581,
999,61216,866155345,385784,345231,561,
961,61007,866155669,385403,345505,591,
1009,61161,866154842,386423,345119,582,
978,61151,866155174,385673,345538,622,
996,60873,866155395,386090,345233,549,
1012,60767,866154897,386455,345460,545,
965,60893,866155861,385197,345580,640,
1024,60836,866155294,385998,345404,580,
1021,60844,866155313,385526,345848,584,
1038,61049,866155158,385365,345893,633,
984,60855,866155049,386707,344962,579,
959,61139,866154708,386042,345720,568,
1018,61310,866154912,386057,345225,614,
1005,61185,866154683,386519,345189,555,
960,60814,866155267,385877,345670,548,
978,61118,866155225,385098,346124,593,
1009,60896,866155122,386379,345191,539,
977,61075,866154974,386207,345314,589,
985,61021,866155136,386239,345198,557,
980,60908,866154788,386641,345206,613,
977,60993,866155060,386082,345459,565,
1005,60752,866155241,385880,345649,609,
1018,61153,866154768,386461,345144,592,
1004,61337,866154530,386319,345379,567,
996,61025,866154756,386086,345655,618,
965,60964,866154975,386317,345335,580,
964,60774,866155733,385486,345578,601,
950,61023,866155221,385936,345444,562,
948,60985,866155393,386523,344714,573,
979,61335,866154366,386382,345525,549,
947,61090,866155154,386289,345101,555,
988,60894,866154780,386627,345242,605,
928,60776,866155640,385919,345286,587,
977,61080,866154930,386141,345453,555,
923,60682,866155320,386118,345480,613,
992,61524,866153877,386534,345602,607,
989,60832,866155348,385983,345437,547,
996,60982,866154855,386530,345238,535,
1003,61069,866154933,385855,345713,563,
1001,61080,866155175,386235,345076,569,
1012,61376,866154314,385870,345999,565,
1013,60970,866155077,386043,345482,551,
942,60772,866155392,386011,345374,645,
1002,61107,866154880,386044,345513,590,
1013,60726,866155227,386150,345461,559,
906,60846,866155099,386323,345368,594,
954,61097,866154591,387004,344932,558,
974,60937,866155440,385844,345354,587,
913,61124,866154997,385925,345619,558,
943,61101,866154784,386707,345006,595,
977,61314,866154813,386090,345351,591,
990,61199,866154846,385930,345639,532,
1004,60691,866154806,386770,345306,559,
965,60942,866155183,386543,344936,567,
992,60711,866155301,386172,345366,594,
1007,60698,866155069,386499,345294,569,
983,60926,866155182,386038,345420,587,
942,61015,866155073,386287,345245,574,
1081,61015,866154968,386280,345224,568,
1038,61198,866154756,386091,345473,580,
948,60952,866155290,386386,344965,595,
950,60827,866155422,386289,345091,557,
1002,60977,866154989,386437,345131,600,
985,61056,866155333,385400,345777,585,
1025,61173,866154892,385747,345766,533,
995,60993,866154753,386350,345429,616,
970,60850,866155075,386334,345300,607,
969,60898,866154814,386965,344930,560,
1046,60880,866154927,385666,346065,552,
977,60629,866155340,386017,345627,546,
989,61127,866154167,386857,345412,584,
999,60772,866155315,385693,345772,585,
954,61180,866154855,386466,345085,596,
988,61154,866155077,385723,345629,565,
1006,61316,866154913,385576,345746,579,
983,61136,866154471,385603,346359,584,
1009,60904,866154360,386722,345576,565,
1015,61116,866154687,386575,345165,578,
995,60789,866154984,385848,345921,599,
968,61181,866155163,386265,344957,602,
941,61327,866154820,385514,345982,552,
1002,60499,866155405,386407,345303,520,
953,60986,866155062,386131,345398,606,
984,60987,866155013,386441,345171,540,
960,60847,866155404,385751,345603,571,
942,60914,866154726,386712,345262,580,
959,60693,866155446,386123,345361,554,
964,60982,866155100,386245,345297,548,
992,60726,866155153,385827,345863,575,
992,60994,866154870,386700,345033,547,
987,60945,866154796,386832,345002,574,
965,61158,866154994,386073,345377,569,
1036,60958,866155076,386204,345262,600,
1006,60886,866155065,386245,345365,569,
991,60614,866154918,386699,345338,576,
966,61019,866154995,385420,346168,568,
957,60909,866154860,386760,345081,569,
993,61332,866154531,386706,345006,568,
1000,61208,866154493,386374,345496,565,
908,61050,866154854,386471,345308,545,
978,61132,866154933,385883,345637,573,
1005,61266,866154752,386357,345208,548,
991,61423,866154728,386204,345192,598,
959,60822,866155334,385714,345753,554,
954,61005,866154920,386021,345698,538,
978,60863,866154635,386348,345744,568,
957,61206,866155007,386266,345126,574,
1020,61058,866154716,386642,345151,549,
1012,61076,866154739,386123,345630,556,
1006,61092,866154936,386692,344795,615,
937,60782,866154757,386587,345506,567,
1015,61050,866154747,386394,345355,575,
1008,60867,866155063,386133,345497,568,
940,61230,866154616,386927,344838,585,
963,61219,866154538,386049,345772,595,
969,60919,866155008,386552,345109,579,
1001,61063,866154538,386508,345414,612,
968,60917,866154967,386519,345177,588,
982,61092,866155037,386061,345397,567,
988,61206,866154669,386571,345079,621,
1024,61101,866154974,385945,345507,585,
922,61022,866155580,385656,345407,549,
1002,61035,866154386,386410,345763,540,
946,60828,866155696,385616,345482,568,
1019,61078,866155133,386044,345294,568,
970,60970,866154341,386980,345234,641,
971,60959,866155300,386281,345029,596,
1074,61005,866154880,386398,345179,600,
964,61003,866154686,385911,345996,576,
948,61226,866154484,386136,345782,560,
976,61016,866155042,386240,345276,586,
1004,60870,866155163,386116,345403,580,
1046,60892,866154578,386445,345598,577,
927,61268,866154893,386040,345385,623,
926,61013,866154622,386382,345650,543,
990,60846,866154859,386865,345007,569,
955,60983,866154892,386187,345486,633,
985,60957,866154909,386196,345510,579,
980,60706,866155041,387058,344768,583,
964,60988,866155397,386359,344841,587,
1000,61001,866154707,386371,345470,587,
978,61109,866154753,386017,345708,571,
968,60878,866155131,385863,345728,568,
958,60996,866155103,385888,345627,564,
985,60653,866155059,386761,345094,584,
966,61172,866154708,386220,345484,586,
964,60888,866155188,386220,345322,554,
1000,60892,866154629,386356,345672,587,
991,60957,866154827,385748,346038,575,
1029,60999,866155107,385868,345535,598,
1008,61029,866154576,386223,345727,573,
960,60893,866155237,385752,345702,592,
989,60680,866154938,387051,344859,619,
1014,61523,866154331,386220,345494,554,
969,60952,866154869,386318,345501,527,
961,60735,866154841,386660,345387,552,
936,60935,866154810,386659,345192,604,
998,60983,866154425,386596,345555,579,
976,60885,866154564,386452,345711,548,
956,61174,866154903,385799,345750,554,
999,61039,866154200,386841,345495,562,
937,61357,866154184,386679,345372,607,
930,60733,866155457,385872,345569,575,
1000,60845,866155009,385984,345748,550,
1013,60941,866154601,386207,345789,585,
973,60946,866154987,386168,345482,580,
972,61430,866154560,385989,345621,564,
927,61093,866154575,386296,345721,524,
953,60579,866155270,386765,345007,562,
961,61166,866154910,385827,345684,588,
940,61138,866155156,385513,345840,549,
959,60820,866155013,386074,345668,602,
957,60947,866155118,385860,345672,582,
955,61505,866154704,385386,346001,585,
1037,60600,866155383,385364,346188,564,
988,60723,866155324,385704,345832,565,
981,60993,866154812,385747,346045,558,
976,60992,866154881,386057,345657,573,
967,61147,866154638,386718,345065,601,
982,61130,866154613,386152,345630,629,
889,60972,866154904,386721,345021,629,
998,60958,866154838,385902,345887,553,
942,61000,866154461,386939,345254,540,
943,60693,866155535,385838,345557,570,
963,60875,866154739,386653,345300,606,
958,60890,866154790,386449,345477,572,
977,60906,866154880,386800,344983,590,
944,60955,866154287,386988,345391,571,
962,60982,866155004,386461,345151,576,
1006,60827,866154709,385698,346275,621,
956,61126,866154787,385879,345796,592,
958,61096,866155123,385591,345791,577,
946,60994,866154876,387061,344663,596,
997,61128,866154552,386418,345448,593,
1019,61139,866154181,387060,345106,631,
985,61114,866154944,386244,345306,543,
974,60917,866154604,386402,345657,582,
955,60993,866155184,386167,345259,578,
1030,60971,866154671,386513,345400,551,
985,60978,866154538,386524,345579,532,
1034,60865,866154479,386147,346056,555,
1006,60885,866155109,386050,345508,578,
966,60896,866154959,386184,345535,596,
1047,61038,866154865,386494,345128,564,
952,61009,866155019,386129,345438,589,
988,60835,866154967,386799,344968,579,
999,60785,866154832,386195,345752,573,
963,60951,866155076,386409,345166,571,
995,60724,866155319,386630,344879,589,
988,60917,866154689,386967,345031,544,
999,60674,866155008,386540,345347,568,
1019,60825,866154788,386341,345606,557,
987,60644,866154833,386932,345159,581,
921,61129,866155188,386319,344958,621,
969,60881,866154785,386433,345492,576,
992,60564,866155006,386106,345935,533,
935,60710,866155081,387065,344795,550,
932,61014,866154488,386142,345984,576,
982,60849,866154824,385463,346464,554,
1013,60880,866155361,386051,345282,549,
929,61048,866154266,387026,345286,581,
1038,61179,866154146,386412,345824,537,
944,61169,866155479,385540,345442,562,
982,61144,866154399,386286,345723,602,
933,61003,866154790,386506,345270,634,
978,60802,866154634,386859,345294,569,
1025,60823,866155132,386592,344972,592,
973,60853,866155107,386183,345464,556,
960,60680,866155055,385971,345867,603,
