8617,37409,5443720769,348222,397395,8957,
9066,63626,5443459099,452740,526183,10655,
5993,79564,5443340139,500243,585735,9695,
4058,82861,5443304269,537943,583012,9226,
3263,84710,5443281839,558174,584723,8660,
2893,86282,5443268930,559963,594196,9105,
2703,87093,5443259760,566576,596654,8583,
2389,87241,5443255495,569764,597889,8591,
2304,87752,5443251979,570795,599844,8695,
2114,88500,5443248493,574989,598629,8644,
2094,88068,5443248254,575837,598825,8291,
2024,88126,5443246091,577678,599089,8361,
1980,88195,5443245473,578807,598686,8228,
1919,87901,5443244241,579601,599380,8327,
1867,88617,5443243255,578693,600706,8231,
1848,88563,5443242523,580243,600009,8183,
1801,88875,5443241160,580134,601151,8248,
1796,88695,5443240566,581512,600521,8279,
1776,88813,5443240517,581577,600480,8206,
1769,88875,5443239504,582037,601079,8105,
1730,88714,5443239344,582790,600511,8280,
1672,88983,5443238364,582725,601414,8211,
1651,88966,5443237883,583910,600916,8043,
1752,89124,5443238215,582275,601912,8091,
1727,88794,5443237338,583854,601515,8141,
1657,89095,5443237188,582538,603010,7881,
1659,88892,5443236788,583970,602117,7943,
1692,89154,5443236688,583235,602374,8226,
1666,89146,5443236145,583738,602614,8060,
1698,89014,5443236138,584246,602364,7909,
1678,88895,5443236005,584876,601794,8121,
1690,88822,5443235597,585603,601912,7745,
1746,89132,5443234155,584855,603534,7947,
1643,89058,5443235316,584478,603034,7840,
1576,89210,5443161060,585299,602596,7841,
1636,89480,5443160315,584738,603564,7849,
1714,89073,5443160422,584870,603549,7954,
1587,89285,5443161114,585226,602449,7921,
1676,89143,5443159720,586437,602777,7829,
1599,88925,5443159899,585749,603572,7838,
1597,89076,5443159357,586785,602959,7808,
1628,89064,5443159558,586112,603496,7724,
1603,89088,5443159743,585642,603668,7838,
1665,89195,5443160015,585847,603187,7673,
1649,89369,5443158976,586261,603606,7721,
1615,89396,5443159000,586934,602843,7794,
1674,88808,5443159094,586386,603673,7947,
1633,88897,5443159298,586112,603851,7791,
1587,89355,5443158375,587277,603269,7719,
1641,89519,5443158875,585794,604109,7644,
1628,89264,5443158662,587582,602714,7732,
1583,89121,5443158620,586273,604182,7803,
1640,89403,5443158586,586347,603787,7819,
1591,89316,5443158401,587106,603463,7705,
1628,88970,5443158701,586588,603899,7796,
1569,89078,5443158159,586416,604682,7678,
1656,88876,5443158401,587415,603400,7834,
1574,89145,5443157876,586617,604852,7518,
1649,89112,5443158162,587467,603504,7688,
1592,88612,5443158183,587397,604127,7671,
1600,89151,5443158081,587351,603888,7511,
1664,89083,5443157975,586325,604897,7638,
1591,89076,5443157688,586897,604665,7665,
1622,89327,5443157201,588044,603668,7720,
1636,88898,5443156881,587918,604527,7722,
1615,89205,5443156994,588352,603751,7665,
1686,89204,5443156430,589467,603178,7617,
1603,89569,5443157504,587010,604167,7729,
1567,89277,5443156930,587802,604260,7684,
1605,89357,5443156482,588811,603551,7776,
1618,89353,5443156528,588541,603831,7711,
1582,89379,5443156726,588335,603864,7696,
1630,89352,5443156677,588674,603701,7548,
1604,89493,5443156193,587943,604651,7698,
1639,89355,5443156197,589188,603469,7734,
1589,88920,5443157086,588423,603795,7769,
1621,89057,5443156287,589431,603645,7541,
1574,89066,5443157079,587903,604292,7668,
1554,89210,5443156687,588811,603667,7653,
1547,89215,5443156789,588167,604454,7410,
1594,89138,5443156393,588552,604265,7640,
1533,89200,5443157228,588669,603230,7722,
1568,89294,5443155660,588815,604676,7569,
1585,89415,5443155666,588051,605240,7625,
1564,89266,5443082463,587887,605078,7537,
1586,89424,5443082425,588498,604159,7703,
1532,89677,5443081793,589104,603988,7701,
1567,89254,5443082451,588836,604063,7624,
1594,88602,5443082806,588542,604648,7603,
1551,89107,5443081918,589297,604426,7496,
1567,89183,5443081830,589261,604356,7598,
1544,89250,5443082259,588614,604545,7583,
1584,89228,5443081654,588680,605103,7546,
1545,88958,5443082621,588379,604755,7537,
1588,89411,5443081345,589483,604448,7520,
1513,89283,5443081514,589188,604722,7575,
1647,89559,5443081383,588875,604820,7511,
1580,89146,5443081829,588775,604973,7492,
1535,89448,5443082079,588854,604326,7553,
1592,89245,5443081839,588921,604581,7617,
1586,88661,5443082282,589112,604663,7491,
1605,89518,5443081254,589289,604649,7480,
1542,89106,5443081940,588623,605042,7542,
1532,89068,5443082215,589428,604174,7378,
1569,89055,5443081600,589544,604375,7652,
1622,88810,5443082139,589354,604268,7602,
1578,89152,5443081230,589488,604765,7529,
1554,89326,5443081569,589039,604954,7353,
1589,89289,5443081904,588473,604990,7550,
1485,89472,5443081890,588372,605079,7497,
1527,89360,5443081029,589347,604968,7564,
1578,89306,5443081002,589611,604784,7514,
1513,89231,5443081250,589724,604433,7644,
1604,89287,5443080806,589100,605592,7406,
1478,89360,5443081139,589142,605198,7478,
1562,89272,5443080800,589627,605029,7505,
1542,89267,5443081510,588779,605166,7531,
1531,89599,5443081346,589313,604398,7608,
1577,89371,5443081335,588813,605117,7582,
1608,89277,5443081261,588876,605416,7357,
1582,89119,5443082019,588618,604952,7505,
1550,89225,5443080939,589033,605603,7445,
1541,89357,5443081510,588654,605162,7571,
1606,89241,5443081369,589292,604744,7543,
1591,89210,5443081099,589342,605040,7513,
1509,89161,5443081289,589217,605258,7361,
1530,89062,5443081326,588254,606084,7539,
1552,88729,5443081402,590371,604462,7279,
1529,89639,5443080898,588833,605521,7375,
1580,89704,5443081092,588379,605577,7463,
1534,89215,5443081030,589271,605194,7551,
1479,89488,5443080560,590264,604516,7488,
1535,89357,5443081028,589156,605003,7716,
1544,89116,5443080905,588926,605798,7506,
1545,89320,5443081074,590099,604235,7522,
1486,89686,5443080724,589546,604844,7509,
1548,89380,5443080760,589711,604819,7577,
1605,89074,5443081398,589282,604917,7519,
1600,89694,5443079320,591015,604790,7376,
1550,89623,5443080683,589001,605356,7582,
1550,89319,5443080893,589975,604468,7590,
1544,89467,5443081004,589322,604925,7533,
1540,89277,5443080407,589728,605283,7560,
1616,89460,5443080356,589452,605438,7473,
1502,89182,5443081016,589053,605519,7469,
1569,89532,5443080718,589138,605314,7524,
1554,89634,5443080465,589066,605597,7479,
1518,89738,5443080581,588993,605454,7511,
1545,89178,5443080233,590566,604630,7643,
1592,89305,5443080621,589318,605486,7473,
1525,89434,5443080585,589455,605235,7561,
1549,89383,5443080610,589869,605038,7346,
1486,89899,5443080205,588837,605773,7595,
1541,89614,5443079797,589004,606426,7413,
1537,89533,5443080172,589925,605018,7610,
1516,89255,5443080487,589701,605371,7465,
1591,89455,5443079480,590308,605504,7457,
1592,89573,5443080253,588966,605840,7571,
1524,89105,5443081162,588935,605637,7432,
1550,89475,5443080296,590080,604902,7492,
1553,89470,5443080306,588988,605976,7502,
1563,89106,5443080638,590139,604980,7369,
1470,89541,5443080243,589060,606083,7394,
1581,89593,5443079733,589847,605611,7430,
1448,89441,5443080048,590122,605302,7434,
1475,89173,5443080404,590187,604970,7586,
1505,89520,5443079995,590929,604372,7474,
1512,89594,5443079766,590616,604813,7494,
1580,89162,5443080078,589859,605697,7419,
1419,89484,5443080600,589578,605308,7406,
1471,89415,5443080088,590223,605189,7409,
1559,89504,5443080077,590608,604547,7500,
1465,89300,5443080793,588979,606027,7231,
1516,89767,5443080480,588886,605729,7417,
1551,89248,5443080293,589773,605486,7444,
1519,89387,5443079872,590881,604652,7484,
1511,89636,5443079985,589748,605554,7361,
1467,89446,5443080039,589652,605836,7355,
1503,89364,5443079832,590360,605330,7406,
1548,89628,5443079494,590795,604962,7368,
1529,89360,5443079611,589958,605848,7489,
1468,89369,5443080260,590518,604696,7484,
1484,89311,5443079900,590101,605586,7413,
1505,89207,5443079977,590410,605202,7494,
1502,89157,5443080488,590502,604648,7498,
1518,89120,5443080138,590152,605451,7416,
1558,89225,5443080333,590607,604652,7420,
1494,89571,5443079675,589954,605698,7403,
1519,89459,5443080218,589417,605664,7518,
1517,89706,5443079733,589958,605430,7451,
1556,89621,5443080052,589457,605725,7384,
1502,89448,5443079416,590516,605444,7469,
1542,89649,5443079808,589191,606247,7358,
1528,89776,5443079585,590267,605130,7509,
1497,89361,5443080305,590100,605156,7376,
1488,89881,5443079244,590276,605314,7592,
1502,89096,5443079808,590802,605053,7534,
1557,89529,5443079899,589394,605933,7483,
1499,89638,5443079929,589825,605416,7488,
1509,89451,5443079817,591069,604505,7444,
1511,89553,5443079856,590123,605337,7415,
1525,89551,5443078936,590387,605945,7451,
1470,89500,5443079959,590013,605353,7500,
1531,89006,5443079754,591230,604886,7388,
1438,89337,5443079548,589772,606433,7267,
1467,89455,5443079197,591393,604676,7607,
1542,89156,5443080381,589322,605959,7435,
1505,89550,5443079675,590418,605279,7368,
1523,89355,5443079769,590100,605605,7443,
1547,89203,5443079913,590390,605290,7452,
1494,89158,5443079914,590122,605725,7382,
1429,89403,5443080054,589546,605854,7509,
1491,89328,5443079420,590773,605415,7368,
1532,89273,5443079838,589687,605972,7493,
1524,89313,5443079307,590161,606135,7354,
1508,89029,5443080161,590230,605551,7316,
1481,89513,5443079655,589397,606410,7339,
1492,89247,5443079916,590173,605593,7374,
1524,89486,5443079413,589862,606099,7411,
1554,89205,5443080138,589740,605783,7375,
1548,89049,5443079699,590681,605299,7458,
1489,89434,5443080011,590443,605024,7394,
1506,89143,5443080017,589881,605887,7361,
1523,89452,5443079359,590032,605958,7471,
1536,89450,5443079285,590092,605971,7461,
1482,89132,5443079988,591042,604835,7316,
1500,89788,5443079532,590331,605173,7471,
1544,89362,5443079188,590921,605249,7531,
1474,89718,5443078872,590316,605897,7518,
1537,89522,5443079345,590927,605036,7428,
1481,89253,5443079332,590500,605792,7437,
1456,89751,5443079502,590138,605599,7349,
1481,89604,5443078698,591036,605567,7409,
1491,89341,5443079356,590450,605627,7530,
1426,89547,5443079519,590513,605306,7484,
1525,89536,5443079841,589893,605620,7380,
1523,89552,5443079285,590184,605667,7584,
1556,89464,5443078995,590518,605848,7414,
1491,89316,5443079817,590007,605737,7427,
1568,89419,5443078973,590548,605848,7439,
1489,89456,5443078878,591248,605339,7385,
1488,89175,5443080183,590250,605304,7395,
1465,89566,5443079468,589451,606459,7386,
1490,89161,5443079102,590603,606056,7383,
1492,89214,5443078791,590721,606234,7343,
1559,89594,5443078491,590873,606011,7267,
1497,89264,5443079033,590989,605682,7330,
1454,89250,5443079157,590522,605983,7429,
1456,89215,5443005516,590791,605651,7379,
1553,89416,5443005207,589765,606591,7476,
1491,89404,5443005677,590423,605443,7570,
1456,89581,5443005434,590920,605161,7456,
1488,89315,5443004851,590259,606571,7524,
1490,89604,5443005309,591385,605021,7199,
1485,89270,5443004806,591363,605725,7359,
1453,89698,5443005148,590981,605359,7369,
1472,89634,5443004435,591034,606035,7398,
1519,89607,5443005030,590577,605830,7445,
1525,89316,5443005754,590866,604978,7514,
1496,89611,5443005394,590742,605436,7329,
1533,89167,5443005581,590154,606177,7396,
1562,89334,5443004589,590838,606493,7192,
1460,89605,5443005060,590705,605733,7445,
1505,89309,5443005523,590260,606032,7379,
1523,89334,5443005537,590855,605424,7335,
1475,89829,5443004354,590933,606084,7333,
1455,89429,5443005202,590609,605892,7421,
1441,89296,5443005163,591440,605335,7333,
1536,89515,5443005158,590819,605571,7409,
1467,89384,5443004994,592183,604553,7427,
1534,89533,5443005192,589831,606620,7298,
1550,89602,5443004789,590862,605687,7518,
1496,89519,5443005594,589512,606590,7297,
1496,89716,5443005061,590618,605790,7327,
1546,89236,5443005802,590719,605177,7528,
1467,88806,5443005376,590991,605999,7369,
1494,89859,5443005048,590463,605859,7285,
1500,89474,5443005562,590880,605312,7280,
1516,89466,5443005064,590879,605781,7302,
1520,89615,5443004810,590674,605974,7415,
1550,89239,5443005766,590748,605219,7486,
1518,89681,5443003969,591531,605954,7355,
1489,89292,5443005686,590679,605441,7421,
1444,89932,5443004251,591143,605912,7326,
1485,89327,5443004636,591848,605328,7384,
1516,89711,5443005126,590057,606303,7295,
1372,89240,5443005385,590661,605905,7445,
1514,89153,5443004989,590673,606520,7159,
1485,89494,5443004324,590977,606282,7446,
1472,89195,5443004934,591423,605644,7340,
1518,89386,5443004721,591337,605652,7394,
1502,89503,5443004273,591094,606298,7338,
1511,89779,5443004401,591286,605560,7471,
1534,89360,5443004875,591303,605416,7520,
1542,89694,5443004563,591307,605465,7437,
1546,89472,5443004860,590077,606637,7416,
1516,89825,5443004184,590908,606304,7271,
1499,89833,5443004797,590482,606001,7396,
1565,89243,5443004094,591616,605975,7515,
1520,89877,5443004201,591548,605428,7434,
1455,89243,5443005346,591198,605388,7378,
1490,89858,5443004163,590718,606499,7280,
1471,89347,5443004027,592268,605619,7276,
1503,89363,5443004370,591034,606467,7271,
1497,89727,5443004187,591277,606077,7243,
1582,89435,5443004434,591208,605894,7455,
1527,88955,5443005558,590439,606095,7434,
1486,89133,5443004681,591132,606213,7363,
1549,89651,5443004583,590664,606212,7349,
1538,89360,5443005157,590996,605678,7279,
1462,89336,5443005393,591166,605245,7406,
1446,89677,5443004163,591710,605620,7392,
1478,89897,5443004391,590100,606754,7388,
1529,89377,5443004645,591458,605744,7255,
1448,89168,5443004535,592113,605399,7345,
1497,89724,5443004134,591423,605791,7439,
1476,89279,5443005061,591208,605641,7343,
1417,89637,5443004579,591171,605969,7235,
1521,89618,5443003913,591329,606322,7305,
1482,89545,5443004110,591914,605523,7434,
1457,89648,5443004238,591671,605688,7306,
1467,89464,5443004966,591220,605451,7440,
1451,89566,5443004510,591614,605459,7408,
1507,89202,5443005037,590569,606304,7389,
1514,89295,5443005269,590911,605694,7325,
1525,89084,5443004603,591969,605526,7301,
1536,89343,5443004805,591535,605448,7341,
1504,89175,5443004834,591616,605423,7456,
1521,89718,5443003971,591339,606083,7376,
1470,89846,5443004669,591153,605516,7354,
1580,89515,5443004522,590581,606386,7424,
1454,89445,5443005101,590751,605884,7373,
1457,89502,5443004352,591674,605570,7453,
1498,89435,5443005022,590985,605596,7472,
1447,89802,5443004395,590641,606153,7570,
1479,89495,5443004532,592493,604662,7347,
1510,89826,5442930848,590408,606223,7406,
1502,89618,5442930745,591492,605491,7373,
1451,89453,5442930888,591090,605923,7416,
1480,89496,5442930275,591327,606321,7322,
1515,89468,5442930586,591216,606055,7381,
1469,89898,5442929623,591602,606345,7284,
1487,89387,5442930806,591419,605666,7455,
1459,89764,5442930671,590682,606307,7338,
1417,89744,5442930662,591539,605565,7294,
1499,89668,5442929989,591836,605983,7246,
1557,89481,5442930007,590830,607063,7283,
1450,89554,5442930829,591121,605909,7358,
1494,89299,5442931266,591373,605516,7273,
1443,89948,5442929981,592076,605342,7431,
1490,89505,5442930893,590588,606500,7245,
1422,89381,5442930212,592552,605281,7373,
1482,89014,5442930598,591496,606186,7445,
1483,89361,5442930834,591279,605976,7288,
1509,89206,5442930240,591126,606763,7377,
1526,89409,5442930481,591621,605742,7442,
1520,88975,5442930757,591356,606224,7389,
1439,89110,5442930946,591292,606198,7236,
1423,89660,5442930690,591090,606001,7357,
1573,89373,5442930847,591325,605628,7475,
1475,89330,5442930555,591191,606253,7417,
1560,89118,5442930767,591354,606245,7177,
1492,89570,5442930225,591576,606019,7339,
1488,89773,5442930418,591089,606117,7336,
1425,89793,5442929666,592192,605927,7218,
1445,89389,5442930854,591365,605935,7233,
1509,89466,5442930338,592206,605248,7454,
1471,89512,5442930464,591354,606063,7357,
1470,89564,5442930779,591790,605284,7334,
1498,89635,5442930030,591792,605980,7286,
1504,88978,5442931512,591388,605481,7358,
1491,89138,5442931484,591069,605778,7261,
1514,89606,5442930596,590672,606621,7212,
1530,89784,5442929814,591749,606122,7222,
1463,89503,5442930648,591389,605921,7297,
1498,89589,5442929906,591573,606336,7319,
1441,89038,5442930711,591681,606148,7202,
1483,89209,5442930084,592507,605733,7205,
1485,89707,5442929945,591948,605916,7220,
1511,89343,5442930094,592250,605609,7414,
1460,90099,5442929861,591986,605442,7373,
1437,89821,5442929704,591504,606466,7289,
1488,89406,5442930073,592566,605278,7410,
1432,89696,5442929895,591862,606020,7316,
1555,89655,5442929885,590891,606931,7304,
1558,89389,5442930887,590492,606528,7367,
1507,89413,5442930575,591173,606157,7396,
1514,89988,5442929434,591925,606140,7220,
1503,89576,5442929671,591949,606055,7467,
1415,89524,5442929921,591819,606329,7213,
1440,89614,5442929946,591912,606068,7241,
1447,89644,5442929302,591811,606749,7243,
1432,89428,5442930241,591990,605772,7358,
1506,89917,5442929593,592281,605609,7315,
1477,89678,5442929662,592575,605576,7252,
1410,88978,5442930689,592086,605938,7120,
1439,89906,5442929453,592165,605915,7343,
1517,89376,5442930790,591684,605555,7299,
1504,89422,5442930338,591225,606474,7258,
1508,89415,5442930331,591903,605805,7259,
1480,89506,5442930203,590568,607223,7241,
1483,89457,5442929938,592265,605833,7245,
1582,89309,5442930266,591160,606603,7301,
1499,89629,5442930727,591236,605899,7231,
1523,89561,5442929796,591705,606262,7373,
1531,89106,5442930193,592382,605696,7313,
1440,89914,5442929709,592141,605804,7213,
1436,89522,5442930092,592599,605239,7333,
1439,89807,5442930401,590984,606292,7298,
1454,89577,5442929911,591626,606377,7276,
1431,89927,5442929883,591040,606742,7198,
1467,89544,5442930197,591572,606103,7338,
1470,89447,5442930510,590903,606618,7273,
1463,89674,5442929891,591172,606714,7307,
1474,89633,5442929563,592576,605706,7269,
1447,89832,5442930101,590872,606683,7286,
1549,89599,5442929923,592193,605613,7344,
1457,89082,5442930525,591687,606132,7338,
1554,89783,5442929831,592525,605296,7232,
1544,89573,5442929807,591933,606125,7239,
1519,89486,5442929238,592030,606632,7316,
1491,89925,5442930018,591577,605887,7323,
1445,89776,5442930411,591106,606093,7390,
1414,89757,5442930269,591326,606150,7305,
1456,89526,5442929495,592415,606061,7268,
1430,89975,5442929225,591962,606316,7313,
1421,89751,5442929702,592068,606022,7257,
1416,89552,5442855828,592253,606146,7239,
1450,89757,5442855632,592461,605733,7401,
1463,90005,5442855656,591314,606647,7349,
1470,89663,5442855451,592212,606327,7311,
1404,89923,5442856137,591671,606051,7248,
1579,89388,5442855861,592463,605773,7370,
1492,89636,5442855838,591967,606238,7263,
1422,90054,5442856648,591141,605936,7233,
1418,89599,5442856354,591455,606279,7329,
1473,89631,5442856127,591894,605975,7334,
1438,89670,5442855712,592312,605976,7326,
1519,89754,5442856025,591843,605958,7335,
1435,89610,5442856324,591351,606520,7194,
1403,89486,5442856544,592227,605495,7279,
1504,89593,5442856675,591097,606354,7211,
1414,89633,5442856117,591282,606814,7174,
1450,89610,5442855967,591608,606522,7277,
1451,90000,5442855829,591319,606539,7296,
1450,89405,5442855613,592472,606302,7192,
1478,89488,5442856705,591182,606217,7364,
1503,89339,5442856350,591432,606648,7162,
1514,89557,5442855515,591695,606893,7260,
1505,89736,5442856260,591589,606036,7308,
1459,89405,5442856503,591238,606524,7305,
1519,89735,5442856034,591294,606467,7385,
1479,89607,5442856147,592583,605238,7380,
1439,89404,5442856022,591903,606326,7340,
1425,89536,5442856669,591598,605911,7295,
1557,89830,5442854974,592448,606429,7196,
1390,89762,5442856427,591932,605522,7401,
1509,89180,5442855574,593347,605608,7216,
1482,89827,5442855100,592048,606755,7222,
1452,89482,5442856201,592139,605948,7212,
1507,89434,5442856006,592495,605807,7185,
1422,89680,5442855732,591978,606497,7125,
1551,89858,5442855735,591585,606439,7266,
1445,89743,5442855744,591753,606447,7302,
1521,89636,5442855875,592317,605812,7273,
1518,89391,5442856360,592092,605867,7206,
1509,90077,5442855089,592321,606177,7261,
1486,89125,5442856870,591830,605894,7229,
1443,89181,5442856348,592664,605482,7316,
1442,89277,5442856404,591401,606686,7224,
1488,89405,5442856364,591288,606662,7227,
1466,89502,5442856449,591873,605861,7283,
1477,89499,5442856260,591670,606183,7345,
1485,89031,5442856410,591717,606380,7411,
1479,89635,5442855867,591872,606306,7275,
1418,89800,5442855665,591782,606291,7478,
1497,89563,5442855917,591543,606696,7218,
1541,89517,5442856166,592159,605684,7367,
1440,89474,5442856068,592113,606202,7137,
1480,89659,5442856228,591128,606698,7241,
1390,89801,5442855849,591970,606142,7282,
1481,89448,5442857327,591100,605788,7290,
1567,89218,5442856219,591732,606395,7303,
1437,89593,5442855741,592036,606214,7413,
1471,89292,5442856484,592136,605757,7294,
1512,89755,5442855823,591742,606378,7224,
1452,89459,5442855923,591179,607204,7217,
1474,89894,5442855521,591962,606326,7257,
1483,89527,5442856406,591826,605850,7342,
1485,89380,5442855334,592913,606073,7249,
1497,89963,5442855630,591299,606971,7074,
1466,89455,5442855148,593139,605960,7266,
1463,89706,5442856117,591662,606464,7022,
1460,89584,5442855350,593262,605540,7238,
1530,89702,5442855559,592156,606190,7297,
1457,89304,5442856013,591647,606733,7280,
1462,89794,5442855483,590896,607577,7222,
1432,89586,5442855736,592037,606405,7238,
1415,89647,5442855886,591682,606471,7333,
1495,89471,5442855966,591479,606744,7279,
1500,89984,5442855337,591785,606706,7122,
1475,89738,5442855489,591799,606669,7264,
1501,89655,5442855433,591956,606645,7244,
1506,89601,5442855861,592169,606061,7236,
1439,89379,5442856063,592162,606073,7318,
1464,89625,5442855805,591668,606663,7209,
1466,89723,5442855630,592760,605695,7160,
1430,89270,5442856410,591858,606199,7267,
1473,89150,5442856605,591516,606380,7310,
1531,89448,5442856000,591712,606485,7258,
1486,89740,5442855101,591987,606857,7263,
1472,89767,5442855953,591170,606691,7381,
1440,89566,5442856232,591699,606346,7151,
1502,89675,5442856310,590901,606866,7180,
1459,89855,5442855699,591933,606118,7370,
1406,89768,5442854965,593447,605719,7129,
1465,89673,5442856368,591307,606467,7154,
1473,89753,5442855749,591249,606843,7367,
1436,89771,5442855166,592759,605985,7317,
1495,89284,5442856301,591086,607097,7171,
1482,89687,5442855675,592033,606409,7148,
1405,89573,5442856012,591565,606623,7256,
1523,89533,5442855646,592130,606382,7220,
1457,89656,5442855748,592397,605885,7291,
1421,89645,5442855935,591633,606442,7358,
1468,89711,5442855392,591902,606742,7219,
1484,89492,5442854849,592801,606520,7288,
1461,89889,5442855372,592970,605601,7141,
1447,89593,5442856194,591487,606485,7228,
1485,89870,5442856078,591156,606569,7276,
1474,89645,5442855672,592802,605675,7166,
1509,89651,5442855127,591786,607228,7133,
1469,89697,5442855034,593186,605816,7232,
1446,89549,5442855527,592067,606557,7288,
1495,89724,5442855583,592226,606091,7315,
1459,89929,5442854768,592375,606633,7270,
1457,89601,5442855962,591558,606579,7277,
1447,89362,5442855539,592279,606597,7210,
1484,89577,5442855497,592069,606689,7118,
1517,89423,5442855040,593058,606090,7306,
1474,89336,5442856069,591740,606582,7233,
1445,89807,5442855661,591734,606587,7200,
1366,89833,5442782108,592535,605719,7086,
1495,89336,5442782104,591904,606499,7309,
1447,89424,5442708407,591857,606636,7089,
1500,89672,5442707937,591917,606589,7245,
1507,89438,5442708139,591507,607121,7148,
1447,89376,5442708011,592755,605961,7310,
1431,89603,5442707612,592634,606472,7108,
1450,89892,5442707635,592724,606195,6964,
1427,89592,5442707975,591694,606999,7173,
1501,89907,5442707949,591372,606927,7204,
1485,89782,5442707609,592091,606816,7077,
1483,89847,5442708262,591847,606199,7222,
1498,89725,5442707909,592040,606421,7267,
1489,89592,5442707219,592670,606576,7314,
1514,89520,5442708386,591802,606407,7231,
1405,89711,5442707843,592908,605839,7154,
1450,89729,5442707612,592152,606696,7221,
1424,89245,5442708619,592259,605978,7335,
1422,89684,5442707622,591799,607166,7167,
1448,89752,5442707038,592817,606630,7175,
1509,89437,5442708443,591600,606618,7252,
1481,89731,5442707360,592655,606403,7230,
1429,89491,5442708729,592381,605608,7222,
1464,89647,5442707768,592205,606613,7163,
1531,89625,5442707288,592627,606644,7144,
1449,89379,5442708106,592581,606076,7269,
1461,89692,5442708018,591856,606647,7186,
1457,89511,5442707579,592367,606693,7253,
1499,89689,5442708043,591631,606747,7251,
1451,89616,5442707756,592391,606561,7085,
1449,89865,5442707639,591073,607642,7192,
1480,89345,5442708183,592808,605819,7225,
1424,89628,5442707714,591278,607616,7200,
1386,89597,5442708155,592441,606013,7268,
1440,89680,5442707734,591828,607039,7139,
1472,89446,5442708027,591848,606848,7219,
1465,90125,5442707158,592609,606190,7313,
1471,89522,5442707653,592433,606648,7133,
1466,89709,5442707092,592054,607362,7177,
1454,89485,5442708282,591878,606441,7320,
1490,89531,5442708002,592433,606138,7266,
1457,89673,5442706990,592457,606910,7373,
1461,89404,5442707504,593081,606147,7263,
1479,89516,5442707407,593415,605743,7300,
1433,89999,5442708036,591243,606687,7462,
1360,89308,5442707980,592784,606093,7335,
1455,89567,5442707904,592273,606403,7258,
1501,89512,5442708006,592181,606523,7137,
1438,89774,5442707318,592662,606468,7200,
1470,89561,5442707914,592044,606644,7227,
1470,89962,5442707063,592726,606446,7193,
1455,89379,5442707652,592810,606396,7168,
1470,89320,5442707956,592371,606629,7114,
1477,89727,5442707736,592365,606358,7197,
1462,89974,5442707089,592546,606625,7164,
1455,89497,5442707870,592763,606177,7098,
1469,89411,5442707767,592917,606100,7196,
1417,89324,5442708013,592111,606892,7103,
1450,89687,5442707594,591672,607413,7044,
1482,89752,5442707212,592630,606502,7282,
1431,89578,5442633564,593071,606332,7097,
1410,89508,5442634199,591748,607016,7192,
1423,90091,5442633608,592177,606514,7260,
1372,89780,5442633904,591738,607038,7241,
1479,89703,5442633273,591668,607752,7198,
1428,89406,5442633677,593620,605739,7203,
1488,89626,5442633733,591724,607218,7284,
1444,89523,5442633782,592482,606601,7241,
1448,89391,5442633805,592656,606656,7117,
1450,89404,5442633812,592193,607095,7119,
1490,89428,5442633361,592443,606896,7455,
1504,89561,5442633731,593061,606107,7109,
1404,89728,5442633354,593098,606418,7071,
1468,89666,5442633699,592654,606418,7168,
1504,89475,5442633707,592686,606564,7137,
1509,89641,5442559954,593341,605595,7246,
1400,89464,5442560424,592246,606555,7197,
1479,89641,5442559474,592732,606828,7132,
1454,89589,5442559352,592879,606901,7111,
1419,89606,5442560322,592881,605877,7181,
1431,89550,5442560631,592117,606247,7310,
1486,89636,5442560001,592423,606742,6998,
1469,89750,5442559573,593261,606041,7192,
1492,89506,5442559916,592421,606845,7106,
1476,89653,5442559881,592452,606708,7116,
1460,89672,5442559262,592960,606836,7096,
1457,89645,5442560389,591443,607109,7243,
1447,89877,5442559256,592802,606725,7179,
1395,89691,5442559755,592814,606492,7139,
1481,89945,5442559693,592022,606988,7157,
1434,89572,5442486403,592757,606120,7213,
1489,89698,5442485652,591911,607607,7142,
1472,89777,5442486010,592515,606552,7173,
1477,89585,5442486209,593048,605987,7193,
1447,89547,5442485824,591789,607919,6973,
1377,89674,5442485986,592942,606367,7153,
1517,89555,5442486149,591822,607305,7151,
1425,89729,5442485941,592575,606749,7080,
1464,89471,5442486570,592399,606385,7210,
1394,89858,5442486761,591563,606742,7181,
1463,89426,5442486632,591942,606922,7114,
1411,89099,5442486831,592942,605906,7310,
1456,89791,5442486855,591732,606437,7228,
1509,89512,5442486640,592379,606306,7153,
1430,89633,5442485880,593081,606309,7166,
1472,89812,5442485751,592016,607426,7022,
1436,89491,5442486057,593132,606369,7014,
1432,89754,5442486851,591298,606978,7186,
1450,89497,5442486736,591709,607015,7092,
1448,89339,5442486078,593236,606331,7067,
1472,89458,5442486532,591610,607175,7252,
1506,89788,5442485980,593020,606101,7104,
1374,89487,5442486056,592742,606553,7287,
1525,89163,5442486581,592733,606264,7233,
1467,89511,5442486226,592765,606394,7136,
1482,89708,5442486375,592873,605802,7259,
1469,89813,5442485885,592178,606976,7178,
1423,89732,5442485879,592396,606917,7152,
1411,90126,5442485317,593297,606333,7015,
1404,89294,5442487035,592061,606461,7244,
1474,89899,5442485527,592610,606716,7273,
1434,89210,5442486179,593420,606044,7212,
1504,89640,5442486152,592231,606877,7095,
1417,89737,5442485996,591707,607359,7283,
1405,89484,5442485928,593118,606264,7300,
1425,89603,5442485844,592250,607231,7146,
1439,89659,5442486071,592610,606519,7201,
1390,89548,5442486318,592335,606823,7085,
1466,89709,5442485885,592812,606491,7136,
1396,89492,5442485916,592912,606553,7230,
1493,89443,5442485742,592629,606787,7405,
1441,89477,5442486215,591396,607872,7098,
1454,89864,5442485849,592985,606249,7098,
1415,89795,5442486234,592034,606829,7192,
1446,89787,5442485955,592529,606768,7014,
1499,89222,5442486914,592341,606317,7206,
1374,89823,5442486111,592498,606597,7096,
1443,89665,5442485317,592597,607167,7310,
1459,89864,5442485688,592900,606498,7090,
1469,89570,5442486402,591689,607072,7297,
1457,89454,5442486090,592965,606526,7007,
1468,89395,5442485916,591791,607812,7117,
1464,89632,5442486622,591880,606609,7292,
1431,89569,5442486390,592654,606380,7075,
1431,89875,5442486417,591862,606758,7156,
1402,89921,5442485578,593263,606116,7219,
1465,89735,5442485555,592825,606809,7110,
1433,89420,5442486352,592002,607244,7048,
1395,89910,5442485945,592538,606540,7171,
1440,90078,5442485538,592441,606856,7146,
1444,89302,5442486123,593240,606313,7077,
1396,89849,5442486377,591530,607218,7129,
1535,89738,5442486173,592223,606693,7137,
1466,89480,5442485239,593376,606768,7170,
1460,89316,5442486755,592184,606652,7132,
1433,89902,5442485284,592951,606920,7009,
1437,89866,5442485884,592606,606418,7288,
1455,90001,5442484822,592767,607338,7116,
1482,89806,5442485619,592760,606622,7210,
1487,89524,5442485895,592495,607076,7022,
1435,89806,5442485405,593196,606544,7113,
1415,89741,5442485878,592759,606588,7118,
1457,89570,5442485798,592724,606884,7066,
1471,89899,5442485925,592064,606975,7165,
1501,89753,5442485709,592950,606337,7249,
1389,89718,5442485626,592288,607371,7107,
1472,89227,5442486323,592401,606923,7153,
1448,89347,5442486665,592872,606008,7159,
1462,89523,5442485552,593010,606765,7186,
1461,89756,5442485904,593286,605965,7127,
1413,89266,5442486511,592229,606881,7199,
1439,89605,5442486320,592444,606705,6986,
1466,89386,5442486042,592774,606677,7154,
1496,89410,5442485802,593142,606411,7238,
1447,89625,5442486342,592451,606487,7147,
1414,89617,5442485775,592690,606796,7207,
1450,89893,5442485788,592502,606708,7158,
1435,89923,5442485633,592042,607449,7017,
1442,89495,5442485422,593254,606743,7143,
1475,89487,5442485719,593399,606328,7091,
1448,89244,5442485627,593296,606826,7058,
1454,89577,5442486196,592706,606430,7136,
1410,89695,5442485869,591507,607962,7056,
1456,90007,5442485612,592545,606664,7215,
1409,89864,5442485973,592028,607059,7166,
1501,89355,5442486438,592166,606895,7144,
1462,89528,5442485459,592925,606896,7229,
1465,89721,5442485776,592361,607017,7159,
1456,89664,5442485684,592683,606967,7045,
1382,89722,5442486129,592434,606677,7155,
1352,89716,5442485748,592188,607325,7170,
1400,89574,5442485640,593759,605864,7262,
1444,89618,5442485096,593432,606787,7122,
1466,89347,5442485859,593629,606176,7022,
1508,89479,5442485355,592941,606992,7224,
1451,89735,5442486237,592479,606458,7139,
1440,89436,5442486209,591996,607185,7233,
1473,89391,5442485763,593669,606059,7144,
1430,89785,5442486172,591907,607102,7103,
1410,89248,5442486734,591990,607095,7022,
1436,89499,5442486298,592626,606395,7245,
1447,89723,5442485353,593682,606046,7248,
1417,89776,5442486234,591677,607287,7108,
1451,89581,5442485394,592865,607223,6985,
1492,89337,5442486440,592310,606704,7216,
1438,89705,5442485827,592401,607126,7002,
1443,89190,5442486587,592410,606635,7234,
1391,89706,5442485895,591536,607836,7135,
1426,89595,5442485828,593602,605943,7105,
1419,89508,5442486204,592390,606914,7064,
1447,89601,5442485306,593041,606955,7149,
1542,89738,5442485135,592834,607137,7113,
1309,89858,5442485546,592714,607026,7046,
1472,89751,5442486337,592864,605957,7118,
1378,90013,5442485481,592042,607441,7144,
1421,89706,5442485725,593029,606265,7353,
1529,89900,5442485714,592452,606804,7100,
1430,89516,5442485961,592365,607069,7158,
1430,89439,5442486061,592887,606605,7077,
1495,89729,5442485250,593131,606803,7091,
1404,89691,5442485854,592723,606769,7058,
1412,89819,5442485636,592999,606402,7231,
1430,89425,5442486017,592067,607477,7083,
1380,89448,5442485685,593706,606147,7133,
1432,89612,5442486078,592534,606668,7175,
1415,89617,5442485636,592777,606874,7180,
1396,89627,5442484899,593768,606638,7171,
1461,89496,5442485850,592984,606682,7026,
1480,89736,5442485422,592651,607037,7173,
1496,89175,5442486096,593446,606114,7172,
1438,89694,5442485220,592997,607044,7106,
1435,89621,5442486518,591675,607028,7222,
1440,89735,5442485840,592466,606850,7168,
1424,89700,5442485526,592425,607382,7042,
1459,89282,5442486577,591887,607003,7291,
1417,89660,5442485682,592368,607175,7197,
1475,89727,5442485407,593018,606821,7051,
1432,89535,5442486212,592061,607277,6982,
1367,90107,5442484683,593102,607040,7200,
1455,89684,5442485641,593129,606493,7097,
1453,89470,5442486053,592031,607498,6994,
1457,89932,5442485297,592693,606955,7165,
1398,89700,5442485965,592683,606582,7171,
1446,89789,5442485742,592894,606337,7291,
1439,89820,5442485717,592793,606486,7244,
1418,89442,5442486089,592730,606501,7319,
1455,89633,5442486125,592744,606447,7095,
1407,89680,5442486099,592805,606371,7137,
1432,89826,5442485616,592426,607171,7028,
1418,89807,5442485642,591984,607363,7285,
1471,89400,5442485706,593442,606403,7077,
1479,89434,5442485462,593069,607047,7008,
1446,89666,5442485595,592342,607389,7061,
1409,89546,5442485582,593240,606592,7130,
1398,89565,5442485724,592311,607349,7152,
1445,89638,5442485252,592695,607432,7037,
1408,89729,5442486086,592784,606302,7190,
1487,89912,5442485024,593240,606662,7174,
1321,89750,5442486199,592362,606687,7180,
1386,89559,5442485375,592869,607219,7091,
1423,89715,5442485760,593197,606324,7080,
1463,89653,5442485415,593067,606873,7027,
1454,89803,5442485655,592447,606965,7175,
1423,89607,5442485905,592532,606744,7288,
1371,89433,5442486193,593217,606108,7177,
1467,89429,5442485773,593638,605998,7194,
1416,89861,5442484640,593506,606905,7171,
1411,89866,5442485507,592651,606907,7157,
1400,89379,5442485400,592615,607543,7162,
1399,89651,5442485876,593153,606352,7068,
1390,89977,5442485966,592249,606814,7103,
1420,89734,5442485183,592984,607016,7162,
1458,89607,5442486064,592868,606386,7116,
1419,89685,5442485273,592520,607543,7059,
1426,89443,5442486094,592749,606705,7082,
1412,89576,5442485278,593627,606519,7087,
1506,89696,5442484640,592951,607576,7130,
1365,89633,5442485952,592545,606916,7088,
1438,89709,5442485916,592840,606431,7165,
1433,90208,5442485031,593310,606268,7249,
1439,89696,5442485271,593101,606986,7006,
1461,89283,5442486340,592025,607167,7223,
1432,89268,5442485408,593875,606333,7183,
1526,89618,5442486429,591729,606926,7271,
1389,89564,5442486291,592547,606671,7037,
1365,89768,5442486036,593288,605988,7054,
1438,89754,5442485773,592312,607151,7071,
1439,89553,5442484893,593537,607025,7052,
1366,89768,5442486162,592216,606810,7177,
1345,89783,5442486346,592752,606133,7140,
1500,89694,5442484616,593718,606904,7067,
1450,89241,5442485741,593827,606224,7016,
1411,89729,5442485416,593198,606670,7075,
1448,89907,5442485584,592254,607209,7097,
1417,89378,5442485849,592585,607076,7194,
1335,89745,5442485539,593264,606581,7035,
1478,90172,5442484709,592056,607993,7091,
1409,89513,5442412148,592007,607593,7042,
1370,89928,5442411434,592781,607167,7032,
1457,89334,5442412769,592173,606853,7126,
1462,89594,5442412144,592724,606647,7141,
1460,89799,5442411892,592378,607092,7091,
1474,89753,5442411876,592785,606708,7116,
1436,90090,5442411274,592594,607190,7128,
1436,89622,5442411498,592962,607174,7020,
1441,89626,5442411459,594046,606065,7075,
1453,89406,5442411792,593138,606772,7151,
1392,89668,5442411964,592345,607229,7114,
1384,90161,5442411652,592298,607116,7101,
1431,89656,5442411451,593105,606914,7155,
1360,89917,5442411824,591788,607719,7104,
1398,89399,5442411889,593343,606546,7137,
1448,89539,5442411584,592916,607131,7094,
1356,89287,5442412181,593514,606245,7129,
1419,89578,5442412220,592437,606926,7132,
1407,89744,5442411822,593087,606534,7118,
1435,89300,5442411791,592838,607227,7121,
1444,89604,5442411340,593701,606521,7102,
1431,89961,5442411216,593498,606629,6977,
1398,90392,5442411085,592385,607300,7152,
1396,89827,5442411939,592241,607267,7042,
1462,89483,5442411860,593307,606485,7115,
1445,89482,5442411858,593580,606086,7261,
1474,89979,5442411452,593023,606636,7148,
1443,89349,5442411541,593054,607029,7296,
1398,89599,5442411921,593175,606573,7046,
1438,89678,5442412002,592490,607035,7069,
1452,89849,5442412000,592186,607032,7193,
1335,89640,5442338502,592762,606598,7088,
1468,89930,5442337229,593119,606975,7204,
1486,89756,5442337389,592940,607179,7175,
1461,90119,5442337531,593004,606596,7214,
1451,89635,5442337335,594075,606347,7082,
1448,89715,5442337914,593038,606534,7276,
1431,89731,5442264256,592097,607481,7142,
1461,89600,5442263945,593143,606902,7087,
1423,89808,5442264239,592824,606738,7106,
1438,89646,5442264626,592129,607138,7161,
1409,89586,5442264871,591969,607175,7128,
1450,89223,5442264601,592625,607178,7061,
1454,89837,5442264028,593001,606764,7054,
1419,89766,5442264157,593582,605993,7221,
1459,89499,5442263586,594027,606419,7148,
1425,89407,5442264240,592741,607195,7130,
1419,89518,5442264295,592733,607029,7144,
1417,89780,5442264551,592386,606935,7069,
1428,89863,5442263834,593093,606926,6994,
1412,89636,5442264668,592760,606572,7090,
1449,89549,5442263153,593124,607775,7088,
1478,89937,5442263832,593129,606532,7230,
1424,89255,5442264105,593955,606358,7041,
1376,90286,5442262822,593182,607358,7114,
1419,89295,5442190163,593506,606828,7140,
1480,89502,5442189614,593779,606832,7144,
1515,89641,5442189855,593264,606958,7118,
1441,89573,5442189895,593345,607033,7064,
1516,89460,5442190197,593514,606520,7144,
1431,89430,5442190458,593160,606823,7049,
1409,89537,5442190323,592659,607338,7085,
1397,89685,5442190093,593672,606398,7106,
1533,89592,5442189244,593033,607816,7133,
1416,89625,5442190718,593629,605829,7134,
1395,89924,5442189430,593985,606325,7292,
1466,89281,5442190053,593658,606822,7071,
1421,90113,5442189643,592436,607619,7119,
1460,89551,5442190638,592232,607430,7040,
1381,89817,5442190101,593440,606556,7056,
1390,89747,5442190116,593426,606401,7271,
1415,89875,5442190067,592922,606816,7256,
1370,89653,5442189622,593471,607115,7120,
1403,89522,5442190259,593231,606711,7225,
1486,89831,5442189966,592661,607279,7128,
1462,89275,5442190424,594130,605845,7215,
1436,89591,5442190186,592697,607291,7150,
1403,89733,5442190010,592977,607168,7060,
1436,90049,5442189420,593397,606972,7077,
1345,89673,5442190376,593495,606262,7200,
1452,89628,5442190199,593490,606380,7202,
1435,89695,5442190350,593086,606656,7129,
1413,89858,5442190023,592713,607376,6968,
1376,89783,5442190142,593163,606799,7088,
1373,89948,5442189442,592741,607913,6934,
1465,89711,5442190014,593134,606998,7029,
1403,89828,5442189826,592922,607388,6984,
1471,89591,5442190374,593005,606752,7158,
1440,89778,5442189927,593553,606601,7052,
1376,89803,5442189947,592924,607220,7081,
1412,89394,5442190598,592359,607533,7055,
1459,89920,5442189741,593481,606740,7010,
1412,89674,5442190649,592732,606748,7136,
1420,89716,5442189560,593093,607415,7147,
1365,89705,5442189444,593635,607204,6998,
1406,89872,5442189765,592920,607254,7133,
1351,89475,5442190748,593233,606397,7147,
1422,89774,5442189703,593053,607301,7098,
1480,89223,5442190488,593300,606663,7197,
1486,89312,5442190247,593204,606922,7180,
1484,89174,5442190123,593309,607145,7116,
1475,89583,5442189801,592466,607865,7161,
1398,89590,5442190098,592874,607296,7095,
1411,89518,5442190977,592819,606457,7168,
1457,89601,5442189405,593976,606860,7052,
1411,89934,5442190294,593101,606517,7094,
1419,89608,5442190006,593643,606672,7003,
1481,89754,5442189749,592760,607604,7003,
1481,89142,5442190263,592783,607681,7001,
1426,89585,5442189978,594111,606155,7096,
1421,89654,5442189668,593499,606958,7151,
1457,89743,5442189847,593906,606300,7098,
1396,89378,5442191052,592782,606499,7244,
1417,89736,5442189212,593881,607000,7105,
1481,89636,5442189721,593569,606770,7174,
1412,89612,5442189330,593823,607066,7108,
1368,89538,5442190725,593170,606559,6991,
1476,89537,5442189646,594167,606425,7100,
1390,89937,5442189577,592681,607780,6986,
1374,89641,5442190088,592907,607148,7193,
1500,89736,5442189557,593636,606714,7208,
1429,89797,5442190145,593073,606850,7057,
1389,89677,5442190340,592878,606952,7115,
1432,89635,5442190089,592684,607334,7177,
1441,89882,5442189639,591809,608507,7073,
1358,89670,5442190318,593739,606221,7045,
1442,90096,5442189079,593348,607267,7119,
1382,89931,5442190248,592176,607419,7195,
1448,89795,5442189506,593713,606876,7013,
1416,89513,5442190596,593117,606619,7090,
1433,89763,5442189744,592553,607868,6990,
1463,89806,5442189464,593311,607426,6881,
1436,89049,5442190990,592658,607177,7041,
1518,89902,5442189829,593423,606534,7145,
1422,89540,5442189852,593230,607167,7140,
1483,89738,5442189970,592622,607357,7181,
1500,89480,5442189987,592195,608199,6990,
1509,89772,5442189957,593148,607147,6818,
1485,89845,5442189505,592676,607671,7169,
1413,89416,5442190247,592931,607423,6921,
1409,89416,5442190084,592757,607793,6892,
1418,89748,5442189679,593288,607033,7185,
1392,89560,5442189891,594342,606042,7124,
1398,89827,5442189679,593332,606899,7216,
1432,89568,5442189824,593368,607169,6990,
1448,89997,5442189931,593118,606706,7151,
1422,89275,5442190153,593449,606830,7222,
1406,89473,5442190271,593400,606723,7078,
1368,89842,5442189976,592423,607650,7092,
1429,89564,5442189535,594138,606529,7156,
1458,89750,5442189103,593478,607562,7000,
1374,89753,5442189526,593774,606735,7189,
1419,89762,5442188933,593694,607452,7091,
1405,89504,5442189896,593660,606783,7103,
1444,89865,5442189793,592908,607148,7193,
1411,89662,5442190125,594079,605924,7150,
1356,89520,5442190621,592971,606652,7231,
1397,89471,5442190549,593595,606178,7161,
1433,89356,5442189453,593164,607828,7117,
1394,89433,5442189724,593920,606771,7109,
1390,89577,5442189784,592806,607615,7179,
