5606,26599,1095233400,235610,239722,1467,
5670,44494,1095067242,305037,318329,1632,
3686,54656,1094995869,333255,353504,1434,
2477,56905,1094972308,357828,351601,1285,
1962,57905,1094959811,369146,352270,1310,
1792,59133,1094951740,370668,357797,1274,
1657,59709,1094946724,373804,359219,1291,
1556,59829,1094944159,375859,359784,1217,
1464,60143,1094942416,376624,360537,1220,
1335,59943,1094941486,378418,359988,1234,
1292,60045,1094940107,379995,359830,1135,
1299,60485,1094939029,380682,359665,1244,
1195,60242,1094939328,380411,360020,1208,
1240,60290,1094938159,381755,359813,1147,
1171,60665,1094937561,381690,360200,1117,
1155,60556,1094937823,381757,359925,1188,
1143,60747,1094936736,382301,360310,1167,
1164,60722,1094936632,382605,360077,1204,
1158,60665,1094936152,382868,360379,1182,
1134,60436,1094936599,383338,359672,1225,
1193,60765,1094935974,382927,360363,1182,
1162,60430,1094935662,382763,361159,1228,
1125,60594,1094935594,383782,360140,1169,
1065,60729,1094935436,383601,360381,1192,
1103,60898,1094934960,383618,360719,1106,
1090,60407,1094934971,384029,360810,1097,
1092,60691,1094934601,384106,360762,1152,
1097,60775,1094933988,384761,360715,1068,
1116,60675,1094934036,384460,360933,1184,
1096,60859,1094934099,384209,360973,1168,
1082,61051,1094933876,384251,361001,1143,
1084,60724,1094933974,384111,361318,1193,
1018,60668,1094933974,384783,360867,1094,
1109,60789,1094933233,385456,360705,1112,
1090,60487,1094934187,384139,361368,1133,
1087,60456,1094933308,385794,360613,1146,
1095,60686,1094933624,384274,361604,1121,
1066,60710,1094933340,385277,360880,1131,
1068,60713,1094933218,384876,361394,1135,
1038,60844,1094932449,385156,361797,1120,
1077,60782,1094933280,384782,361330,1153,
1056,60951,1094933026,384814,361459,1098,
1069,60261,1094933306,385192,361435,1141,
1133,60549,1094933167,385107,361354,1094,
1057,60730,1094932963,385225,361331,1098,
1072,60769,1094932662,385723,361071,1107,
1032,60879,1094932613,384895,361909,1076,
1042,60591,1094933167,385056,361464,1084,
1059,60608,1094932869,385559,361223,1086,
1087,60381,1094932804,385431,361585,1116,
1061,60618,1094932780,385069,361791,1085,
1054,60663,1094932330,385330,361958,1069,
1052,60810,1094932530,385894,361018,1100,
1039,60773,1094932455,385270,361787,1080,
1047,60733,1094932708,385589,361269,1058,
1015,60998,1094931961,385412,361875,1143,
1052,60575,1094933138,385073,361470,1096,
1076,60723,1094932284,385217,361950,1154,
1016,60753,1094932346,385464,361690,1135,
1011,61111,1094931967,385838,361321,1156,
1066,60877,1094932064,385354,361953,1090,
1024,60825,1094931924,385975,361575,1081,
1069,60913,1094931740,385385,362238,1059,
1060,60761,1094932138,385380,361933,1132,
1055,60789,1094931962,386443,361038,1117,
1077,60386,1094931990,385719,362106,1126,
1050,60725,1094931809,384818,362911,1091,
1025,60527,1094932104,385339,362302,1107,
983,60816,1094931608,385778,362175,1044,
1030,60968,1094931047,386034,362204,1121,
1047,60864,1094931673,386132,361564,1124,
1003,60931,1094931550,386107,361715,1098,
1067,60710,1094931835,386374,361413,1005,
1029,60976,1094931673,384920,362734,1072,
1032,60446,1094932149,386016,361667,1094,
1066,60678,1094931992,385871,361705,1092,
1040,61058,1094931310,385641,362265,1090,
1054,60427,1094931917,386482,361473,1051,
1063,60949,1094931401,385668,362237,1086,
1034,60955,1094931451,385771,362088,1105,
1079,60677,1094931472,386281,361811,1084,
1032,61051,1094931178,385818,362217,1108,
1013,60967,1094931352,386447,361549,1076,
1035,60873,1094930999,386393,362043,1061,
1009,60744,1094931879,385112,362610,1050,
1062,60708,1094931699,386475,361381,1079,
1022,60808,1094930875,386640,361976,1083,
1036,60778,1094931023,386604,361888,1075,
985,60783,1094931493,385696,362374,1073,
1083,60800,1094931581,385964,361934,1042,
1060,60768,1094931484,386097,361879,1116,
1032,60957,1094931028,385893,362418,1076,
1043,60638,1094931411,385708,362550,1054,
980,61188,1094931011,385869,362306,1050,
1018,61038,1094931182,385894,362235,1037,
1031,60699,1094931689,386154,361762,1069,
1029,60507,1094931385,386190,362230,1063,
1060,60611,1094931307,386104,362231,1091,
1054,60657,1094931403,385693,362518,1079,
1078,60698,1094931081,386210,362229,1108,
994,60913,1094931709,385707,362029,1052,
1023,60723,1094930632,386993,361955,1078,
1074,60410,1094931136,386570,362156,1058,
1006,60858,1094931078,386760,361645,1057,
1016,60524,1094931076,386596,362152,1040,
1012,60987,1094931386,385940,362007,1072,
1008,60765,1094931561,385700,362319,1051,
959,61053,1094931314,386029,361965,1084,
1003,60768,1094931010,386332,362247,1044,
1016,60762,1094931190,386172,362216,1048,
1104,60606,1094931162,386363,362149,1020,
1035,61022,1094930946,386227,362116,1058,
1036,60717,1094931387,386707,361517,1040,
988,60691,1094931026,386499,362115,1085,
965,60852,1094931399,385910,362264,1014,
996,60737,1094930914,386481,362225,1051,
1011,61017,1094930613,386232,362438,1093,
946,60835,1094930999,386130,362435,1059,
1036,61033,1094930468,386807,362035,1025,
1039,61104,1094930561,386267,362386,1047,
1033,60673,1094931530,386059,362049,1060,
1004,60865,1094930524,386766,362216,1029,
985,61034,1094930964,385707,362665,1049,
1009,60685,1094931360,386025,362231,1094,
1057,60520,1094931032,386471,362264,1060,
959,60789,1094930859,386632,362018,1147,
1001,60921,1094930892,387108,361446,1036,
1055,60469,1094931253,385593,362990,1044,
982,60772,1094930855,386635,362121,1039,
994,60722,1094930813,386305,362515,1055,
1017,60780,1094931122,386435,361995,1055,
1015,60904,1094930637,385926,362840,1082,
1029,60956,1094930624,387143,361553,1099,
1037,60965,1094930078,387212,362061,1051,
1073,60891,1094930213,386656,362522,1049,
1025,60904,1094930784,386315,362342,1034,
977,60834,1094930870,386372,362318,1033,
968,60814,1094930846,386479,362205,1092,
1004,60641,1094930929,386773,362061,996,
976,60665,1094930734,386473,362468,1088,
1008,61003,1094930414,386650,362309,1020,
992,60885,1094930477,386976,361989,1085,
1011,60841,1094930941,386386,362213,1012,
985,60938,1094930946,386096,362422,1017,
971,60872,1094930651,386057,362786,1067,
980,60847,1094930853,386081,362653,990,
989,60712,1094930673,387402,361580,1048,
1007,60973,1094930787,386386,362225,1026,
1053,60938,1094930148,387248,361984,1033,
1008,60959,1094930119,386899,362326,1093,
1047,60542,1094930749,387359,361611,1096,
997,60711,1094930835,386769,362022,1070,
1046,60937,1094929957,386390,363039,1035,
947,60573,1094931348,386683,361815,1038,
1036,60801,1094930387,386385,362737,1058,
935,61101,1094929779,386929,362602,1058,
991,60697,1094930607,386437,362610,1062,
1007,60702,1094930552,386790,362278,1075,
1042,60827,1094930340,386793,362237,1165,
1033,60868,1094930349,386640,362451,1063,
1063,61171,1094930211,386231,362622,1106,
1032,60767,1094930788,387161,361609,1047,
1002,60943,1094930319,386051,363040,1049,
1025,60972,1094930064,386633,362652,1058,
1017,61125,1094929879,387393,362010,980,
999,60897,1094930277,386373,362778,1080,
1029,60741,1094930760,386705,362094,1075,
1037,60662,1094930225,386898,362566,1016,
983,61128,1094929915,386748,362616,1014,
1011,60692,1094929895,386313,363500,993,
949,60666,1094930556,386584,362601,1048,
1016,60447,1094930886,386563,362468,1024,
956,60734,1094930312,387478,361842,1082,
1018,60874,1094930324,386253,362872,1063,
957,61073,1094930139,386738,362444,1053,
1004,60881,1094930297,386588,362591,1043,
1055,60862,1094930334,387137,361948,1068,
1004,61011,1094930090,387977,361249,1073,
1035,60912,1094930220,387103,362088,1046,
971,60949,1094929924,386642,362832,1086,
1005,61047,1094930150,386763,362362,1077,
1002,60852,1094930533,386989,361946,1082,
1042,60930,1094930274,387293,361784,1081,
1046,60883,1094930073,386682,362700,1020,
941,60791,1094930803,386811,361992,1066,
990,61411,1094930144,386186,362633,1040,
1019,60706,1094931047,386624,361969,1039,
977,60885,1094929496,387596,362425,1025,
1019,60774,1094930241,386731,362608,1031,
997,60928,1094930383,386741,362286,1069,
1028,61200,1094930218,387027,361812,1119,
1013,60925,1094929709,387381,362371,1005,
1048,60798,1094930316,386712,362414,1116,
1031,60458,1094930759,386618,362512,1026,
1000,60662,1094930438,386731,362544,1029,
979,60862,1094930435,386569,362527,1032,
989,60614,1094930732,386731,362257,1081,
935,60857,1094930206,386633,362726,1047,
1030,61031,1094930450,387120,361759,1014,
993,61072,1094929701,386623,362918,1097,
981,61128,1094929648,386605,363010,1032,
997,60898,1094930179,386822,362474,1034,
1044,60919,1094930008,387086,362306,1041,
1018,61071,1094930384,386332,362523,1076,
1001,60945,1094930151,386334,362951,1022,
975,60806,1094930351,386776,362418,1078,
978,60942,1094930196,386196,363017,1075,
993,61326,1094929446,386768,362855,1016,
947,60980,1094930026,386900,362462,1089,
1031,60913,1094930392,385532,363472,1064,
1025,60608,1094930589,386848,362260,1074,
1009,60738,1094930320,386828,362468,1041,
971,60989,1094930114,387647,361636,1047,
986,60461,1094930400,386919,362564,1074,
1016,60849,1094930006,387066,362402,1065,
974,61023,1094929490,387131,362710,1076,
1020,60622,1094930744,386324,362600,1094,
1046,61060,1094929978,386142,363178,1000,
1045,60855,1094929976,386820,362645,1063,
977,60791,1094930209,386762,362581,1084,
961,61062,1094930331,386316,362637,1097,
996,60957,1094929748,386798,362846,1059,
974,60747,1094930531,387258,361799,1095,
960,61052,1094929851,387310,362189,1042,
963,60951,1094930047,386532,362922,989,
1004,60921,1094930058,386727,362653,1041,
1021,60611,1094929688,387999,362072,1013,
995,61030,1094929686,386937,362747,1009,
958,60962,1094929783,387381,362309,1011,
937,60927,1094929656,386925,362902,1057,
1039,60901,1094930037,386772,362592,1063,
957,60903,1094930254,386753,362511,1026,
976,60984,1094929992,386428,362982,1042,
950,60851,1094929456,387213,362925,1009,
1040,60860,1094929540,388189,361731,1044,
980,60864,1094930063,386572,362860,1065,
960,60877,1094930100,386820,362641,1006,
1000,60964,1094930095,387049,362224,1072,
990,60798,1094929886,387168,362524,1038,
999,60941,1094929946,386142,363304,1072,
953,60615,1094929865,388238,361675,1058,
978,60911,1094929549,387147,362768,1051,
1007,60784,1094929827,386662,363130,994,
1022,60822,1094929837,387228,362469,1026,
961,61027,1094930284,386573,362536,1023,
999,60768,1094930344,386716,362512,1065,
1084,60701,1094929701,387092,362784,1042,
1033,60685,1094930253,386528,362853,1052,
986,61159,1094929994,386523,362730,1012,
978,60968,1094929858,387061,362504,1035,
963,60930,1094929407,387464,362614,1026,
981,61049,1094929913,387129,362318,1014,
971,60870,1094930033,387010,362521,999,
1001,61289,1094929585,386654,362848,1027,
994,61106,1094929562,386361,363351,1030,
966,60877,1094929634,387374,362460,1093,
1021,60515,1094929847,387007,362985,1029,
971,60932,1094929828,386968,362674,1031,
976,60977,1094929250,387591,362552,1058,
1034,60795,1094929967,386605,362918,1085,
968,60903,1094929713,387627,362173,1020,
1035,60820,1094929645,387468,362417,1019,
988,61081,1094929983,386588,362686,1078,
920,60562,1094929651,387957,362265,1049,
1006,60772,1094930578,386647,362384,1017,
986,60883,1094929446,386750,363334,1005,
990,60976,1094929739,387350,362355,994,
1005,60957,1094929649,387657,362056,1080,
968,61018,1094929586,387065,362732,1035,
977,60791,1094929530,387249,362834,1023,
953,60884,1094930227,386569,362725,1046,
975,60930,1094929614,387110,362698,1077,
941,60939,1094929917,386633,362966,1008,
950,60917,1094929626,388081,361776,1054,
975,60761,1094929804,387328,362495,1041,
993,60492,1094930162,387417,362218,1122,
942,60905,1094930176,387232,362049,1100,
989,61088,1094929654,386079,363582,1012,
943,60795,1094929924,387011,362675,1056,
919,60909,1094930035,387048,362480,1013,
1000,60810,1094929844,386633,363113,1004,
980,60856,1094929837,386216,363522,993,
1007,60772,1094929914,387200,362460,1051,
994,60565,1094929688,387705,362400,1052,
1028,61021,1094929520,386890,362932,1013,
1055,60644,1094929675,387833,362164,1033,
967,61132,1094929239,386582,363457,1027,
971,60856,1094929682,387250,362661,984,
1032,60826,1094929698,386797,362966,1085,
1000,60802,1094929869,387351,362364,1018,
983,60934,1094929175,387680,362620,1012,
1055,60601,1094929259,388259,362248,982,
932,61138,1094929650,387015,362611,1056,
1002,60874,1094929572,387570,362351,1035,
993,61007,1094929248,387549,362593,1014,
1009,61158,1094929763,386766,362616,1092,
998,60854,1094929118,387823,362599,1012,
933,60974,1094929703,386714,363052,1028,
970,60689,1094929509,387316,362907,1013,
983,60515,1094929828,387842,362213,1023,
975,61194,1094929965,386283,362937,1050,
1007,61079,1094929135,387742,362396,1045,
1001,60958,1094929430,386986,363001,1028,
958,60947,1094930002,387107,362323,1067,
958,60926,1094929398,387102,362981,1039,
995,60927,1094929578,386981,362841,1082,
1001,60873,1094929745,386535,363296,954,
981,60671,1094930070,386889,362749,1044,
982,60821,1094929119,387911,362534,1037,
951,60798,1094929990,386901,362682,1082,
986,61080,1094929576,387313,362407,1042,
994,60863,1094929879,386310,363320,1038,
976,60791,1094929886,387113,362583,1055,
983,61009,1094929788,387267,362334,1022,
1018,60893,1094929200,387411,362882,1000,
985,60997,1094929523,387018,362868,1013,
1024,60793,1094929776,387532,362288,991,
1000,60850,1094929603,386869,363018,1064,
1001,61034,1094928938,387873,362599,959,
977,60978,1094929172,387317,362955,1005,
1010,60849,1094930009,387693,361796,1047,
979,60744,1094929459,387761,362429,1032,
975,61046,1094929239,387035,363134,975,
988,60766,1094929862,387533,362254,1001,
951,61002,1094929541,386434,363438,1038,
1037,60909,1094929546,387077,362874,961,
993,60978,1094929217,387416,362760,1040,
976,61360,1094929520,387234,362310,1004,
1021,60773,1094929407,387310,362864,1029,
1001,60759,1094929804,387228,362592,1020,
985,61047,1094929073,387851,362361,1087,
998,60764,1094929505,386885,363214,1038,
977,60669,1094929706,387314,362735,1003,
972,60845,1094929597,387249,362608,1133,
951,60725,1094929646,387145,362902,1035,
999,61084,1094929174,387699,362438,1010,
986,60497,1094929801,387777,362298,1045,
1019,61014,1094929681,386563,363063,1064,
934,61078,1094929562,387733,362143,954,
956,60943,1094929621,386897,362961,1026,
1017,61059,1094929115,386898,363287,1028,
983,61018,1094929345,387889,362137,1032,
1002,60770,1094929649,387574,362414,995,
1011,61019,1094928947,387744,362649,1034,
1004,60883,1094929768,386959,362793,997,
1051,61100,1094928506,387986,362732,1029,
1031,60860,1094929493,387773,362228,1019,
1001,60854,1094929559,387324,362593,1073,
992,61262,1094929160,387234,362750,1006,
992,61104,1094929370,387565,362418,955,
1011,60994,1094929496,387381,362507,1015,
990,60713,1094929298,387381,363040,982,
949,61092,1094929244,387385,362697,1037,
1026,60930,1094929338,387326,362760,1024,
1015,60872,1094929768,386519,363246,984,
964,60902,1094929674,387559,362213,1092,
1014,61094,1094929467,387450,362366,1013,
1003,60521,1094929445,387887,362523,1025,
992,60888,1094929581,387282,362672,989,
963,61000,1094929581,386761,363108,991,
954,60909,1094929543,387558,362416,1024,
1007,60940,1094929322,387470,362614,1051,
979,61304,1094928901,387114,363049,1057,
977,61062,1094929263,387186,362905,1011,
943,60891,1094929636,387965,361952,1017,
1017,60437,1094929971,387584,362352,1043,
1025,60884,1094929698,386481,363305,1011,
965,60984,1094929745,387198,362454,1058,
949,61050,1094929331,387618,362423,1033,
980,60844,1094929330,387442,362802,1002,
1021,61197,1094928631,387833,362642,1080,
978,61010,1094929163,386872,363352,1029,
994,60886,1094929167,387787,362564,1006,
929,60976,1094929136,388378,361966,1019,
978,61126,1094929453,387090,362773,984,
1016,60636,1094929724,387501,362518,1009,
960,61059,1094929622,387142,362569,1052,
942,60870,1094929640,386871,363032,1049,
1000,60926,1094928954,388012,362505,1007,
1015,60821,1094929342,387375,362817,1034,
938,61086,1094929171,387536,362720,953,
935,61064,1094929563,387782,361999,1061,
870,61178,1094928955,387281,363110,1010,
995,60982,1094929169,387956,362312,990,
976,60966,1094928930,387444,363019,1069,
966,60931,1094929260,387169,363057,1021,
942,60999,1094929558,387072,362789,1044,
1015,60987,1094929164,387469,362775,994,
966,60922,1094928918,387865,362712,1021,
976,60831,1094929346,387269,362965,1017,
1030,60768,1094928983,387776,362800,1047,
1021,61040,1094929589,387582,362150,1022,
998,60836,1094929532,387287,362711,1040,
1008,60736,1094929899,387408,362378,975,
1032,61112,1094929073,387108,363032,1047,
967,61179,1094929461,387055,362654,1088,
1007,60998,1094929423,387221,362706,1049,
946,60858,1094929510,388129,361919,1042,
1053,60924,1094929308,387108,362941,1070,
1036,60508,1094929081,388113,362576,1090,
1029,60803,1094929079,387600,362889,1004,
953,61108,1094929357,387336,362589,1061,
926,61044,1094929143,387647,362624,1020,
994,60930,1094929228,387323,362894,1035,
967,60871,1094929734,386917,362873,1042,
968,60789,1094929560,387694,362376,1017,
976,60883,1094929064,387710,362727,1044,
987,61068,1094929496,387382,362410,1061,
965,60906,1094929008,387205,363295,1025,
976,60878,1094929169,387869,362465,1047,
998,61008,1094929291,387547,362542,1018,
1017,60648,1094929488,386771,363453,1027,
961,60754,1094929707,387170,362801,1011,
978,61115,1094928978,386942,363349,1042,
1002,60734,1094929484,387545,362582,1057,
964,61272,1094928842,388208,362119,999,
990,61012,1094928735,387351,363291,1025,
1045,60991,1094929471,387519,362322,1056,
1044,60871,1094928997,387419,363049,1024,
1045,60705,1094929678,387292,362624,1060,
940,60650,1094929515,387158,363096,1045,
981,60737,1094929759,387467,362453,1007,
975,61036,1094928920,387003,363431,1039,
954,60715,1094929841,387960,361931,1003,
946,61018,1094929213,387071,363126,1030,
936,60948,1094929653,387370,362481,1016,
972,60762,1094929222,387758,362683,1007,
964,60620,1094929091,387974,362727,1028,
1001,60822,1094929260,387473,362895,953,
1016,60797,1094929740,386790,362972,1089,
970,61039,1094928891,387755,362709,1040,
991,60905,1094929471,387273,362713,1051,
986,60788,1094929933,386913,362756,1028,
985,60777,1094929315,387151,363187,989,
938,60568,1094929376,387969,362536,1017,
1028,61110,1094929121,387936,362140,1069,
1015,60844,1094929011,387843,362681,1010,
922,60836,1094929719,387107,362780,1040,
981,60663,1094929104,388077,362608,971,
1008,60734,1094929591,387348,362735,988,
966,61147,1094929098,387288,362879,1026,
971,60830,1094929780,387399,362375,1049,
981,60932,1094928675,388419,362394,1003,
948,60946,1094929789,386692,363006,1023,
1018,61066,1094928889,387581,362852,998,
1059,60499,1094929348,387413,363115,970,
949,61017,1094929051,387961,362379,1047,
1006,60326,1094929586,387559,362870,1057,
992,61311,1094928133,387855,363023,1090,
935,61155,1094928731,387819,362731,1033,
1058,60718,1094928892,387856,362946,934,
968,60977,1094929229,387562,362658,1010,
988,60913,1094929469,387139,362859,1036,
967,60804,1094929176,387266,363175,1016,
948,60491,1094929909,387182,362864,1010,
983,60927,1094928852,387447,363216,979,
996,60663,1094930077,386959,362728,981,
1027,60983,1094928790,387913,362698,993,
1010,60931,1094929630,386968,362866,999,
958,61141,1094929459,387128,362715,1003,
978,60819,1094929431,387517,362649,1010,
957,60991,1094929066,387475,362903,1012,
957,60737,1094929398,387775,362547,990,
923,60888,1094929218,387735,362619,1021,
1002,60749,1094928951,387927,362802,973,
998,60850,1094929307,386990,363299,960,
951,60619,1094929382,387619,362800,1033,
956,61063,1094928872,387490,362985,1038,
953,60945,1094928941,387722,362871,972,
983,60727,1094929639,387385,362678,992,
1005,61074,1094928494,387698,363136,997,
989,60886,1094928798,388124,362613,994,
955,60928,1094929094,387435,362968,1024,
1007,61079,1094929304,387057,362914,1043,
1022,61018,1094928888,388096,362301,1079,
963,61159,1094928949,387661,362643,1029,
935,61108,1094928981,387258,363108,1014,
968,60724,1094929004,388358,362352,998,
928,60781,1094929430,387205,363021,1039,
958,60875,1094928814,387445,363308,1004,
965,60842,1094929656,387236,362644,1061,
987,60780,1094929405,387188,363093,951,
970,61047,1094929037,387414,362931,1005,
974,60639,1094929540,387730,362532,989,
1000,60845,1094928978,387936,362664,981,
982,61227,1094928689,387455,363052,999,
935,60497,1094929868,387661,362425,1018,
973,60839,1094928959,388087,362542,1004,
976,61167,1094928818,387087,363327,1029,
959,60640,1094929647,387427,362777,954,
967,60938,1094929628,387275,362566,1030,
947,61064,1094928958,387427,362994,1014,
988,61025,1094928860,387585,362919,1027,
988,60945,1094928869,388008,362576,1018,
958,61076,1094928464,387802,363132,972,
952,60864,1094929201,387575,362800,1012,
957,60942,1094929178,387809,362512,1006,
958,60681,1094929594,387092,363023,1056,
961,60941,1094928833,387935,362693,1041,
1007,60598,1094929176,387961,362599,1063,
907,60950,1094929343,387561,362600,1043,
948,61172,1094928965,387114,363193,1012,
1001,60787,1094929085,387897,362577,1057,
975,60831,1094929279,386720,363579,1020,
980,61130,1094928686,387664,362947,997,
964,61023,1094929068,388224,362109,1016,
992,61162,1094928669,387881,362720,980,
995,61114,1094928750,387899,362649,997,
1018,60762,1094929395,387229,362968,1032,
982,61105,1094928757,387797,362723,1040,
988,61036,1094928829,387717,362811,1023,
975,60933,1094929252,387300,362954,990,
971,61091,1094928844,387432,363010,1056,
966,61030,1094928763,387750,362881,1014,
979,60572,1094928975,387811,362991,1076,
951,60817,1094929756,387518,362364,998,
970,60717,1094929277,387204,363284,952,
909,60603,1094929227,387888,362788,989,
958,61027,1094929213,387119,363032,1055,
987,60770,1094929327,387572,362678,1070,
1012,60958,1094928657,388188,362490,1099,
975,60735,1094929371,387868,362382,1073,
982,60857,1094929048,387789,362721,1007,
1013,61055,1094928309,388136,362871,1020,
1037,60821,1094928823,388068,362596,1059,
948,60486,1094929417,387483,363068,1002,
942,61149,1094928853,387105,363355,1000,
965,60924,1094929289,387595,362633,998,
965,60768,1094928958,388254,362434,1025,
988,60915,1094928989,387631,362868,1013,
973,60946,1094929221,387285,362968,1011,
976,60887,1094928685,388443,362418,995,
995,60929,1094929179,387387,362935,979,
997,60692,1094929346,387739,362555,1075,
1015,61079,1094928919,386795,363567,1029,
975,60660,1094929515,387948,362311,995,
965,60874,1094929276,387804,362511,974,
941,60850,1094928457,387367,363735,1054,
941,61025,1094929420,386573,363428,1017,
993,60606,1094929257,388356,362156,1036,
1040,60856,1094929090,387510,362875,1033,
963,60916,1094928712,388213,362554,1046,
975,60435,1094929420,388017,362560,997,
927,60869,1094928848,387873,362860,1027,
970,61042,1094928344,388631,362396,1021,
959,61009,1094928930,387265,363229,1012,
976,60976,1094929078,387428,362917,1029,
970,60605,1094928904,387851,363137,937,
975,61222,1094929100,387214,362858,1035,
929,60984,1094928702,388201,362568,1020,
944,61175,1094928066,387861,363362,996,
980,60628,1094929109,388216,362402,1069,
960,60953,1094928863,387759,362804,1065,
985,60846,1094928960,387703,362902,1008,
978,60677,1094928961,388248,362558,982,
988,60930,1094928571,387585,363343,987,
990,60977,1094928969,387858,362605,1005,
929,61254,1094928879,387180,363171,991,
997,60489,1094929495,387959,362464,1000,
961,61046,1094928504,387954,362950,989,
992,60827,1094928848,387880,362827,1030,
926,60794,1094928966,387688,363004,1026,
985,60982,1094928920,387527,363012,978,
1012,60924,1094929019,387599,362784,1066,
954,61306,1094928781,387053,363308,1002,
976,61155,1094928979,387614,362681,999,
1015,60948,1094928741,388046,362638,1016,
991,61115,1094928428,388274,362612,984,
894,60936,1094929053,387968,362575,978,
956,60999,1094928826,387774,362846,1003,
1002,61145,1094929089,386548,363614,1006,
940,61114,1094928772,387494,363064,1020,
937,61039,1094928857,387689,362863,1019,
929,60865,1094929200,388073,362332,1005,
988,60810,1094928736,387759,363130,981,
975,60883,1094929067,387557,362926,996,
946,61006,1094928897,388130,362389,1036,
985,61007,1094928909,387552,362932,1019,
949,60678,1094929130,387593,363014,1040,
938,61166,1094928626,388635,361999,1040,
938,61090,1094929070,387374,362947,985,
949,60906,1094929041,387455,363075,978,
954,60701,1094929267,387531,362897,1054,
1000,60690,1094929394,387713,362601,1006,
1035,60897,1094928756,387547,363187,982,
917,60888,1094928941,388326,362294,1038,
979,61033,1094928398,388025,362905,1064,
1002,61090,1094928559,388149,362606,998,
1011,60780,1094928929,387834,362793,1057,
1032,60877,1094928563,387829,363088,1015,
925,61011,1094928993,387600,362879,996,
998,60878,1094928923,387560,363050,995,
977,60866,1094929469,386745,363295,1052,
968,61048,1094928736,388013,362673,966,
976,60649,1094929005,387779,363019,976,
993,60673,1094929355,388176,362149,1058,
974,60925,1094928855,387204,363485,961,
999,60730,1094929084,387545,363057,989,
949,60833,1094928967,387336,363335,984,
998,60746,1094929335,387051,363280,994,
974,60502,1094928930,387935,363112,951,
936,60988,1094929078,387665,362697,1040,
970,60766,1094929339,387360,362932,1037,
1001,61053,1094928611,388011,362721,1007,
941,61014,1094928358,388179,362880,1032,
931,60747,1094929115,387866,362724,1021,
966,60687,1094928569,387835,363367,980,
975,60884,1094928754,388140,362621,1030,
969,60944,1094928573,388230,362635,1053,
973,60936,1094928762,387666,363043,1024,
962,60924,1094928701,388456,362345,1016,
937,60927,1094929015,387420,363110,995,
959,60783,1094928937,388006,362690,1029,
891,61221,1094928623,388280,362404,985,
963,60643,1094929087,387650,363051,1010,
942,60937,1094928754,388136,362594,1041,
948,60572,1094929335,388212,362332,1005,
994,60943,1094928483,388463,362538,983,
978,60840,1094928861,388037,362652,1036,
1047,60813,1094929347,387527,362632,1038,
930,60911,1094928711,387408,363418,1026,
989,60999,1094928675,387949,362800,992,
1002,60489,1094929013,388230,362693,977,
985,60816,1094928618,387976,362985,1024,
905,61031,1094928076,388419,362976,997,
905,60833,1094928734,388002,362857,1073,
950,60441,1094928935,388312,362763,1003,
999,60696,1094928698,388292,362697,1022,
961,60893,1094928663,387614,363266,1007,
904,61243,1094928787,387409,363042,1019,
972,60831,1094929033,387487,363067,1014,
919,60916,1094928456,387737,363334,1042,
981,60857,1094929108,387893,362604,961,
928,60799,1094928931,387992,362790,964,
959,60749,1094928969,387727,363006,994,
940,60660,1094929276,387494,362992,1042,
909,60928,1094928497,388167,362860,1043,
959,60893,1094929015,387169,363386,982,
956,60827,1094928799,388322,362488,1012,
982,60748,1094928998,387896,362761,1019,
984,60854,1094928835,388183,362561,987,
960,60933,1094928703,387802,362946,1060,
969,60725,1094928851,387765,363120,974,
1003,60773,1094928914,387880,362845,989,
996,61023,1094928664,387701,363014,1006,
987,61197,1094928616,387644,362964,996,
947,61104,1094928539,387551,363231,1032,
981,61035,1094928494,387864,363029,1001,
939,61138,1094928474,387012,363870,971,
934,60698,1094929385,387631,362717,1039,
939,61093,1094928565,387410,363382,1015,
982,61079,1094928121,388471,362751,1000,
903,60874,1094928370,388239,363005,1013,
952,60779,1094928426,388303,363002,942,
948,60717,1094929125,387980,362611,1023,
959,60927,1094928744,388200,362588,986,
967,60560,1094929391,387907,362547,1032,
917,61142,1094928848,387625,362892,980,
971,60718,1094929076,387739,362881,1019,
951,60973,1094928836,388118,362497,1029,
977,61412,1094927930,388553,362543,989,
973,60543,1094929155,387936,362786,1011,
958,61216,1094928491,387872,362842,1025,
1009,61262,1094928862,387859,362431,981,
929,60873,1094928596,388430,362535,1041,
992,61084,1094928505,387982,362823,1018,
940,60811,1094929123,387745,362829,956,
907,60968,1094928445,387724,363368,992,
937,60911,1094928961,387606,363015,974,
942,60990,1094928443,388246,362782,1001,
1004,60984,1094928808,388108,362456,1044,
983,60817,1094929244,387293,363116,951,
1051,60458,1094928716,388406,362797,976,
964,60994,1094928450,387595,363419,982,
908,60967,1094928649,387940,362978,962,
954,60882,1094929058,387189,363268,1053,
964,60849,1094928360,387668,363554,1009,
983,61086,1094929101,387149,363029,1056,
936,60752,1094928869,387986,362779,1082,
936,60758,1094928866,387846,362914,1084,
1010,60840,1094928689,387971,362945,949,
956,61039,1094928556,387868,362968,1017,
985,60965,1094929005,387340,363107,1002,
957,60779,1094929224,388085,362344,1015,
955,60942,1094928784,387928,362838,957,
953,61052,1094928945,387427,363055,972,
947,60754,1094928940,388211,362588,964,
982,60678,1094928890,387632,363225,997,
1008,60750,1094929144,388123,362399,980,
951,60763,1094928736,387626,363316,1012,
934,61010,1094929011,387236,363177,1036,
964,60851,1094929026,387773,362796,994,
925,61104,1094928513,388732,362110,1020,
935,60916,1094929034,387586,362934,999,
1006,60710,1094928346,388185,363138,1019,
974,60878,1094929012,387062,363451,1027,
1020,60778,1094928476,387880,363264,986,
987,60766,1094929715,386938,363027,971,
967,61175,1094928337,387806,363114,1005,
976,60836,1094928610,387646,363328,1008,
949,60586,1094928962,388156,362766,985,
976,60792,1094928898,387876,362847,1014,
1024,60878,1094928779,387469,363222,1032,
1022,60780,1094928361,387893,363320,1028,
924,61032,1094929009,387795,362635,1009,
1000,60968,1094928383,387767,363301,985,
948,61074,1094929079,387405,362878,1020,
958,61060,1094928667,387934,362794,991,
1018,60963,1094928708,387641,363071,1003,
965,60912,1094929112,387264,363162,989,
967,61156,1094928571,387580,363102,1028,
984,60744,1094928711,387435,363466,1064,
1012,61135,1094928376,388299,362549,1033,
887,60926,1094928928,388291,362410,962,
1019,60837,1094928740,387701,363096,1011,
1018,60853,1094928447,387808,363324,954,
953,60676,1094929184,388142,362432,1017,
971,60785,1094928835,387556,363278,979,
944,60978,1094928619,388086,362787,990,
942,60986,1094928917,387450,363129,980,
1033,60668,1094928820,388047,362814,1022,
959,60958,1094928241,388092,363204,950,
972,60844,1094928918,387722,362896,1052,
968,60944,1094928452,387665,363361,1014,
935,60941,1094928438,388353,362719,1018,
965,60745,1094929080,387914,362656,1044,
951,60993,1094929029,387811,362639,981,
969,60852,1094928684,387320,363521,1058,
955,61316,1094928271,387742,363094,1026,
938,60977,1094928417,388323,362781,968,
965,60729,1094928944,387727,363020,1019,
941,61066,1094928594,387802,362976,1025,
1038,61152,1094927892,388193,363146,983,
974,60735,1094928852,388410,362442,991,
929,60889,1094928386,388343,362837,1020,
965,60969,1094928583,387271,363634,982,
966,61065,1094928380,388240,362766,987,
934,61223,1094928934,387715,362555,1043,
968,61037,1094928631,388104,362666,998,
1018,61199,1094927768,388256,363158,1005,
1001,60503,1094928362,389240,362286,1012,
956,60935,1094928564,387504,363402,1043,
1003,60976,1094928201,388167,363067,990,
988,60953,1094928681,387996,362731,1055,
919,61006,1094928453,388064,362978,984,
952,60906,1094929126,387160,363235,1025,
962,60957,1094928917,387343,363249,976,
981,60826,1094928816,388197,362609,975,
980,60999,1094928746,387395,363282,1002,
920,60796,1094928649,388017,363059,963,
998,60929,1094928142,387933,363385,1017,
1005,60569,1094928417,388644,362800,969,
1014,60710,1094928913,388019,362692,1056,
946,60680,1094929210,387541,363020,1007,
983,60845,1094928740,387354,363515,967,
943,61001,1094928544,388191,362750,975,
969,60803,1094929059,387407,363133,1033,
962,60929,1094928472,388097,362924,1020,
1000,60775,1094928816,388236,362591,986,
949,60995,1094928791,387283,363369,1017,
973,61022,1094928414,388116,362865,1014,
973,60964,1094928347,387752,363420,948,
1010,61091,1094928436,387783,363106,978,
963,60898,1094928851,387581,363099,1012,
977,61014,1094928876,386781,363746,1010,
972,61192,1094928866,387264,363101,1009,
983,61036,1094928141,387546,363682,1016,
882,60873,1094929183,387410,363042,1014,
960,60875,1094928766,388342,362464,997,
988,60906,1094928729,387365,363400,1016,
984,61001,1094928658,387782,362991,988,
955,61147,1094928575,387189,363509,1029,
899,60816,1094928978,387898,362810,1003,
992,60996,1094928612,388248,362535,1021,
961,61031,1094928227,387778,363407,1000,
909,61097,1094928563,388151,362695,989,
941,60872,1094929062,387877,362634,1018,
958,61022,1094928343,387748,363360,973,
948,61251,1094928673,387371,363112,1049,
949,61218,1094927813,388227,363135,1062,
938,60985,1094928258,388354,362863,1006,
928,60749,1094929304,387207,363231,985,
954,61040,1094928363,387585,363449,1013,
995,60947,1094928387,388381,362734,960,
983,60992,1094928741,387785,362903,1000,
957,60832,1094928632,388182,362803,998,
963,60791,1094928561,387479,363550,1060,
946,60826,1094928675,388252,362652,1053,
948,61010,1094928763,387307,363413,963,
946,60761,1094928821,387746,363139,991,
967,61045,1094929027,387424,362957,984,
984,61066,1094928318,388529,362492,1015,
984,60994,1094928687,387791,362954,994,
982,60905,1094928751,387542,363251,973,
945,61094,1094928900,387480,362949,1036,
974,61079,1094928426,388137,362778,1010,
987,60685,1094928601,388206,362884,1041,
954,61074,1094928712,387893,362751,1020,
957,60625,1094928426,388232,363169,995,
917,60906,1094928593,387699,363253,1036,
954,60703,1094929034,388326,362418,969,
991,60913,1094928621,388213,362660,1006,
919,60870,1094928899,387974,362763,979,
909,61101,1094928515,388479,362383,1017,
976,61069,1094928393,388299,362641,1026,
879,60858,1094928417,388610,362631,1009,
941,61258,1094928511,387031,363662,1001,
967,60385,1094929296,387843,362904,1009,
984,61037,1094928421,387948,362975,1039,
891,60680,1094929019,387820,362982,1012,
932,60879,1094929035,387688,362819,1051,
976,60782,1094928874,388020,362769,983,
1011,61147,1094927867,388660,362703,1016,
935,60949,1094928449,388137,363006,928,
1002,61094,1094928147,388185,362999,977,
939,60824,1094929133,387633,362881,994,
1037,60842,1094928886,387598,363035,1006,
946,60726,1094929140,387512,363062,1018,
955,60700,1094928694,388555,362510,990,
946,60774,1094928685,387364,363617,1018,
960,60874,1094928582,388096,362925,967,
974,60733,1094928970,386947,363734,1046,
1007,60891,1094928245,388623,362633,1005,
954,60774,1094928547,388361,362763,1005,
969,60555,1094928430,388364,363030,1056,
1025,60952,1094928294,387963,363207,963,
922,61017,1094928271,388737,362467,990,
933,60847,1094928410,388113,363085,1016,
953,61130,1094928356,388574,362380,1011,
937,61006,1094928057,388147,363237,1020,
941,61111,1094928566,387523,363218,1045,
917,61043,1094928768,387538,363194,944,
937,61008,1094928829,387252,363370,1008,
952,61082,1094928511,387552,363326,981,
924,61073,1094928537,387421,363469,980,
944,60901,1094928559,388428,362595,977,
987,60875,1094928375,387766,363453,948,
943,61093,1094928039,387952,363364,1013,
940,61056,1094928424,387946,363017,1021,
995,60774,1094928749,387666,363197,1023,
966,60645,1094928443,387966,363359,1025,
959,60960,1094928078,387813,363637,957,
942,60700,1094928556,388916,362295,995,
953,60925,1094928789,387959,362830,948,
927,60999,1094928250,387660,363614,954,
893,60928,1094928904,387837,362895,947,
973,61440,1094927994,387656,363273,1068,
950,61198,1094928447,387793,363000,1016,
951,61049,1094928459,388005,362955,985,
989,60779,1094928473,387509,363637,1017,
937,61022,1094928116,388427,362849,1053,
956,61134,1094928657,386941,363722,994,
937,60957,1094929282,387248,362951,1029,
1001,60885,1094928476,387228,363798,1016,
924,60977,1094929044,387318,363096,1045,
935,61251,1094928103,387789,363366,960,
924,60761,1094928630,388653,362410,1026,
946,60914,1094928397,388162,362977,1008,
995,61101,1094928448,388248,362663,949,
949,60884,1094927997,388040,363514,1020,
922,61282,1094928333,388163,362759,945,
927,61010,1094928593,387473,363382,1019,
921,60984,1094928245,389020,362218,1016,
998,60989,1094928436,387726,363230,1025,
980,60799,1094928726,387695,363203,1001,
938,60685,1094928329,388517,362960,975,
967,60802,1094928605,388355,362666,1009,
972,61081,1094928580,387427,363364,980,
948,60522,1094928994,388187,362736,1017,
949,60682,1094928277,388492,363043,961,
946,60979,1094927898,387995,363512,1074,
955,60863,1094927872,388748,363001,965,
955,60938,1094928427,387554,363487,1043,
946,60643,1094928485,388262,363055,1013,
986,60760,1094928806,388185,362615,1052,
963,60954,1094928556,387457,363463,1011,
912,60895,1094928163,388233,363117,1084,
945,60768,1094928956,388124,362592,1019,
1004,61145,1094928390,388106,362813,946,
973,60942,1094928318,388088,363080,1003,
917,61294,1094928233,388357,362634,969,
1019,60910,1094928539,387331,363615,990,
1018,60943,1094928428,388185,362844,986,
993,60786,1094928820,388087,362732,986,
934,60902,1094928418,387915,363184,1051,
914,60837,1094928520,388452,362673,1008,
963,60990,1094928428,388184,362839,1000,
992,60790,1094928552,388820,362251,999,
1010,60825,1094928691,387727,363123,1028,
904,60827,1094928548,388441,362694,990,
972,61132,1094927944,388227,363109,1020,
903,61359,1094928199,387709,363264,970,
1004,60849,1094928790,387284,363510,967,
945,60984,1094928743,387949,362807,976,
1000,60845,1094928255,387565,363742,997,
902,60946,1094928693,388063,362787,1013,
971,60953,1094928424,387617,363395,1044,
904,60930,1094928682,387312,363571,1005,
987,60609,1094928634,388100,363083,991,
916,61253,1094928021,388281,362946,987,
982,60875,1094928418,387907,363220,1002,
994,60725,1094928947,387875,362849,1014,
977,60841,1094928629,387896,363081,980,
952,60785,1094928667,387898,363113,989,
947,60997,1094928605,388119,362738,998,
1000,60926,1094928414,388509,362537,1018,
919,61271,1094928568,387306,363312,1028,
994,61067,1094928419,387774,363153,997,
956,60974,1094927940,388574,362928,1032,
957,61345,1094927891,388245,362982,984,
927,61035,1094928476,387264,363641,1061,
949,60856,1094928739,388229,362558,1073,
965,61174,1094927754,389010,362513,988,
974,61127,1094928339,388027,362909,1028,
948,60892,1094928679,387615,363239,1031,
974,60781,1094928741,388220,362732,956,
965,61104,1094928628,387679,363028,1000,
1021,60862,1094927956,388450,363153,962,
997,61206,1094928211,387934,363083,973,
937,60722,1094928315,389060,362399,971,
942,60727,1094927935,388964,362825,1011,
952,61109,1094928485,388140,362710,1008,
937,60705,1094928499,388893,362326,1044,
924,61238,1094928749,387334,363200,959,
947,61026,1094928419,388206,362816,990,
966,60794,1094928563,388261,362839,981,
873,60802,1094928535,388354,362852,988,
944,61120,1094928411,387410,363461,1058,
928,61051,1094928211,388627,362591,996,
992,60861,1094928466,388143,362923,1019,
949,60911,1094928290,388656,362598,1000,
862,60985,1094928870,387563,363136,988,
966,60984,1094928381,388093,362992,988,
919,61114,1094928609,387986,362712,1064,
968,61287,1094927957,387341,363853,998,
951,60944,1094928229,387841,363477,962,
963,60894,1094927999,388591,362986,971,
916,61018,1094928542,387957,362966,1005,
925,60919,1094927821,388908,362773,1058,
939,61110,1094928937,387233,363133,1052,
931,61110,1094927748,388876,362661,1078,
975,60586,1094928789,388623,362443,988,
985,60643,1094928632,388200,362952,992,
924,60949,1094928287,388899,362357,988,
931,61215,1094928110,388003,363128,1017,
922,61112,1094928257,388013,363073,1027,
895,60977,1094928347,388405,362775,1005,
966,61043,1094928184,388974,362292,945,
959,60979,1094927916,388782,362789,979,
964,60973,1094928663,388073,362738,993,
959,60875,1094928401,387916,363262,991,
949,60782,1094928893,387893,362929,958,
932,60868,1094928551,388194,362850,1009,
895,61018,1094928307,388032,363123,1029,
972,61091,1094928816,387726,362818,981,
958,60891,1094928140,388439,362997,979,
953,61058,1094928618,387269,363491,1015,
958,61228,1094928062,387852,363309,995,
944,60934,1094928568,388297,362678,983,
942,61266,1094928260,387790,363090,1056,
979,60892,1094928675,387353,363491,1014,
904,60904,1094928579,388225,362787,1005,
979,61072,1094928354,387016,363975,1008,
921,60862,1094928420,388297,362907,997,
911,60735,1094928896,387614,363215,1033,
929,60943,1094928629,388554,362318,1031,
935,60759,1094928125,388240,363358,987,
970,60843,1094928209,387795,363556,1031,
935,61095,1094928018,388289,363086,981,
913,61230,1094928238,387514,363498,1011,
966,61157,1094928370,387485,363341,1085,
1011,60765,1094928245,388407,363017,959,
966,60855,1094928158,388156,363268,1001,
963,60943,1094928121,388533,362821,1023,
971,60618,1094928512,388306,363012,985,
947,60842,1094928383,388659,362586,987,
999,60590,1094928445,387976,363371,1023,
960,60883,1094928439,388381,362775,966,
963,60922,1094928435,387671,363389,1024,
966,61293,1094928449,387555,363126,1015,
904,60952,1094927861,389333,362326,1028,
907,60758,1094928954,387910,362861,1014,
926,60919,1094928196,388692,362651,1020,
943,61146,1094927724,388679,362888,1024,
912,61051,1094927865,388441,363174,961,
935,60903,1094928340,388780,362436,1010,
984,60779,1094928103,388433,363115,990,
945,60985,1094928296,388313,362880,985,
953,60975,1094927674,389089,362722,991,
972,60839,1094928433,387624,363584,952,
930,60672,1094928339,388169,363272,1022,
981,60885,1094927941,388847,362722,1028,
899,61365,1094928685,387257,363163,1035,
964,61024,1094928066,387791,363539,1020,
917,61116,1094928410,388221,362734,1006,
938,60767,1094928361,388590,362742,1006,
920,60866,1094928731,387691,363218,978,
953,60810,1094928504,387733,363397,1007,
951,61367,1094927738,388144,363253,951,
933,61032,1094928166,388649,362637,987,
