255500,1084984,71670961219,4998715,4724766,5041,
232375,1912273,71663671317,8492501,7717194,4565,
138149,2383345,71660030085,10627197,8848631,2818,
90897,2512515,71659012922,11530096,8881262,2533,
68887,2554330,71658361582,12064738,8978738,1950,
58712,2596428,71657781813,12367161,9223900,2211,
51573,2615937,71657495163,12588591,9277104,1857,
47242,2627494,71657309854,12729862,9313799,1974,
43762,2638694,71657181672,12830266,9334089,1742,
40934,2644695,71657103914,12900240,9338708,1734,
39487,2649190,71657034355,12964043,9341489,1661,
37872,2654632,71656970051,13007815,9358034,1821,
36707,2658522,71656922967,13054506,9355893,1630,
35677,2659771,71656870319,13095876,9366857,1725,
34257,2666276,71656811438,13130645,9385995,1614,
33975,2667711,71656772687,13164458,9389811,1583,
33386,2671954,71656728671,13195324,9399343,1547,
32648,2673443,71656690527,13223220,9408802,1585,
32291,2674557,71656664305,13242540,9414957,1575,
31795,2675110,71656637329,13266707,9417718,1566,
31077,2676234,71656606778,13290972,9423633,1531,
30968,2678509,71656579113,13310530,9429634,1471,
30492,2680488,71656553802,13330374,9433619,1450,
30508,2681911,71656529265,13346405,9440724,1412,
29758,2682277,71656510977,13362451,9443315,1447,
29924,2685531,71656480982,13381789,9450552,1447,
29344,2681926,71656472110,13396590,9448896,1359,
29021,2684870,71656448127,13411303,9455500,1404,
28801,2684915,71656430724,13426860,9457486,1439,
28624,2686621,71656410866,13436326,9466469,1319,
28449,2686961,71656397811,13450985,9464685,1334,
28613,2688643,71656378543,13466477,9466582,1367,
28199,2689120,71656359339,13483297,9468954,1316,
27906,2690177,71656347271,13490920,9472651,1300,
27946,2689438,71656335842,13502894,9472812,1293,
27498,2690752,71656320820,13508494,9481353,1308,
27405,2692476,71656305260,13518631,9485134,1319,
27315,2691140,71656296729,13532392,9481371,1278,
26827,2694072,71656277764,13541269,9488962,1331,
26982,2690948,71656273222,13553911,9483856,1306,
26545,2692489,71656261025,13561458,9487410,1298,
26853,2695043,71656244830,13569301,9492932,1266,
26583,2694547,71656240859,13573661,9493301,1274,
26476,2695119,71656227617,13582092,9497641,1280,
26543,2695516,71656217117,13593155,9496723,1171,
26009,2698100,71656209056,13597396,9498460,1204,
26183,2694790,71656200781,13605941,9501345,1185,
26078,2695997,71656188326,13614798,9503813,1213,
25707,2697102,71656179503,13620329,9506370,1214,
25735,2699409,71656172910,13624643,9506291,1237,
25825,2698795,71656161903,13636680,9505787,1235,
25493,2696560,71656162547,13636825,9507656,1144,
25340,2696674,71656150562,13646554,9509904,1191,
25578,2699649,71656144132,13650020,9509715,1131,
25420,2699692,71656135596,13654064,9514318,1135,
25443,2698672,71656129388,13659905,9515698,1119,
25182,2699662,71656122445,13665349,9516479,1108,
25202,2699661,71656112931,13673179,9518122,1130,
25472,2700991,71656108225,13674616,9519810,1111,
24898,2699109,71656098530,13687025,9519566,1097,
24892,2699792,71656098140,13686160,9520147,1094,
24654,2701693,71656084578,13698127,9520077,1093,
24515,2702688,71656081956,13693493,9526523,1050,
25013,2700466,71656077597,13702970,9523055,1124,
24540,2701819,71656071808,13708724,9522202,1132,
24573,2702512,71656064396,13709197,9528451,1096,
24446,2701930,71656060453,13713588,9528723,1085,
24451,2700937,71656054876,13723563,9525309,1089,
24446,2702836,71656047005,13726039,9528790,1109,
24424,2702303,71656044474,13726807,9531144,1073,
24205,2701090,71656035645,13738100,9530086,1099,
24112,2702667,71656037060,13735539,9529813,1034,
24187,2704155,71656030124,13740968,9529803,988,
23844,2703987,71656019529,13744158,9537613,1094,
23697,2701415,71656023917,13749159,9531027,1010,
24005,2702890,71656012820,13753536,9535835,1139,
24263,2704349,71656008532,13754125,9537887,1069,
23835,2704571,71656006602,13757979,9536166,1072,
23823,2704300,71655997320,13764673,9539046,1063,
23767,2705871,71655992126,13768232,9539196,1033,
23666,2704414,71655992391,13773443,9535261,1050,
23649,2704643,71655988721,13771871,9540335,1006,
23574,2707619,71655980752,13769366,9547844,1070,
23632,2704504,71655979095,13781615,9540418,961,
23452,2705858,71655977346,13779758,9542833,978,
23537,2707435,71655973128,13784477,9540603,1045,
23379,2707434,71655967779,13785774,9544850,1009,
23495,2707035,71655960909,13793481,9544281,1024,
23286,2708653,71655963097,13789866,9544322,1001,
23289,2708985,71655950381,13797471,9549070,1029,
23039,2705412,71655954218,13798910,9547675,971,
22967,2706783,71655948108,13802007,9549339,1021,
23138,2706815,71655945179,13802643,9551505,945,
23011,2708096,71655940678,13810176,9547237,1027,
23107,2707157,71655938797,13811085,9549078,1001,
22846,2710014,71655936003,13809124,9551306,932,
22730,2707755,71655933164,13821069,9544525,982,
22971,2707940,71655928848,13818038,9551351,1077,
23028,2707007,71655922837,13823773,9552623,957,
22890,2706447,71655922931,13825017,9551953,987,
22732,2708540,71655917542,13829243,9551162,1006,
22745,2708721,71655919273,13827231,9551290,965,
22813,2708170,71655910340,13834166,9553765,971,
22485,2709131,71655911127,13834772,9551774,936,
22645,2710536,71655905843,13834946,9555313,942,
22781,2708110,71655901175,13841371,9555775,1013,
22477,2709463,71655901859,13838907,9556562,957,
22483,2708230,71655899675,13843186,9555719,932,
22337,2709121,71655894940,13845243,9557610,974,
22469,2710693,71655888449,13851262,9556413,939,
22405,2708935,71655887793,13854412,9555706,973,
22025,2710232,71655886787,13851923,9558289,969,
22334,2712692,71655882291,13852848,9559043,1017,
22380,2709939,71655877960,13862374,9556623,949,
22511,2710303,71655873308,13866233,9556921,949,
22205,2709832,71655873865,13861866,9561514,943,
22333,2710452,71655873833,13864542,9558098,967,
22276,2709487,71655870548,13866942,9560080,892,
22164,2712007,71655870031,13864067,9561018,938,
22045,2712607,71655859579,13868341,9566750,903,
21943,2712289,71655864189,13869563,9561315,926,
22155,2711856,71655857808,13874652,9562851,903,
22199,2714469,71655855510,13872885,9564221,941,
22149,2713316,71655847588,13882329,9563929,914,
21961,2710230,71655856007,13875398,9565692,937,
22172,2711667,71655847070,13882334,9566061,921,
22052,2712575,71655847093,13881852,9565732,921,
21679,2712154,71655841018,13889587,9564878,909,
21704,2713144,71655840863,13888743,9564876,895,
21863,2714079,71655836400,13890888,9566081,914,
21910,2712368,71655839026,13891403,9564578,940,
21866,2711827,71655834006,13892454,9569168,904,
21820,2711989,71655837232,13893564,9564668,952,
21917,2715845,71655827621,13895824,9568136,882,
21665,2711716,71655832314,13900591,9563077,862,
21484,2715398,71655827399,13896751,9568313,880,
21580,2714956,71655821243,13899981,9571542,923,
21895,2716105,71655820470,13904703,9566133,919,
21618,2714281,71655818600,13905564,9569314,848,
21495,2715167,71655819870,13904880,9567923,890,
21778,2715763,71655812992,13906897,9571872,923,
21576,2715148,71655814703,13908386,9569500,912,
21363,2716651,71655810485,13911296,9569535,895,
21723,2713453,71655812254,13914370,9567522,903,
21616,2716222,71655807096,13913522,9570852,917,
21579,2717316,71655799397,13916248,9574775,910,
21443,2714449,71655803536,13915964,9573927,906,
21242,2715653,71655802991,13919813,9569660,866,
21345,2715606,71655802462,13920645,9569255,912,
21604,2716197,71655797947,13919536,9574093,848,
21339,2715954,71655798926,13918938,9574153,915,
21209,2716921,71655797033,13922460,9571692,910,
21361,2716378,71655794351,13925694,9571499,942,
21332,2716754,71655788003,13926582,9576723,831,
21480,2715306,71655788493,13931866,9572219,861,
21233,2716204,71655786309,13930459,9575152,868,
21255,2717620,71655785177,13930888,9574394,891,
21155,2715792,71655790555,13927615,9574180,928,
21272,2717204,71655778425,13935401,9577053,870,
21361,2717131,71655776569,13937241,9577057,866,
21235,2717203,71655778404,13934930,9577592,861,
20950,2715701,71655778184,13936907,9577559,924,
21246,2718484,71655775352,13939259,9575025,859,
21353,2718234,71655774693,13940112,9574915,918,
20822,2717521,71655771700,13942130,9577175,877,
21272,2718732,71655767789,13946291,9575254,887,
20848,2718762,71655764781,13944907,9580078,849,
21134,2717424,71655764512,13949034,9577219,902,
20854,2719170,71655761339,13948352,9579595,915,
21272,2719236,71655758147,13952021,9578677,872,
20929,2718883,71655761679,13950243,9577639,852,
20983,2716538,71655759992,13955558,9576315,839,
20654,2720538,71655755757,13950282,9582173,821,
20799,2716669,71655758086,13952752,9581086,833,
20988,2716263,71655752733,13961045,9578370,826,
20492,2719892,71655753216,13957420,9578339,866,
20698,2721208,71655747158,13958740,9581560,861,
20806,2719720,71655748503,13959914,9580434,848,
20943,2718093,71655748171,13963293,9578860,865,
20866,2718367,71655745073,13964532,9580482,905,
20643,2718450,71655743092,13966243,9580968,829,
20671,2718379,71655745187,13965239,9579891,858,
20690,2718745,71655740052,13968683,9581226,829,
20537,2719033,71655741567,13966357,9581904,827,
20668,2719187,71655738539,13969694,9581302,835,
20628,2719435,71655740737,13967104,9581470,851,
20550,2719343,71655736088,13968433,9584937,874,
20618,2717688,71655735802,13976897,9578363,857,
20569,2720420,71655732091,13969319,9586972,854,
20376,2718785,71655733365,13971928,9584962,809,
20371,2719601,71655728052,13976872,9584493,836,
20573,2721707,71655728530,13975904,9582647,864,
20631,2718698,71655730863,13972322,9586866,845,
20591,2719567,71655730142,13978872,9580144,909,
20487,2720007,71655723765,13983243,9581874,849,
20407,2721018,71655723181,13980333,9584413,873,
20750,2722472,71655724542,13979567,9582029,865,
20457,2720132,71655719375,13984461,9584958,842,
20158,2719242,71655724085,13981417,9584522,801,
20470,2719604,71655721749,13986164,9581432,806,
20275,2722054,71655711635,13989179,9586228,854,
20280,2722741,71655715859,13989462,9581057,826,
20232,2722145,71655712908,13987618,9586473,849,
20348,2721200,71655717611,13987026,9583261,779,
20325,2722085,71655707938,13991908,9587122,847,
20380,2723576,71655706669,13991533,9587195,872,
20262,2723627,71655704037,13998366,9583091,842,
20133,2722002,71655709372,13993384,9584487,847,
20048,2723921,71655703661,13995028,9586752,815,
20259,2722747,71655702223,13998295,9585935,766,
20001,2723072,71655701506,13999122,9585653,871,
20217,2723002,71655703211,13998803,9584209,783,
20172,2723815,71655700358,13996947,9588094,839,
20277,2724183,71655696112,14000609,9588220,824,
20124,2721996,71655697360,14005991,9583913,841,
20099,2721899,71655696281,14002919,9588237,790,
20339,2720733,71655696640,14005012,9586669,832,
20020,2725762,71655697323,13997220,9589081,819,
20004,2724097,71655692875,14005273,9587103,873,
20101,2722362,71655694373,14006660,9585932,797,
19734,2723186,71655688753,14012187,9585559,806,
20251,2723813,71655685776,14011407,9588205,773,
20010,2723952,71655691607,14008080,9585729,847,
19966,2721776,71655686361,14011875,9589418,829,
20061,2724353,71655683489,14012529,9588972,821,
19859,2723016,71655681946,14013205,9591350,849,
19888,2723004,71655683509,14014232,9588709,883,
19787,2724126,71655679425,14019270,9586732,885,
19621,2723226,71655685947,14011703,9588922,806,
20127,2724280,71655675960,14015592,9593456,810,
19899,2724162,71655680283,14021061,9583959,861,
19934,2723553,71655677989,14016691,9591276,782,
19969,2723104,71655678275,14018603,9589395,879,
20174,2725709,71655668175,14018966,9596327,874,
19779,2722100,71655678598,14017423,9591528,797,
19798,2723881,71655676198,14020752,9588806,790,
19598,2724979,71655669076,14024613,9591199,760,
19654,2724399,71655672900,14022096,9590386,790,
19730,2724879,71655668863,14026677,9589303,773,
19591,2724771,71655669353,14024732,9590935,843,
19864,2723428,71655666356,14026121,9593630,826,
19617,2724846,71655661784,14031849,9591314,815,
19624,2722873,71655664751,14029121,9593039,817,
19621,2724011,71655667725,14029736,9588315,817,
19390,2725712,71655663625,14028363,9592315,820,
19473,2725836,71655664932,14026474,9592713,797,
19650,2724998,71655657432,14033704,9593600,841,
19704,2724384,71655661538,14030919,9592826,854,
19486,2726888,71655660417,14032681,9589914,839,
19555,2726493,71655657349,14033365,9592644,819,
19391,2726163,71655656867,14033102,9593863,839,
19478,2725968,71655658728,14035136,9590070,845,
19567,2727878,71655653169,14037047,9591751,813,
19497,2728008,71655653393,14038692,9589805,830,
19056,2725859,71655653500,14036386,9594587,837,
19332,2726121,71655650212,14040092,9593654,814,
19456,2726853,71655648220,14043020,9591810,866,
19403,2726991,71655647260,14041235,9594569,767,
19336,2725868,71655647583,14046176,9590472,790,
19241,2725830,71655643228,14043296,9597838,792,
19391,2724409,71655648836,14046063,9590698,828,
19398,2726719,71655648832,14042256,9592162,858,
19437,2727010,71655643823,14040480,9598684,791,
19182,2725527,71655646750,14047267,9590669,830,
19466,2727117,71655639527,14047015,9596325,775,
19065,2727850,71655641083,14047099,9594355,773,
19158,2723911,71655641007,14050159,9595203,787,
19658,2728481,71655636926,14044236,9600115,809,
19396,2727721,71655639197,14047637,9595475,799,
19449,2726009,71655635914,14054777,9593265,811,
19204,2728333,71655635120,14051459,9595280,829,
19330,2727409,71655636145,14053937,9592617,787,
19118,2725976,71655634144,14055758,9594462,767,
19310,2728690,71655630988,14051835,9598595,807,
19133,2727902,71655631170,14056722,9594475,823,
19171,2726504,71655630884,14059473,9593396,797,
19197,2727211,71655628623,14057063,9597359,772,
19195,2728023,71655626993,14056528,9598701,785,
19131,2729453,71655623835,14056382,9600621,803,
19243,2726533,71655630771,14058656,9594163,859,
19123,2729267,71655622597,14060813,9597620,805,
18945,2728109,71655623499,14066913,9591965,794,
19092,2730141,71655622875,14061253,9596098,766,
18958,2730513,71655623339,14061391,9595238,786,
19145,2729145,71655618176,14064450,9598463,846,
19290,2727191,71655621352,14062603,9598969,820,
18943,2727065,71655619890,14068718,9594833,776,
19020,2730909,71655614766,14065571,9599142,817,
19103,2731391,71655614651,14064475,9599811,794,
19054,2725303,71655621644,14067920,9595486,818,
18928,2728500,71655614269,14068010,9599715,803,
18848,2731073,71655612797,14064724,9601954,829,
19107,2728205,71655612377,14073051,9596677,808,
18967,2729330,71655613293,14073703,9594223,709,
19000,2730614,71655611689,14070377,9597759,786,
19144,2729529,71655609836,14068950,9601985,781,
18956,2728544,71655611019,14076605,9594290,811,
18839,2729408,71655606821,14072656,9601693,808,
19149,2729089,71655608236,14071835,9601165,751,
18855,2728549,71655613011,14074903,9594151,756,
18957,2728110,71655602507,14079326,9600527,798,
18676,2727482,71655606774,14078032,9598459,802,
18870,2730045,71655605673,14076345,9598474,818,
18791,2730203,71655606021,14077143,9597259,808,
18779,2731414,71655598261,14077923,9603039,809,
18570,2730745,71655602451,14078157,9599502,800,
18698,2730272,71655599561,14080573,9600348,773,
18664,2729173,71655599601,14081364,9600692,731,
18682,2730473,71655598992,14082145,9599192,741,
18829,2731534,71655598580,14079751,9600740,791,
18848,2730422,71655598811,14083249,9598091,804,
18591,2730167,71655596829,14080631,9603198,809,
18667,2728906,71655599128,14082674,9600066,784,
18577,2731807,71655592748,14085342,9601008,743,
18525,2731644,71655590970,14085983,9602364,739,
18734,2730282,71655593960,14083167,9603383,699,
18667,2730854,71655591362,14086364,9602215,763,
18715,2729993,71655589714,14089034,9601921,848,
18734,2730819,71655588653,14090151,9601098,770,
18795,2729192,71655588889,14092499,9600055,795,
18591,2730477,71655589522,14090887,9599987,761,
18644,2730794,71655590189,14087388,9602427,783,
18563,2732012,71655585897,14092707,9600258,788,
18516,2731742,71655587058,14092612,9599536,761,
18735,2731779,71655586385,14092256,9600291,779,
18620,2732323,71655580904,14093591,9604012,775,
18527,2730712,71655587502,14092217,9600479,788,
18603,2732631,71655583169,14092026,9603073,723,
18388,2732441,71655580901,14090360,9607397,738,
18547,2732871,71655582784,14096723,9598501,799,
18667,2731986,71655578204,14098385,9602239,744,
18630,2732158,71655577805,14097532,9603367,733,
18560,2731943,71655577736,14097737,9603514,735,
18472,2732280,71655575698,14099546,9603483,746,
18352,2731332,71655578784,14099669,9601333,755,
18414,2731803,71655576329,14100176,9602730,773,
18305,2729750,71655576698,14101953,9602757,762,
18130,2731834,71655571833,14100478,9607145,805,
18521,2731769,71655575782,14100439,9602953,761,
18335,2733347,71655568542,14102584,9606642,775,
18363,2732295,71655575765,14100167,9602868,767,
18228,2733159,71655566147,14104600,9607312,779,
18207,2732875,71655566786,14104199,9607413,745,
18397,2732408,71655567855,14109191,9601653,721,
18186,2735272,71655562876,14106176,9606924,791,
18343,2734080,71655564340,14107579,9605103,780,
18284,2732850,71655565795,14108117,9604400,779,
18345,2732414,71655564075,14108269,9606347,774,
18088,2734207,71655562835,14111031,9603229,835,
18380,2733271,71655563489,14110942,9603395,748,
18238,2735258,71655559338,14110287,9606352,752,
18272,2734577,71655560679,14107955,9607982,760,
18425,2732929,71655563265,14109972,9604912,722,
18189,2734861,71655563715,14108652,9604049,759,
18201,2734707,71655557965,14115351,9603205,796,
18092,2732527,71655562272,14113234,9603294,806,
18077,2733760,71655558567,14111834,9607245,742,
18415,2733071,71655557252,14116485,9604261,741,
18283,2733828,71655560099,14108210,9608980,825,
18295,2733483,71655556215,14116684,9604811,737,
17776,2732544,71655559023,14117183,9602970,729,
18024,2733169,71655555796,14114196,9608287,753,
18250,2732745,71655553805,14121076,9603565,784,
18110,2733572,71655551286,14116982,9609516,759,
18022,2732014,71655555414,14120129,9603896,750,
18189,2732745,71655554553,14118066,9605954,718,
17877,2732499,71655551141,14121026,9606929,753,
18279,2733410,71655552799,14118764,9606219,754,
17765,2735653,71655549799,14119931,9606336,741,
18042,2734018,71655550832,14118862,9607701,770,
17999,2735315,71655547827,14120230,9608086,768,
18002,2732291,71655552886,14120503,9605800,743,
17870,2735640,71655547317,14120030,9608636,732,
17885,2734142,71655545022,14124263,9608123,790,
17926,2735415,71655544609,14126418,9605108,749,
17843,2734530,71655541073,14128072,9607981,726,
17949,2735198,71655541049,14125513,9609773,743,
17791,2733414,71655544950,14127534,9605761,775,
17902,2735244,71655544434,14125735,9606159,751,
17739,2735364,71655543306,14126501,9606556,759,
17630,2734240,71655541296,14129550,9606713,796,
17701,2734183,71655538832,14129725,9609000,784,
17792,2735032,71655539809,14129185,9607631,776,
17926,2734830,71655536818,14129954,9609940,757,
17797,2735317,71655539508,14129836,9606973,794,
17824,2736724,71655535378,14130295,9609272,732,
17759,2735315,71655536643,14128939,9610834,735,
17793,2736340,71655531318,14134869,9609137,768,
17915,2735836,71655533105,14132092,9610541,736,
17852,2734520,71655532765,14131618,9612680,790,
17694,2735772,71655537127,14131342,9607508,782,
17619,2735823,71655533210,14137747,9605034,792,
17601,2735989,71655529966,14135750,9610233,686,
17716,2736265,71655530209,14136433,9608849,753,
17784,2736300,71655530541,14135239,9609646,715,
18015,2734457,71655531006,14138055,9607929,763,
17624,2738697,71655524477,14138097,9610571,759,
17799,2737629,71655530350,14133580,9610092,775,
17592,2737030,71655527587,14138012,9609239,765,
17588,2738574,71655526561,14136804,9609933,765,
17576,2735986,71655525644,14142113,9608148,758,
17517,2737792,71655520623,14146949,9606561,783,
17662,2736015,71655525914,14140195,9609680,759,
17628,2736621,71655522482,14147114,9605616,764,
17582,2738123,71655522732,14142007,9609010,770,
17518,2736751,71655522649,14142093,9610419,795,
17644,2734951,71655522486,14145362,9609087,695,
17272,2735730,71655523040,14143907,9609501,775,
17475,2737254,71655518969,14147592,9608148,787,
17557,2737470,71655518108,14148170,9608193,727,
17497,2736046,71655514440,14147743,9613772,727,
17594,2737918,71655517598,14143814,9612546,755,
17638,2738777,71655513576,14145547,9613887,800,
17535,2738508,71655513181,14150548,9609677,776,
17636,2735496,71655515776,14150846,9609699,772,
17625,2739594,71655511886,14150411,9609977,732,
17419,2737870,71655515669,14147858,9610656,753,
17383,2738943,71655512210,14149052,9611884,753,
17518,2737817,71655513947,14149290,9610991,662,
17444,2738586,71655510038,14154216,9609180,761,
17592,2738111,71655508418,14155247,9610084,773,
17463,2736264,71655511194,14152613,9611927,764,
17398,2738311,71655512618,14150138,9611028,732,
17514,2738748,71655507325,14152186,9613644,808,
17333,2738953,71655504763,14158660,9609765,751,
17450,2738872,71655506133,14155333,9611655,782,
17291,2738329,71655507268,14153567,9612995,775,
17462,2739542,71655505359,14156652,9610463,747,
17554,2738121,71655504897,14156781,9612103,769,
17290,2740264,71655504991,14155257,9611698,725,
17594,2737560,71655506813,14158628,9608865,765,
17280,2738347,71655500513,14162160,9611158,767,
17436,2736749,71655504152,14157836,9613348,704,
17271,2738182,71655499298,14165046,9609701,727,
17395,2737579,71655498412,14165085,9611005,749,
17434,2738662,71655502012,14154569,9616830,718,
17151,2739030,71655499494,14160478,9613357,715,
17262,2739226,71655494938,14163953,9614122,724,
17503,2739446,71655498745,14158537,9615235,759,
17205,2737532,71655498736,14165578,9610427,747,
17286,2739098,71655499570,14160563,9612935,773,
17142,2738962,71655497186,14166132,9610086,717,
17198,2739220,71655498708,14161436,9612882,781,
17293,2739345,71655491881,14164513,9616468,725,
17339,2739509,71655492098,14163283,9617269,727,
17366,2739148,71655494589,14160501,9617839,782,
17175,2738701,71655495136,14169219,9609251,743,
17240,2738403,71655495826,14168556,9609448,752,
17296,2739119,71655489795,14165275,9617987,753,
17073,2741135,71655495135,14165494,9610662,726,
17183,2740800,71655489227,14169938,9612278,799,
17209,2736355,71655494290,14172454,9609156,761,
17047,2739176,71655490250,14170814,9612189,749,
17429,2740451,71655489054,14169111,9613410,770,
17007,2739918,71655488099,14170659,9613821,721,
16927,2740799,71655487057,14172278,9612432,732,
17055,2742574,71655483593,14172911,9613339,753,
17291,2740606,71655486260,14174086,9611238,744,
17217,2739683,71655488216,14166596,9617819,694,
17211,2741126,71655484900,14173355,9612870,763,
16980,2738743,71655486474,14175423,9611871,734,
17011,2740364,71655484584,14175537,9611999,730,
17142,2740876,71655484032,14170379,9617079,717,
17236,2739947,71655482842,14174791,9614690,719,
17054,2741553,71655479722,14173580,9617542,774,
17001,2740594,71655481213,14172272,9618404,741,
17183,2739878,71655480960,14179313,9612164,727,
17227,2738371,71655483796,14174537,9615511,783,
16986,2741991,71655475747,14177681,9617120,700,
16940,2740524,71655479034,14179624,9613317,786,
16998,2740950,71655474889,14182781,9613861,746,
16812,2739622,71655478665,14179385,9615018,723,
17007,2741389,71655477265,14180334,9613509,721,
16721,2741714,71655472518,14183103,9615430,739,
16761,2741132,71655474001,14182457,9615119,755,
17068,2739229,71655474875,14183869,9614451,733,
16844,2740617,71655474341,14183688,9613997,738,
17077,2739400,71655468661,14187053,9617271,763,
16885,2741790,71655473586,14179832,9617366,766,
16918,2741287,71655472518,14179470,9619311,721,
16916,2741232,71655472922,14186989,9611408,758,
17149,2744227,71655469313,14181415,9617380,741,
16862,2743480,71655470485,14185747,9612895,756,
16798,2739697,71655473090,14184405,9615497,738,
16788,2742234,71655471465,14184477,9614538,723,
16903,2743445,71655467055,14186817,9615253,752,
16886,2741013,71655469043,14187815,9614710,758,
16725,2741747,71655467888,14188028,9615059,778,
16895,2740882,71655467137,14187451,9617117,743,
16598,2741681,71655463812,14192808,9614575,751,
16864,2742992,71655460227,14191019,9618436,687,
16817,2742001,71655467770,14188355,9614592,690,
16740,2743046,71655463025,14191719,9614934,761,
16794,2740761,71655466424,14191359,9614176,711,
16765,2740895,71655461935,14194147,9615758,725,
16631,2743381,71655462475,14191154,9615834,750,
16819,2742423,71655462743,14188278,9619176,786,
16503,2744430,71655462568,14189819,9616170,735,
16700,2744054,71655458271,14193608,9616833,759,
16727,2742664,71655459897,14190541,9619675,721,
16557,2743135,71655457120,14194086,9618572,755,
16718,2742785,71655456441,14194052,9619524,705,
16670,2742404,71655458715,14194936,9616755,745,
16813,2743041,71655456631,14194964,9618070,706,
16676,2743359,71655456008,14198288,9615160,734,
16565,2743914,71655456427,14193431,9619175,713,
16501,2742200,71655458530,14196497,9615756,741,
16715,2744183,71655454928,14198634,9615054,711,
16753,2743595,71655450838,14202363,9615964,712,
16544,2743226,71655453075,14197760,9618905,715,
16536,2742142,71655453783,14198130,9618855,779,
16677,2743251,71655452481,14200169,9616852,795,
16676,2740625,71655453923,14198961,9619319,721,
16746,2743076,71655451031,14198678,9619986,708,
16342,2745213,71655447500,14203565,9616899,706,
16547,2743083,71655450403,14201297,9618163,732,
16652,2745640,71655450324,14199778,9617094,737,
16669,2745539,71655449243,14197774,9620277,723,
16447,2742401,71655447536,14204835,9618250,756,
16820,2742913,71655449222,14200947,9619591,732,
16424,2743179,71655448684,14200691,9620541,706,
16318,2741848,71655449431,14204670,9617187,771,
16547,2743674,71655448532,14207385,9613387,700,
16617,2743090,71655444897,14205964,9618979,678,
16529,2741832,71655445928,14208136,9617084,716,
16386,2743830,71655442266,14208421,9618611,711,
16453,2743743,71655443642,14207718,9617937,732,
16632,2742657,71655441316,14208118,9620792,708,
16469,2741812,71655443924,14209217,9618084,719,
16328,2743398,71655446031,14204140,9619592,736,
16349,2743773,71655437953,14208906,9622510,734,
16253,2743915,71655439017,14212814,9617466,760,
16628,2743946,71655443236,14212468,9613219,728,
16363,2742781,71655440816,14211583,9617937,745,
16467,2744474,71655435919,14212338,9620308,719,
16350,2744609,71655434540,14216195,9617816,715,
16243,2745942,71655434602,14213819,9618925,694,
16280,2742723,71655437251,14215010,9618264,697,
16414,2742491,71655434320,14216011,9620275,714,
16176,2744255,71655436156,14213061,9619858,719,
16178,2745338,71655433583,14214160,9620278,688,
16421,2745940,71655432744,14214489,9619930,701,
16485,2744078,71655434766,14214245,9619947,704,
16340,2745735,71655432504,14213026,9621898,722,
16384,2743474,71655432598,14214913,9622119,737,
16363,2744814,71655430461,14217765,9620098,724,
16320,2745923,71655429870,14213215,9624171,726,
16239,2745511,71655431933,14217373,9618461,708,
16228,2741674,71655426903,14223168,9621501,751,
16265,2744501,71655430604,14217770,9620345,740,
16402,2746390,71655427818,14217158,9621758,699,
16531,2744740,71655429126,14222152,9616991,684,
16214,2744820,71655428133,14219975,9620372,711,
16267,2745328,71655427587,14216727,9623571,745,
16273,2745549,71655421947,14225983,9619711,762,
16169,2743553,71655429277,14221711,9618771,744,
16267,2743893,71655428423,14219395,9621534,713,
16275,2745126,71655424187,14222723,9621224,690,
16211,2745941,71655423602,14221798,9621943,730,
16159,2746882,71655422739,14220178,9623580,687,
16234,2744972,71655424493,14222124,9621691,711,
16149,2745585,71655422446,14223247,9622089,709,
16215,2745713,71655422659,14224071,9620828,739,
16226,2745416,71655423488,14224684,9619691,720,
16081,2746360,71655420291,14224908,9621911,674,
16237,2745864,71655420927,14221595,9624895,707,
15903,2745152,71655424237,14223582,9620635,716,
16253,2746187,71655413275,14231176,9622634,700,
16213,2746529,71655416643,14226914,9623220,706,
15720,2745684,71655420108,14227849,9620171,693,
16133,2744602,71655417540,14227062,9624247,641,
16020,2746703,71655412335,14228563,9625851,753,
16087,2746771,71655419401,14226105,9621170,691,
15984,2746068,71655415781,14228272,9623436,684,
16088,2747234,71655415161,14228055,9622974,713,
15899,2746707,71655422842,14222677,9621376,724,
15963,2746447,71655415557,14227599,9623932,727,
16035,2743866,71655414371,14232280,9622982,691,
16043,2745838,71655412451,14229394,9625795,704,
15881,2746861,71655416050,14231475,9619260,698,
16219,2749020,71655410342,14226843,9627087,714,
16124,2744598,71655412026,14233589,9623097,791,
16169,2746708,71655409888,14228904,9627869,687,
15907,2745337,71655410887,14236413,9620956,725,
15988,2746125,71655409708,14233040,9624655,709,
15795,2744867,71655413625,14232388,9622811,739,
15813,2746789,71655407896,14237494,9621549,684,
16158,2746843,71655408167,14233864,9624504,689,
16000,2748327,71655403018,14233534,9628615,731,
15840,2745955,71655409526,14237368,9620796,740,
16041,2745887,71655408198,14233453,9625952,694,
15816,2746215,71655401588,14240459,9625424,723,
15874,2746360,71655403988,14234697,9628608,698,
15916,2747906,71655406869,14232999,9625789,746,
15956,2746463,71655405758,14238421,9622897,730,
15825,2747224,71655403997,14241388,9621036,755,
15797,2746624,71655402547,14242931,9621637,689,
15964,2747012,71655405307,14236439,9624782,721,
15669,2746883,71655404036,14238920,9623984,733,
15826,2746858,71655401386,14239584,9625865,706,
15784,2749248,71655399791,14240546,9624146,710,
15696,2746907,71655401610,14242747,9622561,704,
15753,2746345,71655401897,14244205,9621315,710,
15719,2748465,71655397666,14240647,9627030,698,
15900,2747821,71655396844,14243056,9625866,738,
15486,2746245,71655400328,14245030,9622422,714,
15983,2748311,71655394751,14246109,9624350,721,
15784,2748389,71655396150,14239980,9629201,721,
15767,2747814,71655399204,14241428,9625278,734,
15846,2747692,71655393801,14242276,9629942,668,
15740,2747009,71655399219,14241185,9626340,732,
15845,2748908,71655395235,14243045,9626489,703,
15751,2748648,71655394747,14247902,9622458,719,
15758,2747824,71655396044,14247041,9622863,695,
15639,2748093,71655390968,14249968,9624861,696,
15701,2748769,71655392365,14246554,9626122,714,
15856,2747336,71655395034,14242884,9628398,717,
15721,2746594,71655391290,14251330,9624550,740,
15601,2748900,71655391491,14244337,9629204,692,
15488,2747039,71655395511,14244592,9626824,771,
15684,2747947,71655389049,14250547,9626280,718,
15661,2748487,71655389616,14251962,9623784,715,
15783,2747594,71655389795,14249210,9627144,699,
15699,2748437,71655391006,14252036,9622342,705,
15536,2749030,71655390300,14252316,9622370,673,
15749,2749372,71655389045,14252093,9623287,679,
15614,2748079,71655384761,14253338,9627698,735,
15430,2750807,71655387507,14251043,9624753,685,
15698,2747419,71655388108,14252539,9625766,695,
15589,2747747,71655390306,14254744,9621145,694,
15664,2748423,71655385514,14252179,9627731,714,
15603,2749379,71655386686,14253613,9624237,707,
15732,2749819,71655386096,14256246,9621667,665,
15765,2749567,71655380440,14253754,9630011,688,
15436,2748100,71655385393,14253999,9626600,697,
15524,2748893,71655386648,14252606,9625851,703,
15698,2751530,71655379483,14258326,9624469,719,
15515,2750819,71655376990,14258425,9627744,732,
15646,2746938,71655383389,14256140,9627353,759,
15662,2749878,71655380321,14257283,9626342,739,
15831,2747175,71655380871,14259341,9626267,740,
15669,2749511,71655380068,14258452,9625821,704,
15871,2749829,71655372772,14261533,9629524,696,
15533,2750934,71655379668,14256422,9626953,715,
15485,2750126,71655379279,14256860,9627780,695,
15671,2749253,71655381257,14256508,9626842,694,
15469,2747521,71655377534,14263497,9625461,743,
15534,2748582,71655374259,14262604,9628553,693,
15342,2748997,71655377671,14260964,9626553,698,
15530,2750959,71655376527,14258587,9627910,712,
15508,2750123,71655374176,14257742,9632006,670,
15559,2748154,71655375255,14261774,9628817,666,
15497,2749507,71655372156,14262561,9629815,689,
15511,2748728,71655375615,14263371,9626288,712,
15452,2749773,71655371094,14260825,9632375,706,
15319,2748876,71655368920,14264303,9632090,717,
15285,2750355,71655372978,14261562,9629293,752,
15439,2750744,71655372769,14262409,9628226,638,
15482,2750330,71655369779,14265668,9628280,686,
15559,2749858,71655372888,14264629,9626581,710,
15384,2749295,71655370271,14265124,9629423,728,
15077,2749846,71655370960,14261205,9632474,663,
15273,2749047,71655371138,14265710,9628399,658,
15385,2749762,71655371039,14267139,9626259,641,
15352,2751400,71655365525,14268847,9628389,712,
15429,2748665,71655369005,14266818,9629619,689,
15366,2750113,71655364895,14273223,9625887,741,
15376,2750721,71655366251,14271025,9626171,681,
15319,2749939,71655366549,14271254,9626429,735,
15467,2747947,71655370711,14266929,9628447,724,
15034,2750981,71655364966,14269984,9628570,690,
15300,2748162,71655362889,14273208,9629983,683,
15422,2751066,71655364605,14273676,9624741,715,
15349,2750789,71655363982,14271428,9627961,716,
15275,2751253,71655365038,14265412,9632555,692,
15270,2749571,71655360754,14275020,9628909,701,
15425,2752278,71655363272,14267734,9630844,672,
15354,2749717,71655359405,14273753,9631326,670,
15238,2752052,71655362988,14267206,9632095,646,
15289,2750373,71655359212,14274853,9629835,663,
15506,2750234,71655359764,14277275,9626756,690,
15268,2749089,71655361787,14273647,9629741,693,
15268,2749285,71655363087,14273189,9628730,666,
15452,2750099,71655359860,14275316,9628797,701,
15358,2750377,71655357116,14276774,9629938,662,
15188,2749845,71655353966,14277590,9632933,703,
15371,2750689,71655356249,14274294,9632913,709,
15246,2751830,71655357580,14274190,9630651,728,
15062,2750260,71655359000,14278615,9626596,692,
15213,2751777,71655355656,14273729,9633177,673,
15204,2748419,71655359359,14278296,9628281,666,
15131,2750707,71655353341,14278993,9631386,667,
15213,2750480,71655354705,14279099,9630015,713,
15078,2749818,71655351381,14282029,9631226,693,
15160,2751663,71655355376,14279527,9627816,683,
15209,2749647,71655355921,14279105,9629675,668,
14864,2752227,71655351955,14280185,9630298,696,
15145,2750689,71655352731,14278622,9632337,701,
15337,2752278,71655351044,14279499,9631354,713,
15243,2752632,71655349521,14281166,9630967,696,
15212,2751767,71655352070,14281337,9629052,787,
15293,2752295,71655346339,14281084,9634502,712,
15128,2748899,71655350829,14286411,9628272,686,
14924,2751114,71655350310,14277438,9635717,722,
15144,2750441,71655354533,14281336,9628070,701,
15248,2751284,71655344010,14284945,9634054,684,
14892,2752727,71655346900,14278167,9636840,699,
15108,2752189,71655346120,14285777,9630375,656,
15198,2752603,71655345336,14287105,9629280,703,
15212,2751981,71655345530,14284557,9632194,751,
14787,2754867,71655344316,14280840,9634721,694,
14887,2754420,71655341809,14285822,9632604,683,
14992,2751465,71655344161,14290547,9628382,678,
14892,2752784,71655341755,14292201,9627925,668,
15081,2753694,71655341679,14288552,9630545,674,
14986,2753413,71655342693,14287458,9631021,654,
15161,2753219,71655340480,14287719,9632991,655,
14691,2753724,71655339404,14290392,9631315,699,
14865,2751598,71655342431,14290638,9629969,724,
15245,2751322,71655341609,14288828,9632518,703,
14898,2753803,71655344567,14286544,9629734,679,
15014,2752618,71655337841,14293695,9630345,712,
14829,2752670,71655339531,14289713,9632827,655,
14976,2754520,71655335398,14291964,9632695,672,
14925,2752831,71655340061,14289144,9632575,689,
14873,2754141,71655334738,14294802,9630973,698,
14966,2752182,71655340996,14290973,9630432,676,
14987,2753303,71655338497,14289130,9633560,748,
14981,2754611,71655334660,14296513,9628767,693,
14916,2753677,71655338298,14293531,9629124,679,
14869,2755555,71655338261,14288963,9631866,711,
14807,2754385,71655333376,14293218,9633767,672,
15008,2753785,71655338324,14291220,9631220,668,
14782,2752639,71655336932,14291521,9633614,737,
14856,2753205,71655332608,14297687,9631222,647,
15041,2754163,71655333269,14293709,9633368,675,
14806,2752068,71655336983,14296602,9629098,668,
14755,2753257,71655327163,14294976,9639412,662,
15023,2752408,71655335911,14297138,9629029,716,
14598,2754064,71655333906,14295538,9631407,712,
14745,2752130,71655331748,14296978,9633956,668,
14832,2753946,71655329556,14298723,9632533,635,
14665,2751957,71655333819,14296168,9632907,709,
14675,2753034,71655331443,14298929,9631435,709,
14697,2754871,71655328013,14297301,9634680,663,
14910,2752564,71655328565,14299468,9634038,680,
14996,2753704,71655326048,14302278,9632526,673,
14613,2755077,71655327839,14296584,9635435,677,
14915,2751279,71655333278,14296991,9633067,695,
14629,2754040,71655324607,14300222,9636018,709,
14605,2753194,71655325197,14304563,9631998,668,
14821,2755608,71655329323,14297500,9632303,670,
14825,2753497,71655322752,14302110,9636385,656,
14736,2752557,71655325892,14304345,9632009,686,
14948,2751801,71655324900,14302846,9635081,649,
14610,2751894,71655329933,14300988,9632114,686,
14780,2754017,71655325349,14304419,9630982,678,
14634,2754442,71655322905,14304632,9632883,729,
14834,2752209,71655325532,14302354,9634600,696,
14747,2753593,71655318017,14308401,9634794,673,
14780,2754739,71655323320,14304423,9632294,669,
14651,2754322,71655325475,14303071,9632010,696,
14479,2753931,71655318311,14307419,9635367,718,
14941,2754053,71655325940,14304701,9629878,712,
14879,2755583,71655319086,14305062,9634913,702,
14669,2754664,71655319032,14305196,9635981,683,
14653,2756951,71655316959,14305476,9635504,682,
14604,2753418,71655319740,14304270,9637529,664,
14570,2754553,71655316580,14313129,9630662,731,
14531,2756925,71655319262,14302199,9636628,680,
14442,2754161,71655321656,14306669,9632642,655,
14809,2755281,71655311285,14311458,9636733,659,
14780,2755314,71655315479,14311054,9632936,662,
14847,2752995,71655317078,14310766,9633869,670,
14694,2756328,71655313620,14311399,9633537,647,
14639,2753822,71655312396,14311560,9637096,712,
14753,2754512,71655317012,14306219,9636998,731,
14493,2753873,71655315112,14309711,9636378,658,
14671,2755141,71655313869,14311464,9634404,676,
14613,2753005,71655317593,14309408,9634949,657,
14565,2757039,71655310223,14310532,9637184,682,
14587,2754195,71655312580,14309196,9638965,702,
14789,2755173,71655311547,14314640,9633349,727,
14741,2754880,71655310784,14311755,9637363,702,
14700,2755400,71655310122,14314678,9634610,715,
14632,2753017,71655312342,14312613,9636932,689,
14545,2754879,71655311179,14311290,9637647,685,
14440,2755556,71655310234,14312310,9636984,701,
14590,2754838,71655307518,14314618,9637966,695,
14415,2755243,71655308844,14316021,9634995,707,
14611,2755204,71655309857,14312893,9636985,675,
14515,2754942,71655307024,14312520,9640566,658,
14589,2756309,71655310119,14314143,9634404,661,
14512,2754669,71655308959,14314727,9636638,720,
14384,2754660,71655308097,14316239,9636150,695,
14510,2756296,71655303103,14320613,9635027,676,
14560,2755191,71655307273,14315664,9636845,692,
14528,2756203,71655304108,14314173,9640497,716,
14586,2753884,71655303722,14321133,9636196,704,
14671,2754269,71655305176,14324557,9630864,688,
14640,2757557,71655303448,14316197,9637703,680,
14455,2756335,71655304313,14317899,9636527,696,
14501,2756632,71655305025,14316288,9637115,664,
14446,2753401,71655305899,14321639,9634144,696,
14527,2755455,71655305306,14319513,9634789,635,
14380,2754417,71655302729,14319265,9638773,661,
14304,2756651,71655302410,14322173,9634008,679,
14242,2754857,71655304698,14320977,9634785,666,
14486,2755345,71655301183,14322217,9636304,690,
14512,2755569,71655298449,14320577,9640392,726,
14377,2756403,71655299576,14317564,9641644,660,
14433,2754858,71655303320,14318990,9637977,647,
14370,2754740,71655301538,14322240,9636715,622,
14407,2754937,71655304709,14322678,9632815,679,
14570,2755016,71655299325,14324023,9636638,653,
14266,2754298,71655301222,14326961,9632763,715,
14278,2757115,71655296098,14323982,9638062,690,
14226,2756846,71655297084,14322781,9638615,673,
14501,2755895,71655295428,14327021,9636705,675,
14356,2756644,71655297160,14324768,9636616,681,
14356,2754113,71655299971,14324457,9636663,665,
14162,2756293,71655294553,14327702,9636871,644,
14587,2755034,71655297646,14326166,9636094,698,
14329,2756649,71655296070,14323275,9639205,697,
14402,2756114,71655291866,14331333,9635823,687,
14274,2755755,71655293631,14327937,9637970,658,
14420,2755410,71655294427,14331023,9634240,705,
14374,2757787,71655292637,14324995,9639756,676,
14210,2754135,71655295460,14326930,9638807,683,
14439,2756429,71655294524,14326364,9637806,663,
14339,2756484,71655295533,14323777,9639439,653,
14430,2756826,71655291322,14327971,9639008,668,
14565,2754685,71655290872,14329585,9639821,697,
14310,2756885,71655290915,14331047,9636376,692,
14419,2756927,71655291189,14328211,9638805,674,
14165,2755910,71655291634,14328733,9639165,618,
14307,2758503,71655288771,14331860,9636068,716,
14289,2755684,71655289211,14335102,9635281,658,
14457,2757233,71655285268,14334000,9638628,639,
14380,2757529,71655287959,14328062,9641594,701,
14176,2757954,71655285806,14331263,9640349,677,
14201,2757436,71655288100,14329419,9640414,655,
14312,2755981,71655289208,14330945,9639106,673,
14299,2755747,71655287062,14331941,9640529,647,
14366,2756422,71655286516,14333832,9638428,661,
14296,2756438,71655286821,14332099,9639922,649,
14132,2755270,71655284666,14337034,9638486,637,
14247,2754730,71655293390,14330812,9636324,722,
14053,2757775,71655282246,14333764,9641697,690,
14097,2756955,71655282057,14340450,9635985,681,
14371,2759292,71655280736,14337383,9637777,666,
14037,2758316,71655280789,14338500,9637927,656,
14205,2758910,71655282403,14334709,9639304,694,
14130,2756670,71655284291,14338517,9635931,686,
14155,2758190,71655281601,14338415,9637151,713,
14105,2754931,71655282605,14337953,9639937,694,
14011,2757339,71655282889,14333805,9641508,673,
14422,2755935,71655280601,14339254,9639351,662,
14184,2756663,71655281074,14337871,9639753,680,
14160,2757206,71655279450,14341873,9636834,702,
14234,2756386,71655277344,14342994,9638618,649,
14140,2757100,71655281196,14341640,9635502,647,
14203,2758267,71655274382,14343669,9639031,673,
14260,2757238,71655277033,14338490,9642582,622,
14009,2757410,71655276642,14341842,9639649,673,
14146,2757327,71655275964,14343203,9638944,641,
14198,2757568,71655275940,14340330,9641537,652,
14032,2756480,71655276734,14339849,9642453,677,
14045,2757781,71655276116,14340402,9641170,711,
14017,2755641,71655278920,14347270,9633695,682,
14110,2758398,71655273279,14346029,9637713,696,
14034,2760590,71655273943,14344572,9636389,697,
14258,2757428,71655275835,14341659,9640370,675,
14091,2757768,71655272228,14346666,9638811,661,
14066,2756601,71655274725,14343853,9640289,691,
14144,2758635,71655277074,14340059,9639632,681,
14037,2757687,71655273109,14341159,9643590,643,
14211,2759243,71655270790,14343728,9641614,639,
13978,2756127,71655271126,14350651,9637656,687,
14026,2757334,71655270573,14347148,9640489,655,
14068,2757206,71655271053,14345158,9642034,706,
14177,2756808,71655269733,14347767,9641057,683,
13768,2756204,71655271553,14349690,9638364,646,
14027,2756688,71655271634,14348566,9638631,679,
14052,2759875,71655270870,14342674,9642122,632,
13977,2758533,71655266875,14351365,9638766,709,
13925,2758084,71655267435,14349931,9640173,677,
13928,2757395,71655265527,14355026,9637689,660,
13942,2758883,71655265047,14352827,9638868,658,
13995,2759712,71655262108,14348798,9644959,653,
13665,2760493,71655261378,14351984,9642049,656,
13855,2759088,71655267175,14350484,9638914,709,
13931,2759370,71655263654,14351784,9640789,697,
13956,2757612,71655266453,14350899,9640658,647,
13862,2757631,71655264041,14352714,9641277,700,
13951,2758500,71655262808,14351554,9642761,651,
13989,2760236,71655261148,14352213,9641943,696,
14001,2757463,71655261985,14353961,9642142,673,
13895,2758152,71655261968,14357529,9638046,635,
13717,2759230,71655266198,14350227,9640209,644,
13878,2759260,71655258730,14354764,9642914,679,
13821,2757704,71655269119,14348132,9640783,666,
13875,2758978,71655261680,14353373,9641660,659,
13769,2760881,71655258051,14351532,9645366,626,
13953,2759001,71655261144,14355786,9639642,699,
14036,2756131,71655260506,14357474,9641410,668,
13914,2760099,71655258680,14352614,9644235,683,
13839,2759817,71655261096,14353895,9640928,650,
13752,2758589,71655264337,14350620,9642276,651,
14028,2758075,71655258463,14357299,9641697,663,
13864,2760444,71655252867,14355353,9646995,702,
13703,2756739,71655257981,14362694,9638414,694,
13943,2756393,71655259102,14358678,9641517,592,
13783,2760630,71655251650,14358675,9644806,681,
13762,2757638,71655255616,14359692,9642860,657,
13888,2759631,71655257473,14361199,9637340,694,
13929,2760099,71655254210,14359341,9641974,671,
13667,2759312,71655254889,14360464,9641214,679,
13742,2760246,71655253654,14356029,9645862,692,
13725,2761392,71655250564,14359559,9644284,701,
13686,2759503,71655251649,14363605,9641153,629,
13868,2759677,71655251789,14360336,9643875,680,
13796,2758378,71655249610,14363103,9644690,648,
13682,2758920,71655253463,14356607,9646874,679,
13831,2759113,71655253631,14360786,9642156,708,
13894,2760151,71655250882,14360145,9644471,682,
13795,2758797,71655250659,14360122,9646188,664,
13840,2759467,71655252250,14357937,9646073,658,
14012,2759651,71655245605,14364431,9645849,677,
13661,2758859,71655253226,14363103,9640715,661,
13664,2761012,71655246144,14361859,9646886,660,
13881,2760780,71655246541,14363592,9644784,647,
13718,2759543,71655251218,14363573,9641499,674,
13819,2760308,71655246459,14365533,9643489,617,
13555,2759679,71655248158,14363856,9644319,658,
13888,2757571,71655252303,14364834,9640933,696,
13635,2759102,71655250047,14364000,9642752,689,
13645,2758586,71655245020,14366749,9645570,655,
13726,2760852,71655250071,14360816,9644086,674,
14026,2761922,71655240454,14366754,9646320,749,
13654,2758505,71655248540,14367909,9640963,654,
13658,2761430,71655244942,14362919,9646600,676,
13691,2757929,71655243937,14368589,9645450,629,
13549,2760160,71655247377,14368162,9640310,667,
13633,2760555,71655245660,14364352,9645345,680,
13833,2758383,71655244355,14368530,9644470,654,
13587,2760592,71655243324,14367988,9644066,668,
13726,2759728,71655244613,14367916,9643541,701,
13695,2759804,71655242266,14372470,9641331,659,
13722,2760300,71655241360,14368362,9645821,660,
13594,2760197,71655242587,14365020,9648145,682,
13492,2757852,71655244520,14372256,9641449,656,
13683,2761039,71655237022,14368967,9648856,658,
13588,2758527,71655246301,14369156,9641980,673,
13684,2759419,71655239944,14372470,9644059,649,
13654,2760881,71655238874,14370154,9646045,617,
13692,2758975,71655244092,14370187,9642624,655,
13547,2760616,71655240753,14371590,9643053,666,
13526,2760354,71655238623,14372405,9644697,620,
13474,2760667,71655237196,14375252,9643014,622,
13791,2759175,71655238116,14374422,9644037,684,
13785,2760642,71655239742,14372179,9643164,713,
13715,2761388,71655233826,14370356,9650253,687,
13710,2759592,71655238224,14369971,9648075,653,
13603,2760043,71655236912,14376554,9642481,632,
13722,2758903,71655237250,14374041,9645661,648,
13730,2759187,71655231825,14374019,9650788,676,
13495,2762640,71655237547,14374492,9641396,655,
13724,2762145,71655230277,14376110,9647323,646,
13742,2759562,71655236947,14371274,9648045,655,
13444,2761826,71655234644,14373919,9645715,677,
13675,2762257,71655231196,14373443,9648969,685,
13571,2761901,71655233867,14373558,9646623,705,
13410,2761380,71655233850,14376343,9644592,650,
13579,2762553,71655231522,14379619,9642259,693,
13640,2762115,71655230993,14377413,9645450,614,
13531,2761778,71655231840,14376536,9645898,642,
13524,2759267,71655234178,14375375,9647252,629,
13555,2762845,71655228356,14379122,9645641,706,
13461,2759808,71655236598,14377038,9642628,692,
13479,2761241,71655232471,14379337,9643021,676,
13648,2760997,71655232086,14377216,9645582,696,
13516,2759726,71655227963,14380725,9647654,641,
13381,2760581,71655232089,14378237,9645298,639,
13600,2761573,71655230984,14378277,9645111,680,
13507,2762019,71655229201,14378282,9646571,645,
13506,2762662,71655225079,14382911,9645385,682,
13394,2762266,71655227860,14381219,9644831,655,
13516,2761054,71655225171,14381650,9648196,638,
13671,2761592,71655225976,14384914,9643404,668,
13307,2760804,71655231195,14379326,9644963,630,
13397,2760337,71655227167,14381154,9647513,657,
13359,2759065,71655228245,14381409,9647467,680,
13523,2758650,71655228255,14383483,9645655,659,
13322,2763336,71655225378,14379083,9648457,649,
13512,2762240,71655225195,14383698,9644935,645,
13573,2762835,71655225762,14379731,9647661,663,
13407,2760283,71655224176,14387568,9644126,665,
13429,2761867,71655229307,14379463,9645494,665,
13574,2759476,71655225828,14387975,9642725,647,
