11389,45526,7947943084,359458,503154,18881,
9322,69929,7947714052,472070,597286,18833,
6388,83239,7947622858,516990,635924,16093,
4428,85099,7947603180,552869,620503,15412,
3759,85615,7947590861,564797,622113,14347,
3440,86716,7947583609,568542,624497,14688,
3215,87036,7947578125,572245,626893,13978,
3126,87285,7947575601,574234,626650,14596,
3000,87830,7947571332,577405,627847,14078,
3010,88058,7947568960,577108,630255,14101,
2850,88409,7947566693,578728,631090,13722,
2863,88525,7947565378,578955,631729,14042,
2757,88774,7947564062,579082,632670,14147,
2753,89231,7947561442,580284,633634,14148,
2757,88919,7947560944,581288,633799,13785,
2693,89080,7947560459,581158,634238,13864,
2722,88893,7947559748,582877,633632,13620,
2625,88516,7947559911,583913,632958,13569,
2623,88918,7947558461,584537,633888,13065,
2708,88821,7947559777,584686,632198,13302,
2640,88947,7947559199,585297,632413,12996,
2568,89011,7947558495,585407,633252,12759,
2587,88806,7947557613,586300,633535,12651,
2601,89569,7947556275,585719,634287,13041,
2559,89179,7947556507,585815,634226,13206,
2527,89263,7947554692,586384,635426,13200,
2439,89271,7947555212,585502,635814,13254,
2521,89708,7947553664,586603,635678,13318,
2465,89596,7947553386,586147,636967,12931,
2471,89527,7947553912,586619,635932,13031,
2445,89309,7947553193,588273,635457,12815,
2415,89766,7947553418,588023,635072,12798,
2494,89328,7947553369,588543,635092,12666,
2356,89739,7947553443,588457,634748,12749,
2437,89547,7947552735,590347,633779,12647,
2427,89546,7947553162,588942,634884,12531,
2424,89417,7947552714,590590,633907,12440,
2365,89399,7947552473,590344,634419,12492,
2405,89449,7947551369,590299,635496,12474,
2361,89816,7947551725,589250,635623,12717,
2427,89839,7947551144,589005,636448,12629,
2389,89504,7947551347,589535,635881,12836,
2359,89421,7947550399,590170,636434,12709,
2382,89580,7947550885,590446,635574,12625,
2319,89623,7947550215,590418,636561,12356,
2357,89351,7947550298,591340,635949,12197,
2341,89660,7947549785,591912,635503,12291,
2227,89613,7947550192,591957,635397,12106,
2341,89839,7947550348,591545,635240,12179,
2298,89466,7947550549,591966,635213,12000,
2270,89292,7947550307,593122,634437,12064,
2275,89902,7947460533,592422,635042,12161,
2251,89752,7947460364,592296,635357,12315,
2312,89686,7947460101,591935,636011,12290,
2235,89703,7947459464,592954,635990,11989,
2294,89768,7947459762,591897,636537,12077,
2270,89863,7947459976,591374,636578,12274,
2308,89973,7947459268,592408,636187,12191,
2311,89982,7947459092,592237,636600,12113,
2163,90018,7947459424,592961,635548,12221,
2225,90086,7947458422,593347,636265,11990,
2271,89958,7947459445,593231,635378,12052,
2232,90033,7947459522,593026,635665,11857,
2259,89855,7947458744,593957,635662,11858,
2244,89597,7947459552,593338,635846,11758,
2285,89783,7947458747,592835,636671,12014,
2226,90253,7947458068,594297,635674,11817,
2213,89452,7947459345,593281,636200,11844,
2221,89947,7947458788,593038,636352,11989,
2161,89648,7947458688,593234,636562,12042,
2251,89762,7947458167,593381,637043,11731,
2214,89402,7947458721,594294,636090,11614,
2212,89896,7947457458,593796,637252,11721,
2191,89795,7947457656,594796,636177,11720,
2138,89818,7947458001,593865,636761,11752,
2203,89916,7947457569,594348,636623,11676,
2283,89743,7947457455,595148,636115,11591,
2235,89848,7947457760,593857,637004,11631,
2128,90037,7947456882,595659,636208,11421,
2201,89835,7947457525,594995,636143,11636,
2141,90017,7947457121,594958,636463,11635,
2182,90236,7947456625,595374,636303,11615,
2200,90016,7947456938,595021,636434,11726,
2084,90008,7947457606,594955,635871,11811,
2130,90348,7947456995,593946,637260,11656,
2114,90198,7947456453,594691,637242,11637,
2095,89704,7947456739,595002,637234,11561,
2069,89808,7947457170,594983,636714,11591,
2118,90052,7947456589,595458,636627,11491,
2138,90314,7947457135,593980,637204,11564,
2140,90411,7947456623,594880,636894,11387,
2091,89824,7947456681,595432,636842,11465,
2041,89971,7947457197,595628,635962,11536,
2145,90196,7947455994,596088,636566,11346,
2084,90415,7947455896,596187,636244,11509,
2083,89523,7947456706,595839,636453,11731,
2134,89881,7947456801,595794,636160,11565,
1978,90025,7947457172,595128,636404,11628,
2162,89848,7947456080,596572,636245,11428,
2096,90252,7947456310,594826,637360,11491,
2098,90303,7947456009,595079,637208,11638,
2142,90316,7947455871,595444,637054,11508,
2064,90288,7947455584,596417,636464,11518,
2026,90249,7947456372,595173,637151,11364,
2114,90234,7947455250,597137,636092,11508,
2113,90335,7947455936,596049,636430,11472,
2047,89996,7947455699,596380,636977,11236,
2150,90252,7947455832,596137,636657,11307,
2145,90540,7947454886,596654,636717,11393,
2095,90230,7947454899,597252,636502,11357,
2046,90058,7947455503,596912,636318,11498,
2014,90440,7947454800,597150,636454,11477,
2059,90110,7947454838,597135,636811,11382,
2155,90399,7947454704,597741,635969,11367,
2122,90172,7947455132,597265,636202,11442,
2101,90092,7947455033,597152,636640,11317,
2080,90203,7947454852,597097,636829,11274,
2028,90327,7947454829,597473,636280,11398,
2037,90285,7947454681,597467,636587,11278,
2116,90124,7947455151,596760,636872,11312,
2012,89951,7947454876,597893,636432,11171,
2091,90035,7947455219,597105,636597,11288,
2089,90500,7947454400,596661,637415,11270,
2099,90030,7947454023,598123,636719,11341,
2078,90125,7947454540,597963,636588,11041,
1997,90691,7947454144,597634,636559,11310,
2006,90673,7947454656,597006,636656,11338,
2010,90321,7947454898,597026,636818,11262,
2079,90338,7947454313,596550,637860,11195,
2041,90363,7947454314,597591,636836,11190,
1977,90580,7947454623,597292,636742,11121,
2077,90428,7947454473,597195,637201,10961,
2049,90139,7947454732,597594,636749,11072,
2035,89900,7947454386,597863,637011,11140,
1927,90793,7947453712,597449,637406,11048,
1971,90458,7947454165,598072,636551,11118,
2072,90155,7947454981,597192,636868,11067,
2087,89928,7947454102,598262,636674,11282,
2017,90082,7947454359,597562,637077,11238,
2000,90100,7947454698,597480,636907,11150,
2049,90101,7947454623,597448,636801,11313,
2001,90648,7947364937,596923,637566,11103,
2022,90357,7947364930,598180,636653,11036,
2107,89891,7947364627,598161,637404,10988,
1988,89872,7947364697,598648,636762,11211,
1952,90793,7947364435,597271,637788,10939,
2050,90054,7947364789,597921,637384,10980,
1933,90307,7947364291,598942,636637,11068,
1897,89675,7947365217,598327,637029,11033,
2067,90267,7947363428,599660,636693,11063,
2060,90174,7947364752,598228,637019,10945,
1975,90254,7947364817,598640,636429,11063,
1964,90378,7947364153,598547,636931,11205,
1956,90242,7947364177,598861,636805,11137,
2039,90404,7947363501,599311,636881,11042,
1926,90105,7947365090,598563,636431,11063,
2036,90458,7947363815,599327,636649,10893,
1946,90483,7947364405,598057,637305,10982,
2009,90182,7947364921,598593,636556,10917,
2037,90509,7947364056,598489,636975,11112,
2022,90356,7947364276,598180,637371,10973,
1937,90439,7947364041,599250,636341,11170,
1934,90103,7947364423,598582,636968,11168,
1930,90254,7947363430,599699,636620,11245,
2037,90409,7947364017,599141,636614,10960,
1944,90809,7947363548,598605,637315,10957,
1933,90646,7947363575,599096,637058,10870,
2000,90384,7947363559,599133,637073,11029,
1985,90167,7947363727,599454,637050,10795,
2023,90545,7947364038,598656,636940,10976,
1957,90248,7947364717,598867,636532,10857,
1956,90061,7947363495,599839,636955,10872,
1960,90866,7947362711,598936,637897,10808,
1957,90318,7947363780,599231,636902,10990,
2020,90627,7947363818,598404,637370,10939,
1899,90501,7947274777,598256,637527,11061,
1949,90793,7947274305,598496,637487,10991,
1994,90393,7947274626,598953,637142,10913,
1953,90419,7947274670,599268,636659,11052,
1900,90398,7947274462,599199,636909,11153,
1948,90671,7947274409,599348,636564,11081,
1917,90159,7947274810,598482,637681,10972,
1932,90334,7947274877,598970,637199,10709,
1994,90405,7947273713,600462,636400,11047,
2026,90434,7947274149,598816,637803,10793,
1952,90711,7947274503,599184,636730,10941,
1907,90449,7947274310,599382,637032,10941,
1919,90324,7947274879,599432,636525,10942,
1898,90315,7947274485,599506,636729,11088,
1925,90516,7947273800,600294,636495,10991,
1934,90208,7947274414,599292,637242,10931,
1939,90470,7947274254,599264,637304,10790,
2050,90194,7947274192,600222,636534,10829,
1971,90574,7947274163,599259,637163,10891,
1977,90567,7947274558,598958,636927,11034,
1984,90878,7947274167,599665,636429,10898,
2019,90149,7947274689,599794,636406,10964,
1938,90505,7947273990,599905,636799,10884,
1929,90370,7947274425,600222,636302,10773,
1914,90392,7947274724,599097,636920,10974,
1981,90356,7947273977,599852,636669,11186,
1901,90084,7947274535,600264,636221,11016,
1897,90454,7947274762,598922,637096,10890,
1903,90587,7947274008,599772,636967,10784,
1975,90686,7947274015,598933,637463,10949,
1983,90418,7947274030,600219,636489,10882,
1969,90724,7947274157,598817,637306,11048,
1870,90754,7947273657,600096,636816,10828,
1927,90594,7947274558,599543,636563,10836,
1821,90436,7947273966,599683,637196,10919,
1878,90407,7947274093,599912,636829,10902,
1874,90725,7947274277,599705,636560,10880,
1943,90985,7947273629,599722,636994,10748,
1864,90609,7947273595,600962,636123,10868,
1878,90590,7947272967,601637,636028,10921,
1844,90329,7947273694,600317,636947,10890,
1896,90583,7947273771,600223,636677,10871,
1867,90444,7947273528,600051,637354,10777,
1959,90402,7947273799,600536,636544,10781,
1908,90380,7947274018,600159,636847,10709,
1890,90612,7947273035,600547,637258,10679,
1936,90651,7947272986,600371,637393,10684,
1826,90458,7947273917,600404,636682,10734,
1902,90516,7947273537,600789,636563,10714,
1816,90595,7947273963,599804,636927,10916,
1878,90621,7947273229,600669,636834,10790,
1837,90369,7947273823,600068,637185,10739,
1944,90427,7947273733,600359,636826,10732,
1889,90385,7947273536,600630,636686,10895,
1930,90418,7947273967,600822,636094,10790,
1921,90497,7947273037,600766,636891,10909,
1913,90402,7947273691,600693,636587,10735,
1931,90604,7947273397,600366,636907,10816,
1941,90374,7947273552,600533,636848,10773,
1875,90773,7947273559,599664,637355,10795,
1914,90601,7947273166,600584,637010,10746,
1891,90728,7947273074,601471,635988,10869,
1903,90722,7947273060,601284,636225,10827,
1843,90588,7947273587,600936,636251,10816,
1925,90354,7947272714,601002,637367,10659,
1917,90439,7947273348,600656,636955,10706,
1838,90133,7947273911,601980,635387,10772,
1849,90431,7947272832,601609,636634,10666,
1868,90520,7947273389,600919,636598,10727,
1855,90701,7947273386,601127,636197,10755,
1815,90469,7947273663,600133,637139,10802,
1800,90239,7947183647,602045,636302,10831,
1840,90621,7947184280,600660,636607,10856,
1846,90467,7947184180,601137,636262,10972,
1892,90614,7947183837,601319,636252,10950,
1881,90749,7947183707,601105,636593,10829,
1912,90341,7947183638,601650,636445,10878,
1867,90516,7947184006,601302,636388,10785,
1875,90814,7947184132,600194,636932,10917,
1841,90410,7947184586,600993,636176,10858,
1789,90643,7947183938,602200,635572,10722,
1878,90456,7947183742,601904,636233,10651,
1838,91000,7947183485,601993,635751,10797,
1835,90538,7947184259,600253,637193,10786,
1812,90729,7947183712,601852,635930,10829,
1902,90317,7947183576,602136,636306,10627,
1916,90226,7947184145,601376,636623,10578,
1835,90683,7947183350,601876,636493,10627,
1888,90645,7947183417,602121,635862,10931,
1845,90299,7947183750,601766,636414,10790,
1877,90484,7947183725,601747,636363,10668,
1780,90888,7947183527,601781,636122,10766,
1895,90598,7947183590,601649,636440,10692,
1885,90463,7947183542,601431,636833,10710,
1763,90763,7947183055,602117,636272,10894,
1881,90555,7947183762,602075,635879,10712,
1827,90394,7947183596,600797,637561,10689,
1877,90308,7947183811,601846,636327,10695,
1786,90344,7947184206,600904,636755,10869,
1815,90209,7947184130,600829,637220,10661,
1845,90296,7947183811,602251,635862,10799,
1886,90586,7947183307,601563,636722,10800,
1802,90635,7947183438,601949,636229,10811,
1830,90837,7947183937,600862,636712,10686,
1830,90450,7947183742,601695,636328,10819,
1864,90412,7947183312,601842,636660,10774,
1814,90193,7947183606,602343,636336,10572,
1900,90023,7947183774,602038,636450,10679,
1842,90763,7947183211,601858,636379,10811,
1803,90979,7947182913,601776,636625,10768,
1839,90668,7947183138,601782,636613,10824,
1806,90707,7947183392,601885,636645,10429,
1818,90649,7947183466,601634,636583,10714,
1779,90644,7947182448,602541,636764,10688,
1858,90618,7947183001,602262,636416,10709,
1884,90480,7947183405,601903,636497,10695,
1848,90628,7947183353,601468,636907,10660,
1748,90887,7947183340,601685,636459,10745,
1794,90690,7947182912,601770,636910,10788,
1798,90791,7947183052,601737,636809,10677,
1788,90337,7947184011,600946,637085,10697,
1762,90716,7947183401,601484,636886,10615,
1771,90716,7947183022,601371,637148,10836,
1847,90362,7947183194,603059,635803,10599,
1832,90548,7947182622,602709,636670,10483,
1841,90693,7947182602,603175,635804,10749,
1800,90793,7947183354,601569,636748,10600,
1824,90609,7947182972,602834,635971,10654,
1873,90435,7947183411,601719,636929,10497,
1821,90772,7947182983,601503,637047,10738,
1815,90466,7947182925,603208,635750,10700,
1772,90453,7947182945,602501,636634,10559,
1800,90642,7947183150,601271,637264,10737,
1858,90858,7947182690,602402,636434,10622,
1795,90655,7947182939,602229,636555,10691,
1898,90695,7947182627,601351,637779,10514,
1837,90861,7947182811,601918,636813,10624,
1750,90713,7947182508,602135,637096,10662,
1793,90622,7947182802,602285,636755,10607,
1833,90906,7947182842,602004,636632,10647,
1799,90694,7947182674,602714,636412,10571,
1746,90525,7947183085,602705,635971,10832,
1787,91275,7947182728,601417,637150,10507,
1793,90528,7947183005,601655,637211,10672,
1804,90641,7947182252,602049,637619,10499,
1793,90701,7947182781,602578,636446,10565,
1805,90490,7947183669,602125,636136,10639,
1840,90430,7947182698,602833,636392,10671,
1808,90843,7947182317,601996,637298,10602,
1785,90528,7947183081,601978,636903,10589,
1847,90341,7947183162,602304,636572,10638,
1749,90622,7947183251,602088,636344,10810,
1823,90426,7947183429,602368,636327,10491,
1809,90679,7947182970,602650,635983,10773,
1837,90804,7947182531,601858,637289,10545,
1728,90474,7947183248,603088,635762,10564,
1712,90418,7947183406,601939,636798,10591,
1799,90724,7947182733,602088,637022,10498,
1834,90703,7947182659,602442,636804,10422,
1752,90386,7947182467,603472,636168,10619,
1822,90866,7947182163,602221,637132,10660,
1771,90444,7947182847,602432,636781,10589,
1806,90463,7947183019,602382,636438,10756,
1898,90445,7947182793,602809,636285,10634,
1766,90874,7947182349,602522,636846,10507,
1833,90795,7947182386,602486,636930,10434,
1771,90400,7947183097,602793,636287,10516,
1767,90445,7947182750,603303,636023,10576,
1782,90899,7947182430,602227,636974,10552,
1764,90260,7947183066,602038,637223,10513,
1817,90559,7947182712,603287,635783,10706,
1818,90556,7947181971,602573,637595,10351,
1874,90525,7947182322,603278,636271,10594,
1821,90801,7947182874,601102,637771,10495,
1791,90229,7947182768,603586,635747,10743,
1750,90836,7947182254,602736,636892,10396,
1756,90427,7947182383,603292,636460,10546,
1783,90650,7947182539,603123,636479,10290,
1701,90657,7947183265,601764,636792,10685,
1805,90388,7947182616,603172,636410,10473,
1792,90940,7947182651,602081,636871,10529,
1803,90412,7947182512,602879,636699,10559,
1824,90747,7947182349,602481,636874,10589,
1834,90989,7947182249,603063,636034,10695,
1844,90368,7947182910,602762,636408,10572,
1801,90701,7947181972,603486,636389,10515,
1699,90625,7947182017,603379,636526,10618,
1672,90889,7947182370,602836,636540,10557,
1778,90778,7947182379,602114,637298,10517,
1762,90403,7947182615,603436,636275,10373,
1827,90560,7947182014,603186,636878,10399,
1733,90437,7947182311,603259,636461,10663,
1745,90651,7947182224,602833,636897,10514,
1756,90704,7947182105,603695,635960,10644,
1775,90694,7947182103,603302,636454,10536,
1764,90574,7947182122,603665,636187,10552,
1757,90896,7947181808,604277,635438,10688,
1782,90739,7947182437,602451,637003,10452,
1735,90557,7947182628,602390,637108,10446,
1764,91058,7947182772,602154,636424,10692,
1749,90510,7947181671,603653,636687,10594,
1781,90610,7947182214,602486,637068,10705,
1797,90575,7947182303,603754,635972,10463,
1702,90623,7947092870,602860,637213,10439,
1758,90324,7947093679,602920,636362,10664,
1751,90613,7947093649,602919,636119,10656,
1680,90932,7947092848,604242,635478,10527,
1772,90971,7947092444,604337,635540,10643,
1779,90502,7947092752,603458,636717,10499,
1786,91021,7947091872,603444,637178,10406,
1813,90842,7947092754,603623,636171,10504,
1735,90916,7947092462,604395,635859,10340,
1824,90789,7947092172,603163,637524,10235,
1714,90745,7947093005,603697,636168,10378,
1760,90406,7947092540,604000,636574,10427,
1794,90323,7947093317,603253,636595,10425,
1698,90815,7947092305,604428,635878,10583,
1788,90640,7947093067,603054,636702,10456,
1744,90748,7947092514,604468,635747,10486,
1718,90601,7947093533,602778,636576,10501,
1745,90780,7947092623,603981,636062,10516,
1744,90606,7947092922,603452,636575,10408,
1763,90711,7947092649,604021,635980,10583,
1729,90702,7947092184,604453,636153,10486,
1699,90466,7947093141,603554,636404,10443,
1727,90602,7947093263,603172,636379,10564,
1753,90989,7947092747,602837,636835,10546,
1871,90691,7947092302,603950,636558,10335,
1661,90659,7947092692,604611,635649,10435,
1744,90572,7947092921,604003,635978,10489,
1735,91036,7947091955,604199,636323,10459,
1676,90224,7947092855,603383,637026,10543,
1648,90651,7947092581,604297,636199,10331,
1675,90555,7947092847,604126,636141,10363,
1792,90490,7947092527,603701,636951,10246,
1700,90913,7947092359,603808,636525,10402,
1722,90693,7947092080,604230,636555,10427,
1718,90297,7947092724,603212,637307,10449,
1760,90487,7947092867,603939,636332,10322,
1765,90547,7947092575,603914,636514,10392,
1720,90281,7947092576,604672,636084,10374,
1676,90866,7947091925,604549,636228,10463,
1707,91093,7947093109,601804,637567,10427,
1731,90809,7947092309,603982,636375,10501,
1667,90308,7947092939,604047,636205,10541,
1791,90348,7947093268,603405,636277,10618,
1709,90246,7947092488,604809,636180,10275,
1790,90636,7947092789,603966,636254,10272,
1752,90596,7947004133,603470,636182,10417,
1763,90363,7947003299,604922,635873,10330,
1727,90600,7946914751,603062,636915,10338,
1714,90727,7946913496,604140,636909,10407,
1743,90744,7946825202,603531,636660,10356,
1723,90608,7946824684,604668,636293,10260,
1706,91061,7946735191,604206,636556,10359,
1723,90632,7946736377,603503,636643,10201,
1739,90605,7946735961,603802,636540,10432,
1686,90606,7946736072,603800,636643,10272,
1698,90433,7946736769,602863,636804,10512,
1719,90390,7946736249,603864,636397,10460,
1719,91101,7946735986,603271,636460,10542,
1604,90949,7946736158,604209,635787,10372,
1748,90603,7946735275,604684,636383,10386,
1688,90606,7946736229,603963,636063,10530,
1694,90839,7946736241,603345,636338,10622,
1756,90868,7946735136,604509,636359,10451,
1754,90680,7946735464,604705,635857,10619,
1752,90892,7946735915,603684,636280,10556,
1635,90953,7946736106,604015,635942,10428,
1686,90665,7946735429,604875,636091,10333,
1712,90643,7946736055,604033,636331,10305,
1728,90542,7946735877,603228,637417,10287,
1728,91183,7946735181,603568,637142,10277,
1756,90527,7946736109,603971,636551,10165,
1719,90732,7946735538,604137,636717,10236,
1711,90249,7946736408,603805,636371,10535,
1732,90669,7946735674,604126,636444,10434,
1682,90851,7946734566,605278,636272,10430,
1740,90601,7946736030,603338,637097,10273,
1743,90567,7946735296,604052,637091,10330,
1699,90833,7946735940,604011,636181,10415,
1719,90619,7946735824,603910,636546,10461,
1727,90689,7946735736,604722,635765,10440,
1751,90971,7946735836,604232,635770,10519,
1700,90268,7946736020,604609,636052,10430,
1735,90694,7946735829,604287,636184,10350,
1735,90720,7946735183,603639,637433,10369,
1690,90776,7946734944,604813,636451,10405,
1661,90485,7946735667,604466,636672,10128,
1706,90498,7946735939,603944,636562,10430,
1688,90558,7946735112,605125,636270,10326,
1727,90592,7946646134,603937,637313,10219,
1770,90688,7946646171,604254,636676,10363,
1684,90828,7946646179,604651,636208,10372,
1646,90856,7946646116,604384,636458,10462,
1703,90687,7946646024,604607,636672,10229,
1719,90871,7946646855,603575,636668,10234,
1811,91358,7946646024,604239,636191,10299,
1715,90895,7946646296,604141,636504,10371,
1669,90857,7946645879,603889,637442,10186,
1710,90485,7946646089,605351,635981,10306,
1747,90688,7946646946,603373,636820,10348,
1744,90904,7946645647,605088,636210,10329,
1677,91098,7946646199,604871,635660,10417,
1658,90199,7946646576,604759,636486,10244,
1681,90562,7946646077,604922,636424,10256,
1693,90674,7946645959,604974,636364,10258,
1720,90149,7946646730,604646,636225,10452,
1681,91145,7946645779,602887,638140,10290,
1652,90529,7946646226,604802,636327,10386,
1663,91187,7946645712,604501,636509,10350,
1665,91148,7946645605,604610,636639,10255,
1668,90999,7946645649,604089,637288,10229,
1654,91074,7946646020,604473,636504,10197,
1696,90422,7946646160,604954,636448,10242,
1691,90890,7946645738,604330,636990,10283,
1671,90418,7946647003,604342,636235,10253,
1703,90520,7946646155,604912,636343,10289,
1729,90863,7946645995,603945,637125,10265,
1729,90742,7946646426,603954,636726,10345,
1687,90996,7946646339,603942,636597,10361,
1700,90806,7946646237,604342,636536,10301,
1671,90748,7946645856,604796,636480,10371,
1638,91407,7946645302,604655,636550,10370,
1742,90722,7946646146,604289,636712,10311,
1660,90646,7946646403,604719,636229,10265,
1637,90750,7946646071,603998,637169,10297,
1697,90574,7946646459,604441,636559,10192,
1694,90878,7946646164,604498,636491,10197,
1696,90740,7946645906,604399,636877,10304,
1701,90768,7946645676,605374,635975,10428,
1680,90967,7946646279,603689,636913,10394,
1645,90844,7946646459,603760,637009,10205,
1672,90776,7946646296,604358,636543,10277,
1681,90501,7946645583,605647,636336,10174,
1686,91137,7946645683,604455,636756,10205,
1714,90892,7946645547,604313,637102,10354,
1652,90572,7946646253,605395,635806,10244,
1637,90888,7946646787,603388,636985,10237,
1734,90719,7946646081,605193,635921,10274,
1650,90641,7946645826,604364,637102,10339,
1645,90826,7946645948,605028,636083,10392,
1688,90614,7946645927,605569,635748,10376,
1720,90824,7946646390,603877,636797,10314,
1687,90794,7946646145,604932,636322,10042,
1706,90596,7946646364,603807,637131,10318,
1682,90524,7946646556,604526,636368,10266,
1645,90580,7946646334,604530,636537,10296,
1697,90977,7946646576,603822,636642,10208,
1649,91121,7946645357,604975,636353,10467,
1598,90818,7946645829,605088,636326,10263,
1609,90985,7946645723,605079,636158,10368,
1717,90459,7946646165,605405,635644,10532,
1698,90820,7946646309,604887,635863,10345,
1722,90574,7946646148,604681,636548,10249,
1669,90952,7946645216,605237,636646,10202,
1683,90724,7946646370,605140,635560,10445,
1722,90759,7946645605,604605,636964,10267,
1701,90786,7946645808,604803,636548,10276,
1709,90647,7946645956,605165,636236,10209,
1701,91052,7946645806,603491,637539,10333,
1710,90391,7946646370,604560,636554,10337,
1698,90938,7946645614,604840,636567,10265,
1672,90667,7946646349,604465,636502,10267,
1666,90587,7946645913,604421,636984,10351,
1680,90707,7946645292,605554,636404,10285,
1675,91174,7946645375,604659,636630,10409,
1714,90680,7946646410,603783,637235,10100,
1719,91049,7946645731,605080,636112,10231,
1723,90617,7946645938,604812,636707,10125,
1610,90999,7946645830,603966,637288,10229,
1690,90958,7946645397,605143,636562,10172,
1696,90850,7946645387,605655,636077,10257,
1653,90693,7946646310,604333,636719,10214,
1690,91023,7946645651,605290,636056,10212,
1610,90663,7946646356,604109,636919,10265,
1654,90724,7946646331,603921,637023,10269,
1615,90941,7946645418,604990,636639,10319,
1665,91092,7946645622,604756,636519,10268,
1656,90856,7946645605,605065,636530,10210,
1691,90477,7946646343,605546,635573,10292,
1699,90885,7946645966,604362,636866,10144,
1628,90509,7946646124,603988,637382,10291,
1605,90962,7946646477,604221,636301,10356,
1674,90524,7946645536,605336,636682,10169,
1661,90961,7946646054,604301,636538,10407,
1738,90444,7946645735,604725,637090,10190,
1658,90872,7946645437,605695,635937,10323,
1683,91061,7946645242,604806,636773,10357,
1683,90972,7946646323,604816,635823,10305,
1750,90635,7946645486,604614,637200,10237,
1710,90899,7946645490,605469,636222,10132,
1632,90817,7946645796,604525,636912,10240,
1703,90202,7946645501,606495,635694,10327,
1633,90593,7946645940,604328,637108,10320,
1659,90890,7946646037,604582,636464,10290,
1749,90449,7946645966,605294,636263,10201,
1600,90829,7946646033,604053,637076,10331,
1634,90872,7946645361,604936,637106,10013,
1688,91134,7946645237,604338,637302,10223,
1686,90856,7946646176,604224,636751,10229,
1724,90660,7946645237,605611,636541,10149,
1638,90858,7946646018,604396,636719,10293,
1590,91126,7946645942,603932,636980,10352,
1638,90880,7946645508,605494,636222,10180,
1701,90941,7946645502,604774,636741,10263,
1635,91089,7946645192,605095,636781,10130,
1755,90548,7946645929,605701,635677,10312,
1701,90828,7946645842,604761,636550,10240,
1659,91261,7946645666,604849,636251,10236,
1729,90648,7946645909,604762,636593,10281,
1647,90799,7946645396,604612,637315,10153,
1695,90862,7946646050,604141,636939,10235,
1715,90515,7946645251,605909,636262,10270,
1738,90608,7946645697,605555,636129,10195,
1611,90821,7946645918,604721,636649,10202,
1657,90948,7946645131,605887,636105,10194,
1693,90605,7946645914,604777,636693,10240,
1621,90858,7946645823,604826,636524,10270,
1681,90518,7946646692,604571,636125,10335,
1685,90973,7946645505,605074,636448,10237,
1621,90646,7946645269,605679,636494,10213,
1654,90812,7946646375,604937,635875,10269,
1569,90790,7946646319,604037,636881,10326,
1630,90847,7946645934,605392,635864,10255,
1696,91156,7946645296,604580,636881,10313,
1650,91003,7946645957,604385,636718,10209,
1624,90892,7946644925,605336,636912,10233,
1737,90916,7946645004,604987,636956,10322,
1654,90813,7946645819,604918,636341,10377,
1647,90956,7946645779,603646,637553,10341,
1606,90844,7946645734,604476,636812,10450,
1596,90886,7946645789,604810,636533,10301,
1694,90711,7946645572,605216,636256,10473,
1679,90627,7946645787,604970,636579,10280,
1679,90921,7946645204,604902,637026,10190,
1655,91257,7946645013,605135,636713,10149,
1688,91102,7946645434,604883,636454,10361,
1681,90566,7946645328,606372,635693,10282,
1716,90683,7946645099,605120,637191,10113,
1711,90782,7946644736,605900,636488,10305,
1655,90562,7946645848,604882,636681,10294,
1672,90661,7946645691,604543,637275,10080,
1672,90801,7946645051,606080,635964,10354,
1656,91020,7946645304,605622,636135,10185,
1655,91145,7946645376,605175,636229,10342,
1681,90529,7946645790,605860,635693,10369,
1659,91098,7946645462,605055,636383,10265,
1589,91340,7946645184,605297,636316,10196,
1619,90789,7946645136,606228,635958,10192,
1638,90723,7946645486,605279,636637,10159,
1664,90947,7946644958,605222,637029,10102,
1585,90837,7946644980,605771,636462,10287,
1600,90777,7946645512,604835,637069,10129,
1665,90220,7946646195,605737,635866,10239,
1618,91116,7946645576,604966,636420,10226,
1676,90930,7946644976,604939,637185,10216,
1756,90396,7946645640,605619,636282,10229,
1637,90944,7946645079,604966,636933,10363,
1573,90995,7946645095,606016,635954,10289,
1645,91105,7946645205,605436,636262,10269,
1640,90670,7946645124,605927,636406,10155,
1663,90838,7946645089,604867,637040,10425,
1636,90882,7946645946,604987,636305,10166,
1631,90945,7946645184,605506,636522,10134,
1676,90655,7946644690,606087,636563,10251,
1634,91093,7946645064,605066,637005,10060,
1700,90739,7946645411,606002,635818,10252,
1661,90679,7946645245,605945,636095,10297,
1745,90898,7946645122,604689,637295,10173,
1628,90797,7946645215,605862,636216,10204,
1653,90455,7946645481,605598,636575,10160,
1635,91115,7946644576,605679,636722,10195,
1660,90755,7946644337,606437,636664,10069,
1658,90806,7946645490,605487,636208,10273,
1673,91358,7946644762,604650,637249,10230,
1674,90889,7946645523,605353,636192,10291,
1630,90864,7946645455,605844,635958,10171,
1654,91194,7946645295,605403,636288,10088,
1679,90684,7946645437,605225,636701,10196,
1696,90530,7946645071,605959,636508,10158,
1627,90496,7946645254,605972,636509,10064,
1697,90455,7946645311,605487,636857,10115,
1573,90967,7946646101,604688,636366,10227,
1589,90822,7946645334,605089,636997,10091,
1684,90821,7946645485,604979,636851,10102,
1652,90720,7946645358,604937,637041,10214,
1614,90909,7946645224,605344,636651,10180,
1672,90900,7946644793,605995,636404,10158,
1677,90831,7946556178,604611,637153,10315,
1578,91403,7946555501,606030,636043,10210,
1625,90477,7946556984,604755,636738,10186,
1641,90700,7946556092,605248,636966,10118,
1643,91012,7946555523,606231,636248,10108,
1674,90785,7946555843,606355,635903,10205,
1651,90892,7946555621,605675,636692,10234,
1558,90810,7946555874,606116,636117,10290,
1569,90766,7946556030,605304,636863,10233,
1677,90901,7946555053,606047,636994,10093,
1633,90986,7946555387,606649,635929,10181,
1579,91101,7946555593,605651,636624,10217,
1634,90757,7946556329,605835,635977,10233,
1644,91197,7946555846,604662,637474,9942,
1606,90639,7946556134,606117,636230,10039,
1704,90751,7946556009,604825,637477,9999,
1658,90794,7946466888,605680,636463,10125,
1649,90862,7946466497,605802,636567,10231,
1679,91118,7946466961,605272,636410,10168,
1712,90911,7946467029,605323,636498,10135,
1633,90725,7946466829,605302,637068,10051,
1662,90943,7946467087,604852,637020,10044,
1603,91036,7946466877,604972,637044,10076,
1676,90685,7946466919,605192,636932,10204,
1691,90811,7946466627,605192,637254,10033,
1679,90790,7946466666,605092,637094,10287,
1687,90877,7946466209,606412,636187,10236,
1667,90960,7946466757,604671,637417,10136,
1652,90737,7946467352,605538,636041,10288,
1571,91056,7946467107,604886,636909,10079,
1665,90910,7946466891,605188,636717,10237,
1639,90554,7946467026,605877,636350,10162,
1635,90506,7946466585,605644,637097,10141,
1704,91019,7946467133,604739,636781,10232,
1624,91263,7946466382,605188,636943,10208,
1654,91132,7946465853,606102,636595,10272,
1568,90674,7946466956,606085,636054,10271,
1612,90858,7946466710,605614,636742,10072,
1595,90918,7946466292,605814,637017,9972,
1611,90632,7946466904,604740,637639,10082,
1670,90980,7946466138,605580,637345,9895,
1609,90704,7946466993,604992,637201,10109,
1662,90995,7946466346,605781,636672,10152,
1631,90668,7946466727,605001,637340,10241,
1641,90918,7946466946,606027,635884,10192,
1614,90810,7946467041,605960,636072,10111,
1627,90439,7946466691,605754,637058,10039,
1649,90899,7946467037,605906,636188,9929,
1642,90755,7946467341,604323,637396,10151,
1644,90827,7946466616,606118,636497,9906,
1665,90661,7946466902,605922,636288,10170,
1666,91145,7946466301,605334,637098,10064,
1663,90641,7946465981,606288,637037,9998,
1663,91133,7946466498,606141,635959,10214,
1567,90854,7946465915,606542,636578,10152,
1670,90963,7946466396,604847,637638,10094,
1667,90860,7946466161,606115,636673,10132,
1575,90924,7946466078,605737,637228,10066,
1624,90738,7946466789,605481,636983,9993,
1626,90720,7946466291,605981,636859,10131,
1618,90795,7946466197,606187,636814,9997,
1649,90686,7946466461,606435,636368,10009,
1555,91035,7946466747,605191,636913,10167,
1648,91181,7946466709,604929,637044,10097,
1628,90818,7946466318,605325,637384,10135,
1576,91050,7946466643,605931,636398,10010,
1649,90945,7946466612,605366,636926,10110,
1593,90892,7946466301,605968,636869,9985,
1593,90773,7946466238,606216,636827,9961,
1595,90835,7946466495,606367,636398,9918,
1585,90897,7946466728,605305,636905,10188,
1603,90572,7946466885,606678,635815,10055,
1681,90908,7946466956,606024,635895,10144,
1602,90704,7946466401,606057,636768,10076,
1574,90660,7946466144,607029,636045,10156,
1642,90717,7946467077,605433,636647,10092,
1668,90854,7946466058,605710,637255,10063,
1597,90703,7946467767,604388,637116,10037,
1607,91084,7946466540,605644,636735,9998,
1661,90584,7946467024,605833,636495,10011,
1633,90922,7946377313,605259,637393,9931,
1602,91182,7946377744,605560,636449,9914,
1617,90854,7946377425,606168,636397,9990,
1727,90915,7946288100,606414,636045,10093,
1611,91174,7946288041,605340,637075,10053,
1614,91093,7946288108,605746,636552,10181,
1542,91168,7946288322,605642,636621,9999,
1590,91000,7946288038,606027,636567,10072,
1621,90755,7946287687,606934,636399,9898,
1600,91085,7946288393,605057,637121,10038,
1602,90483,7946288650,605908,636708,9943,
1605,90810,7946288025,606199,636560,10095,
1631,90858,7946288551,605945,636306,10003,
1596,90734,7946288383,606267,636359,9955,
1670,90781,7946288409,606004,636502,9928,
1637,90920,7946288172,606230,636216,10119,
1572,90913,7946288064,605671,636893,10181,
1606,91208,7946287910,606272,636361,9937,
1581,90619,7946288391,606824,635913,9966,
1658,91055,7946287200,606304,636976,10101,
1546,91240,7946287552,606226,636707,10023,
1643,91132,7946199199,605217,636851,10095,
1592,91053,7946198691,605654,637130,10017,
1640,91297,7946198877,605231,637095,9997,
1720,90668,7946199097,605851,636593,10208,
1601,90890,7946198584,605701,637317,10044,
1540,91008,7946198607,606044,636851,10087,
1588,90803,7946198701,606490,636607,9948,
1600,91129,7946198189,606686,636458,10075,
1594,91143,7946198763,605498,637081,10058,
1695,90667,7946198621,606852,636352,9950,
1639,90956,7946198722,606103,636774,9943,
1623,90915,7946198773,606594,636132,10100,
1668,90818,7946198496,606751,636506,9898,
1720,90595,7946198957,604975,638037,9853,
1610,90649,7946198559,606824,636455,10040,
1599,90799,7946109717,605925,636914,10026,
1631,90699,7946020288,606491,636615,10099,
1594,91046,7945931431,605950,636611,10034,
1614,90934,7945930781,606078,637206,10053,
1626,90704,7945931417,606407,636481,10031,
1582,90992,7945930920,606810,636266,10096,
1525,90890,7945931049,606452,636807,9943,
1586,90784,7945932039,605400,636785,10072,
1594,90941,7945930960,605982,637273,9916,
1514,90972,7945931205,606420,636651,9904,
1646,91223,7945930782,606414,636571,10030,
1615,90603,7945931717,605233,637424,10074,
1615,90903,7945930809,606228,637074,10037,
1641,90517,7945931216,606633,636587,10072,
1649,90704,7945931826,605269,637182,10036,
1560,91053,7945931159,605923,637006,9965,
1598,90654,7945931855,605986,636529,10044,
1622,90673,7945932308,604505,637612,9946,
1582,90883,7945931115,606642,636298,10146,
1604,90762,7945930717,607002,636530,10051,
1543,91044,7945931107,605868,637069,10035,
1603,90979,7945930807,606223,637022,10032,
1586,90889,7945930486,607420,636315,9970,
1619,90919,7945931013,606361,636849,9905,
1600,90748,7945931329,606303,636795,9891,
1552,90841,7945931336,605602,637432,9903,
1588,90801,7945931763,605544,636898,10072,
1615,91014,7945931508,606336,636337,9856,
1564,91456,7945930344,606134,637202,9966,
1657,90513,7945931198,605846,637464,9988,
1667,91048,7945930749,606834,636452,9916,
1628,91042,7945930227,606444,637489,9836,
1646,90791,7945931388,607159,635809,9873,
1659,90654,7945930978,606673,636809,9893,
1606,91135,7945930820,605648,637576,9881,
1547,90770,7945930733,606557,637031,10028,
1595,90600,7945931316,606609,636572,9974,
1614,90883,7945930577,607284,636394,9914,
1606,90721,7945931296,606608,636559,9876,
1630,90934,7945931318,605785,636923,10076,
1667,90665,7945931293,606357,636753,9931,
1616,90648,7945931400,607004,635982,10016,
1679,91019,7945931295,605386,637295,9992,
1569,90874,7945931926,605691,636592,10014,
1585,90538,7945931110,607077,636663,9693,
1593,90950,7945931530,606032,636655,9906,
1643,91132,7945930914,606294,636771,9912,
1570,90851,7945931178,606109,636985,9973,
1540,90901,7945931891,604805,637578,9951,
1595,90903,7945931662,606386,636007,10113,
1625,91118,7945930324,606740,636864,9995,
1582,90770,7945931551,606303,636451,10009,
1569,91044,7945930707,606072,637344,9930,
1672,91272,7945930439,606187,637093,10003,
1619,90757,7945931236,606600,636437,10017,
1622,90893,7945931251,606163,636682,10055,
1562,91112,7945930535,606337,637003,10117,
1568,90592,7945932024,606196,636226,10060,
1619,90973,7945931098,606404,636703,9869,
1675,90317,7945931976,606159,636527,10012,
1603,90825,7945930800,606564,637089,9785,
1621,90554,7945930965,607166,636409,9951,
1528,90785,7945931992,606179,636186,9996,
1657,90437,7945931503,605741,637361,9967,
1614,91104,7945930524,606154,637347,9923,
1615,90886,7945931268,605905,636970,10022,
1531,91197,7945930862,606818,636397,9861,
1639,90598,7945931072,606418,637030,9909,
1607,90661,7945931143,605572,637922,9761,
1634,91028,7945931069,605843,637170,9922,
1623,90818,7945931631,606349,636238,10007,
1613,90915,7945931184,606704,636092,10158,
1602,90828,7945930778,607655,635779,10024,
1545,90972,7945930589,606656,636829,10075,
1588,90738,7945931256,606379,636738,9967,
1639,90829,7945931188,606151,636779,10080,
1527,90409,7945931658,606686,636593,9793,
1589,91099,7945931206,605534,637427,9811,
1625,90751,7945931233,606536,636454,10067,
1618,90791,7945930726,607046,636379,10106,
1606,90884,7945930514,606707,636871,10084,
1638,90981,7945931234,606551,636154,10108,
1595,90652,7945931036,606889,636366,10128,
1591,90807,7945931090,606611,636486,10081,
1553,91118,7945930954,606525,636487,10029,
1639,91084,7945930525,606888,636501,10029,
1618,90889,7945930662,606032,637370,10095,
1525,91021,7945931171,606400,636471,10078,
1681,91170,7945930731,606233,636839,10012,
1621,90781,7945841991,606604,636572,9940,
1534,91012,7945841163,606680,637256,9864,
1652,90700,7945842190,606238,636731,9998,
1665,91197,7945841588,606511,636590,9958,
1562,90724,7945842161,606429,636636,9997,
1570,91050,7945842075,606483,636295,10036,
1634,91342,7945841713,606757,635911,10152,
1644,90530,7945841660,607482,636240,9953,
1592,90750,7945841936,606359,636863,10009,
1619,91231,7945841529,605970,637230,9930,
1574,90972,7945841935,606513,636649,9866,
1551,91029,7945841713,607112,636123,9981,
1594,90807,7945841789,606818,636374,10127,
1591,90809,7945842639,605550,636830,10090,
1601,90987,7945841874,607468,635566,10013,
1542,91214,7945841446,606865,636350,10092,
1531,90904,7945841654,607360,636073,9987,
1560,91167,7945841632,606593,636638,9919,
1604,91080,7945842749,605536,636454,10086,
1565,90581,7945842088,607065,636180,10030,
1591,90718,7945842604,605936,636457,10203,
1562,91062,7945752833,606746,636125,10024,
1602,90850,7945752231,606533,637127,10009,
1529,90976,7945752719,607369,635667,10092,
1600,91089,7945752438,606781,636406,10038,
1592,90537,7945753056,606623,636584,9960,
1630,90748,7945752801,606094,637047,10032,
1592,90671,7945752154,607762,636200,9973,
1567,90524,7945752482,607521,636308,9950,
1620,91003,7945752768,606409,636581,9971,
1580,90584,7945752958,606812,636437,9981,
1641,90927,7945752279,606880,636678,9947,
1622,90899,7945752680,606048,637071,10032,
1563,90705,7945752464,606579,636917,10124,
1689,90904,7945752505,606628,636629,9997,
1682,90634,7945752417,607311,636473,9835,
1604,90993,7945752692,606369,636607,10087,
1566,90676,7945663798,606724,636441,9990,
1587,90937,7945663483,606697,636459,10032,
1534,90902,7945663676,607139,636064,9880,
1592,90901,7945663293,606673,636689,10047,
1597,90758,7945663570,607667,635606,9997,
1644,91038,7945663516,607181,635844,9972,
1583,90728,7945663506,606697,636613,10068,
1584,91122,7945663236,607543,635714,9996,
1648,90620,7945663350,606836,636716,10025,
1595,91076,7945574091,606478,636744,10054,
1601,91005,7945574687,605602,637276,9867,
1607,90964,7945574004,606497,636598,10368,
1607,90895,7945574703,606709,635951,10173,
1598,90968,7945574378,606599,636381,10114,
1557,91007,7945573809,607011,636701,9953,
1567,90798,7945574670,606489,636474,10040,
1611,91010,7945574222,607131,635791,10273,
1586,91135,7945574447,606411,636426,10033,
1569,90785,7945574565,606858,636239,10022,
1617,90648,7945574087,606701,636859,10126,
1596,91018,7945574281,606222,636865,10056,
1597,90717,7945574534,606635,636567,9988,
1613,91103,7945573968,607174,636134,10046,
1635,90841,7945574351,606921,636086,10204,
1550,91297,7945573930,605982,637278,10001,
1553,91085,7945573786,607453,636286,9875,
1683,90597,7945573945,607095,636689,10029,
1629,91321,7945572942,606579,637659,9908,
1584,90792,7945574491,606361,636831,9979,
1578,90626,7945574634,606073,637046,10081,
1634,90921,7945573375,607250,636855,10003,
1575,90889,7945485412,606527,636535,9943,
1624,90850,7945485219,606401,636645,10142,
1593,91037,7945484856,607160,636162,10073,
1561,90958,7945395904,606277,636941,10083,
1618,90779,7945395733,607214,636278,10102,
1542,90559,7945396549,606308,636758,10008,
1591,90644,7945395542,606729,637244,9974,
1503,90991,7945395774,606522,636812,10122,
1559,91309,7945395114,607135,636480,10127,
1543,90823,7945395948,606985,636569,9856,
1586,90888,7945395585,606617,636946,10102,
1624,91090,7945395138,606399,637510,9963,
1606,90687,7945395731,606951,636725,10024,
1577,90798,7945396168,606967,636129,10085,
1543,91137,7945396464,606747,635724,10109,
1616,90736,7945396424,606466,636500,9982,
1591,90737,7945395925,606643,636844,9984,
1528,90896,7945396644,605449,637140,10067,
1537,91101,7945395288,607279,636605,9914,
1630,90619,7945395665,606939,636902,9969,
1579,90691,7945396019,607058,636344,10033,
1641,90633,7945396072,607225,636064,10089,
1585,90965,7945396706,606199,636231,10038,
1612,90686,7945395276,607019,637290,9841,
1606,90524,7945396274,607132,636046,10142,
1540,91197,7945396115,606283,636477,10112,
1599,90855,7945395820,607182,636054,10214,
1632,90554,7945396345,606460,636646,10087,
1601,90802,7945396282,606439,636541,10059,
1590,90881,7945395887,606713,636745,9908,
1538,90907,7945395938,606593,636760,9988,
1573,91235,7945396380,605342,637144,10050,
1597,90907,7945395395,607187,636628,10010,
1618,90883,7945395654,607456,635957,10156,
1649,90650,7945395970,607453,636107,9895,
1627,91069,7945395720,606463,636939,9906,
1542,90698,7945396138,607824,635567,9955,
1575,90665,7945396668,605736,637104,9976,
1592,91179,7945396081,606041,636786,10045,
1535,90690,7945396271,607187,636010,10031,
1562,90967,7945396709,606002,636279,10205,
1533,90939,7945395246,607405,636399,10202,
1510,90607,7945396490,606090,637184,9843,
1541,91190,7945396039,605703,637096,10155,
1598,90959,7945396080,606050,637046,9991,
1565,90827,7945395268,606971,637154,9939,
1591,90925,7945395874,607209,636133,9992,
1571,90842,7945395849,606272,637230,9960,
1544,90896,7945396297,607171,635677,10139,
1543,90474,7945395676,607990,635946,10095,
1587,90906,7945395930,607657,635688,9956,
1505,90961,7945395811,607235,636276,9936,
1565,90755,7945395924,607102,636326,10052,
1566,90926,7945306575,607213,636169,10118,
1556,91156,7945306588,606679,636741,9847,
1547,90692,7945306874,607540,635901,10013,
1584,90972,7945306198,606900,636922,9991,
1608,91155,7945306459,606699,636779,9867,
1574,91262,7945305711,606652,637259,10109,
1559,90795,7945306641,607498,636116,9958,
1551,90736,7945306461,607501,636399,9919,
1532,90798,7945306686,607234,636341,9976,
1528,91206,7945306332,607267,636428,9806,
