59480,289469,38535078443,1508144,1849655,8778,
40677,455527,38533437079,2233551,2423786,7036,
21276,534493,38532842784,2588164,2605446,5493,
12151,544295,38532708816,2763522,2564212,4660,
8867,548720,38532628142,2840455,2567331,4141,
7360,551692,38532569961,2886985,2577823,3835,
6469,553138,38532532780,2921273,2580567,3429,
6043,554804,38532509368,2942047,2582034,3360,
5703,555098,38532493239,2958426,2582029,3161,
5492,556037,38532477735,2971077,2584183,3132,
5179,557215,38532464857,2979580,2587926,2899,
5067,556311,38532455691,2988051,2589628,2908,
5038,556640,38532448025,2994755,2590419,2779,
4922,557318,38532440975,2999173,2592516,2752,
4690,558049,38532435111,3004320,2592820,2666,
4685,558110,38532427124,3007949,2597152,2636,
4680,558785,38532423579,3013246,2594835,2531,
4541,558098,38532420474,3013350,2598626,2567,
4517,559266,38532414280,3018679,2598389,2525,
4576,559084,38532412364,3018200,2600913,2519,
4325,559510,38532407903,3026064,2597383,2471,
4359,559842,38532405167,3026997,2598861,2430,
4246,558937,38532400865,3030274,2601014,2320,
4290,559697,38532399250,3030041,2601945,2433,
4175,559481,38532396452,3035170,2600049,2329,
4200,561054,38532391270,3038215,2600581,2336,
4267,559677,38532390954,3039376,2601021,2361,
4268,560821,38532387685,3039328,2603285,2269,
4075,559856,38532385898,3043821,2601773,2233,
4067,559950,38532384847,3044395,2602173,2224,
4119,560398,38532381932,3048870,2600138,2199,
4042,560958,38532381575,3047150,2601684,2247,
3983,559847,38532380791,3049867,2600988,2180,
4032,560760,38532377311,3051111,2602268,2174,
4003,561007,38532373920,3054882,2601732,2112,
3856,560776,38532375116,3055540,2600189,2179,
3924,560314,38532374187,3054830,2602250,2151,
3975,561075,38532370569,3056979,2602912,2146,
3828,561519,38532368274,3058436,2603517,2082,
3971,561080,38532369619,3058101,2602789,2096,
3764,561213,38532369105,3059356,2602131,2087,
3848,560479,38532367273,3060135,2603802,2119,
3707,560437,38532365020,3062625,2603783,2084,
3886,560849,38532365079,3061864,2603905,2073,
3886,561202,38532363975,3063329,2603205,2059,
3876,561090,38532361933,3065925,2602677,2155,
3756,560663,38532361537,3066154,2603549,1997,
3797,561372,38532360316,3066770,2603375,2026,
3801,560601,38532360160,3067513,2603492,2089,
3804,561722,38532356765,3070144,2603203,2018,
3754,561763,38532358831,3067189,2604130,1989,
3711,561069,38532356833,3070352,2603730,1961,
3698,561502,38532355666,3070585,2604194,2011,
3723,560951,38532355592,3071429,2604051,1910,
3704,561526,38532355619,3071163,2603661,1983,
3625,561796,38532349647,3074429,2606209,1950,
3636,561750,38532353738,3074279,2602373,1880,
3677,561086,38532351360,3075087,2604516,1930,
3657,560997,38532352016,3075656,2603394,1936,
3621,561615,38532349818,3076793,2603896,1913,
3667,561898,38532349480,3076821,2603887,1903,
3655,560282,38532350488,3077068,2604257,1906,
3583,562926,38532348126,3076316,2604793,1912,
3681,561524,38532348411,3077442,2604665,1933,
3521,560979,38532348677,3078526,2604043,1910,
3606,561503,38532345084,3078671,2606926,1866,
3541,561423,38532348409,3078830,2603508,1945,
3593,562251,38532344826,3079835,2605303,1848,
3534,561659,38532345128,3081205,2604186,1944,
3574,560115,38532344540,3084999,2602450,1978,
3538,561820,38532345242,3080626,2604530,1900,
3640,561598,38532344219,3082506,2603775,1918,
3424,561665,38532343293,3082222,2605193,1859,
3577,561339,38532342752,3083116,2604982,1890,
3607,561716,38532342374,3084135,2603866,1958,
3487,562626,38532339415,3084536,2605746,1846,
3464,562274,38532340596,3083295,2606108,1919,
3537,561755,38532340347,3084638,2605598,1781,
3424,561932,38532340413,3084919,2605130,1838,
3475,560175,38532340226,3087621,2604334,1825,
3517,561812,38532338455,3087092,2605039,1741,
3450,562460,38532337105,3086106,2606763,1772,
3485,562104,38532338045,3087443,2604836,1743,
3472,562543,38532337203,3087066,2605564,1808,
3402,561874,38532338512,3088497,2603594,1777,
3506,561856,38532336852,3088569,2605124,1749,
3575,561969,38532335691,3091370,2603292,1759,
3350,562113,38532336602,3089157,2604675,1759,
3425,562069,38532334724,3092099,2603626,1713,
3372,562619,38532333167,3090333,2606384,1781,
3513,562134,38532336332,3090554,2603308,1815,
3552,562087,38532333941,3089136,2607176,1764,
3314,561892,38532333201,3089871,2607569,1809,
3347,562130,38532333415,3094108,2602935,1721,
3535,561500,38532334694,3091173,2604985,1769,
3446,561182,38532334295,3091069,2605956,1708,
3425,562440,38532331552,3093328,2605197,1714,
3332,562650,38532330447,3092314,2607208,1705,
3370,562082,38532331448,3095094,2603953,1709,
3354,562569,38532330757,3093369,2605851,1756,
3289,562705,38532330460,3094478,2605035,1689,
3442,562672,38532330415,3093016,2606359,1752,
3372,561661,38532330561,3095129,2605181,1752,
3332,562384,38532329358,3093310,2607557,1715,
3317,561942,38532331456,3094918,2604321,1702,
3394,562100,38532330056,3096811,2603541,1754,
3375,562874,38532327927,3096090,2605679,1711,
3265,561628,38532328604,3096371,2606094,1694,
3322,562051,38532328050,3098189,2604329,1715,
3306,562846,38532325688,3098243,2605878,1695,
3397,563092,38532326123,3097892,2605457,1695,
3301,562621,38532327128,3096822,2606084,1700,
3262,562785,38532326579,3097780,2605607,1643,
3337,561886,38532326844,3096564,2607340,1685,
3356,561546,38532326572,3098133,2606392,1657,
3377,561913,38532325920,3098105,2606671,1670,
3234,562107,38532325343,3100408,2604848,1716,
3299,561485,38532327171,3098084,2605919,1698,
3316,562606,38532326725,3099012,2604335,1662,
3336,562669,38532324458,3100613,2604837,1743,
3292,563057,38532324746,3099020,2605824,1717,
3199,562151,38532325430,3100282,2604916,1678,
3354,562001,38532325580,3098421,2606650,1650,
3363,562572,38532323346,3100746,2606013,1616,
3253,562236,38532321180,3103333,2605980,1674,
3310,562749,38532321922,3102382,2605685,1608,
3292,562902,38532322052,3102321,2605452,1636,
3283,563117,38532321698,3102453,2605530,1575,
3176,563055,38532322845,3101406,2605556,1618,
3169,562764,38532321431,3102627,2606114,1551,
3234,562830,38532322250,3100935,2606768,1639,
3161,563113,38532321947,3103405,2604471,1559,
3174,563394,38532320437,3102426,2606569,1656,
3209,562850,38532321690,3102482,2605802,1623,
3226,562884,38532320317,3105668,2603892,1669,
3304,562123,38532319772,3105510,2605340,1607,
3298,561350,38532321335,3105220,2604716,1737,
3263,563415,38532317609,3106598,2605055,1716,
3243,562386,38532321208,3103621,2605539,1659,
3167,562119,38532320306,3103456,2606984,1624,
3294,562208,38532318389,3105581,2606593,1591,
3179,562826,38532318456,3106507,2605026,1662,
3178,562612,38532320396,3106056,2603771,1643,
3172,563197,38532317721,3105000,2606914,1652,
3238,562188,38532319257,3105847,2605526,1600,
3269,562682,38532318529,3105719,2605845,1612,
3267,562441,38532318002,3106585,2605763,1598,
3113,564148,38532316370,3105133,2607302,1590,
3287,562046,38532318098,3107176,2605416,1633,
3198,562637,38532316470,3106584,2607202,1565,
3285,563271,38532315719,3107574,2606195,1612,
3234,562728,38532315785,3109804,2604484,1621,
3162,563431,38532317069,3106856,2605567,1571,
3130,562599,38532317073,3107658,2605566,1630,
3230,562157,38532316104,3107332,2607215,1618,
3102,563752,38532315819,3109495,2603927,1561,
3233,563119,38532314777,3108384,2606567,1576,
3241,563034,38532313025,3110473,2606377,1506,
3157,563432,38532313796,3109986,2605717,1568,
3081,563870,38532313266,3109252,2606592,1595,
3236,563149,38532313960,3109493,2606239,1579,
3185,563728,38532314405,3109406,2605347,1585,
3261,562744,38532313935,3112383,2603785,1548,
3130,563438,38532315442,3109428,2604738,1480,
3236,563223,38532313367,3110862,2605368,1600,
3072,563919,38532313301,3110966,2604845,1553,
3294,562747,38532314008,3109528,2606557,1522,
3090,562801,38532314073,3111716,2604438,1538,
3165,562708,38532312170,3110739,2607311,1563,
3189,562635,38532314211,3112718,2603332,1571,
3087,564011,38532313494,3110693,2604770,1601,
3181,562534,38532312905,3111224,2606205,1607,
3100,563928,38532311170,3112870,2605025,1563,
3121,562868,38532312565,3113250,2604328,1524,
3124,563591,38532311383,3111058,2606917,1583,
3199,562773,38532312485,3112021,2605690,1488,
3011,563190,38532311112,3112546,2606269,1528,
3253,562350,38532313154,3112794,2604557,1548,
3028,563376,38532311301,3113192,2605262,1497,
3132,564118,38532311931,3111681,2605273,1521,
3187,563991,38532309996,3113297,2605725,1460,
3028,563159,38532311895,3112482,2605495,1597,
3144,563049,38532311569,3114394,2603921,1579,
3163,563449,38532309780,3112556,2607134,1574,
3182,563455,38532310654,3114695,2604116,1554,
3160,562706,38532311647,3114006,2604592,1545,
3013,564131,38532308430,3113146,2607422,1514,
3079,563517,38532308271,3114974,2606351,1464,
3160,563725,38532308359,3113992,2606910,1510,
3117,563422,38532309062,3113476,2607107,1472,
3083,563653,38532308235,3116652,2604511,1522,
3153,562311,38532308429,3117570,2604648,1545,
3141,563472,38532309143,3114060,2606309,1531,
3109,563393,38532308539,3115477,2605698,1440,
3032,562888,38532310185,3114682,2605369,1500,
3121,562678,38532308739,3116696,2604940,1482,
3083,562720,38532309490,3115488,2605377,1498,
3071,564125,38532309276,3114423,2605257,1504,
3118,563694,38532307784,3115928,2605659,1473,
3113,562837,38532309440,3114502,2606291,1473,
3077,564024,38532306933,3116244,2605859,1519,
3009,564266,38532307503,3115389,2605991,1498,
3131,564368,38532305827,3116797,2605996,1537,
2995,563895,38532304100,3118930,2606207,1529,
3118,563826,38532305082,3119628,2604573,1429,
2942,562761,38532308569,3115823,2606085,1476,
3077,563331,38532307055,3115535,2607146,1512,
3036,563460,38532306285,3117049,2606310,1516,
3036,563062,38532306736,3117197,2606190,1435,
3064,561773,38532308101,3118295,2604949,1474,
3026,563819,38532304708,3116559,2608044,1500,
3052,563233,38532306222,3118085,2605569,1495,
3071,562258,38532305888,3119698,2605278,1463,
3045,562402,38532306880,3117394,2606448,1487,
2970,563929,38532304654,3118925,2605725,1453,
3069,562420,38532307485,3117342,2605922,1418,
3017,563954,38532306160,3117497,2605551,1477,
3051,563827,38532302994,3121080,2605268,1436,
2988,563403,38532304211,3120399,2605166,1489,
3100,562880,38532304920,3119337,2605938,1481,
2979,563925,38532304667,3119477,2605163,1445,
3147,563362,38532306866,3116983,2605872,1426,
3043,563792,38532303450,3119929,2606001,1441,
3088,563688,38532304361,3119689,2605402,1428,
3070,562968,38532305293,3121686,2603146,1493,
3029,562856,38532303449,3121916,2604915,1491,
3044,563437,38532304990,3118772,2605959,1454,
3054,563848,38532301978,3120901,2606394,1481,
2941,563916,38532303453,3119960,2605936,1450,
3084,562828,38532303880,3119338,2607099,1427,
3006,564260,38532303463,3119919,2605574,1434,
2907,562941,38532303385,3121349,2605652,1422,
3063,563629,38532303213,3120822,2605428,1501,
2992,564400,38532302813,3121351,2604657,1443,
2952,562727,38532304321,3120586,2605622,1448,
2936,564173,38532302727,3120706,2605636,1478,
2880,563184,38532302705,3122066,2605338,1483,
3011,563717,38532303213,3119824,2606394,1497,
3015,563802,38532301110,3121685,2606564,1480,
3002,563746,38532300183,3123858,2605399,1468,
2975,564343,38532301507,3120769,2606540,1522,
2926,564170,38532302226,3121410,2605444,1480,
3017,564635,38532301032,3122673,2604841,1458,
2985,562812,38532303085,3120728,2606608,1438,
3107,563157,38532302197,3123278,2604422,1495,
2964,564512,38532300815,3122013,2605920,1432,
2951,563339,38532300886,3123234,2605850,1396,
2972,563455,38532301181,3122728,2605912,1408,
3017,563223,38532301386,3123835,2604751,1444,
2945,564295,38532300014,3122676,2606262,1464,
2952,563937,38532300834,3121583,2606823,1527,
3024,564044,38532300577,3124906,2603668,1437,
2942,563443,38532301149,3122299,2606406,1417,
2983,563610,38532300114,3123765,2605725,1459,
2915,563831,38532299435,3123583,2606443,1449,
2974,564512,38532299366,3124556,2604861,1387,
2946,563945,38532299302,3124649,2605369,1445,
2987,562990,38532299527,3123860,2606791,1501,
2952,563050,38532301644,3122188,2606385,1437,
2949,563287,38532299140,3123747,2607065,1468,
3011,563893,38532299573,3123983,2605746,1450,
2916,564633,38532298761,3124997,2604906,1443,
2984,563880,38532298229,3125948,2605124,1491,
2987,563528,38532298405,3124769,2606540,1427,
2917,564194,38532298949,3124325,2605838,1433,
2848,563760,38532298340,3125945,2605287,1476,
2918,563924,38532298354,3125927,2605088,1445,
2889,563657,38532297501,3125580,2606598,1431,
2983,562723,38532300335,3126068,2604074,1473,
2935,563878,38532299095,3125809,2604503,1436,
2869,564130,38532298712,3124491,2606008,1446,
2944,563688,38532298035,3124838,2606723,1428,
2920,564042,38532298384,3126251,2604697,1362,
2986,563034,38532296824,3129022,2604415,1375,
2925,564660,38532295354,3126851,2606428,1438,
2953,563540,38532299960,3126389,2603333,1481,
3019,564300,38532297621,3124285,2606959,1472,
3078,563346,38532296480,3127375,2605949,1428,
2867,564160,38532297684,3126436,2604987,1522,
2894,564549,38532296439,3124838,2607520,1416,
2854,563882,38532296944,3128596,2603947,1433,
2935,562510,38532297770,3127577,2605416,1448,
2907,563803,38532296866,3127681,2604984,1415,
2895,563991,38532294038,3129042,2606301,1389,
2863,564365,38532295864,3127219,2605922,1423,
2803,564559,38532297318,3125731,2605852,1393,
2963,563130,38532297472,3126448,2606202,1441,
2924,563640,38532295683,3126884,2607169,1356,
2969,564390,38532294304,3128446,2606089,1458,
2943,564483,38532294418,3126991,2607473,1348,
2894,562674,38532296776,3128606,2605291,1415,
2805,564799,38532293685,3129389,2605616,1362,
2814,563596,38532295851,3129598,2604426,1371,
2855,564509,38532294701,3129988,2604232,1371,
2894,563022,38532296477,3128996,2604864,1403,
2918,563817,38532294663,3129924,2604889,1445,
2868,564534,38532295599,3126194,2607052,1409,
2844,563711,38532295204,3128348,2606114,1435,
2850,564084,38532295610,3126709,2606933,1470,
2946,564826,38532292949,3130330,2605204,1401,
2931,563396,38532294050,3130059,2605831,1389,
2918,564069,38532294736,3129614,2604929,1390,
2947,563178,38532295308,3129925,2604888,1410,
2882,563847,38532293633,3131667,2604177,1450,
2858,563947,38532294453,3130760,2604186,1452,
2979,563655,38532294409,3128697,2606543,1373,
2823,564853,38532292506,3130373,2605674,1427,
2998,562906,38532294255,3131359,2604661,1477,
2933,563442,38532295177,3130556,2604093,1455,
2874,564176,38532292825,3129573,2606740,1468,
2815,564185,38532293911,3129084,2606226,1435,
2954,563670,38532296538,3127952,2605131,1411,
2789,563827,38532293110,3131890,2604592,1448,
2884,563833,38532294140,3130373,2604994,1432,
2898,563744,38532293222,3130277,2606080,1435,
2935,563432,38532293158,3132513,2604260,1358,
2809,564724,38532291605,3129563,2607467,1488,
2849,564841,38532291306,3131730,2605492,1438,
2912,563498,38532291089,3131886,2606860,1411,
2783,564533,38532291212,3130824,2606921,1383,
2915,563965,38532292120,3132338,2604904,1414,
2782,563673,38532292822,3131340,2605715,1324,
2837,563184,38532291733,3133651,2604792,1459,
2847,565626,38532292045,3128645,2607098,1395,
2843,565296,38532290343,3132656,2605150,1368,
2859,563835,38532293354,3131798,2604346,1464,
2929,564962,38532290184,3132577,2605587,1417,
2835,564336,38532290172,3132986,2605861,1466,
2809,564507,38532292552,3131024,2605352,1412,
2881,564104,38532289619,3133119,2606427,1506,
2877,563757,38532290131,3133979,2605527,1385,
2812,563559,38532292150,3131926,2605841,1368,
2843,564646,38532290920,3133490,2604370,1387,
2856,565057,38532290033,3131460,2606878,1372,
2819,564189,38532290537,3133314,2605386,1411,
2880,564373,38532290912,3133611,2604492,1388,
2872,563671,38532291906,3133951,2603859,1397,
2819,563631,38532290238,3133134,2606434,1400,
2892,563896,38532291578,3133538,2604409,1343,
2862,564591,38532291225,3132399,2605248,1331,
2971,564121,38532291230,3130228,2607728,1378,
2816,564189,38532292434,3131349,2605482,1386,
2730,564763,38532289373,3133280,2606108,1402,
2910,564646,38532288817,3134325,2605594,1364,
2842,563552,38532289461,3136017,2604356,1428,
2816,563944,38532290241,3133557,2605713,1385,
2813,563488,38532289117,3135580,2605291,1367,
2779,564332,38532288933,3134358,2605852,1402,
2811,564466,38532288096,3135614,2605277,1392,
2783,563742,38532291437,3133528,2604772,1394,
2886,564699,38532289329,3135838,2603506,1398,
2772,564383,38532287613,3135015,2606433,1440,
2831,563879,38532288689,3136702,2604136,1419,
2858,564549,38532288476,3134857,2605526,1390,
2774,564254,38532288577,3134631,2606001,1419,
2820,564523,38532288957,3134384,2605522,1450,
2837,565022,38532286650,3136280,2605476,1391,
2848,564541,38532288798,3134297,2605829,1343,
2904,564714,38532287501,3136145,2605025,1367,
2820,564771,38532287109,3135573,2606060,1323,
2827,564447,38532287647,3135322,2606113,1300,
2856,565065,38532286914,3134593,2606878,1350,
2784,564392,38532287377,3136349,2605341,1413,
2823,564255,38532287799,3136718,2604646,1415,
2779,564310,38532287697,3134760,2606700,1410,
2726,563790,38532287307,3137348,2605102,1383,
2889,564238,38532289186,3134122,2605890,1331,
2838,564211,38532288124,3134580,2606558,1345,
2849,563623,38532287200,3136327,2606251,1406,
2831,564962,38532286705,3134734,2606999,1425,
2748,565099,38532286642,3135677,2606052,1438,
2758,564625,38532286893,3135450,2606523,1407,
2809,564207,38532286928,3138464,2603887,1361,
2762,564414,38532284726,3138611,2605728,1415,
2770,563924,38532289303,3135581,2604687,1391,
2760,564021,38532286895,3136082,2606539,1359,
2782,564516,38532285961,3137514,2605534,1349,
2797,564681,38532285911,3139167,2603690,1410,
2742,565278,38532285660,3137289,2605275,1412,
2738,564724,38532284893,3139445,2604464,1392,
2879,564271,38532286429,3137282,2605442,1353,
2851,564995,38532284449,3139124,2604911,1326,
2727,564599,38532285975,3139467,2603566,1322,
2746,564529,38532286204,3137033,2605788,1356,
2769,564575,38532286181,3138438,2604294,1399,
2828,564088,38532285915,3136972,2606491,1362,
2827,565066,38532285358,3137235,2605831,1339,
2719,564960,38532285385,3138524,2604694,1374,
2713,564608,38532283148,3139882,2605980,1325,
2801,565190,38532285787,3138487,2604065,1326,
2761,564478,38532285347,3138253,2605430,1387,
2730,564793,38532284121,3138062,2606604,1346,
2775,565403,38532285036,3137077,2606026,1339,
2730,564930,38532283676,3141093,2603905,1322,
2808,565415,38532284317,3137832,2605919,1365,
2772,564770,38532284318,3138292,2606183,1321,
2748,563632,38532285441,3140146,2604375,1314,
2785,564726,38532283839,3139602,2605356,1348,
2772,564322,38532284265,3140302,2604624,1371,
2808,563865,38532285088,3140132,2604370,1387,
2774,564417,38532286134,3136821,2606128,1382,
2724,565006,38532284718,3139318,2604556,1334,
2784,563808,38532286363,3139158,2604154,1389,
2711,564109,38532285780,3140154,2603541,1361,
2711,565173,38532282840,3139390,2606158,1384,
2745,564273,38532284179,3138490,2606585,1384,
2774,564245,38532283595,3140710,2604927,1405,
2826,564686,38532283042,3140107,2605620,1375,
2882,564717,38532281852,3139766,2607068,1371,
2712,564630,38532283342,3139869,2605717,1386,
2801,564878,38532283482,3138626,2606455,1414,
2663,564080,38532282977,3142634,2603888,1414,
2781,565446,38532282526,3140141,2605370,1392,
2881,564599,38532280608,3143200,2604979,1389,
2718,565762,38532283006,3139587,2605208,1375,
2690,563860,38532283875,3140158,2605696,1377,
2782,564735,38532283108,3140775,2604878,1378,
2691,564758,38532282074,3141042,2605678,1413,
2772,565281,38532280664,3140815,2606705,1419,
2606,564654,38532283745,3141469,2603822,1360,
2740,564467,38532282915,3139740,2606442,1352,
2730,564264,38532283134,3138598,2607564,1366,
2750,564078,38532280810,3141375,2607314,1329,
2688,565224,38532281923,3140915,2605508,1398,
2740,565384,38532282011,3141852,2604392,1277,
2799,564391,38532282434,3140799,2605876,1357,
2704,564665,38532281865,3141432,2605640,1350,
2666,564973,38532282666,3140698,2605344,1309,
2706,564831,38532281415,3140504,2606802,1398,
2745,564544,38532280993,3141991,2606011,1372,
2717,564365,38532281858,3143119,2604245,1352,
2619,565133,38532280562,3141227,2606775,1340,
2748,564584,38532280771,3141384,2606796,1373,
2697,564571,38532281822,3141547,2605668,1351,
2672,564730,38532279790,3141880,2607199,1385,
2651,563967,38532283000,3141677,2605002,1359,
2656,565020,38532281036,3143090,2604485,1369,
2723,565395,38532281555,3140592,2606007,1384,
2797,565067,38532281602,3140407,2606470,1313,
2614,566062,38532279989,3140762,2606876,1353,
2685,563991,38532282626,3143038,2603942,1374,
2733,565447,38532279001,3141223,2607913,1339,
2628,563602,38532283108,3141226,2605783,1309,
2670,565488,38532279988,3142080,2606061,1369,
2725,564845,38532281404,3141637,2605691,1354,
2680,565236,38532278116,3143105,2607153,1366,
2769,564464,38532280194,3143469,2605440,1320,
2684,565331,38532280162,3141828,2606308,1343,
2632,564480,38532279948,3144630,2604625,1341,
2724,565736,38532279755,3140940,2607126,1375,
2611,564409,38532281134,3141827,2606282,1393,
2618,565360,38532278908,3142885,2606555,1330,
2671,565342,38532279058,3143317,2605934,1334,
2761,565742,38532277646,3142041,2608111,1355,
2740,564040,38532278548,3144501,2606516,1311,
2634,564577,38532279240,3143322,2606560,1323,
2667,564646,38532280211,3142221,2606581,1330,
2791,565109,38532277846,3144177,2606387,1346,
2573,565526,38532279312,3142696,2606223,1326,
2682,565209,38532278749,3144569,2605109,1338,
2692,563741,38532279693,3145659,2604537,1334,
2598,564369,38532278547,3143666,2607129,1347,
2687,565644,38532277183,3144178,2606645,1319,
2650,565248,38532278819,3143726,2605916,1297,
2735,565671,38532278617,3143846,2605519,1268,
2652,565152,38532277893,3146697,2604021,1241,
2676,565506,38532278324,3144515,2605370,1265,
2660,564445,38532278243,3144379,2606664,1265,
2657,565606,38532277866,3143661,2606525,1341,
2672,564224,38532277296,3144752,2607346,1366,
2722,564680,38532279327,3143306,2606275,1346,
2660,565035,38532278317,3144157,2606143,1344,
2758,565191,38532279003,3144410,2605002,1292,
2725,565306,38532276081,3145948,2606313,1283,
2626,564375,38532278169,3145397,2605840,1249,
2651,565211,38532277987,3145079,2605381,1347,
2615,565953,38532275832,3145867,2606051,1338,
2654,564341,38532278683,3145272,2605369,1337,
2726,565340,38532279482,3144600,2604159,1349,
2635,565026,38532277892,3144456,2606333,1314,
2613,565640,38532277117,3143943,2607005,1338,
2694,566051,38532277564,3144767,2605210,1370,
2729,565341,38532276740,3144766,2606696,1384,
2698,565188,38532276737,3145666,2606020,1347,
2634,564572,38532277297,3146055,2605807,1291,
2635,564868,38532276976,3146187,2605692,1298,
2673,564870,38532276991,3145181,2606620,1321,
2598,563845,38532279340,3146049,2604526,1298,
2716,564694,38532276754,3147436,2604705,1351,
2545,565559,38532276499,3147490,2604262,1301,
2568,564836,38532275994,3145784,2607142,1332,
2672,565225,38532276764,3147253,2604418,1324,
2608,566011,38532275466,3146440,2605804,1327,
2646,565774,38532277053,3145721,2605107,1355,
2611,565672,38532273464,3149071,2605556,1282,
2626,565009,38532275409,3146058,2607198,1356,
2620,565073,38532274880,3148681,2605120,1282,
2687,564577,38532275385,3147772,2605953,1282,
2721,566137,38532274945,3145841,2606748,1264,
2640,565466,38532275637,3148011,2604593,1309,
2599,564512,38532276320,3147010,2605899,1316,
2605,565552,38532276648,3146954,2604556,1341,
2707,565329,38532275803,3146452,2605995,1370,
2504,564844,38532276284,3145576,2607060,1388,
2612,565040,38532274995,3148007,2605712,1290,
2491,565476,38532275680,3145895,2606818,1296,
2599,564492,38532275593,3147016,2606671,1285,
2625,565022,38532275597,3145750,2607297,1365,
2605,565362,38532275086,3147550,2605774,1279,
2630,565116,38532274470,3147386,2606758,1296,
2703,564780,38532276344,3146394,2606167,1268,
2561,565153,38532274220,3149054,2605318,1350,
2593,566124,38532272806,3148164,2606643,1326,
2658,564753,38532277143,3146692,2605153,1257,
2543,565853,38532274627,3148380,2604930,1323,
2670,565566,38532272936,3148983,2606168,1333,
2577,566145,38532274839,3144912,2607889,1294,
2636,565016,38532274463,3149117,2605139,1285,
2611,564527,38532274299,3150435,2604529,1255,
2663,563960,38532274659,3148613,2606486,1275,
2604,564549,38532275559,3148709,2604913,1322,
2748,565221,38532273832,3147684,2606911,1260,
2549,564907,38532272935,3149911,2606024,1330,
2644,564752,38532274363,3148318,2606344,1235,
2700,564942,38532275494,3147848,2605304,1368,
2627,565364,38532272499,3149050,2606780,1336,
2565,565097,38532275311,3146993,2606420,1270,
2569,564924,38532274968,3148723,2605189,1283,
2546,565072,38532273105,3148860,2606728,1345,
2619,565664,38532273693,3149476,2604925,1279,
2603,566059,38532271882,3149954,2605819,1339,
2587,565627,38532271387,3149169,2607650,1236,
2591,565059,38532273259,3149341,2606101,1305,
2648,565035,38532272421,3149909,2606356,1287,
2567,565365,38532273817,3148119,2606481,1307,
2680,565189,38532273538,3149086,2605893,1270,
2585,565608,38532272710,3148067,2607485,1201,
2660,565061,38532272807,3148640,2607219,1269,
2659,565873,38532270895,3151244,2605723,1262,
2644,564909,38532274427,3148711,2605687,1278,
2599,565415,38532271791,3152041,2604514,1296,
2571,564885,38532273234,3149381,2606279,1306,
2613,565196,38532270463,3150801,2607317,1266,
2674,564419,38532272553,3150984,2605683,1343,
2519,566143,38532270693,3149709,2607276,1316,
2553,565299,38532272357,3149751,2606394,1302,
2608,566158,38532270557,3150258,2606869,1206,
2575,564779,38532272278,3150573,2606165,1286,
2604,565946,38532271314,3150747,2605818,1227,
2573,565278,38532271564,3150709,2606232,1300,
2574,566068,38532271512,3150648,2605539,1315,
2551,564994,38532270867,3151451,2606482,1311,
2595,565027,38532270679,3152884,2605156,1315,
2597,565156,38532271973,3148773,2607838,1319,
2637,564412,38532271678,3153591,2604091,1247,
2538,565627,38532271947,3150627,2605636,1281,
2608,565158,38532271960,3150663,2606009,1258,
2527,565091,38532271897,3150741,2606101,1299,
2527,565360,38532270996,3151539,2605917,1317,
2496,566416,38532268962,3151437,2607064,1281,
2578,565462,38532270380,3153023,2604922,1291,
2606,565896,38532270243,3150873,2606732,1306,
2585,565266,38532270978,3152453,2605134,1240,
2668,565544,38532269481,3152191,2606466,1306,
2571,566030,38532272163,3149848,2605757,1287,
2547,567086,38532269279,3150796,2606631,1317,
2546,566167,38532268986,3152441,2606281,1235,
2477,566420,38532270215,3150836,2606420,1288,
2602,565230,38532270499,3152524,2605616,1185,
2527,565342,38532269877,3152655,2605935,1320,
2647,565693,38532269019,3151046,2607999,1252,
2462,565002,38532271415,3152265,2605213,1299,
2561,565626,38532269503,3154249,2604357,1360,
2627,566755,38532268448,3152968,2605541,1317,
2558,566370,38532269897,3152413,2605088,1330,
2584,565373,38532269168,3152471,2606781,1279,
2589,565548,38532269148,3152307,2606751,1313,
2585,565082,38532269855,3151986,2606864,1284,
2530,565641,38532269693,3152057,2606464,1271,
2478,565880,38532269695,3152559,2605796,1248,
2496,565357,38532269719,3151465,2607337,1282,
2554,566156,38532268981,3152492,2606207,1266,
2537,564941,38532269066,3153588,2606247,1277,
2476,566016,38532269317,3151423,2607148,1276,
2565,565360,38532269405,3154077,2605009,1240,
2448,565275,38532268407,3153718,2606539,1269,
2499,565491,38532268656,3154184,2605572,1254,
2501,564846,38532270201,3151966,2606934,1208,
2527,565326,38532269324,3151572,2607659,1248,
2483,566164,38532266946,3155140,2605641,1282,
2570,565955,38532266835,3154262,2606778,1256,
2518,564636,38532267756,3156726,2604776,1244,
2540,566298,38532269066,3151470,2607013,1269,
2574,565176,38532268584,3152444,2607599,1279,
2465,565485,38532269550,3153671,2605242,1243,
2606,564818,38532269361,3153550,2606041,1280,
2639,565702,38532267646,3152926,2607472,1271,
2523,567057,38532265856,3154003,2606995,1222,
2449,566252,38532266613,3154382,2606722,1238,
2534,565010,38532266621,3156308,2605918,1265,
2507,565620,38532269028,3152154,2607101,1246,
2466,565889,38532268363,3154047,2605662,1229,
2560,566114,38532267369,3152947,2607358,1308,
2594,565592,38532269636,3152687,2605879,1268,
2503,566329,38532267998,3153081,2606497,1248,
2577,565998,38532268195,3153167,2606400,1319,
2510,566715,38532266460,3153996,2606742,1233,
2556,566035,38532266911,3154648,2606260,1246,
2524,564902,38532267642,3156961,2604370,1257,
2393,565572,38532267413,3152958,2608050,1270,
2418,565599,38532268255,3153195,2606940,1249,
2509,565235,38532266365,3155824,2606393,1330,
2524,565833,38532266834,3155153,2606049,1263,
2515,565340,38532267027,3153739,2607764,1271,
2579,565642,38532266123,3155756,2606277,1279,
2573,565647,38532265824,3156376,2605953,1283,
2563,565915,38532264699,3155462,2607726,1291,
2538,566584,38532264613,3154393,2608299,1229,
2425,565711,38532265515,3158226,2604505,1274,
2493,565099,38532266947,3155354,2606534,1229,
2549,565075,38532265972,3155635,2607097,1328,
2532,565096,38532268232,3154339,2606259,1198,
2487,565876,38532266766,3154494,2606833,1200,
2552,565022,38532265239,3159148,2604424,1271,
2560,565898,38532263600,3158867,2605525,1206,
2578,565695,38532266250,3155288,2606576,1269,
2537,566231,38532265522,3156260,2605848,1258,
2442,565958,38532265108,3156610,2606244,1294,
2498,565242,38532265965,3157968,2604680,1303,
2574,566327,38532264110,3156860,2606562,1223,
2624,565873,38532265297,3156581,2606051,1230,
2546,564954,38532266733,3153562,2608597,1264,
2585,566170,38532264141,3155556,2607990,1214,
2440,566059,38532264119,3156833,2606933,1272,
2477,565457,38532265002,3155452,2608038,1230,
2410,565990,38532265157,3155039,2607817,1243,
2490,565511,38532265638,3156331,2606418,1268,
2460,565584,38532265779,3155655,2606877,1301,
2462,565808,38532266422,3154852,2606804,1308,
2579,564907,38532267097,3156018,2605766,1289,
2462,565564,38532266166,3154859,2607384,1221,
2477,566213,38532264629,3155904,2607180,1253,
2510,564188,38532267695,3155449,2606604,1210,
2636,565826,38532265969,3155921,2606087,1217,
2540,565607,38532263555,3158908,2605782,1264,
2590,565870,38532266522,3156069,2605345,1260,
2491,566420,38532263210,3155488,2608817,1230,
2464,566109,38532264046,3156395,2607380,1262,
2554,566943,38532264275,3153200,2609470,1214,
2493,565591,38532264520,3156794,2606977,1281,
2395,565693,38532263679,3157934,2606620,1335,
2493,565399,38532263535,3157514,2607446,1269,
2612,565226,38532263581,3157581,2607402,1254,
2516,566079,38532264056,3158390,2605379,1236,
2539,565460,38532264747,3156264,2607426,1220,
2458,565671,38532265004,3157094,2606166,1263,
2479,566797,38532262771,3157497,2606915,1197,
2451,565978,38532264350,3158177,2605490,1210,
2539,565357,38532265847,3156695,2606040,1178,
2491,566378,38532262987,3157927,2606580,1293,
2523,565266,38532263502,3157505,2607589,1271,
2498,565195,38532265535,3155786,2607364,1278,
2467,565932,38532265671,3156629,2605724,1233,
2438,565208,38532263116,3160639,2604993,1262,
2421,565956,38532264807,3157999,2605219,1254,
2521,564666,38532266531,3156868,2605855,1215,
2512,566201,38532067875,3157099,2606411,1245,
2481,564695,38532068068,3157932,2606963,1204,
2579,565657,38532065869,3160817,2605156,1265,
2488,565413,38532067541,3160127,2604561,1213,
2441,565057,38532067472,3158891,2606224,1258,
2535,565843,38532065947,3158121,2607713,1184,
2490,565373,38532066972,3160574,2604688,1246,
2439,566302,38532066197,3158929,2606240,1236,
2502,566144,38532066326,3158530,2606595,1246,
2492,565828,38532066731,3159380,2605656,1256,
2461,566092,38532066096,3160150,2605291,1253,
2483,566350,38532067437,3158873,2604954,1246,
2451,565646,38532067237,3158840,2605895,1274,
2430,565674,38532067071,3158583,2606335,1250,
2473,565168,38532068600,3158253,2605636,1213,
2431,565616,38532066567,3158455,2607054,1220,
2470,565723,38532065930,3160660,2605266,1294,
2454,567129,38532064201,3159524,2606792,1243,
2526,566045,38532066211,3158722,2606548,1291,
2486,566009,38532067015,3158316,2606279,1238,
2416,566252,38532065269,3160849,2605327,1230,
2443,566662,38532066342,3156816,2607830,1250,
2441,565057,38532067942,3158362,2606380,1161,
2456,566336,38532064768,3160741,2605791,1251,
2512,565669,38532065318,3159626,2606966,1252,
2488,565358,38532066956,3158433,2606904,1204,
2409,564671,38532066927,3160816,2605297,1223,
2531,565488,38532066850,3160320,2604854,1300,
2351,566476,38532065438,3159736,2606105,1237,
2466,566818,38532064373,3159963,2606540,1183,
2424,567124,38532064087,3159062,2607488,1158,
2463,566154,38532064712,3160765,2606071,1178,
2434,565886,38532065747,3157695,2608349,1232,
2441,566035,38532064841,3160650,2606116,1260,
2445,566278,38532064942,3160243,2606135,1300,
2510,566079,38532064335,3161008,2606172,1239,
2356,566009,38532063552,3160778,2607377,1271,
2456,566597,38532064172,3160411,2606472,1235,
2427,565239,38532064150,3161392,2606836,1299,
2405,566155,38531869330,3160730,2605092,1318,
2419,565741,38531867787,3161783,2606061,1239,
2361,565230,38531868617,3162222,2605396,1204,
2467,565912,38531867848,3162309,2605224,1270,
2471,565135,38531869683,3160619,2605840,1282,
2453,565867,38531869072,3161632,2604757,1249,
2458,566788,38531866578,3161564,2606427,1215,
2461,565576,38531868795,3160755,2606258,1185,
2366,565625,38531867858,3162671,2605218,1292,
2413,565226,38531869123,3160762,2606262,1244,
2408,565594,38531867616,3162637,2605527,1248,
2467,566946,38531865636,3162607,2606177,1197,
2530,565417,38531867814,3162487,2605542,1240,
2503,565122,38531868301,3160463,2607379,1262,
2384,566447,38531867441,3161728,2605763,1267,
2455,565287,38531868200,3161519,2606304,1265,
2430,566248,38531866932,3162676,2605537,1207,
2416,566184,38531867131,3161963,2606113,1223,
2553,566067,38531868375,3160505,2606325,1205,
2475,565973,38531867667,3161045,2606656,1214,
2408,565150,38531870436,3161229,2604560,1247,
2425,566224,38531867380,3161304,2606409,1288,
2396,567565,38531865315,3160790,2607710,1254,
2459,565933,38531865049,3163560,2606826,1203,
2462,565677,38531866224,3164067,2605336,1264,
2475,565639,38531867272,3161850,2606553,1241,
2454,565513,38531867823,3163570,2604414,1256,
2486,566439,38531866967,3160919,2607030,1189,
2374,565266,38531867691,3162800,2605711,1188,
2350,566957,38531865619,3160173,2608699,1232,
2353,566330,38531867119,3163362,2604583,1283,
2472,565734,38531867511,3160507,2607559,1247,
2378,566664,38531866477,3161537,2606748,1226,
2429,566235,38531867959,3163035,2604161,1211,
2461,565763,38531869149,3161742,2604640,1275,
2435,566302,38531866288,3161447,2607347,1211,
2498,565433,38531865985,3164270,2605607,1237,
2371,565200,38531866073,3164743,2605470,1173,
2472,565840,38531866183,3163788,2605529,1218,
2350,565779,38531867577,3161630,2606503,1191,
2478,566697,38531865156,3161561,2607966,1172,
2320,566528,38531865938,3163460,2605619,1165,
2410,566495,38531865760,3164829,2604336,1200,
2443,566029,38531865445,3162308,2607597,1208,
2456,566163,38531670035,3162849,2605993,1221,
2458,566212,38531668635,3162045,2608174,1193,
2394,564955,38531669883,3164497,2605760,1228,
2397,566508,38531671671,3159427,2607483,1231,
2447,565926,38531669663,3162770,2606743,1168,
2433,565681,38531668071,3164194,2607116,1222,
2332,566386,38531669231,3163661,2605872,1235,
2419,565993,38531669667,3162909,2606481,1248,
2411,565876,38531667695,3164793,2606744,1198,
2437,565481,38531670561,3162840,2606127,1271,
2312,566960,38531668074,3161984,2608167,1220,
2419,565695,38531670029,3162417,2606991,1166,
2426,566367,38531669549,3162930,2606196,1249,
2411,566181,38531668084,3164430,2606417,1194,
2313,565653,38531670464,3161802,2607265,1220,
2398,565578,38531670265,3162002,2607246,1228,
2403,565572,38531667510,3165232,2606798,1202,
2399,566980,38531668611,3162557,2606935,1235,
2470,565697,38531669193,3163987,2606155,1215,
2468,565616,38531668594,3164940,2605891,1208,
2406,565872,38531669265,3163393,2606525,1256,
2382,566582,38531665969,3166136,2606411,1237,
2444,566206,38531668180,3164423,2606220,1242,
2523,566637,38531666760,3166486,2605149,1162,
2387,566069,38531668511,3162429,2608184,1137,
2327,566445,38531668617,3164245,2605913,1170,
2452,566352,38531667275,3165266,2606125,1247,
2433,566464,38531667321,3165661,2605608,1230,
2427,565958,38531667226,3164540,2607415,1151,
2396,566007,38531667071,3164831,2607195,1217,
2312,566216,38531667014,3166005,2606007,1163,
2418,566901,38531665821,3163816,2608521,1240,
2410,567045,38531666216,3164364,2607440,1242,
2309,566350,38531668517,3165030,2605290,1221,
2378,565941,38531667663,3163270,2608236,1229,
2406,565829,38531666114,3165912,2607239,1217,
2400,566951,38531665887,3165251,2606926,1302,
2399,566608,38531665700,3167550,2605244,1216,
2417,567087,38531668079,3163292,2606599,1243,
2423,565914,38531666791,3166106,2606255,1228,
2389,565434,38531668115,3164254,2607294,1231,
2366,566174,38531667733,3164834,2606385,1225,
2474,566165,38531667276,3163796,2607786,1220,
2373,565733,38531666988,3165972,2606391,1260,
2430,566622,38531665967,3164597,2607815,1286,
2300,566106,38531666651,3164290,2608164,1206,
2423,566282,38531665958,3165104,2607798,1152,
2345,566480,38531667735,3164079,2606856,1222,
2366,565914,38531665489,3167813,2605883,1252,
2504,565650,38531666931,3165400,2607071,1161,
2436,566776,38531666552,3165977,2605747,1229,
2278,566134,38531665961,3166866,2606265,1213,
2334,565145,38531669427,3163566,2607002,1243,
2396,566635,38531665056,3167855,2605558,1217,
2355,566358,38531666285,3167284,2605172,1263,
2386,566184,38531666824,3165209,2606870,1244,
2413,566698,38531666519,3165445,2606446,1196,
2366,565523,38531667429,3165800,2606375,1224,
2356,565994,38531667041,3165597,2606510,1219,
2404,566194,38531665383,3166573,2606978,1185,
2391,566456,38531664807,3165088,2608795,1180,
2359,565823,38531666701,3166023,2606584,1227,
2411,566626,38531665323,3165557,2607586,1214,
2436,565422,38531667614,3165458,2606547,1240,
2318,567003,38531666452,3164726,2607000,1218,
2360,566507,38531666085,3165021,2607536,1208,
2387,566392,38531665576,3167948,2605171,1243,
2440,565815,38531667828,3165509,2605927,1198,
2439,565747,38531665633,3165480,2608228,1190,
2391,566102,38531666089,3166336,2606588,1211,
2377,566621,38531664760,3167887,2605897,1175,
2335,565497,38531667507,3167127,2605021,1230,
2348,566463,38531665483,3165600,2607577,1246,
2343,567278,38531665652,3166303,2605954,1187,
2439,565660,38531665582,3167010,2606834,1192,
2366,566407,38531665899,3164512,2608353,1180,
2439,566461,38531664934,3166632,2607080,1171,
2345,566627,38531663057,3166675,2608792,1221,
2291,566516,38531665228,3166207,2607254,1221,
2417,567089,38531663029,3168477,2606478,1227,
2266,566419,38531665591,3165639,2607583,1219,
2417,566657,38531663079,3169683,2605636,1245,
2353,567214,38531663578,3167154,2607206,1212,
2318,566683,38531664926,3167622,2605931,1237,
2393,566552,38531665021,3166398,2607108,1245,
2321,566070,38531666451,3165691,2606942,1242,
2357,566489,38531665300,3168495,2604823,1253,
2360,567048,38531664516,3165604,2607966,1223,
2271,567149,38531663441,3168618,2606030,1208,
2313,566027,38531664111,3169786,2605271,1209,
2317,566971,38531663782,3166963,2607451,1233,
2424,567073,38531663803,3167208,2606960,1249,
2396,566734,38531663827,3166819,2607757,1184,
2286,566584,38531664117,3167852,2606689,1189,
2386,566553,38531664683,3166945,2606987,1163,
2361,565996,38531665653,3167554,2605943,1210,
2315,566513,38531665153,3168821,2604679,1236,
2315,565715,38531665022,3169207,2605227,1231,
2295,565771,38531665573,3166261,2607589,1228,
2375,566690,38531665229,3167874,2605329,1220,
2298,566655,38531664374,3169359,2604831,1200,
2291,566898,38531663864,3167372,2607111,1181,
2393,566399,38531663925,3167889,2606889,1222,
2375,567809,38531662257,3167628,2607435,1213,
2397,565902,38531663325,3169748,2606152,1193,
2464,566400,38531663238,3168056,2607366,1193,
2377,566388,38531663746,3168919,2606074,1213,
2407,566743,38531662141,3168948,2607248,1230,
2376,566244,38531663548,3168521,2606775,1253,
2278,567543,38531661944,3168433,2607301,1218,
2285,566856,38531662858,3167896,2607567,1255,
2320,566825,38531663514,3168157,2606687,1214,
2274,566407,38531662526,3169193,2607048,1269,
2321,566828,38531662991,3166649,2608694,1234,
2354,567304,38531662422,3168476,2606995,1166,
2349,565602,38531661375,3171605,2606541,1245,
2360,566869,38531662832,3169027,2606365,1264,
2473,566926,38531661447,3169789,2606840,1242,
2319,567249,38531661788,3168211,2607942,1208,
2367,566062,38531663552,3169079,2606421,1236,
2380,567566,38531661457,3170759,2605409,1146,
2363,565521,38531663495,3169227,2606887,1224,
2387,566949,38531662102,3170166,2605902,1211,
2404,566988,38531662497,3167775,2607889,1164,
2470,565853,38531663647,3169027,2606518,1202,
2428,566705,38531660802,3170756,2606814,1212,
2364,566465,38531663021,3169022,2606655,1190,
2367,566899,38531660133,3171254,2606919,1145,
2269,567327,38531660205,3169924,2607808,1184,
2381,566094,38531661477,3170996,2606543,1226,
2341,567010,38531660709,3170869,2606598,1190,
2262,567624,38531661409,3168485,2607732,1205,
2427,566051,38531663883,3168052,2607110,1194,
2294,566602,38531662864,3170407,2605331,1219,
2421,566537,38531661943,3168906,2607712,1198,
2278,566516,38531662280,3170373,2606095,1175,
2296,566200,38531663398,3168294,2607241,1288,
2347,566836,38531663422,3167323,2607574,1215,
2391,566518,38531661062,3170131,2607400,1215,
2342,565486,38531662952,3170714,2606014,1209,
2336,566583,38531662320,3168025,2608272,1181,
2391,566158,38531663232,3168974,2606774,1188,
2335,566911,38531662562,3169675,2605950,1284,
2304,565838,38531661655,3171761,2605940,1219,
2319,566172,38531659969,3171255,2607757,1245,
2425,566172,38531660913,3171652,2606321,1234,
2437,565535,38531662399,3168855,2608263,1228,
2365,566558,38531660647,3173003,2604939,1205,
2260,566428,38531662060,3169577,2607161,1231,
2334,565987,38531661901,3171710,2605540,1245,
2290,566948,38531661295,3170124,2606902,1158,
2376,566425,38531660311,3170265,2608146,1194,
2331,566846,38531662001,3168626,2607689,1224,
2378,566758,38531661797,3168484,2608091,1209,
2396,566575,38531660753,3170778,2607014,1201,
2266,566608,38531661544,3169668,2607493,1138,
2394,566831,38531661391,3170573,2606421,1107,
2245,566427,38531661728,3170059,2607079,1179,
2385,567775,38531660292,3170416,2606660,1189,
2323,565658,38531662751,3170639,2606182,1164,
2371,565509,38531663012,3169149,2607481,1195,
2333,566150,38531662882,3171361,2604781,1210,
2315,566666,38531661753,3169420,2607341,1222,
2303,566492,38531661276,3171998,2605418,1230,
2316,565782,38531660534,3171182,2607737,1166,
2290,566273,38531660711,3170312,2607893,1238,
2253,567065,38531660536,3171465,2606275,1123,
2315,566904,38531660332,3169253,2608728,1185,
2302,565976,38531660753,3170252,2608174,1260,
2289,566694,38531660500,3171972,2606040,1222,
2337,566319,38531660593,3169287,2609006,1175,
2335,565831,38531662200,3171657,2605508,1186,
2319,567857,38531657975,3170863,2608552,1151,
2296,567143,38531659393,3171684,2607048,1153,
2280,565910,38531662510,3169034,2607831,1152,
2333,566422,38531658912,3172658,2607236,1156,
2305,566251,38531661137,3170372,2607474,1178,
2305,566583,38531659913,3170537,2608240,1139,
2359,566825,38531660023,3170183,2608169,1158,
2327,566624,38531660480,3171254,2606934,1098,
2318,566842,38531661182,3170280,2606886,1209,
2331,566207,38531661047,3169991,2607910,1231,
2274,566510,38531660754,3171312,2606657,1210,
2396,566696,38531659296,3171138,2608005,1186,
2284,567479,38531658414,3170754,2608573,1213,
2352,566877,38531659077,3171117,2608104,1190,
2315,566577,38531659293,3170963,2608363,1206,
2341,567323,38531659627,3170405,2607765,1256,
2268,567017,38531659525,3171803,2606897,1207,
2291,566811,38531658740,3173820,2605857,1198,
2368,566954,38531659391,3172350,2606395,1259,
2342,567133,38531659332,3172407,2606328,1175,
2332,566381,38531660082,3170438,2608284,1200,
2307,566432,38531659453,3171615,2607762,1148,
2343,567020,38531659281,3172066,2606828,1179,
2243,566679,38531660554,3172532,2605530,1179,
2323,566158,38531658306,3171251,2609522,1157,
2358,567631,38531659114,3172453,2605999,1162,
2301,566302,38531660510,3173221,2605175,1208,
2344,567888,38531657216,3171759,2608389,1121,
2332,567103,38531657809,3173920,2606320,1233,
2270,566142,38531660461,3173905,2604739,1200,
2367,567540,38531657537,3172810,2607251,1212,
2384,566147,38531658637,3172750,2607566,1233,
2241,567336,38531659082,3170703,2608127,1228,
2312,567152,38531657005,3173003,2608075,1170,
2315,566335,38531658619,3173123,2607099,1226,
2304,566854,38531658321,3172918,2607180,1140,
2239,566988,38531659415,3172916,2605975,1184,
2352,567191,38531656849,3173197,2607933,1195,
2315,565948,38531658665,3173427,2607213,1149,
2333,566149,38531659157,3173999,2605974,1105,
2297,566303,38531659567,3173239,2606139,1172,
2348,566677,38531658307,3171022,2609147,1216,
2286,566858,38531656805,3174925,2606656,1187,
2301,566782,38531657823,3173844,2606748,1219,
2269,567485,38531657664,3172301,2607846,1152,
2345,567755,38531656599,3171476,2609342,1200,
2206,567112,38531656304,3175139,2606706,1250,
2299,566817,38531658846,3170686,2608882,1187,
2229,567497,38531658612,3171449,2607716,1214,
2299,566199,38531659931,3171879,2607180,1229,
2247,566956,38531657133,3173558,2607600,1223,
2298,567363,38531657175,3174413,2606270,1198,
2246,567508,38531657079,3173552,2607201,1131,
2274,567336,38531654862,3174943,2608104,1198,
2304,565804,38531658156,3175564,2605703,1186,
2260,566987,38531658053,3172352,2607875,1190,
2343,566423,38531656851,3174498,2607412,1190,
2227,566946,38531658802,3172738,2606821,1183,
2293,567003,38531655661,3173795,2608828,1137,
2281,566828,38531658047,3174499,2605876,1186,
2394,566976,38531658046,3174391,2605700,1210,
2276,567353,38531654985,3173035,2609900,1168,
2373,567020,38531657460,3174670,2605986,1208,
2329,566694,38531656885,3173343,2608327,1139,
2211,566529,38531658492,3174130,2606207,1148,
2286,567526,38531656493,3172938,2608287,1187,
2258,567226,38531657208,3173263,2607565,1197,
2287,566544,38531658980,3172706,2607060,1140,
2309,566658,38531657581,3172687,2608330,1152,
2274,566025,38531659165,3173139,2606960,1154,
2280,566794,38531656169,3176577,2605700,1197,
2289,566526,38531656386,3173114,2609202,1200,
2268,568296,38531656450,3174819,2605678,1206,
2263,566860,38531656363,3175038,2607043,1150,
2199,568000,38531656733,3172693,2607890,1199,
2243,567295,38531655301,3174610,2608031,1237,
2216,566555,38531656945,3175831,2606028,1142,
2343,567148,38531655449,3174736,2607913,1128,
2293,567400,38531655537,3176198,2606120,1169,
