12357,52331,621344865,349405,369126,222,
9751,77326,621121022,466481,453658,68,
6671,90743,621033887,510794,486176,35,
4700,92978,621015637,543229,471743,18,
4028,93303,621004655,554861,471443,16,
3674,94437,620997526,558834,473823,12,
3453,94734,620992793,562583,474732,11,
3375,95062,620989599,564282,475982,6,
3232,95554,620986096,567234,476182,8,
3224,95782,620983732,567632,477927,9,
3059,96117,620982009,568942,478176,3,
3081,96152,620980411,569248,479405,9,
2943,96463,620978924,569980,479992,4,
2960,96821,620976536,570887,481095,7,
2946,96553,620976313,571637,480850,7,
2889,96718,620975811,571553,481329,6,
2945,96417,620975457,573137,480342,8,
2856,96103,620975593,573554,480197,3,
2819,96573,620974684,574237,479990,3,
2912,96584,620975739,574388,478680,3,
2860,96754,620975368,574649,478672,3,
2774,96692,620975031,574636,479168,5,
2789,96481,620974175,575706,479154,1,
2809,97197,620972732,575195,480371,2,
2760,96702,620972673,575709,480460,2,
2702,96805,620970839,576390,481568,2,
2635,96773,620971348,575618,481930,2,
2726,97221,620969785,576646,481926,2,
2688,96928,620969836,576334,482519,1,
2671,96966,620970409,576502,481753,5,
2633,96722,620969844,577884,481220,3,
2604,97272,620969974,577710,480744,2,
2679,96745,620970037,578020,480676,0,
2547,97428,620970148,577861,480322,0,
2638,97165,620969453,579842,479206,2,
2599,97172,620969937,578230,480368,0,
2604,97108,620969622,579876,479094,2,
2573,97129,620969392,579548,479661,3,
2580,97061,620968247,579689,480727,2,
2541,97407,620968344,579174,480839,1,
2620,97403,620967815,578846,481620,2,
2577,97130,620967924,579415,481259,1,
2548,96889,620967313,580167,481387,2,
2575,97061,620967806,579996,480868,0,
2500,97158,620967370,579664,481614,0,
2547,96881,620967473,580490,480913,2,
2511,97238,620967070,581153,480331,3,
2405,97212,620967634,581175,479878,2,
2527,97407,620967661,580498,480213,0,
2478,97171,620967865,581250,479542,0,
2470,96905,620967672,582261,478997,1,
2465,97371,620966991,581724,479755,0,
2450,97447,620966795,581249,480362,3,
2508,97255,620966388,581164,480991,0,
2399,97294,620965912,582355,480345,1,
2454,97275,620966409,581116,481050,2,
2459,97328,620966493,580692,481334,0,
2478,97620,620965719,581509,480978,2,
2500,97458,620965801,581591,480955,1,
2322,97590,620965805,582118,480469,2,
2400,97639,620965096,582521,480649,1,
2462,97544,620966054,582406,479839,1,
2416,97584,620966254,581947,480104,1,
2441,97406,620965501,582836,480121,1,
2408,97323,620966375,582013,480185,2,
2452,97430,620965519,581746,481158,1,
2409,97781,620964736,583252,480127,1,
2395,97040,620966083,582272,480515,1,
2408,97531,620965417,582132,480817,1,
2326,97234,620965277,582456,481011,2,
2413,97272,620964864,582511,481245,1,
2375,96993,620965594,583546,479798,0,
2407,97410,620964416,582859,481214,0,
2368,97250,620964615,583592,480479,2,
2314,97391,620964826,583085,480690,0,
2389,97396,620964629,583449,480443,0,
2450,97361,620964498,583886,480111,0,
2400,97328,620964819,582941,480816,2,
2303,97663,620964022,584252,480066,0,
2376,97373,620964487,584058,480012,0,
2321,97705,620963998,583795,480485,2,
2367,97759,620963519,584189,480472,0,
2374,97582,620963862,584152,480336,0,
2283,97554,620964470,583841,480157,1,
2312,97813,620964017,583021,481142,1,
2285,97661,620963703,583517,481139,1,
2279,97211,620963797,583878,481141,0,
2260,97338,620964151,584168,480386,3,
2289,97690,620963762,584067,480497,1,
2327,97819,620964320,582983,480857,0,
2295,97885,620963877,583996,480252,1,
2256,97446,620963883,584026,480695,0,
2214,97601,620964195,584299,479997,0,
2324,97786,620963447,584620,480127,2,
2269,97939,620963194,585048,479856,0,
2257,97084,620963857,584513,480595,0,
2307,97418,620963942,584474,480165,0,
2158,97591,620964111,584222,480222,2,
2313,97333,620963202,585414,480044,0,
2270,97698,620963503,583660,481174,1,
2278,97863,620962983,584096,481085,1,
2303,97883,620963019,584624,480477,0,
2252,97883,620962690,584985,480496,0,
2205,97828,620963686,583832,480755,0,
2277,97680,620962484,585934,479930,1,
2280,97941,620963126,584760,480198,1,
2238,97568,620963018,585089,480392,1,
2319,97826,620963029,584604,480528,0,
2291,98047,620962292,585328,480348,0,
2265,97810,620962117,585754,480359,1,
2218,97627,620962688,585515,480258,0,
2188,97853,620962049,585787,480429,0,
2234,97701,620962130,585696,480545,0,
2332,97945,620961917,586583,479529,0,
2299,97615,620962365,586305,479721,1,
2273,97606,620962531,585580,480316,0,
2265,97712,620962280,585864,480185,0,
2215,97790,620962117,586274,479908,2,
2190,97785,620962075,586201,480055,0,
2282,97627,620962630,585192,480575,0,
2169,97560,620962355,586430,479792,0,
2253,97581,620962532,585982,479958,0,
2247,98032,620961713,585707,480606,1,
2278,97653,620961377,586611,480386,1,
2250,97676,620962194,586540,479646,0,
2160,98230,620961477,586424,480015,0,
2185,98197,620962104,585423,480397,0,
2181,97962,620962134,585691,480338,0,
2287,97855,620961745,585304,481115,0,
2211,97851,620961901,586067,480275,1,
2160,98066,620962300,585783,479997,0,
2231,97943,620962114,585973,480045,0,
2197,97615,620962418,586063,480011,2,
2184,97517,620961892,586554,480157,2,
2094,98300,620961421,585912,480579,0,
2149,97942,620961563,586908,479744,0,
2250,97739,620962563,585584,480170,0,
2281,97446,620961664,586546,480369,0,
2186,97699,620961987,586088,480346,0,
2158,97735,620962273,586139,480000,1,
2202,97627,620962074,585959,480444,0,
2200,98100,620961757,585486,480763,0,
2189,97817,620961717,586944,479639,0,
2285,97470,620961402,586630,480518,1,
2160,97411,620961321,587102,480312,0,
2146,98280,620961481,585636,480763,0,
2211,97540,620961678,586538,480339,0,
2089,97959,620961024,587076,480158,0,
2043,97195,620962023,587165,479879,1,
2263,97733,620960326,588036,479948,0,
2246,97842,620961594,586516,480106,2,
2172,97723,620961638,587033,479739,1,
2144,97920,620960883,587005,480354,0,
2135,97878,620960919,587046,480328,0,
2208,97945,620960360,587742,480051,0,
2083,97619,620961902,587010,479691,1,
2211,97926,620960824,587762,479582,1,
2126,98015,620961201,586374,480589,1,
2163,97754,620961787,586881,479721,0,
2243,98003,620960865,587068,480127,0,
2188,97909,620961019,586762,480428,0,
2108,97944,620960800,587767,479687,0,
2102,97637,620961091,587311,480165,0,
2103,97816,620960027,588582,479778,0,
2208,97933,620960834,587601,479729,1,
2114,98320,620960367,586960,480545,0,
2084,98273,620960496,587258,480195,0,
2155,97989,620960145,587781,480235,1,
2134,97689,620960738,587702,480042,1,
2179,98112,620960884,587362,479769,0,
2133,97732,620961828,587287,479325,1,
2117,97680,620960374,588082,480052,1,
2103,98470,620959746,587280,480707,0,
2118,97733,620960671,587917,479867,0,
2199,98126,620960761,586946,480274,0,
2065,98050,620960647,586928,480616,0,
2105,98381,620960285,586861,480673,1,
2148,97820,620960833,587178,480327,0,
2132,97885,620960515,587821,479953,0,
2077,97960,620960413,587612,480242,2,
2117,98201,620960357,587860,479771,0,
2072,97626,620960835,587109,480664,0,
2096,97864,620961111,587131,480103,1,
2136,98009,620959707,588770,479684,0,
2184,97924,620960272,587413,480513,0,
2113,98290,620960488,587653,479762,0,
2087,97956,620960460,587506,480296,1,
2094,97845,620960844,587880,479643,0,
2068,97885,620960466,587786,480100,1,
2098,98186,620959643,588731,479647,1,
2102,97790,620960379,588011,480024,0,
2098,97994,620960331,587618,480265,0,
2228,97722,620960297,588650,479408,1,
2132,98073,620960218,587966,479917,0,
2141,98134,620960308,587525,480198,0,
2170,98448,620960177,587872,479639,0,
2195,97636,620960658,588204,479613,0,
2137,98049,620959829,588456,479835,0,
2088,98003,620960483,588267,479464,1,
2088,97957,620960735,587650,479876,0,
2130,97971,620959838,588465,479902,0,
2076,97638,620960521,588538,479532,1,
2067,97996,620960720,587462,480061,0,
2069,98075,620960151,588019,479991,1,
2144,98155,620960179,587236,480591,1,
2166,97963,620960046,588841,479289,1,
2145,98198,620960119,587165,480679,0,
2041,98206,620959795,588290,479974,0,
2100,98094,620960745,588029,479338,0,
1984,98007,620960127,587769,480419,0,
2051,97877,620960269,588253,479856,0,
2035,98285,620960162,588246,479577,1,
2122,98626,620959819,587671,480068,0,
2026,98107,620959677,589073,479422,1,
2052,98204,620958983,589766,479301,0,
2020,97832,620959749,588766,479939,0,
2101,98022,620959946,588526,479711,0,
2041,97821,620959733,588591,480120,0,
2125,97877,620960035,588761,479508,0,
2070,97779,620960293,588530,479633,1,
2056,98140,620959259,588807,480042,2,
2098,98139,620959212,588800,480056,1,
1976,97959,620960113,588628,479630,0,
2068,98008,620959784,589009,479436,1,
1962,98053,620960096,588453,479742,0,
2055,98258,620959218,589114,479660,1,
2001,97849,620959915,588839,479702,0,
2129,97931,620959909,588886,479451,0,
2052,98011,620959619,589020,479604,0,
2092,97968,620959936,589327,478983,0,
2094,97933,620959109,589242,479928,0,
2053,97865,620959931,589220,479237,0,
2076,98201,620959461,588739,479829,0,
2090,97976,620959714,588672,479853,1,
2035,98359,620959771,588087,480054,0,
2086,98062,620959376,588991,479791,0,
2036,98203,620959198,589847,479022,0,
2035,98335,620959234,589368,479334,0,
1987,98024,620959770,589271,479253,1,
2076,97819,620959162,589028,480221,0,
2083,97961,620959747,588955,479558,2,
2010,97667,620960108,589880,478641,0,
2018,97836,620959218,589929,479305,0,
2036,98045,620959781,589072,479372,0,
2023,98224,620959528,589533,478997,1,
1978,97950,620959942,588388,480048,0,
1952,97800,620958944,590067,479543,0,
2021,97966,620959646,589138,479535,0,
2015,97969,620959466,589719,479137,0,
2065,98028,620959097,589578,479538,0,
2035,98238,620959030,589552,479451,0,
2093,97775,620958926,589779,479732,1,
2035,97994,620959178,589917,479182,0,
2072,98291,620959264,588690,479988,1,
2027,97918,620959849,589532,478980,0,
1939,98141,620959363,590247,478615,1,
2052,97936,620959168,590178,478972,0,
2019,98536,620958850,590188,478712,1,
1999,98130,620959584,588364,480229,0,
1978,98182,620958938,590099,479109,0,
2063,97864,620958964,590578,478837,0,
2083,97718,620959593,589908,479004,0,
1992,98255,620958857,589792,479409,1,
2041,98249,620958549,590509,478958,0,
1992,97991,620959040,589880,479403,0,
2040,97957,620958942,590368,478998,1,
1954,98412,620958965,589800,479175,0,
2046,98123,620959075,589970,479092,0,
2047,97934,620959000,589504,479821,0,
1913,98288,620958331,590530,479244,0,
2039,98067,620959018,590530,478650,2,
1981,97921,620959088,589111,480204,1,
2051,97752,620959295,590138,479070,0,
1950,97796,620959521,589232,479807,0,
1993,97646,620959623,589231,479813,0,
1996,97816,620958991,590604,478899,0,
2049,98088,620958515,589991,479663,0,
1972,98217,620958649,590327,479141,0,
2001,98284,620959353,588986,479681,1,
2008,97959,620958985,590003,479351,0,
2033,97944,620958711,590026,479592,0,
1954,97678,620959148,590579,478946,1,
2071,97533,620959261,590349,479092,0,
2018,98276,620958659,590147,479206,0,
1944,98527,620958340,589838,479656,1,
2000,98123,620958499,590043,479640,1,
1952,98144,620959057,590042,479111,0,
1978,98059,620958906,589915,479446,2,
1951,98233,620957843,590696,479583,0,
2018,98141,620958469,590473,479205,0,
2063,98030,620958644,590024,479545,0,
2018,98065,620958688,589846,479688,1,
1900,98418,620958716,589644,479628,0,
1948,98263,620958333,589897,479865,0,
1966,98259,620958458,590137,479485,1,
1931,97822,620959471,589234,479848,0,
1920,98169,620958957,589788,479472,0,
1916,98179,620958308,589908,479994,1,
2002,97852,620958676,591144,478632,0,
1989,97991,620958325,590655,479346,0,
2018,98163,620958139,591166,478820,0,
1968,98337,620958855,589756,479390,0,
1978,98058,620958399,590968,478903,0,
2032,97896,620958945,589969,479464,0,
1987,98234,620958450,589826,479807,2,
1972,98047,620958346,590973,478967,1,
1902,98058,620958492,590482,479372,0,
1963,98089,620958512,589832,479910,0,
2029,98407,620958197,590436,479237,0,
1963,98056,620958314,590573,479400,0,
2055,98083,620958195,589382,480590,1,
2015,98345,620958350,590194,479402,0,
1917,98241,620957924,590480,479744,0,
1951,98087,620958289,590686,479292,1,
2008,98360,620958230,590420,479288,0,
1946,98125,620958362,590557,479316,0,
1914,97942,620958534,590993,478923,0,
1949,98772,620958243,589701,479641,0,
1943,98056,620958656,589678,479972,1,
1953,98161,620957742,590468,479980,2,
1944,98183,620958408,590585,479186,0,
1956,98039,620958980,590464,478867,0,
1983,97983,620958161,591167,479012,0,
1969,98381,620957793,590079,480084,0,
1947,97946,620958584,590494,479335,0,
2014,97820,620958644,590592,479236,0,
1912,98042,620958660,590425,479263,4,
1994,97916,620959070,590424,478902,0,
1960,98154,620958395,590808,478989,0,
1997,98259,620958067,590023,479960,0,
1885,97887,620958845,591096,478593,0,
1855,97927,620958979,590068,479477,0,
1965,98170,620958303,590612,479256,0,
1998,98230,620958344,590611,479122,1,
1908,97922,620957853,591902,478721,0,
1993,98379,620957689,590426,479818,1,
1929,98043,620958177,591111,479045,1,
1975,97860,620958472,590901,479098,0,
2058,97876,620958306,591160,478906,0,
1939,98323,620957990,590637,479417,0,
1993,98237,620958117,590622,479337,0,
1933,97814,620958706,590868,478985,0,
1939,98016,620958271,591378,478702,0,
1925,98339,620958171,590343,479528,0,
1910,97857,620958605,590036,479898,0,
1967,97940,620958228,591547,478624,0,
1967,98094,620957575,590788,479882,0,
2038,97960,620957747,591665,478895,1,
1981,98196,620958420,589496,480212,1,
1972,97738,620958090,591952,478552,2,
1931,98236,620957925,590874,479340,0,
1926,97913,620957848,591634,478985,0,
1924,98145,620958242,591237,478757,1,
1865,98119,620958730,589997,479595,0,
1972,97895,620958144,591512,478783,0,
1929,98432,620958319,590123,479503,0,
1966,97764,620958064,591232,479280,0,
1984,98340,620957845,590491,479646,0,
2003,98433,620957615,591453,478802,0,
2010,97817,620958373,591396,478710,0,
1924,98303,620957470,591522,479087,0,
1863,98196,620957440,591487,479320,0,
1833,98426,620957880,591068,479099,0,
1934,98415,620957818,590127,480011,1,
1906,97901,620958340,591298,478861,0,
1983,98090,620957747,591287,479198,1,
1882,97922,620957962,591233,479306,1,
1914,98205,620957718,591037,479430,2,
1898,98233,620957652,591730,478791,2,
1945,98179,620957771,591027,479383,1,
1922,97966,620957899,591954,478564,1,
1913,98366,620957307,592454,478266,0,
1925,98102,620958095,590930,479254,0,
1886,97973,620958130,590767,479550,0,
1931,98634,620958266,590201,479274,0,
1885,97997,620957237,591771,479416,0,
1941,98107,620957592,591204,479462,0,
1954,98097,620957750,592023,478482,0,
1856,98156,620957625,590969,479699,1,
1895,97725,620958322,591637,478727,0,
1915,97939,620958306,591376,478769,1,
1832,98539,620957600,592203,478131,1,
1945,98465,620957236,592252,478408,0,
1941,97966,620957512,591507,479379,1,
1948,98481,620956722,591594,479561,0,
1976,98359,620957463,591743,478765,0,
1888,98421,620957405,592188,478404,0,
1966,98245,620957259,591049,479786,1,
1890,98364,620957729,591735,478588,0,
1923,97894,620957304,592337,478848,0,
1958,97841,620958211,591173,479123,0,
1835,98321,620957106,592472,478571,1,
1952,98120,620957854,591179,479201,0,
1895,98220,620957238,592774,478179,0,
1869,98141,620958287,590957,479052,0,
1897,98266,620957444,592201,478497,1,
1885,98156,620957825,591600,478840,0,
1926,98119,620957453,592090,478718,0,
1889,98189,620957058,592120,479050,0,
1871,97999,620957921,591645,478870,0,
1900,98058,620957995,591413,478940,0,
1884,98457,620957547,591025,479393,0,
2033,98088,620957327,592215,478642,1,
1825,98136,620957496,592442,478407,0,
1908,98044,620957633,592354,478367,0,
1913,98486,620956786,592135,478986,0,
1832,97759,620957576,591392,479747,0,
1806,98095,620957499,592208,478697,1,
1823,98086,620957600,592301,478496,0,
1955,98003,620957404,591865,479079,0,
1852,98406,620957289,591708,479051,0,
1856,98246,620956844,592396,478964,0,
1889,97857,620957451,591523,479585,1,
1901,97947,620957691,592034,478732,1,
1925,97970,620957460,592047,478904,0,
1878,97833,620957430,592696,478469,0,
1849,98330,620956813,592215,479098,1,
1855,98593,620957946,589979,479932,1,
1891,98259,620957099,592115,478942,0,
1818,97887,620957657,591910,479033,1,
1974,97744,620958047,591485,479055,1,
1859,97800,620957341,592922,478384,0,
1942,98065,620957791,592091,478417,0,
1922,98044,620958092,591770,478478,0,
1917,97806,620957432,592854,478297,0,
1875,98093,620957917,591667,478754,0,
1883,98184,620956787,591944,479508,0,
1912,98226,620957501,591678,478988,1,
1872,98117,620957218,592495,478604,0,
1858,98495,620956810,592269,478874,0,
1874,98132,620958077,591385,478838,0,
1902,98070,620957396,591880,479058,0,
1833,98082,620957781,591982,478628,0,
1869,97907,620958107,591028,479395,0,
1890,97892,620957627,592057,478840,0,
1869,98633,620957342,591248,479214,0,
1750,98341,620957672,592203,478339,1,
1891,97948,620956903,592845,478719,0,
1863,98052,620957647,591910,478834,0,
1847,98200,620957634,591626,478999,0,
1918,98275,620956673,592453,478987,0,
1910,98174,620956865,592493,478864,0,
1890,98495,620957392,591526,479002,1,
1778,98351,620957590,592013,478574,0,
1839,98147,620957053,592770,478497,0,
1882,98246,620957536,592021,478621,0,
1904,97905,620957652,591323,479521,1,
1870,98623,620956872,591576,479365,0,
1897,98053,620957735,592106,478515,0,
1888,98183,620957219,591857,479159,0,
1862,97797,620957758,591769,479120,0,
1890,98150,620957130,592330,478806,0,
1826,98344,620956101,593306,478729,0,
1895,98091,620957625,591357,479338,0,
1892,98073,620956879,592067,479395,0,
1879,98350,620957320,592304,478452,1,
1884,98046,620957352,591839,479184,1,
1869,98137,620957318,592578,478404,0,
1908,98394,620957224,592585,478194,1,
1859,97721,620957479,592400,478845,2,
1887,98136,620957554,592100,478629,0,
1897,98202,620956795,591767,479645,0,
1825,98316,620956550,592782,478832,1,
1817,98012,620957428,592061,478987,1,
1869,97883,620957417,592228,478909,0,
1868,97997,620956727,592989,478725,0,
1875,98012,620956953,592162,479303,1,
1896,98150,620956966,592440,478854,0,
1846,98270,620956888,592504,478797,1,
1797,98324,620956733,592494,478957,1,
1851,98114,620956955,592461,478925,0,
1874,98206,620957592,591886,478748,0,
1971,98845,620956718,592255,478516,1,
1848,98485,620956917,592212,478844,0,
1825,98292,620956675,592073,479441,0,
1866,97918,620956857,593515,478150,0,
1902,98115,620957670,591438,479181,0,
1921,98344,620956306,593095,478639,1,
1855,98558,620956872,592834,478187,0,
1817,97711,620957410,592620,478748,0,
1842,98050,620956870,592711,478832,1,
1853,98144,620956675,593095,478539,0,
1894,97483,620957387,592690,478838,0,
1854,98411,620956512,591121,480407,1,
1794,98015,620956933,592581,478983,0,
1817,98639,620956386,592731,478733,0,
1799,98443,620956405,592626,479033,0,
1825,98317,620956489,592235,479440,0,
1818,98460,620956835,592716,478476,1,
1858,97618,620957084,593042,478704,0,
1855,98274,620956419,592441,479317,0,
1808,97777,620957722,592626,478373,0,
1850,97785,620957015,593001,478654,1,
1883,98188,620956934,591838,479463,0,
1865,98073,620957177,591967,479224,0,
1835,98235,620957098,591991,479147,0,
1871,98115,620957103,592247,478969,1,
1839,97973,620956758,592636,479100,0,
1814,98689,620956032,592904,478867,0,
1892,98030,620956936,592403,479045,0,
1812,98069,620957104,592842,478479,0,
1778,98090,620956891,591985,479562,0,
1852,97894,620957230,592531,478799,0,
1858,98071,620957093,592599,478684,1,
1849,98062,620956737,592483,479175,0,
1836,98097,620956469,593424,478480,0,
1837,98209,620956982,591732,479546,0,
1795,98103,620957363,591949,479096,0,
1835,98104,620957036,592625,478704,2,
1839,97811,620956319,593896,478441,0,
1830,98428,620956477,592645,478926,0,
1878,98130,620956256,592571,479471,0,
1799,97870,620956965,593337,478333,2,
1772,98113,620957545,591703,479173,0,
1876,97933,620956894,593306,478297,0,
1799,97989,620956515,592658,479345,0,
1792,98168,620956721,592989,478635,1,
1855,97841,620956643,593754,478213,0,
1875,98163,620957137,592049,479082,0,
1834,98069,620957108,592726,478569,0,
1851,97888,620957084,592041,479442,0,
1829,97883,620957326,592615,478653,0,
1784,97971,620956865,592860,478826,0,
1860,98328,620957228,591899,478991,0,
1802,98415,620955952,593177,478960,0,
1762,98095,620956587,592892,478969,1,
1761,98249,620956363,593045,478888,0,
1855,97756,620956868,593697,478129,1,
1841,98131,620956975,593205,478154,0,
1862,97853,620956966,592622,479003,0,
1831,98299,620955965,593280,478929,2,
1834,98028,620956898,593283,478263,0,
1902,98036,620956477,592645,479246,0,
1854,98129,620956472,592746,479104,1,
1876,98000,620956695,592881,478854,0,
1852,98302,620956658,591603,479891,0,
1864,97693,620957024,592882,478843,0,
1853,98194,620956400,593050,478809,0,
1828,98019,620957141,592461,478857,0,
1831,97820,620956540,592805,479310,0,
1815,98002,620956067,593778,478643,1,
1847,98355,620956021,592764,479319,0,
1878,97888,620957205,591942,479393,0,
1872,98265,620956592,593253,478324,0,
1880,97992,620956898,592673,478863,0,
1756,98285,620956633,592231,479401,0,
1853,98161,620956311,593118,478863,0,
1867,98227,620956048,593814,478350,0,
1818,97896,620957175,592549,478868,0,
1848,98256,620956391,593618,478193,0,
1758,98028,620957062,592585,478873,0,
1814,98118,620957058,591871,479445,0,
1751,98222,620956151,593059,479123,0,
1822,98291,620956247,593122,478824,0,
1805,98224,620956399,592918,478960,0,
1850,97815,620956962,593705,477974,0,
1831,98182,620956826,592418,479049,0,
1805,97804,620956929,591895,479873,0,
1748,98230,620957295,592242,478791,0,
1815,97857,620956407,593437,478789,0,
1820,98348,620956631,592562,478945,0,
1874,97689,620956564,592873,479306,0,
1822,98103,620956152,593727,478502,0,
1816,98359,620955992,592884,479255,0,
1835,98226,620957000,592891,478354,0,
1899,97851,620956280,593068,479207,1,
1869,98186,620956420,593573,478258,0,
1759,98087,620956598,592689,479173,0,
1852,97645,620956119,594397,478293,0,
1815,97811,620956674,592796,479209,1,
1822,98191,620956815,592618,478860,0,
1895,97751,620956838,593424,478398,0,
1737,98169,620956800,591989,479610,1,
1774,98138,620956147,593261,478986,0,
1850,98407,620956195,592204,479650,0,
1837,98145,620957024,592402,478897,1,
1890,97839,620956114,593828,478634,1,
1777,98206,620956772,592731,478820,0,
1751,98448,620956579,592067,479461,0,
1800,98210,620956230,593428,478638,0,
1863,98105,620956323,593115,478900,0,
1783,98385,620956064,593410,478662,2,
1900,97929,620956734,593707,478036,0,
1886,98074,620956616,592855,478875,0,
1811,98596,620956441,592869,478589,0,
1901,97957,620956675,592937,478836,0,
1795,98076,620956228,592893,479314,0,
1880,98108,620956821,592580,478916,1,
1856,97820,620956098,593777,478755,0,
1898,97988,620956572,593508,478340,0,
1760,98131,620956659,593012,478744,0,
1809,98175,620956072,593801,478449,0,
1839,97888,620956879,592922,478777,1,
1784,98127,620956579,593173,478643,0,
1813,97808,620957507,592400,478778,0,
1818,98233,620956196,593296,478763,0,
1771,98006,620955963,594000,478566,0,
1816,98134,620957233,592885,478238,0,
1735,98120,620957029,592332,479090,0,
1787,98161,620956651,593519,478188,0,
1836,98602,620956037,592463,479368,0,
1812,98333,620956643,592665,478853,0,
1787,98319,620955754,592904,479542,0,
1881,98264,620955763,593064,479334,0,
1814,98152,620956588,592964,478788,0,
1791,98168,620956423,592165,479759,0,
1772,98100,620956358,592594,479481,1,
1744,98206,620956400,592947,479002,0,
1874,98012,620956133,593511,478776,0,
1837,97941,620956512,593079,478937,0,
1832,98155,620956181,592771,479367,0,
1822,98585,620955842,593193,478864,0,
1828,98407,620956139,593229,478703,0,
1838,97871,620956117,594489,477991,0,
1873,97930,620955873,593701,478929,0,
1876,97985,620955562,594046,478837,0,
1801,98019,620956551,592884,479051,0,
1814,97969,620956643,592330,479550,0,
1839,98026,620955965,594073,478402,1,
1790,98314,620956079,593727,478396,0,
1805,98446,620956105,593094,478856,0,
1835,97754,620956508,593990,478219,0,
1821,98291,620956391,593180,478623,0,
1744,98511,620955970,593250,478831,0,
1768,98040,620955992,594182,478324,0,
1799,97976,620956272,593455,478804,0,
1817,98254,620955794,593579,478861,1,
1744,98140,620955833,593670,478919,0,
1743,98096,620956353,593110,479004,0,
1819,97483,620957033,594086,477885,0,
1769,98418,620956356,593052,478711,0,
1831,98243,620955822,592956,479454,0,
1896,97637,620956541,593612,478474,1,
1777,98497,620955716,593093,479223,0,
1732,98434,620955979,593994,478167,0,
1783,98647,620955951,593539,478386,0,
1783,98208,620955909,593997,478409,0,
1802,98323,620955797,592978,479405,1,
1806,98316,620956755,592783,478645,1,
1804,98325,620955963,593370,478844,0,
1822,98132,620955532,593861,478959,0,
1778,98575,620955896,592986,479071,0,
1863,98220,620956108,594016,478099,0,
1802,98154,620956073,593816,478461,0,
1902,98366,620955935,592780,479323,0,
1802,98255,620955884,593968,478397,0,
1792,97798,620956453,593694,478569,0,
1767,98575,620955399,593870,478694,1,
1802,98151,620955209,594520,478624,0,
1812,98233,620956265,593550,478446,0,
1817,98849,620955589,592759,479292,0,
1818,98345,620956319,593573,478251,0,
1776,98263,620956283,593795,478189,0,
1794,98714,620956239,593413,478146,0,
1837,98174,620956214,593084,478997,0,
1860,97994,620955799,593922,478731,0,
1791,97884,620956315,593822,478493,1,
1830,97931,620956114,593372,479059,0,
1715,98522,620956830,592927,478312,0,
1736,98225,620956318,593167,478860,0,
1832,98298,620956398,592648,479130,0,
1816,98079,620956107,593146,479158,0,
1762,98252,620956277,593194,478821,0,
1842,98437,620955612,593854,478561,0,
1830,98352,620956210,592666,479248,0,
1706,98820,620955419,593944,478415,2,
1781,97814,620957022,592821,478868,0,
1791,98127,620956323,593286,478778,1,
1799,98429,620955595,594207,478276,0,
1840,98196,620955840,594459,477971,0,
1784,98383,620955627,593728,478784,0,
1695,98247,620955793,593975,478596,0,
1715,98335,620956015,592911,479330,0,
1822,98310,620955200,593721,479253,0,
1780,98453,620955365,594340,478367,1,
1760,98579,620955560,593549,478858,0,
1763,98192,620956321,594142,477888,0,
1788,98477,620956291,592469,479281,0,
1777,98018,620956178,594222,478111,0,
1840,98262,620956069,592872,479263,0,
1824,98063,620956048,593682,478689,0,
1794,98188,620955686,593830,478808,0,
1828,98421,620956111,593054,478748,1,
1849,98333,620956080,593431,478613,0,
1789,98139,620956136,593318,478923,1,
1803,98310,620956350,592628,479215,0,
1764,98498,620956242,592430,479372,0,
1829,98074,620956247,593070,479086,0,
1830,98228,620956035,592987,479226,0,
1813,98200,620955848,592936,479509,0,
1850,98282,620955372,594325,478477,0,
1821,98328,620955952,592744,479460,1,
1815,98202,620956512,593625,478152,0,
1700,98506,620956465,592737,478898,0,
1821,98357,620956001,593171,478956,0,
1812,98003,620956165,593627,478699,0,
1789,97930,620955758,593383,479446,0,
1838,98489,620956254,592777,478946,2,
1756,98626,620955659,592979,479286,0,
1801,98545,620955086,594071,478802,1,
1731,98071,620956144,594107,478252,1,
1773,98204,620955969,593782,478578,0,
1737,98364,620955606,593596,479003,0,
1764,97973,620956075,593096,479398,0,
1814,98371,620955552,593450,479119,0,
1754,98063,620956395,593098,478996,0,
1791,98510,620955556,593520,478929,0,
1785,98068,620955903,593090,479459,1,
1793,98293,620956134,594056,478029,1,
1752,98170,620956285,593796,478303,0,
1783,97960,620955942,593652,478969,0,
1801,98344,620956479,593611,478070,1,
1793,98214,620956454,591969,479876,0,
1796,98196,620956003,594060,478251,0,
1814,98154,620956082,593825,478429,2,
1815,98553,620955566,593200,479172,0,
1831,98087,620955383,594109,478895,1,
1817,98517,620955609,593884,478479,0,
1713,98270,620955156,594612,478555,0,
1834,98378,620955495,593137,479462,0,
1799,98287,620955294,594060,478866,0,
1742,98308,620955391,593734,479131,0,
1754,98150,620956202,593254,478946,0,
1785,98128,620955638,593747,479008,0,
1781,98229,620955539,593927,478830,0,
1775,98039,620955671,594444,478377,0,
1714,98398,620955907,593249,479038,0,
1797,98584,620955906,592860,479159,0,
1771,98115,620955568,593316,479536,0,
1714,98435,620955910,593972,478274,1,
1799,98344,620955846,593347,478970,0,
1748,98233,620955792,593744,478789,0,
1762,98147,620955625,593955,478817,0,
1745,98252,620955904,593985,478420,0,
1727,98290,620955844,593443,479002,0,
1751,98057,620956042,594523,477933,0,
1832,98292,620956153,594128,477901,0,
1756,98141,620955687,593963,478759,0,
1734,98173,620955431,594772,478196,0,
1800,98094,620956210,593527,478675,0,
1816,98241,620955406,593461,479382,0,
1747,98032,620957041,592512,478974,0,
1762,98522,620955843,593864,478314,1,
1806,98012,620956289,593855,478344,0,
1783,98306,620955857,593033,479327,0,
1748,98576,620956258,593291,478433,0,
1769,98132,620955842,594166,478397,0,
1888,98174,620955628,594768,477848,0,
1760,98421,620955526,593387,479212,0,
1759,98381,620955567,594049,478550,0,
1660,98378,620955946,593945,478377,0,
1734,98294,620955632,594022,478624,0,
1769,98037,620955521,594863,478115,1,
1748,98341,620956035,593124,479058,0,
1750,97776,620956365,593821,478594,0,
1768,98039,620955562,594261,478675,1,
1801,98149,620956169,593792,478395,0,
1738,98064,620955955,594298,478251,0,
1807,98054,620956069,593992,478384,0,
1790,98220,620955741,594305,478249,1,
1727,98169,620955455,593661,479294,0,
1755,98376,620955522,594359,478294,0,
1725,97864,620955994,594638,478085,0,
1799,98250,620954837,594246,479174,0,
1697,98451,620955190,594507,478461,0,
1785,98361,620955963,593249,478947,1,
1747,98329,620955616,593744,478870,0,
1793,98415,620955764,593609,478725,0,
1869,97955,620955747,594256,478479,0,
1749,98179,620955236,594000,479142,0,
1700,98227,620955354,594145,478880,0,
1737,98018,620955482,594588,478480,1,
1751,98466,620954883,594573,478633,0,
1757,98459,620955453,593483,479154,0,
1828,98027,620955251,594941,478259,0,
1789,98170,620955586,593956,478805,0,
1758,98107,620955511,594854,478075,1,
1817,98032,620955434,594810,478213,0,
1869,97840,620955956,593072,479569,0,
1768,97908,620955258,595098,478274,0,
1756,98034,620955566,594042,478908,0,
1786,98023,620955223,594455,478819,0,
1742,98365,620955718,593803,478678,0,
1753,98251,620954862,594279,479160,1,
1765,98018,620955552,594756,478214,1,
1718,98321,620955115,594704,478448,0,
1677,98244,620955275,594321,478787,2,
1768,98055,620956227,593374,478882,0,
1723,98239,620955235,593847,479262,0,
1660,98224,620955525,594401,478496,0,
1794,98510,620954978,594449,478575,0,
1782,97886,620955907,593254,479476,1,
1754,98167,620955158,593836,479391,0,
1784,97753,620955439,594716,478614,0,
1788,97925,620956076,593367,479150,0,
1714,98316,620955374,593973,478928,1,
1755,97935,620956103,593792,478721,0,
1760,97938,620956595,592498,479515,0,
1740,98206,620955338,594586,478436,0,
1753,97976,620955177,594836,478564,0,
1692,98513,620955321,593684,479096,0,
1747,98226,620955019,594342,478972,0,
1707,98183,620954843,595211,478362,0,
1771,98088,620955324,594812,478311,0,
1751,97964,620955777,594112,478702,0,
1697,98122,620955674,593602,479211,0,
1745,97994,620956134,593634,478799,0,
1742,98231,620956007,594339,477987,0,
1718,98723,620954664,594038,479163,0,
1827,97696,620955452,593931,479400,0,
1830,98278,620955120,594562,478516,0,
1777,98248,620954773,594239,479268,1,
1787,98063,620955781,594757,477918,0,
1815,97937,620955362,594601,478591,0,
1773,98409,620955264,593377,479483,0,
1701,98024,620954943,594808,478830,0,
1771,97903,620955620,594628,478384,0,
1775,98147,620954916,595504,477964,0,
1762,98043,620955574,594437,478490,0,
1778,98176,620955649,593680,479022,1,
1814,97869,620955575,594172,478876,0,
1772,97974,620955788,594772,478000,0,
1815,98243,620955644,593694,478910,0,
1707,98169,620956255,593704,478471,0,
1759,97723,620955522,595130,478171,1,
1737,98138,620956048,594085,478298,0,
1792,98391,620955186,594426,478511,0,
1726,98019,620955675,594341,478545,0,
1690,98179,620956287,593012,479138,0,
1731,98220,620955825,594271,478259,0,
1789,98289,620954673,594649,478906,0,
1743,97994,620955853,594450,478266,0,
1716,98249,620955079,594308,478954,0,
1839,98541,620954763,594263,478900,0,
1784,97995,620955521,594829,478177,0,
1769,98134,620955462,594378,478563,0,
1724,98401,620954865,594020,479296,0,
1717,97841,620956370,594088,478290,0,
1772,98183,620955509,594216,478626,0,
1819,97724,620956099,594306,478358,0,
1770,98006,620955192,594526,478812,0,
1762,97854,620955169,595030,478490,1,
1654,98006,620956417,594204,478025,0,
1839,97708,620955775,593616,479367,1,
1760,98327,620954881,594213,479124,1,
1773,98091,620955559,594094,478789,0,
1693,98405,620955535,594778,477895,0,
1790,97826,620955422,594429,478838,1,
1738,97873,620955619,593762,479314,0,
1774,98283,620955267,594017,478965,0,
1772,98008,620955957,594332,478237,0,
1751,98108,620955307,594872,478267,1,
1772,98025,620955123,595407,477979,0,
1686,98290,620954877,594298,479155,0,
1711,97891,620955676,594559,478469,0,
1807,98171,620955333,594297,478698,0,
1667,97670,620956063,594712,478194,0,
1738,98352,620955500,593510,479205,1,
1791,98019,620955399,594412,478685,0,
1787,97964,620955113,594729,478713,0,
1774,98113,620954781,594838,478800,0,
1783,98105,620955397,594900,478120,1,
1747,97928,620955247,594983,478401,0,
1734,98159,620955151,594721,478541,0,
1699,98264,620955248,594698,478397,0,
1786,98420,620954712,594792,478595,1,
1763,98200,620954931,594004,479408,0,
1676,98123,620955473,594546,478486,2,
1837,98369,620955058,594136,478906,0,
1767,98049,620955410,594418,478661,1,
1676,98226,620954698,594626,479080,0,
1810,97959,620955607,594216,478713,1,
1816,98498,620955099,594612,478280,1,
1727,97907,620955579,594725,478367,1,
1719,98410,620955376,594670,478131,0,
1764,98628,620955108,594521,478285,0,
1779,97846,620955018,595389,478274,0,
1739,98053,620955338,594361,478815,0,
1770,98473,620955024,593872,479167,0,
1732,98167,620955486,594441,478480,0,
1702,98206,620955167,594985,478245,1,
1751,98179,620955044,594855,478477,0,
1746,98082,620955973,593613,478892,0,
1743,98132,620955393,595430,477608,0,
1682,98449,620954908,594719,478548,0,
1667,98081,620955117,595422,478019,0,
1704,98459,620955177,594275,478691,0,
1771,98247,620956037,593961,478290,0,
1729,97801,620955545,595232,477998,1,
1742,97949,620955962,593856,478797,0,
1715,98301,620955284,594941,478065,0,
1739,98070,620954861,594525,479111,0,
1676,98248,620955104,595387,477891,0,
1765,98327,620955088,594706,478420,0,
1734,97701,620955807,594837,478226,1,
1794,97959,620955353,594111,479089,0,
1768,97964,620954742,595678,478153,1,
1708,97917,620955008,595175,478498,0,
1763,98192,620955348,594485,478518,0,
1727,97773,620955650,594811,478345,0,
1780,98263,620954907,595013,478342,1,
1769,98120,620955321,593938,479158,0,
1709,97891,620954952,594508,479245,1,
1833,98229,620955077,594689,478478,0,
1840,97839,620955229,595101,478297,0,
1730,98353,620955193,594329,478701,0,
1713,97930,620955411,594675,478576,1,
1720,98247,620955095,594555,478689,0,
1685,98121,620955521,594941,478038,0,
1763,98130,620954933,594685,478795,0,
1736,98047,620955293,595530,477700,0,
1772,98272,620955335,594852,478075,0,
1740,97879,620955231,594919,478537,0,
1743,98296,620955048,595394,477824,1,
1787,97853,620955077,594731,478858,0,
1751,98288,620955031,594309,478927,0,
1755,98156,620955591,593918,478886,0,
1764,98325,620954639,594338,479240,0,
1765,98218,620955364,594426,478533,0,
1737,98089,620955251,594790,478439,0,
1699,98266,620954717,595006,478615,3,
1715,97970,620955595,594283,478743,0,
1742,98272,620954863,595078,478351,0,
1738,98331,620955404,594217,478615,1,
1722,98024,620955485,594755,478320,0,
1768,97878,620954887,594985,478788,0,
1738,98302,620955135,594140,478991,0,
1748,97953,620955574,594627,478404,0,
1777,98387,620954868,595156,478118,0,
1778,98102,620955068,594759,478599,0,
1719,98602,620954824,593822,479339,0,
1699,98441,620954820,595110,478236,0,
1827,97889,620954804,595414,478372,0,
1773,98708,620953955,594344,479526,0,
1717,97976,620955443,594476,478694,0,
1713,97842,620955439,594270,479042,0,
1799,98099,620954272,595224,478912,0,
1715,98115,620955592,594394,478489,1,
1756,98119,620955125,594557,478749,0,
1745,98312,620954793,595052,478404,0,
1711,98238,620954994,594273,479090,0,
1756,98019,620954973,595173,478385,0,
1702,97767,620955797,594442,478598,0,
1736,97856,620954820,594915,478979,0,
1645,98256,620954849,594585,478971,0,
1697,98554,620954331,595377,478347,0,
1664,97953,620955355,594806,478528,0,
1750,98138,620954719,594635,479064,0,
1764,98386,620954398,594395,479363,0,
1775,97929,620954958,594669,478975,0,
1737,97950,620955268,595175,478175,1,
1700,98382,620955623,594413,478187,1,
1782,97940,620955663,594570,478350,1,
1740,98003,620955133,594465,478965,0,
1656,98087,620955792,593531,479240,0,
1681,98274,620954687,595327,478337,0,
1756,97841,620954848,594860,479001,0,
1703,97922,620955184,594894,478602,1,
1792,97777,620955376,595106,478255,0,
1724,98161,620955872,594545,478004,0,
1756,97886,620954653,594924,479087,0,
1743,97848,620955299,595248,478166,2,
1661,98470,620955319,594340,478516,0,
1757,98123,620954783,595270,478373,0,
1766,97770,620955595,594506,478666,3,
1742,97862,620955572,594669,478460,1,
1727,98098,620955121,594777,478583,0,
1688,98170,620954996,594609,478842,1,
1719,98405,620955536,593779,478866,1,
1735,98144,620954562,594981,478883,1,
1781,98144,620954839,595283,478259,0,
1795,97857,620955260,595606,477787,1,
1766,98236,620955117,594490,478697,0,
1705,97846,620955307,595875,477573,0,
1711,97861,620956006,593512,479216,0,
1746,98536,620955080,593951,478993,0,
1705,97884,620955417,595209,478091,0,
1715,98295,620955674,594336,478286,0,
1686,98193,620954256,595374,478797,0,
1668,97850,620955874,593961,478953,0,
1686,98454,620955183,594037,478946,0,
1749,98163,620955390,593917,479087,0,
1697,98071,620954449,595091,478998,0,
1723,98243,620954990,595396,477953,1,
1739,98055,620955075,594358,479079,0,
1686,98117,620955317,595365,477821,0,
1696,97795,620954875,595741,478199,0,
1723,98177,620955035,595566,477805,0,
1658,98239,620955128,594931,478350,0,
1718,98039,620955028,594953,478568,0,
1707,98248,620954905,595177,478269,0,
1691,98375,620955104,594623,478512,1,
1692,97970,620955013,595731,477900,0,
1737,98216,620954467,595177,478709,0,
1760,98353,620954996,594527,478669,1,
1727,98535,620953984,594781,479279,0,
1715,98071,620955084,595412,478024,0,
1701,97975,620954857,595443,478330,0,
1691,98098,620954978,595306,478233,0,
1670,98449,620954816,595203,478168,0,
