4857,27348,1095233400,220172,255160,1467,
4631,45533,1095067242,287593,335773,1632,
2782,55560,1094995869,314944,371815,1434,
1817,57565,1094972308,339324,370105,1285,
1391,58476,1094959811,350279,371137,1310,
1242,59683,1094951740,351721,376744,1274,
1139,60227,1094946724,354955,378068,1291,
1071,60314,1094944159,356630,379013,1217,
967,60640,1094942416,357352,379809,1220,
875,60403,1094941486,359291,379115,1234,
877,60460,1094940107,360866,378959,1135,
857,60927,1094939029,361515,378832,1244,
748,60689,1094939328,361389,379042,1208,
790,60740,1094938159,362778,378790,1147,
755,61081,1094937561,362481,379409,1117,
738,60973,1094937823,362678,379004,1188,
728,61162,1094936736,363370,379241,1167,
739,61147,1094936632,363317,379365,1204,
750,61073,1094936152,363775,379472,1182,
704,60866,1094936599,364269,378741,1225,
735,61223,1094935974,363835,379455,1182,
738,60854,1094935662,363454,380468,1228,
694,61025,1094935594,364687,379235,1169,
663,61131,1094935436,364432,379550,1192,
702,61299,1094934960,364348,379989,1106,
686,60811,1094934971,364980,379859,1097,
687,61096,1094934601,364950,379918,1152,
708,61164,1094933988,365586,379890,1068,
695,61096,1094934036,365337,380056,1184,
678,61277,1094934099,365096,380086,1168,
724,61409,1094933876,365200,380052,1143,
676,61132,1094933974,365075,380354,1193,
624,61062,1094933974,365793,379857,1094,
699,61199,1094933233,365863,380298,1112,
684,60893,1094934187,364829,380678,1133,
684,60859,1094933308,366485,379922,1146,
682,61099,1094933624,365046,380832,1121,
645,61131,1094933340,365911,380246,1131,
646,61135,1094933218,365558,380712,1135,
661,61221,1094932449,365888,381065,1120,
649,61210,1094933280,365518,380594,1153,
646,61361,1094933026,365580,380693,1098,
660,60670,1094933306,366275,380352,1141,
706,60976,1094933167,365803,380658,1094,
653,61134,1094932963,366133,380423,1098,
660,61181,1094932662,366541,380253,1107,
631,61280,1094932613,365492,381312,1076,
647,60986,1094933167,365859,380661,1084,
663,61004,1094932869,366515,380267,1086,
697,60771,1094932804,366480,380536,1116,
636,61043,1094932780,365688,381172,1085,
665,61052,1094932330,366187,381101,1069,
656,61206,1094932530,366830,380082,1100,
637,61175,1094932455,366282,380775,1080,
638,61142,1094932708,366482,380376,1058,
621,61392,1094931961,366370,380917,1143,
653,60974,1094933138,365974,380569,1096,
637,61162,1094932284,365950,381217,1154,
633,61136,1094932346,366442,380712,1135,
659,61463,1094931967,366476,380683,1156,
624,61319,1094932064,366245,381062,1090,
628,61221,1094931924,366812,380738,1081,
677,61305,1094931740,366123,381500,1059,
667,61154,1094932138,366257,381056,1132,
670,61174,1094931962,367405,380076,1117,
660,60803,1094931990,366572,381253,1126,
656,61119,1094931809,365672,382057,1091,
648,60904,1094932104,366310,381331,1107,
597,61202,1094931608,366583,381370,1044,
649,61349,1094931047,366895,381343,1121,
659,61252,1094931673,367034,380662,1124,
618,61316,1094931550,366810,381012,1098,
651,61126,1094931835,367246,380541,1005,
614,61391,1094931673,365649,382005,1072,
646,60832,1094932149,366751,380932,1094,
678,61066,1094931992,366713,380863,1092,
640,61458,1094931310,366562,381344,1090,
650,60831,1094931917,367241,380714,1051,
661,61351,1094931401,366458,381447,1086,
650,61339,1094931451,366712,381147,1105,
666,61090,1094931472,367010,381082,1084,
629,61454,1094931178,366706,381329,1108,
636,61344,1094931352,367244,380752,1076,
643,61265,1094930999,367230,381206,1061,
621,61132,1094931879,365821,381901,1050,
685,61085,1094931699,367280,380576,1079,
622,61208,1094930875,367474,381142,1083,
632,61182,1094931023,367562,380930,1075,
614,61154,1094931493,366502,381568,1073,
687,61196,1094931581,366919,380979,1042,
672,61156,1094931484,366904,381072,1116,
658,61331,1094931028,366607,381704,1076,
658,61023,1094931411,366474,381784,1054,
579,61589,1094931011,366752,381423,1050,
661,61395,1094931182,366725,381404,1037,
645,61085,1094931689,367147,380769,1069,
641,60895,1094931385,367299,381121,1063,
647,61024,1094931307,367078,381257,1091,
642,61069,1094931403,366285,381926,1079,
683,61093,1094931081,367098,381341,1108,
626,61281,1094931709,366495,381241,1052,
651,61095,1094930632,367849,381099,1078,
666,60818,1094931136,367533,381193,1058,
646,61218,1094931078,367515,380890,1057,
629,60911,1094931076,367553,381195,1040,
621,61378,1094931386,366640,381307,1072,
623,61150,1094931561,366618,381401,1051,
575,61437,1094931314,366746,381248,1084,
639,61132,1094931010,367159,381420,1044,
602,61176,1094931190,366968,381420,1048,
703,61007,1094931162,367267,381245,1020,
619,61438,1094930946,367059,381284,1058,
646,61107,1094931387,367532,380692,1040,
592,61087,1094931026,367336,381278,1085,
586,61231,1094931399,366734,381440,1014,
604,61129,1094930914,367511,381195,1051,
618,61410,1094930613,367020,381650,1093,
579,61202,1094930999,366798,381767,1059,
648,61421,1094930468,367420,381422,1025,
661,61482,1094930561,367248,381405,1047,
651,61055,1094931530,366863,381245,1060,
591,61278,1094930524,367404,381578,1029,
597,61422,1094930964,366616,381756,1049,
621,61073,1094931360,366885,381371,1094,
660,60917,1094931032,367413,381322,1060,
608,61140,1094930859,367433,381217,1147,
639,61283,1094930892,367787,380767,1036,
641,60883,1094931253,366442,382141,1044,
615,61139,1094930855,367589,381167,1039,
619,61097,1094930813,367112,381708,1055,
611,61186,1094931122,367470,380960,1055,
598,61321,1094930637,366882,381884,1082,
656,61329,1094930624,367700,380996,1099,
618,61384,1094930078,368248,381025,1051,
683,61281,1094930213,367242,381936,1049,
627,61302,1094930784,367181,381476,1034,
616,61195,1094930870,367093,381597,1033,
607,61175,1094930846,367322,381362,1092,
634,61011,1094930929,367509,381325,996,
596,61045,1094930734,367266,381675,1088,
625,61386,1094930414,367648,381311,1020,
605,61272,1094930477,367697,381268,1085,
618,61234,1094930941,367158,381441,1012,
626,61297,1094930946,366810,381708,1017,
592,61251,1094930651,366986,381857,1067,
619,61208,1094930853,367142,381592,990,
608,61093,1094930673,368310,380672,1048,
624,61356,1094930787,367171,381440,1026,
659,61332,1094930148,368061,381171,1033,
643,61324,1094930119,367703,381522,1093,
670,60919,1094930749,368359,380611,1096,
632,61076,1094930835,367437,381354,1070,
635,61348,1094929957,367333,382096,1035,
577,60943,1094931348,367519,380979,1038,
657,61180,1094930387,367245,381877,1058,
563,61473,1094929779,367836,381695,1058,
608,61080,1094930607,367544,381503,1062,
646,61063,1094930552,367554,381514,1075,
646,61223,1094930340,367517,381513,1165,
632,61269,1094930349,367434,381657,1063,
658,61576,1094930211,367138,381715,1106,
628,61171,1094930788,368102,380668,1047,
621,61324,1094930319,366817,382274,1049,
618,61379,1094930064,367541,381744,1058,
639,61503,1094929879,368361,381042,980,
637,61259,1094930277,367261,381890,1080,
653,61117,1094930760,367469,381330,1075,
655,61044,1094930225,367472,381992,1016,
589,61522,1094929915,367810,381554,1014,
604,61099,1094929895,367134,382679,993,
578,61037,1094930556,367483,381702,1048,
658,60805,1094930886,367414,381617,1024,
576,61114,1094930312,368311,381009,1082,
621,61271,1094930324,367097,382028,1063,
589,61441,1094930139,367480,381702,1053,
643,61242,1094930297,367509,381670,1043,
636,61281,1094930334,368032,381053,1068,
620,61395,1094930090,368569,380657,1073,
637,61310,1094930220,367898,381293,1046,
611,61309,1094929924,367362,382112,1086,
630,61422,1094930150,367538,381587,1077,
607,61247,1094930533,367749,381186,1082,
666,61306,1094930274,368026,381051,1081,
662,61267,1094930073,367387,381995,1020,
583,61149,1094930803,367611,381192,1066,
614,61787,1094930144,367055,381764,1040,
626,61099,1094931047,367389,381204,1039,
614,61248,1094929496,368379,381642,1025,
643,61150,1094930241,367329,382010,1031,
625,61300,1094930383,367656,381371,1069,
624,61604,1094930218,368104,380735,1119,
615,61323,1094929709,368046,381706,1005,
626,61220,1094930316,367553,381573,1116,
655,60834,1094930759,367676,381454,1026,
620,61042,1094930438,367580,381695,1029,
619,61222,1094930435,367417,381679,1032,
597,61006,1094930732,367571,381417,1081,
591,61201,1094930206,367453,381906,1047,
631,61430,1094930450,367913,380966,1014,
593,61472,1094929701,367417,382124,1097,
611,61498,1094929648,367508,382107,1032,
649,61246,1094930179,367632,381664,1034,
675,61288,1094930008,367848,381544,1041,
624,61465,1094930384,367387,381468,1076,
618,61328,1094930151,367108,382177,1022,
596,61185,1094930351,367707,381487,1078,
600,61320,1094930196,367346,381867,1075,
598,61721,1094929446,367839,381784,1016,
601,61326,1094930026,367707,381655,1089,
654,61290,1094930392,366278,382726,1064,
637,60996,1094930589,367776,381332,1074,
608,61139,1094930320,367656,381640,1041,
589,61371,1094930114,368431,380852,1047,
597,60850,1094930400,367722,381761,1074,
640,61225,1094930006,367866,381602,1065,
596,61401,1094929490,367930,381911,1076,
610,61032,1094930744,367297,381627,1094,
664,61442,1094929978,366707,382613,1000,
622,61278,1094929976,367551,381914,1063,
595,61173,1094930209,367458,381885,1084,
587,61436,1094930331,367148,381805,1097,
627,61326,1094929748,367759,381885,1059,
590,61131,1094930531,367907,381150,1095,
580,61432,1094929851,368146,381353,1042,
602,61312,1094930047,367457,381997,989,
625,61300,1094930058,367716,381664,1041,
623,61009,1094929688,368701,381370,1013,
620,61405,1094929686,367696,381988,1009,
587,61333,1094929783,368380,381310,1011,
550,61314,1094929656,367648,382179,1057,
648,61292,1094930037,367733,381631,1063,
584,61276,1094930254,367466,381798,1026,
579,61381,1094929992,367222,382188,1042,
597,61204,1094929456,368065,382073,1009,
671,61229,1094929540,369120,380800,1044,
635,61209,1094930063,367451,381981,1065,
595,61242,1094930100,367611,381850,1006,
641,61323,1094930095,367745,381528,1072,
589,61199,1094929886,368119,381573,1038,
611,61329,1094929946,366999,382447,1072,
584,60984,1094929865,368934,380979,1058,
602,61287,1094929549,367807,382108,1051,
633,61158,1094929827,367334,382458,994,
653,61191,1094929837,367946,381751,1026,
586,61402,1094930284,367182,381927,1023,
623,61144,1094930344,367588,381640,1065,
662,61123,1094929701,367953,381923,1042,
653,61065,1094930253,367502,381879,1052,
612,61533,1094929994,367516,381737,1012,
628,61318,1094929858,367884,381681,1035,
582,61311,1094929407,368058,382020,1026,
592,61438,1094929913,368010,381437,1014,
586,61255,1094930033,367759,381772,999,
627,61663,1094929585,367337,382165,1027,
603,61497,1094929562,367191,382521,1030,
590,61253,1094929634,368391,381443,1093,
639,60897,1094929847,368095,381897,1029,
606,61297,1094929828,367859,381783,1031,
585,61368,1094929250,368334,381809,1058,
646,61183,1094929967,367618,381905,1085,
612,61259,1094929713,368534,381266,1020,
630,61225,1094929645,368504,381381,1019,
614,61455,1094929983,367496,381778,1078,
565,60917,1094929651,368669,381553,1049,
629,61149,1094930578,367498,381533,1017,
594,61275,1094929446,367696,382388,1005,
607,61359,1094929739,368221,381484,994,
614,61348,1094929649,368579,381134,1080,
594,61392,1094929586,367861,381936,1035,
574,61194,1094929530,368112,381971,1023,
563,61274,1094930227,367531,381763,1046,
625,61280,1094929614,367935,381873,1077,
571,61309,1094929917,367468,382131,1008,
597,61270,1094929626,368916,380941,1054,
623,61113,1094929804,367918,381905,1041,
613,60872,1094930162,368153,381482,1122,
584,61263,1094930176,368219,381062,1100,
636,61441,1094929654,367014,382647,1012,
576,61162,1094929924,367987,381699,1056,
574,61254,1094930035,367957,381571,1013,
624,61186,1094929844,367536,382210,1004,
617,61219,1094929837,367300,382438,993,
618,61161,1094929914,368052,381608,1051,
624,60935,1094929688,368416,381689,1052,
649,61400,1094929520,367859,381963,1013,
656,61043,1094929675,368647,381350,1033,
613,61486,1094929239,367344,382695,1027,
606,61221,1094929682,368040,381871,984,
635,61223,1094929698,367386,382377,1085,
621,61181,1094929869,368193,381522,1018,
589,61328,1094929175,368533,381767,1012,
641,61015,1094929259,368894,381613,982,
580,61490,1094929650,367840,381786,1056,
611,61265,1094929572,368180,381741,1035,
612,61388,1094929248,368056,382086,1014,
633,61534,1094929763,367882,381500,1092,
624,61228,1094929118,368748,381674,1012,
582,61325,1094929703,367637,382129,1028,
589,61070,1094929509,368314,381909,1013,
620,60878,1094929828,368646,381409,1023,
605,61564,1094929965,367184,382036,1050,
644,61442,1094929135,368540,381598,1045,
617,61342,1094929430,367825,382162,1028,
600,61305,1094930002,367954,381476,1067,
589,61295,1094929398,367893,382190,1039,
613,61309,1094929578,367937,381885,1082,
617,61257,1094929745,367562,382269,954,
617,61035,1094930070,367733,381905,1044,
602,61201,1094929119,368694,381751,1037,
597,61152,1094929990,368026,381557,1082,
623,61443,1094929576,368210,381510,1042,
603,61254,1094929879,367028,382602,1038,
611,61156,1094929886,367935,381761,1055,
622,61370,1094929788,367802,381799,1022,
643,61268,1094929200,368268,382025,1000,
591,61391,1094929523,367845,382041,1013,
629,61188,1094929776,368399,381421,991,
586,61264,1094929603,367668,382219,1064,
618,61417,1094928938,368735,381737,959,
610,61345,1094929172,368194,382078,1005,
627,61232,1094930009,368601,380888,1047,
608,61115,1094929459,368667,381523,1032,
614,61407,1094929239,367932,382237,975,
579,61175,1094929862,368411,381376,1001,
584,61369,1094929541,367443,382429,1038,
639,61307,1094929546,367795,382156,961,
601,61370,1094929217,368297,381879,1040,
601,61735,1094929520,368280,381264,1004,
632,61162,1094929407,367883,382291,1029,
622,61138,1094929804,368083,381737,1020,
615,61417,1094929073,368722,381490,1087,
620,61142,1094929505,367705,382394,1038,
581,61065,1094929706,368009,382040,1003,
623,61194,1094929597,368126,381731,1133,
592,61084,1094929646,367950,382097,1035,
602,61481,1094929174,368393,381744,1010,
597,60886,1094929801,368380,381695,1045,
608,61425,1094929681,367370,382256,1064,
570,61442,1094929562,368583,381293,954,
586,61313,1094929621,367697,382161,1026,
607,61469,1094929115,367543,382642,1028,
616,61385,1094929345,368602,381424,1032,
634,61138,1094929649,368400,381588,995,
607,61423,1094928947,368658,381735,1034,
588,61299,1094929768,368012,381740,997,
653,61498,1094928506,368751,381967,1029,
643,61248,1094929493,368802,381199,1019,
642,61213,1094929559,368021,381896,1073,
619,61635,1094929160,368108,381876,1006,
630,61466,1094929370,368263,381720,955,
637,61368,1094929496,368017,381871,1015,
638,61065,1094929298,368234,382187,982,
605,61436,1094929244,368162,381920,1037,
635,61321,1094929338,368214,381872,1024,
647,61240,1094929768,367480,382285,984,
576,61290,1094929674,368310,381462,1092,
619,61489,1094929467,368196,381620,1013,
608,60916,1094929445,368681,381729,1025,
592,61288,1094929581,368277,381677,989,
594,61369,1094929581,367695,382174,991,
595,61268,1094929543,368145,381829,1024,
634,61313,1094929322,368325,381759,1051,
633,61650,1094928901,367944,382219,1057,
623,61416,1094929263,367904,382187,1011,
572,61262,1094929636,368906,381011,1017,
638,60816,1094929971,368346,381590,1043,
638,61271,1094929698,367350,382436,1011,
605,61344,1094929745,368027,381625,1058,
596,61403,1094929331,368425,381616,1033,
618,61206,1094929330,368439,381805,1002,
632,61586,1094928631,368625,381850,1080,
596,61392,1094929163,367962,382262,1029,
603,61277,1094929167,368590,381761,1006,
574,61331,1094929136,369070,381274,1019,
607,61497,1094929453,368044,381819,984,
616,61036,1094929724,368180,381839,1009,
599,61420,1094929622,367745,381966,1052,
585,61227,1094929640,367863,382040,1049,
608,61318,1094928954,368821,381696,1007,
639,61197,1094929342,368106,382086,1034,
603,61421,1094929171,368221,382035,953,
573,61426,1094929563,368634,381147,1061,
493,61555,1094928955,368170,382221,1010,
607,61370,1094929169,368664,381604,990,
604,61338,1094928930,368339,382124,1069,
581,61316,1094929260,367893,382333,1021,
574,61367,1094929558,367953,381908,1044,
631,61371,1094929164,368341,381903,994,
595,61293,1094928918,368746,381831,1021,
592,61215,1094929346,368172,382062,1017,
642,61156,1094928983,368476,382100,1047,
649,61412,1094929589,368605,381127,1022,
635,61199,1094929532,368057,381941,1040,
606,61138,1094929899,368362,381424,975,
622,61522,1094929073,367773,382367,1047,
607,61539,1094929461,367876,381833,1088,
606,61399,1094929423,368079,381848,1049,
573,61231,1094929510,369144,380904,1042,
647,61330,1094929308,368079,381970,1070,
619,60925,1094929081,368973,381716,1090,
608,61224,1094929079,368222,382267,1004,
611,61450,1094929357,368117,381808,1061,
555,61415,1094929143,368182,382089,1020,
656,61268,1094929228,368201,382016,1035,
602,61236,1094929734,367563,382227,1042,
595,61162,1094929560,368537,381533,1017,
582,61277,1094929064,368546,381891,1044,
594,61461,1094929496,368221,381571,1061,
600,61271,1094929008,368184,382316,1025,
578,61276,1094929169,368452,381882,1047,
590,61416,1094929291,368385,381704,1018,
638,61027,1094929488,367766,382458,1027,
558,61157,1094929707,368220,381751,1011,
616,61477,1094928978,367856,382435,1042,
639,61097,1094929484,368375,381752,1057,
582,61654,1094928842,368906,381421,999,
609,61393,1094928735,368165,382477,1025,
629,61407,1094929471,368218,381623,1056,
652,61263,1094928997,368330,382138,1024,
632,61118,1094929678,368060,381856,1060,
558,61032,1094929515,368063,382191,1045,
600,61118,1094929759,368262,381658,1007,
580,61431,1094928920,368117,382317,1039,
567,61102,1094929841,368485,381406,1003,
597,61367,1094929213,367910,382287,1030,
583,61301,1094929653,368233,381618,1016,
604,61130,1094929222,368625,381816,1007,
589,60995,1094929091,368880,381821,1028,
622,61201,1094929260,367976,382392,953,
626,61187,1094929740,367627,382135,1089,
623,61386,1094928891,368588,381876,1040,
602,61294,1094929471,368109,381877,1051,
644,61130,1094929933,367701,381968,1028,
627,61135,1094929315,367925,382413,989,
572,60934,1094929376,368945,381560,1017,
610,61528,1094929121,368908,381168,1069,
623,61236,1094929011,368712,381812,1010,
575,61183,1094929719,368000,381887,1040,
605,61039,1094929104,369072,381613,971,
619,61123,1094929591,367865,382218,988,
598,61515,1094929098,368067,382100,1026,
597,61204,1094929780,368355,381419,1049,
616,61297,1094928675,369006,381807,1003,
578,61316,1094929789,367678,382020,1023,
610,61474,1094928889,368294,382139,998,
661,60897,1094929348,368252,382276,970,
603,61363,1094929051,368867,381473,1047,
618,60714,1094929586,368685,381744,1057,
639,61664,1094928133,368842,382036,1090,
597,61493,1094928731,368498,382052,1033,
652,61124,1094928892,368808,381994,934,
582,61363,1094929229,368119,382101,1010,
602,61299,1094929469,367964,382034,1036,
613,61158,1094929176,368089,382352,1016,
568,60871,1094929909,368209,381837,1010,
593,61317,1094928852,368409,382254,979,
599,61060,1094930077,367866,381821,981,
632,61378,1094928790,368558,382053,993,
632,61309,1094929630,367914,381920,999,
588,61511,1094929459,367976,381867,1003,
630,61167,1094929431,368250,381916,1010,
605,61343,1094929066,368482,381896,1012,
609,61085,1094929398,368450,381872,990,
573,61238,1094929218,368510,381844,1021,
617,61134,1094928951,368761,381968,973,
620,61228,1094929307,367798,382491,960,
593,60977,1094929382,368752,381667,1033,
590,61429,1094928872,368384,382091,1038,
586,61312,1094928941,368527,382066,972,
595,61115,1094929639,368377,381686,992,
626,61453,1094928494,368650,382184,997,
603,61272,1094928798,368900,381837,994,
583,61300,1094929094,368709,381694,1024,
621,61465,1094929304,367945,382026,1043,
644,61396,1094928888,368848,381549,1079,
588,61534,1094928949,368444,381860,1029,
569,61474,1094928981,368218,382148,1014,
587,61105,1094929004,369166,381544,998,
582,61127,1094929430,367970,382256,1039,
599,61234,1094928814,368403,382350,1004,
600,61207,1094929656,368029,381851,1061,
626,61141,1094929405,368019,382262,951,
600,61417,1094929037,368154,382191,1005,
590,61023,1094929540,368722,381540,989,
612,61233,1094928978,368620,381980,981,
603,61606,1094928689,368301,382206,999,
595,60837,1094929868,368478,381608,1018,
589,61223,1094928959,368981,381648,1004,
599,61544,1094928818,368052,382362,1029,
604,60995,1094929647,368438,381766,954,
569,61336,1094929628,368085,381756,1030,
588,61423,1094928958,368270,382151,1014,
596,61417,1094928860,368261,382243,1027,
596,61337,1094928869,368926,381658,1018,
603,61431,1094928464,368760,382174,972,
601,61215,1094929201,368459,381916,1012,
603,61296,1094929178,368712,381609,1006,
582,61057,1094929594,368207,381908,1056,
598,61304,1094928833,368801,381827,1041,
627,60978,1094929176,368775,381785,1063,
568,61289,1094929343,368347,381814,1043,
584,61536,1094928965,367971,382336,1012,
630,61158,1094929085,368987,381487,1057,
583,61223,1094929279,367831,382468,1020,
624,61486,1094928686,368574,382037,997,
584,61403,1094929068,369126,381207,1016,
593,61561,1094928669,368528,382073,980,
627,61482,1094928750,368591,381957,997,
634,61146,1094929395,368448,381749,1032,
557,61530,1094928757,368698,381822,1040,
615,61409,1094928829,368476,382052,1023,
614,61294,1094929252,368091,382163,990,
603,61459,1094928844,368164,382278,1056,
593,61403,1094928763,368583,382048,1014,
601,60950,1094928975,368742,382060,1076,
563,61205,1094929756,368165,381717,998,
598,61089,1094929277,368103,382385,952,
569,60943,1094929227,368717,381959,989,
604,61381,1094929213,368260,381891,1055,
591,61166,1094929327,368489,381761,1070,
631,61339,1094928657,368784,381894,1099,
609,61101,1094929371,368856,381394,1073,
598,61241,1094929048,368358,382152,1007,
650,61418,1094928309,368947,382060,1020,
653,61205,1094928823,368737,381927,1059,
566,60868,1094929417,368488,382063,1002,
578,61513,1094928853,368069,382391,1000,
625,61264,1094929289,368364,381864,998,
597,61136,1094928958,369003,381685,1025,
627,61276,1094928989,368380,382119,1013,
596,61323,1094929221,368317,381936,1011,
612,61251,1094928685,369242,381619,995,
612,61312,1094929179,368380,381942,979,
602,61087,1094929346,368798,381496,1075,
612,61482,1094928919,368056,382306,1029,
598,61037,1094929515,368744,381515,995,
601,61238,1094929276,368877,381438,974,
567,61224,1094928457,368267,382835,1054,
587,61379,1094929420,367471,382530,1017,
598,61001,1094929257,368953,381559,1036,
657,61239,1094929090,368033,382352,1033,
600,61279,1094928712,368911,381856,1046,
577,60833,1094929420,368864,381713,997,
550,61246,1094928848,368983,381750,1027,
604,61408,1094928344,369348,381679,1021,
572,61396,1094928930,368277,382217,1012,
588,61364,1094929078,368429,381916,1029,
600,60975,1094928904,368662,382326,937,
592,61605,1094929100,367968,382104,1035,
580,61333,1094928702,369102,381667,1020,
573,61546,1094928066,368456,382767,996,
619,60989,1094929109,368934,381684,1069,
577,61336,1094928863,368735,381828,1065,
625,61206,1094928960,368829,381776,1008,
604,61051,1094928961,369137,381669,982,
607,61311,1094928571,368394,382534,987,
606,61361,1094928969,368496,381967,1005,
578,61605,1094928879,367980,382371,991,
600,60886,1094929495,368728,381695,1000,
605,61402,1094928504,368508,382396,989,
603,61216,1094928848,368705,382002,1030,
570,61150,1094928966,368599,382093,1026,
598,61369,1094928920,368517,382022,978,
644,61292,1094929019,368519,381864,1066,
592,61668,1094928781,367986,382375,1002,
597,61534,1094928979,368559,381736,999,
616,61347,1094928741,368967,381717,1016,
618,61488,1094928428,368940,381946,984,
558,61272,1094929053,368820,381723,978,
604,61351,1094928826,368432,382188,1003,
628,61519,1094929089,367496,382666,1006,
581,61473,1094928772,368178,382380,1020,
550,61426,1094928857,368320,382232,1019,
568,61226,1094929200,368912,381493,1005,
624,61174,1094928736,368468,382421,981,
592,61266,1094929067,368363,382120,996,
585,61367,1094928897,369161,381358,1036,
602,61390,1094928909,368549,381935,1019,
566,61061,1094929130,368569,382038,1040,
561,61543,1094928626,369481,381153,1040,
580,61448,1094929070,367981,382340,985,
590,61265,1094929041,368284,382246,978,
591,61064,1094929267,368359,382069,1054,
609,61081,1094929394,368549,381765,1006,
669,61263,1094928756,368547,382187,982,
604,61201,1094928941,369011,381609,1038,
604,61408,1094928398,368634,382296,1064,
615,61477,1094928559,369062,381693,998,
612,61179,1094928929,368645,381982,1057,
656,61253,1094928563,368851,382066,1015,
536,61400,1094928993,368251,382228,996,
575,61301,1094928923,368546,382064,995,
604,61239,1094929469,367782,382258,1052,
595,61421,1094928736,368890,381796,966,
603,61022,1094929005,368705,382093,976,
589,61077,1094929355,368838,381487,1058,
583,61316,1094928855,367871,382818,961,
623,61106,1094929084,368397,382205,989,
580,61202,1094928967,368279,382392,984,
573,61171,1094929335,367770,382561,994,
613,60863,1094928930,369023,382024,951,
548,61376,1094929078,368452,381910,1040,
629,61107,1094929339,368215,382077,1037,
613,61441,1094928611,368796,381936,1007,
581,61374,1094928358,368956,382103,1032,
568,61110,1094929115,368449,382141,1021,
596,61057,1094928569,368568,382634,980,
605,61254,1094928754,368868,381893,1030,
578,61335,1094928573,369038,381827,1053,
604,61305,1094928762,368527,382182,1024,
606,61280,1094928701,369500,381301,1016,
591,61273,1094929015,368233,382297,995,
584,61158,1094928937,368958,381738,1029,
568,61544,1094928623,369155,381529,985,
585,61021,1094929087,368441,382260,1010,
578,61301,1094928754,368910,381820,1041,
568,60952,1094929335,368962,381582,1005,
595,61342,1094928483,369309,381692,983,
592,61226,1094928861,368980,381709,1036,
637,61223,1094929347,368342,381817,1038,
589,61252,1094928711,368378,382448,1026,
614,61374,1094928675,368735,382014,992,
607,60884,1094929013,368852,382071,977,
583,61218,1094928618,368960,382001,1024,
558,61378,1094928076,369434,381961,997,
564,61174,1094928734,368637,382222,1073,
582,60809,1094928935,369133,381942,1003,
640,61055,1094928698,369211,381778,1022,
575,61279,1094928663,368582,382298,1007,
554,61593,1094928787,368424,382027,1019,
599,61204,1094929033,368497,382057,1014,
574,61261,1094928456,368627,382444,1042,
603,61235,1094929108,368581,381916,961,
577,61150,1094928931,368684,382098,964,
608,61100,1094928969,368582,382151,994,
585,61015,1094929276,368098,382388,1042,
586,61251,1094928497,368701,382326,1043,
594,61258,1094929015,368097,382458,982,
583,61200,1094928799,369105,381705,1012,
619,61111,1094928998,368700,381957,1019,
590,61248,1094928835,368946,381798,987,
617,61276,1094928703,368750,381998,1060,
620,61074,1094928851,368612,382273,974,
602,61174,1094928914,368548,382177,989,
589,61430,1094928664,368621,382094,1006,
621,61563,1094928616,368399,382209,996,
598,61453,1094928539,368364,382418,1032,
605,61411,1094928494,368632,382261,1001,
569,61508,1094928474,367833,383049,971,
587,61045,1094929385,368670,381678,1039,
593,61439,1094928565,368294,382498,1015,
627,61434,1094928121,369167,382055,1000,
558,61219,1094928370,369292,381952,1013,
586,61145,1094928426,369340,381965,942,
611,61054,1094929125,368512,382079,1023,
584,61302,1094928744,368991,381797,986,
589,60938,1094929391,368759,381695,1032,
572,61487,1094928848,368408,382109,980,
595,61094,1094929076,368704,381916,1019,
574,61350,1094928836,369003,381612,1029,
609,61780,1094927930,369314,381782,989,
612,60904,1094929155,368891,381831,1011,
599,61575,1094928491,368651,382063,1025,
630,61641,1094928862,368858,381432,981,
570,61232,1094928596,369480,381485,1041,
596,61480,1094928505,368864,381941,1018,
595,61156,1094929123,368581,381993,956,
543,61332,1094928445,368552,382540,992,
561,61287,1094928961,368334,382287,974,
590,61342,1094928443,368931,382097,1001,
617,61371,1094928808,368913,381651,1044,
574,61226,1094929244,368006,382403,951,
637,60872,1094928716,369313,381890,976,
572,61386,1094928450,368581,382433,982,
546,61329,1094928649,368799,382119,962,
574,61262,1094929058,367989,382468,1053,
608,61205,1094928360,368596,382626,1009,
606,61463,1094929101,368026,382152,1056,
552,61136,1094928869,368673,382092,1082,
569,61125,1094928866,368552,382208,1084,
614,61236,1094928689,368729,382187,949,
606,61389,1094928556,368853,381983,1017,
567,61383,1094929005,368004,382443,1002,
590,61146,1094929224,368947,381482,1015,
575,61322,1094928784,368650,382116,957,
589,61416,1094928945,367974,382508,972,
555,61146,1094928940,369035,381764,964,
596,61064,1094928890,368255,382602,997,
660,61098,1094929144,368828,381694,980,
574,61140,1094928736,368406,382536,1012,
581,61363,1094929011,367941,382472,1036,
599,61216,1094929026,368477,382092,994,
576,61453,1094928513,369566,381276,1020,
560,61291,1094929034,368505,382015,999,
622,61094,1094928346,369316,382007,1019,
585,61267,1094929012,367797,382716,1027,
610,61188,1094928476,368890,382254,986,
610,61143,1094929715,367861,382104,971,
587,61555,1094928337,368691,382229,1005,
576,61236,1094928610,368649,382325,1008,
599,60936,1094928962,369022,381900,985,
601,61167,1094928898,368836,381887,1014,
626,61276,1094928779,368516,382175,1032,
644,61158,1094928361,368942,382271,1028,
553,61403,1094929009,368542,381888,1009,
605,61363,1094928383,368470,382598,985,
586,61436,1094929079,367969,382314,1020,
578,61440,1094928667,368716,382012,991,
619,61362,1094928708,368724,381988,1003,
579,61298,1094929112,368120,382306,989,
593,61530,1094928571,368360,382322,1028,
614,61114,1094928711,368583,382318,1064,
634,61513,1094928376,368979,381869,1033,
513,61300,1094928928,369053,381648,962,
596,61260,1094928740,368548,382249,1011,
614,61257,1094928447,368680,382452,954,
598,61031,1094929184,368968,381606,1017,
596,61160,1094928835,368434,382400,979,
567,61355,1094928619,368938,381935,990,
555,61373,1094928917,368320,382259,980,
646,61055,1094928820,369019,381842,1022,
604,61313,1094928241,368942,382354,950,
583,61233,1094928918,368722,381896,1052,
600,61312,1094928452,368713,382313,1014,
568,61308,1094928438,368985,382087,1018,
604,61106,1094929080,368727,381843,1044,
568,61376,1094929029,368509,381941,981,
584,61237,1094928684,368069,382772,1058,
596,61675,1094928271,368710,382126,1026,
586,61329,1094928417,369183,381921,968,
603,61091,1094928944,368535,382212,1019,
599,61408,1094928594,368523,382255,1025,
674,61516,1094927892,369068,382271,983,
614,61095,1094928852,369141,381711,991,
560,61258,1094928386,369391,381789,1020,
562,61372,1094928583,368184,382721,982,
591,61440,1094928380,368975,382031,987,
558,61599,1094928934,368756,381514,1043,
593,61412,1094928631,368645,382125,998,
637,61580,1094927768,368928,382486,1005,
619,60885,1094928362,370002,381524,1012,
584,61307,1094928564,368398,382508,1043,
575,61404,1094928201,368863,382371,990,
585,61356,1094928681,368850,381877,1055,
545,61380,1094928453,368923,382119,984,
571,61287,1094929126,367791,382604,1025,
606,61313,1094928917,368403,382189,976,
612,61195,1094928816,369032,381774,975,
593,61386,1094928746,368168,382509,1002,
558,61158,1094928649,368861,382215,963,
598,61329,1094928142,368951,382367,1017,
629,60945,1094928417,369299,382145,969,
638,61086,1094928913,368761,381950,1056,
586,61040,1094929210,368252,382309,1007,
636,61192,1094928740,368233,382636,967,
597,61347,1094928544,369159,381782,975,
594,61178,1094929059,368255,382285,1033,
604,61287,1094928472,368920,382101,1020,
585,61190,1094928816,369142,381685,986,
586,61358,1094928791,368184,382468,1017,
586,61409,1094928414,368940,382041,1014,
582,61355,1094928347,368576,382596,948,
618,61483,1094928436,368727,382162,978,
614,61247,1094928851,368633,382047,1012,
607,61384,1094928876,367868,382659,1010,
590,61574,1094928866,368047,382318,1009,
613,61406,1094928141,368688,382540,1016,
544,61211,1094929183,368283,382169,1014,
566,61269,1094928766,369332,381474,997,
604,61290,1094928729,368157,382608,1016,
613,61372,1094928658,368494,382279,988,
608,61494,1094928575,367907,382791,1029,
550,61165,1094928978,369027,381681,1003,
621,61367,1094928612,369080,381703,1021,
582,61410,1094928227,368525,382660,1000,
567,61439,1094928563,368938,381908,989,
587,61226,1094929062,368730,381781,1018,
559,61421,1094928343,368690,382418,973,
569,61630,1094928673,368614,381869,1049,
567,61600,1094927813,368893,382469,1062,
552,61371,1094928258,369266,381951,1006,
567,61110,1094929304,368318,382120,985,
594,61400,1094928363,368479,382555,1013,
620,61322,1094928387,369020,382095,960,
595,61380,1094928741,368848,381840,1000,
595,61194,1094928632,369052,381933,998,
581,61173,1094928561,368513,382516,1060,
570,61202,1094928675,369037,381867,1053,
582,61376,1094928763,368204,382516,963,
590,61117,1094928821,368492,382393,991,
612,61400,1094929027,368089,382292,984,
616,61434,1094928318,369248,381773,1015,
615,61363,1094928687,368560,382185,994,
628,61259,1094928751,368520,382273,973,
586,61453,1094928900,368388,382041,1036,
585,61468,1094928426,368979,381936,1010,
609,61063,1094928601,369211,381879,1041,
569,61459,1094928712,368709,381935,1020,
581,61001,1094928426,368966,382435,995,
566,61257,1094928593,368760,382192,1036,
594,61063,1094929034,369186,381558,969,
606,61298,1094928621,369015,381858,1006,
541,61248,1094928899,369039,381698,979,
580,61430,1094928515,369257,381605,1017,
594,61451,1094928393,369143,381797,1026,
524,61213,1094928417,369367,381874,1009,
547,61652,1094928511,367933,382760,1001,
583,60769,1094929296,368840,381907,1009,
615,61406,1094928421,368694,382229,1039,
568,61003,1094929019,368576,382226,1012,
568,61243,1094929035,368634,381873,1051,
614,61144,1094928874,368815,381974,983,
604,61554,1094927867,369482,381881,1016,
564,61320,1094928449,369352,381791,928,
621,61475,1094928147,368870,382314,977,
585,61178,1094929133,368383,382131,994,
653,61226,1094928886,368563,382070,1006,
598,61074,1094929140,368532,382042,1018,
562,61093,1094928694,369482,381583,990,
597,61123,1094928685,368343,382638,1018,
603,61231,1094928582,369261,381760,967,
590,61117,1094928970,367988,382693,1046,
620,61278,1094928245,369337,381919,1005,
567,61161,1094928547,369290,381834,1005,
580,60944,1094928430,369177,382217,1056,
634,61343,1094928294,368913,382257,963,
571,61368,1094928271,369674,381530,990,
561,61219,1094928410,368934,382264,1016,
585,61498,1094928356,369350,381604,1011,
575,61368,1094928057,369174,382210,1020,
578,61474,1094928566,368463,382278,1045,
576,61384,1094928768,368561,382171,944,
598,61347,1094928829,368208,382414,1008,
563,61471,1094928511,368664,382214,981,
559,61438,1094928537,367983,382907,980,
588,61257,1094928559,369340,381683,977,
602,61260,1094928375,368613,382606,948,
581,61455,1094928039,368934,382382,1013,
591,61405,1094928424,368702,382261,1021,
629,61140,1094928749,368737,382126,1023,
595,61016,1094928443,368752,382573,1025,
580,61339,1094928078,368952,382498,957,
563,61079,1094928556,369576,381635,995,
578,61300,1094928789,368727,382062,948,
561,61365,1094928250,368567,382707,954,
549,61272,1094928904,368758,381974,947,
577,61836,1094927994,368877,382052,1068,
600,61548,1094928447,368783,382010,1016,
570,61430,1094928459,368855,382105,985,
625,61143,1094928473,368233,382913,1017,
567,61392,1094928116,369476,381800,1053,
606,61484,1094928657,367941,382722,994,
559,61335,1094929282,368112,382087,1029,
619,61267,1094928476,368082,382944,1016,
573,61328,1094929044,368134,382280,1045,
579,61607,1094928103,368644,382511,960,
555,61130,1094928630,369645,381418,1026,
585,61275,1094928397,369207,381932,1008,
593,61503,1094928448,369153,381758,949,
594,61239,1094927997,369126,382428,1020,
565,61639,1094928333,369133,381789,945,
556,61381,1094928593,368348,382507,1019,
588,61317,1094928245,369790,381448,1016,
599,61388,1094928436,368646,382310,1025,
579,61200,1094928726,368734,382164,1001,
574,61049,1094928329,369135,382342,975,
589,61180,1094928605,369265,381756,1009,
581,61472,1094928580,368284,382507,980,
606,60864,1094928994,369148,381775,1017,
587,61044,1094928277,369551,381984,961,
594,61331,1094927898,368979,382528,1074,
592,61226,1094927872,369516,382233,965,
583,61310,1094928427,368597,382444,1043,
553,61036,1094928485,369027,382290,1013,
584,61162,1094928806,368998,381802,1052,
591,61326,1094928556,368562,382358,1011,
547,61260,1094928163,368978,382372,1084,
595,61118,1094928956,368964,381752,1019,
586,61563,1094928390,369063,381856,946,
591,61324,1094928318,368812,382356,1003,
577,61634,1094928233,369224,381767,969,
618,61311,1094928539,368222,382724,990,
631,61330,1094928428,369092,381937,986,
636,61143,1094928820,368805,382014,986,
562,61274,1094928418,369126,381973,1051,
578,61173,1094928520,369384,381741,1008,
578,61375,1094928428,369076,381947,1000,
605,61177,1094928552,369572,381499,999,
631,61204,1094928691,368742,382108,1028,
548,61183,1094928548,369522,381613,990,
594,61510,1094927944,368977,382359,1020,
565,61697,1094928199,368657,382316,970,
598,61255,1094928790,368124,382670,967,
583,61346,1094928743,368888,381868,976,
630,61215,1094928255,368426,382881,997,
551,61297,1094928693,368785,382065,1013,
603,61321,1094928424,368686,382326,1044,
541,61293,1094928682,368258,382625,1005,
623,60973,1094928634,368958,382225,991,
538,61631,1094928021,369151,382076,987,
594,61263,1094928418,368838,382289,1002,
616,61103,1094928947,368844,381880,1014,
583,61235,1094928629,368921,382056,980,
586,61151,1094928667,368956,382055,989,
568,61376,1094928605,369053,381804,998,
636,61290,1094928414,369539,381507,1018,
565,61625,1094928568,368224,382394,1028,
578,61483,1094928419,368556,382371,997,
586,61344,1094927940,369259,382243,1032,
578,61724,1094927891,369100,382127,984,
561,61401,1094928476,368181,382724,1061,
563,61242,1094928739,369093,381694,1073,
579,61560,1094927754,369738,381785,988,
583,61518,1094928339,368936,382000,1028,
573,61267,1094928679,368417,382437,1031,
579,61176,1094928741,369073,381879,956,
588,61481,1094928628,368674,382033,1000,
619,61264,1094927956,369449,382154,962,
598,61605,1094928211,368881,382136,973,
554,61105,1094928315,370010,381449,971,
591,61078,1094927935,369766,382023,1011,
585,61476,1094928485,369067,381783,1008,
578,61064,1094928499,369776,381443,1044,
554,61608,1094928749,368273,382261,959,
588,61385,1094928419,368875,382147,990,
589,61171,1094928563,369390,381710,981,
523,61152,1094928535,369215,381991,988,
568,61496,1094928411,368475,382396,1058,
571,61408,1094928211,369343,381875,996,
593,61260,1094928466,368904,382162,1019,
605,61255,1094928290,369336,381918,1000,
538,61309,1094928870,368454,382245,988,
561,61389,1094928381,368758,382327,988,
559,61474,1094928609,368680,382018,1064,
589,61666,1094927957,368298,382896,998,
602,61293,1094928229,368739,382579,962,
585,61272,1094927999,369300,382277,971,
569,61365,1094928542,368775,382148,1005,
559,61285,1094927821,369641,382040,1058,
565,61484,1094928937,368147,382219,1052,
576,61465,1094927748,369787,381750,1078,
599,60962,1094928789,369579,381487,988,
597,61031,1094928632,368840,382312,992,
567,61306,1094928287,369671,381585,988,
574,61572,1094928110,368858,382273,1017,
557,61477,1094928257,368620,382466,1027,
548,61324,1094928347,369081,382099,1005,
590,61419,1094928184,369713,381553,945,
581,61357,1094927916,369557,382014,979,
592,61345,1094928663,369067,381744,993,
556,61278,1094928401,368840,382338,991,
591,61140,1094928893,368746,382076,958,
588,61212,1094928551,369108,381936,1009,
547,61366,1094928307,369167,381988,1029,
573,61490,1094928816,368439,382105,981,
563,61286,1094928140,369129,382307,979,
559,61452,1094928618,368201,382559,1015,
608,61578,1094928062,368721,382440,995,
545,61333,1094928568,369210,381765,983,
572,61636,1094928260,368744,382136,1056,
599,61272,1094928675,368296,382548,1014,
554,61254,1094928579,369223,381789,1005,
595,61456,1094928354,368193,382798,1008,
546,61237,1094928420,369094,382110,997,
546,61100,1094928896,368705,382124,1033,
563,61309,1094928629,369535,381337,1031,
569,61125,1094928125,369049,382549,987,
610,61203,1094928209,368708,382643,1031,
578,61452,1094928018,369128,382247,981,
552,61591,1094928238,368549,382463,1011,
621,61502,1094928370,368375,382451,1085,
624,61152,1094928245,369314,382110,959,
606,61215,1094928158,369035,382389,1001,
602,61304,1094928121,369435,381919,1023,
587,61002,1094928512,369228,382090,985,
582,61207,1094928383,369629,381616,987,
622,60967,1094928445,368859,382488,1023,
580,61263,1094928439,369289,381867,966,
593,61292,1094928435,368532,382528,1024,
592,61667,1094928449,368371,382310,1015,
539,61317,1094927861,370119,381540,1028,
571,61094,1094928954,368812,381959,1014,
568,61277,1094928196,369464,381879,1020,
563,61526,1094927724,369599,381968,1024,
556,61407,1094927865,369297,382318,961,
555,61283,1094928340,369613,381603,1010,
616,61147,1094928103,369258,382290,990,
597,61333,1094928296,368992,382201,985,
587,61341,1094927674,370198,381613,991,
611,61200,1094928433,368369,382839,952,
567,61035,1094928339,369253,382188,1022,
617,61249,1094927941,369748,381821,1028,
550,61714,1094928685,368377,382043,1035,
564,61424,1094928066,368587,382743,1020,
560,61473,1094928410,369120,381835,1006,
562,61143,1094928361,369603,381729,1006,
567,61219,1094928731,368573,382336,978,
613,61150,1094928504,368633,382497,1007,
591,61727,1094927738,368960,382437,951,
572,61393,1094928166,369731,381555,987,
