52181,267515,30811360374,1553275,1758607,1812,
47680,454169,30809561007,2345886,2583404,1618,
26820,557679,30808718839,2797032,2892274,1120,
17336,572575,30808477559,3024299,2901021,974,
13410,576225,30808342215,3144869,2916245,800,
11525,589585,30808247056,3196404,2948332,862,
9617,594709,30808192878,3238230,2957606,724,
8616,599088,30808133623,3265398,2986277,762,
7802,603360,30808093090,3285647,3003162,703,
7143,604938,30808071258,3304379,3005402,644,
6579,606129,30808059558,3316990,3003861,647,
6217,607626,30808049505,3322401,3007421,594,
5805,607362,30808048415,3332143,2999358,681,
5424,607898,30808046359,3337884,2995592,607,
5362,608019,30808045651,3339485,2994699,548,
5184,609072,30808041268,3345111,2992500,629,
5107,608172,30808041522,3345038,2993358,567,
4959,608409,30808034851,3350338,2994641,566,
4875,609687,30808029995,3354925,2993703,579,
4820,609604,30808023714,3359419,2995607,600,
4738,609169,30808018775,3365021,2995557,504,
4762,610242,30808015232,3365553,2997411,564,
4575,610099,30808007998,3370593,2999989,510,
4729,610646,30808004917,3373821,2999132,519,
4462,611469,30808002847,3374298,3000155,533,
4508,611179,30807996277,3378376,3002931,493,
4347,611748,30807996876,3379887,3000426,480,
4263,611352,30807993926,3381759,3001944,520,
4382,611890,30807989406,3385461,3002142,483,
4381,611240,30807987491,3387993,3002153,506,
4313,611711,30807985008,3388716,3003519,497,
4265,611584,30807982511,3391403,3003507,494,
4266,612044,30807978889,3392861,3005218,486,
4290,610634,30807979090,3395938,3003305,507,
4189,610233,30807977724,3395352,3005746,520,
4162,612071,30807973507,3398889,3004648,487,
3981,611839,30807972032,3398958,3006444,510,
4014,612988,30807967747,3400056,3008483,476,
3952,612475,30807964914,3404666,3007278,479,
4138,611607,30807965387,3405764,3006371,497,
4052,613445,30807962221,3406392,3007186,468,
4068,612438,30807960107,3407703,3008976,472,
4068,611588,30807960149,3408160,3009320,479,
3977,612176,30807958240,3408484,3010452,435,
4048,612849,30807957945,3411361,3007060,501,
3999,612833,30807955395,3410116,3010951,470,
3926,613377,30807953994,3409481,3012532,454,
3924,612872,30807953925,3413722,3008849,472,
3892,612625,30807950572,3415063,3011145,467,
3773,613116,30807949884,3415322,3011209,460,
3879,612363,30807949080,3416302,3011652,488,
3875,613160,30807947895,3417437,3010966,431,
3833,613377,30807946662,3417905,3011566,421,
3903,612865,30807944186,3420199,3012211,400,
3865,612154,30807945956,3420603,3010727,459,
3770,612741,30807944186,3420681,3011979,407,
3841,612791,30807941802,3422206,3012710,414,
3855,612672,30807940638,3422353,3013824,422,
3851,613650,30807939496,3421465,3014884,418,
3837,613362,30807938585,3424128,3013408,444,
3615,612867,30807936858,3426075,3013907,442,
3759,614131,30807935380,3425391,3014662,441,
3830,613327,30807933488,3429124,3013584,411,
3851,612603,30807934802,3426602,3015454,452,
3834,613429,30807933732,3428307,3014029,433,
3724,613005,30807931293,3430958,3014356,428,
3687,613700,30807932347,3428251,3015362,417,
3639,613170,30807931694,3430420,3014425,416,
3755,613871,30807929627,3432458,3013586,467,
3723,613387,30807929327,3430105,3016789,433,
3753,613682,30807928435,3432216,3015256,422,
3584,613249,30807928665,3430923,3016910,433,
3661,613540,30807927389,3432489,3016282,403,
3729,612900,30807926432,3433463,3016827,413,
3648,614594,30807922966,3434677,3017431,448,
3661,614541,30807925177,3432231,3017731,423,
3647,614069,30807924140,3435155,3016343,410,
3592,613663,30807923503,3435367,3017237,402,
3604,613009,30807924623,3435784,3016299,445,
3556,614283,30807922351,3436641,3016503,430,
3686,613948,30807920763,3437632,3017359,376,
3675,613319,30807919584,3438905,3017834,447,
3610,613954,30807920793,3436498,3018502,407,
3594,614900,30807918643,3436379,3019830,418,
3643,613102,30807920260,3439334,3016995,430,
3562,614517,30807916688,3440063,3018482,452,
3542,614090,30807918609,3439282,3017812,429,
3670,613685,30807917771,3440302,3017947,389,
3561,614885,30807916230,3439239,3019399,450,
3602,613710,30807915866,3441886,3018305,395,
3571,613285,30807916413,3442541,3017531,423,
3556,614326,30807913405,3443377,3018662,438,
3447,613901,30807913353,3443478,3019173,412,
3584,613975,30807914043,3440693,3021089,380,
3489,614100,30807913484,3443961,3018311,419,
3487,613494,30807912459,3444698,3019184,442,
3506,614088,30807911972,3443928,3019844,426,
3482,614020,30807911902,3445501,3018456,403,
3465,614441,30807911305,3445077,3019093,383,
3613,614535,30807907630,3446904,3020687,395,
3528,614019,30807910028,3446831,3018986,372,
3486,613908,30807911761,3445852,3018346,411,
3615,613839,30807909022,3445332,3021549,407,
3432,613683,30807910940,3446037,3019226,446,
3422,615015,30807906381,3446003,3022511,432,
3447,614834,30807908295,3446175,3020617,396,
3458,614662,30807906684,3448166,3020396,398,
3515,614498,30807907832,3447027,3020514,378,
3642,614230,30807906591,3446719,3022150,432,
3458,613962,30807905373,3448978,3021593,400,
3629,613914,30807905455,3448516,3021858,392,
3513,614632,30807905569,3448647,3021015,388,
3407,614650,30807902905,3450062,3022325,415,
3447,614502,30807902995,3451286,3021141,393,
3508,614635,30807902232,3450906,3022053,430,
3517,615656,30807902343,3450128,3021728,392,
3509,614707,30807902356,3449331,3023457,404,
3474,614397,30807903421,3450772,3021302,398,
3419,614595,30807902987,3450889,3021505,369,
3357,614290,30807901463,3451325,3022929,400,
3385,614168,30807902120,3451557,3022163,371,
3447,614976,30807900951,3450287,3023669,434,
3513,615405,30807901225,3451823,3021398,400,
3488,613996,30807902203,3452518,3021166,393,
3261,615223,30807899498,3451156,3024224,402,
3346,614880,30807899382,3454612,3021157,387,
3494,615823,30807897844,3454765,3021409,429,
3413,615106,30807897857,3454041,3022955,392,
3408,615114,30807898406,3454642,3021823,371,
3423,614101,30807897829,3455153,3022882,376,
3453,614964,30807898731,3453032,3023163,421,
3452,615438,30807897625,3454173,3022710,366,
3443,614336,30807898079,3453436,3024097,373,
3353,614885,30807897181,3454785,3023185,375,
3380,615618,30807896560,3454278,3023571,357,
3421,614750,30807897658,3453656,3023847,432,
3341,614684,30807898307,3455482,3021589,361,
3310,615064,30807895352,3457795,3021852,391,
3427,615870,30807893431,3456118,3024526,392,
3300,614871,30807896238,3458670,3020321,364,
3431,615240,30807894909,3457075,3022734,375,
3276,615785,30807894007,3454743,3025568,385,
3347,615306,30807893650,3457111,3023979,371,
3349,614446,30807894620,3457458,3023522,369,
3220,615502,30807895908,3454714,3024047,373,
3266,614764,30807894712,3455008,3025617,397,
3275,615461,30807892988,3456265,3025398,377,
3403,615022,30807893841,3457625,3023509,364,
3260,615512,30807892597,3455815,3026226,354,
3400,614665,30807892559,3457359,3025403,378,
3391,615956,30807891443,3457956,3024608,410,
3394,615735,30807892817,3455860,3025598,360,
3311,615582,30807890382,3458413,3025665,411,
3232,614875,30807893482,3456575,3025211,389,
3337,615284,30807891409,3459123,3024187,424,
3235,615323,30807890560,3460968,3023313,365,
3275,616027,30807889476,3459512,3025123,351,
3255,615290,30807890964,3458324,3025542,389,
3313,614886,30807890199,3459850,3025153,363,
3318,615536,30807890044,3458682,3025811,373,
3366,614718,30807890492,3459520,3025306,362,
3266,616205,30807888415,3460754,3024753,371,
3322,614863,30807890836,3461024,3023333,386,
3382,615265,30807887874,3461943,3024906,394,
3366,616535,30807888794,3460302,3024358,409,
3252,615783,30807888299,3461313,3024726,391,
3273,615134,30807888903,3460979,3025104,371,
3293,615389,30807886741,3464082,3023881,378,
3403,615406,30807889579,3461268,3023714,394,
3324,615266,30807888877,3461285,3024612,400,
3307,615780,30807885807,3462581,3025910,379,
3296,614775,30807886911,3462977,3025434,371,
3263,616128,30807886285,3462681,3025048,359,
3202,615706,30807884760,3464536,3025173,387,
3303,615512,30807886666,3461963,3025935,385,
3230,616715,30807885553,3462410,3025478,378,
3180,615613,30807886659,3463627,3024323,362,
3305,615238,30807885377,3463601,3025843,400,
3279,616704,30807884407,3463141,3025851,382,
3295,616022,30807886061,3461545,3026446,395,
3190,615640,30807886466,3464875,3023232,361,
3225,615956,30807884315,3463352,3026564,352,
3233,615922,30807884715,3462675,3026840,379,
3183,615706,30807883407,3465469,3025619,380,
3221,615655,30807883995,3464953,3025567,373,
3214,616198,30807883935,3463283,3026766,368,
3206,615254,30807882349,3464454,3028110,391,
3185,616483,30807883142,3463566,3026990,398,
3359,615525,30807883806,3462769,3027940,365,
3261,614995,30807883842,3465156,3026118,392,
3160,616196,30807881067,3465307,3027642,392,
3186,615810,30807881564,3465339,3027444,421,
3280,616105,30807881684,3464518,3027813,364,
3289,616311,30807882382,3465370,3026076,336,
3221,615790,30807882375,3467035,3024984,359,
3212,616155,30807880982,3466430,3026636,349,
3148,616408,30807879939,3464874,3029045,350,
3174,616058,30807882255,3465146,3026790,341,
3079,616421,30807880431,3464782,3028680,371,
3244,616599,30807880430,3466319,3026811,361,
3311,616796,30807878862,3466318,3028092,385,
3220,615777,30807881547,3466049,3026787,384,
3227,615756,30807879488,3467746,3027181,366,
3318,616425,30807879662,3467208,3026795,356,
3205,616375,30807879260,3468506,3026065,353,
3212,615600,30807879921,3466654,3028013,364,
3268,615767,30807880527,3464879,3028965,358,
3217,616127,30807876391,3469007,3028610,412,
3198,616702,30807878943,3465831,3028780,310,
3279,616924,30807877909,3469529,3025760,363,
3154,616388,30807877426,3468776,3027651,369,
3261,615711,30807879969,3466961,3027528,334,
3193,617147,30807877081,3468435,3027559,349,
3122,615252,30807881603,3466439,3026969,379,
3206,616954,30807876080,3470295,3026842,387,
3208,616101,30807879464,3468548,3026094,349,
3178,615391,30807877506,3469797,3027527,365,
3217,614942,30807879207,3468907,3027138,353,
3201,615851,30807878733,3468546,3027056,377,
3152,616357,30807878739,3467092,3028070,354,
3083,616112,30807877185,3469109,3027899,376,
3244,616310,30807877784,3468652,3027409,365,
3279,616914,30807875659,3470448,3027093,371,
3163,616731,30807878033,3467740,3027741,356,
3239,617138,30807876256,3469129,3027608,394,
3275,616453,30807875854,3470488,3027334,360,
3278,616793,30807874754,3470253,3028351,335,
3198,617087,30807876387,3469593,3027159,340,
3212,615652,30807875846,3470582,3028134,338,
3093,614909,30807878639,3469748,3026998,377,
3182,615193,30807875255,3470962,3028860,312,
3123,616102,30807875624,3472411,3026174,330,
3150,615846,30807875158,3470407,3028845,358,
3149,616086,30807875262,3471637,3027265,365,
3148,615825,30807874184,3471367,3028880,360,
3163,616831,30807873831,3471019,3028585,335,
3064,616033,30807874238,3472827,3027206,396,
3210,616424,30807874506,3471291,3027961,372,
3162,616575,30807874566,3471963,3027143,355,
3190,616658,30807874085,3471179,3028286,366,
3156,615770,30807873151,3473575,3027775,337,
3136,617748,30807872673,3471415,3028420,372,
3184,615677,30807870854,3474827,3028860,362,
3182,616705,30807874465,3471695,3027337,380,
3155,616509,30807870461,3472421,3030832,386,
3144,616282,30807874545,3470328,3029132,333,
3269,616049,30807873129,3471560,3029426,331,
3128,616638,30807872611,3473480,3027567,340,
3055,616116,30807874006,3471265,3028943,379,
3051,615994,30807874212,3473098,3027061,348,
3154,616891,30807872683,3471188,3029485,363,
3134,616304,30807871245,3474690,3028051,340,
3063,616651,30807871165,3474207,3028337,341,
3155,616327,30807871893,3474433,3027612,344,
3206,616109,30807871969,3473571,3028523,386,
3099,616327,30807871942,3473849,3028214,333,
3165,617222,30807870894,3472807,3029322,354,
3061,615706,30807874064,3472071,3028488,374,
3161,616265,30807871503,3472211,3030291,333,
3171,616078,30807870873,3473524,3029752,366,
3159,616476,30807870139,3475797,3027818,375,
3154,616737,30807867303,3475483,3030716,371,
3123,616034,30807870461,3475089,3028696,361,
3091,616802,30807871242,3473444,3028810,375,
2998,616707,30807870270,3473591,3029851,347,
3058,615962,30807869667,3477492,3027241,344,
3155,616260,30807870456,3475599,3027890,404,
3093,617054,30807869532,3476522,3027190,373,
3052,616391,30807871020,3474826,3028140,335,
3120,617041,30807867450,3474013,3031790,350,
3097,617555,30807868217,3474927,3029592,376,
3089,615936,30807871278,3476164,3026982,315,
3123,616629,30807867813,3477700,3028158,341,
3047,616655,30807869771,3473822,3030128,341,
3104,616980,30807867692,3475798,3029856,334,
3127,617060,30807868325,3476898,3027961,392,
3018,616642,30807868762,3475292,3029715,335,
3197,615944,30807869446,3476382,3028443,352,
3074,617865,30807868457,3475616,3028382,370,
3080,616557,30807866467,3475483,3031813,364,
3025,616597,30807868844,3475751,3029200,347,
3107,617176,30807866355,3476083,3030697,346,
3086,616559,30807866959,3477893,3028934,333,
3145,617388,30807865865,3479046,3027953,367,
3168,615774,30807869953,3475324,3029182,363,
3017,617223,30807866746,3476469,3029941,368,
3128,616863,30807866720,3477799,3028887,367,
3171,616917,30807865882,3478085,3029375,334,
3096,617042,30807866381,3478168,3028738,339,
3073,617286,30807867118,3475372,3030567,348,
3090,616164,30807865788,3478379,3029970,373,
3066,616667,30807867219,3476962,3029498,352,
3115,616842,30807865799,3477295,3030352,361,
3037,616206,30807869107,3477201,3027855,358,
3027,616111,30807864995,3480430,3028831,370,
3034,614984,30807868495,3477101,3029780,370,
3088,617064,30807865290,3478311,3029662,349,
2931,617712,30807865313,3476712,3030768,328,
3036,616719,30807865442,3478296,3029939,332,
3027,616463,30807865547,3478984,3029381,362,
3108,617036,30807863841,3478014,3031422,343,
3158,616930,30807863403,3481400,3028513,360,
3002,616046,30807865289,3480532,3028530,365,
3043,616917,30807865069,3478146,3030262,327,
3039,616741,30807864741,3477896,3031019,328,
3031,616468,30807864498,3479881,3029545,341,
3060,616968,30807864468,3479879,3029040,349,
3031,616813,30807865663,3477146,3030748,363,
3030,617391,30807865134,3478354,3029488,367,
3031,617848,30807862181,3478956,3031412,336,
3113,617314,30807863535,3476802,3032638,362,
3059,616387,30807866386,3478861,3028712,359,
3101,617027,30807862402,3480007,3030878,349,
3059,617043,30807863827,3479142,3030334,359,
3027,616864,30807863667,3480100,3029728,378,
3137,616093,30807864059,3480271,3029837,367,
3045,617165,30807863825,3479399,3029972,358,
3057,616370,30807864042,3480081,3029858,355,
3008,616510,30807862744,3479989,3031183,330,
3073,617044,30807861554,3480166,3031559,368,
2954,617238,30807863519,3479470,3030241,342,
3011,616770,30807862021,3480539,3031066,357,
2987,616633,30807861704,3479750,3032309,381,
3009,617000,30807862801,3480406,3030191,357,
3009,617563,30807860978,3479178,3032672,364,
2971,616787,30807862013,3481387,3030241,365,
2915,618433,30807860943,3481139,3029999,335,
3055,617010,30807861864,3480456,3031020,359,
2990,616723,30807860763,3482635,3030299,354,
3015,617159,30807861120,3482058,3030037,375,
3072,617390,30807860063,3482279,3030579,381,
3147,617440,30807861673,3481045,3030112,347,
2963,616626,30807861666,3481904,3030262,343,
3094,617910,30807859820,3482116,3030476,348,
3121,616400,30807859927,3482644,3031320,352,
2989,617309,30807860222,3484566,3028305,373,
3011,616852,30807860940,3479843,3032774,344,
3049,616108,30807860405,3484433,3029435,334,
3063,616393,30807860140,3482440,3031400,328,
2972,617065,30807860596,3483298,3029478,355,
3047,617515,30807860156,3481093,3031590,363,
3086,617178,30807860413,3482079,3030668,340,
3012,616481,30807859841,3485270,3028820,340,
2976,617148,30807860897,3478829,3033556,358,
3018,617431,30807858707,3484254,3029984,370,
3095,616314,30807859893,3484458,3029674,330,
2994,616452,30807860070,3481858,3032053,337,
2944,616234,30807860935,3482796,3030522,333,
2975,617057,30807860823,3481757,3030775,377,
2972,617628,30807858039,3484241,3030545,339,
3114,617504,30807858255,3482091,3032481,319,
2922,617053,30807858329,3484054,3031078,328,
3045,616458,30807860469,3483822,3029626,344,
2972,617230,30807860190,3483677,3029345,350,
2958,617148,30807857584,3483758,3031956,360,
2901,617343,30807858500,3485030,3029634,356,
2982,617126,30807858038,3484800,3030467,351,
2994,617282,30807859155,3483765,3030238,330,
2898,617331,30807859170,3482260,3031778,327,
2956,617653,30807858596,3484627,3029602,330,
2946,617782,30807859605,3483285,3029776,370,
3029,617506,30807858488,3482568,3031815,358,
2906,618377,30807857004,3484385,3030741,351,
3030,617336,30807858239,3483426,3031389,344,
2882,616237,30807858845,3484241,3031203,356,
3023,617097,30807858099,3484503,3030665,377,
3015,616804,30807857661,3485171,3030784,329,
2897,617336,30807856572,3484784,3031832,343,
2979,616292,30807860056,3483717,3030365,355,
3046,617809,30807856634,3486206,3029712,357,
2998,617695,30807857243,3484234,3031264,330,
2947,618525,30807857835,3483115,3030972,370,
2966,616850,30807857136,3485009,3031480,323,
2958,617702,30807856958,3484308,3031495,343,
2934,617476,30807857102,3485270,3030652,330,
2988,617725,30807855191,3484742,3032728,390,
2973,618032,30807854528,3486512,3031358,361,
2876,616750,30807856627,3487310,3029858,343,
2957,617412,30807854413,3486788,3031819,375,
2935,618115,30807855074,3485987,3031328,325,
2964,617580,30807853581,3484463,3034792,384,
2963,617131,30807858195,3484662,3030475,338,
2860,617276,30807855367,3487374,3030532,355,
2949,617389,30807854575,3487465,3031028,358,
2931,618406,30807856168,3487316,3028607,336,
2978,618533,30807853713,3485758,3032451,331,
2913,618293,30807854281,3486449,3031450,378,
2884,617782,30807853568,3485739,3033451,340,
2995,617473,30807855609,3484233,3033103,351,
3019,618092,30807855206,3485419,3031698,330,
2883,617896,30807855612,3484964,3032046,363,
2935,617400,30807854271,3485576,3033246,336,
2942,617585,30807854732,3486475,3031691,339,
2926,617064,30807855321,3487426,3030682,345,
2889,617660,30807854166,3486797,3031941,311,
2987,617180,30807855557,3487209,3030475,356,
2908,617246,30807853062,3489238,3030956,354,
2923,617412,30807853839,3486608,3032651,331,
2946,616393,30807856969,3486602,3030500,354,
2958,617708,30807855729,3485402,3031648,319,
2902,617566,30807854333,3486504,3032120,339,
2851,617517,30807854078,3487008,3031986,324,
2920,617279,30807854282,3487717,3031225,341,
2882,617508,30807853439,3489328,3030267,340,
2844,618334,30807852856,3487215,3032141,374,
2851,617773,30807853611,3485732,3033427,370,
2919,616735,30807854127,3488780,3030841,362,
2957,617672,30807854258,3486277,3032279,321,
2891,618448,30807852665,3487023,3032350,387,
3056,617949,30807852053,3488373,3031983,350,
2901,616163,30807855870,3487516,3030952,362,
2922,617950,30807853826,3485920,3032801,345,
2887,618307,30807850272,3489718,3032228,352,
2855,618112,30807853917,3487228,3031294,358,
2842,617628,30807852222,3488807,3031910,355,
2962,617371,30807853136,3486651,3033308,336,
2810,618398,30807852480,3487214,3032506,356,
2923,617828,30807852158,3488502,3031999,354,
2938,617755,30807852355,3486791,3033556,369,
2843,617911,30807852202,3488751,3031732,325,
2934,618067,30807850604,3490449,3031373,337,
2814,618252,30807852669,3487163,3032513,353,
2945,617573,30807851967,3490108,3030836,335,
2949,619024,30807849555,3488333,3033566,337,
2873,618283,30807852571,3487357,3032311,369,
2874,617221,30807851906,3488896,3032518,349,
2896,617637,30807850664,3489174,3033077,316,
2838,618075,30807850959,3490596,3030954,342,
2829,618058,30807850508,3488383,3033661,325,
2915,618154,30807850464,3488926,3032974,331,
2913,616742,30807851993,3490761,3031008,347,
2947,617404,30807850091,3489979,3032989,354,
2859,617828,30807851024,3488293,3033407,353,
2913,617237,30807851522,3490752,3031003,337,
2940,618073,30807851015,3487889,3033495,352,
2886,617272,30807849763,3492358,3031146,339,
2889,617089,30807850315,3492236,3030913,322,
2915,617990,30807849414,3490432,3032663,350,
2883,616334,30807852359,3488809,3033012,367,
2924,618185,30807848612,3490864,3032842,337,
2906,616678,30807850908,3491336,3031581,355,
2912,618559,30807849107,3490882,3031967,337,
2897,617715,30807851584,3487711,3033484,373,
2896,617986,30807848118,3491907,3032534,323,
2907,617988,30807847635,3492749,3032167,318,
2952,618062,30807848649,3492106,3031682,313,
2967,618331,30807847029,3491548,3033525,364,
2963,617060,30807849821,3490888,3032696,336,
2939,617902,30807850570,3488399,3033616,338,
2881,618344,30807850118,3489501,3032591,329,
2839,618340,30807847535,3491520,3033192,338,
2892,617158,30807850003,3490946,3032426,339,
2877,617435,30807850785,3490012,3032299,356,
2882,617869,30807848711,3490454,3033499,349,
2852,618032,30807847678,3491424,3033417,361,
2846,618043,30807849670,3490856,3032057,292,
2867,618995,30807848198,3490633,3032732,339,
2911,617597,30807849272,3492134,3031536,314,
2812,618415,30807848057,3493359,3030776,345,
2857,617489,30807849481,3491828,3031764,345,
2882,618000,30807846643,3491484,3034419,336,
2820,617393,30807848883,3492533,3031753,382,
2819,618078,30807850359,3491020,3031122,366,
2859,618625,30807847122,3490923,3033874,361,
2936,617797,30807849066,3491417,3032193,355,
2844,618267,30807846914,3492699,3032669,371,
2854,618405,30807848777,3491773,3031578,377,
2878,618173,30807847966,3491264,3033143,340,
2772,617591,30807847392,3493029,3032667,313,
2887,617581,30807850126,3490539,3032273,358,
2852,618057,30807847231,3492744,3032550,330,
2805,618878,30807846785,3491917,3033013,366,
2876,617648,30807848982,3491518,3032412,328,
2824,618251,30807845883,3492111,3034363,332,
2888,617827,30807846945,3493845,3031886,373,
2861,617339,30807848753,3492790,3031691,330,
2852,618004,30807847701,3491442,3033422,341,
2788,617408,30807848597,3492122,3032514,335,
2885,617689,30807847200,3491327,3034344,319,
2850,617877,30807847162,3491681,3033831,363,
2813,618316,30807846025,3493637,3032627,346,
2832,617408,30807847926,3491168,3034113,317,
2862,617859,30807846222,3494775,3031690,356,
2774,618887,30807844301,3493045,3034395,362,
2882,618632,30807846682,3490858,3034330,380,
2808,618451,30807847102,3492430,3032614,359,
2864,618334,30807846596,3491359,3034250,361,
2882,617900,30807845559,3493414,3033677,332,
2903,618601,30807845754,3490820,3035341,345,
2855,617528,30807848452,3491614,3032987,328,
2790,617708,30807844559,3495186,3033167,354,
2776,618618,30807845353,3493420,3033239,358,
2871,618118,30807846292,3496010,3030146,327,
2828,619424,30807845469,3490793,3034912,338,
2824,618850,30807845848,3493012,3032893,337,
2776,618265,30807845619,3495179,3031585,340,
2856,617888,30807846904,3492323,3033446,347,
2885,618318,30807845058,3494022,3033161,320,
2826,617823,30807844541,3493521,3034723,330,
2730,618770,30807845224,3493726,3032966,348,
2912,618214,30807844664,3494057,3033560,357,
2928,616770,30807847603,3492964,3033144,355,
2731,618076,30807846303,3494083,3032258,313,
2793,617762,30807845663,3493436,3033775,335,
2766,619195,30807844167,3492785,3034494,357,
2824,618423,30807845210,3494417,3032582,308,
2738,618153,30807844192,3496279,3032078,324,
2743,618604,30807844891,3491577,3035617,332,
2961,617650,30807846944,3493531,3032320,358,
2783,618623,30807844768,3492791,3034480,319,
2789,619122,30807843310,3492930,3035270,343,
2781,619604,30807842770,3492333,3035948,328,
2824,617462,30807844896,3494801,3033452,329,
2924,617995,30807843736,3493061,3035737,311,
2775,618621,30807843632,3494729,3033682,325,
2907,618100,30807843736,3494469,3034212,340,
2758,617438,30807844183,3496028,3033017,340,
2809,618476,30807844002,3494919,3033223,335,
2900,617702,30807842427,3496318,3034057,360,
2869,619022,30807843924,3494505,3033137,307,
2819,617722,30807844402,3495120,3033383,318,
2786,618542,30807841837,3494998,3035260,341,
2834,618402,30807843059,3496298,3032826,345,
2813,618612,30807843426,3493450,3035125,338,
2803,618727,30807843236,3493484,3035158,356,
2818,618359,30807842769,3496707,3032798,313,
2849,618615,30807842345,3494287,3035338,330,
2767,618068,30807843756,3496491,3032330,352,
2748,618353,30807842696,3496499,3033146,322,
2804,618017,30807843376,3496090,3033130,347,
2752,618436,30807842399,3497326,3032524,327,
2887,617631,30807843421,3496678,3032780,367,
2739,617986,30807842999,3497317,3032404,319,
2845,619214,30807841236,3495255,3034868,346,
2816,618400,30807843157,3495745,3033298,348,
2812,617713,30807841840,3496862,3034180,357,
2733,618024,30807842799,3495486,3034347,375,
2827,618112,30807841525,3495502,3035479,318,
2725,619458,30807842943,3493145,3035157,336,
2736,618187,30807842175,3496087,3034233,346,
2788,618387,30807841746,3497666,3032842,335,
2736,618634,30807841686,3496072,3034309,327,
2793,618548,30807843665,3496121,3032310,327,
2861,619060,30807840694,3495510,3035304,335,
2794,618059,30807843411,3496598,3032562,340,
2785,618880,30807840818,3496215,3034707,359,
2796,618781,30807841623,3496262,3033984,318,
2730,618189,30807839325,3497550,3035651,319,
2809,618478,30807840601,3496300,3035230,346,
2827,617778,30807843097,3493962,3035760,340,
2747,618023,30807842246,3495562,3034860,326,
2808,618272,30807841426,3496762,3034148,348,
2760,618198,30807839962,3497849,3034681,314,
2777,617857,30807840781,3498287,3033742,320,
2830,618308,30807836600,3499556,3036170,300,
2859,618415,30807840618,3499630,3031893,349,
2805,618970,30807840824,3495284,3035564,317,
2762,618180,30807841856,3496032,3034634,300,
2737,618982,30807839607,3499900,3032218,320,
2779,618038,30807841178,3495401,3036038,330,
2759,618790,30807839734,3495918,3036229,334,
2729,618442,30807838782,3497865,3035605,341,
2711,619103,30807840085,3498462,3033071,332,
2745,618660,30807840405,3497086,3034519,349,
2759,619051,30807839668,3498978,3032950,358,
2768,618123,30807839911,3498584,3034035,343,
2757,618894,30807839669,3497475,3034621,348,
2783,618568,30807839217,3496912,3035942,342,
2728,619029,30807840286,3497474,3033926,321,
2749,619364,30807837714,3496040,3037559,338,
2744,617998,30807840487,3498866,3033344,325,
2818,617470,30807840817,3496695,3035630,334,
2788,619331,30807837076,3500447,3033806,316,
2799,618448,30807838918,3497694,3035547,358,
2784,618394,30807837948,3499142,3035153,343,
2791,618463,30807840497,3499824,3031846,343,
2789,617507,30807839266,3498852,3035032,318,
2765,618944,30807839072,3497208,3035435,340,
2664,618996,30807839335,3498983,3033470,316,
2846,619810,30807838283,3498682,3033801,342,
2705,619046,30807839275,3499401,3033009,328,
2770,618842,30807839677,3498314,3033808,353,
2764,619266,30807836411,3498166,3036804,353,
2699,617714,30807840659,3499311,3033066,315,
2767,618552,30807838070,3497648,3036377,350,
2788,617961,30807839938,3499618,3033132,327,
2738,619074,30807837614,3498535,3035454,349,
2777,617947,30807838061,3500740,3033896,343,
2759,617823,30807839485,3498353,3035045,299,
2745,618218,30807838256,3498741,3035451,353,
2746,618622,30807838995,3497199,3035856,346,
2810,618627,30807838040,3499424,3034532,331,
2821,619309,30807836318,3500870,3034093,353,
2700,618754,30807839063,3499900,3033009,338,
2734,619294,30807836862,3498294,3036232,348,
2813,618670,30807837009,3501853,3033067,352,
2766,618846,30807837792,3498994,3035036,330,
2691,618479,30807836972,3501629,3033684,309,
2834,618154,30807838202,3498758,3035485,331,
2767,619565,30807838286,3498022,3034800,324,
2815,618223,30807837828,3500413,3034166,319,
2768,619354,30807837512,3498600,3035184,346,
2809,618971,30807837711,3498116,3035811,345,
2709,618965,30807836544,3500344,3034889,313,
2762,618934,30807837852,3499362,3034542,312,
2750,618678,30807838446,3497706,3035864,320,
2688,618712,30807837810,3497746,3036498,310,
2710,619661,30807836435,3499281,3035375,302,
2677,619737,30807835915,3499545,3035606,284,
2746,619666,30807837070,3498432,3035519,331,
2720,618457,30807837253,3500792,3034244,298,
2716,619083,30807837586,3499321,3034720,338,
2749,618395,30807838146,3497620,3036532,322,
2703,618897,30807836887,3501934,3033016,327,
2683,618115,30807836620,3501695,3034312,339,
2761,618816,30807836256,3500582,3034984,365,
2674,619079,30807836250,3499709,3035732,320,
2623,618928,30807836019,3501597,3034248,349,
2691,619055,30807838331,3498869,3034476,342,
2628,619789,30807836331,3500925,3033755,336,
2734,619489,30807836327,3498264,3036590,360,
2732,619702,30807834488,3501366,3035148,328,
2677,618805,30807836698,3500405,3034861,318,
2729,618544,30807836269,3500589,3035301,332,
2724,619185,30807835439,3499912,3036149,355,
2669,618943,30807837506,3499939,3034333,374,
2702,618987,30807835066,3502433,3034258,318,
2779,619886,30807833039,3500735,3036994,331,
2746,618518,30807836549,3499711,3035922,318,
2641,618779,30807835325,3502316,3034390,313,
2699,618370,30807836714,3501154,3034526,301,
2684,619284,30807834420,3500581,3036440,355,
2661,618994,30807836147,3502086,3033549,327,
2822,618712,30807836163,3499533,3036191,343,
2763,618728,30807836047,3503701,3032178,347,
2698,619511,30807834621,3502055,3034528,351,
2674,619108,30807835795,3499679,3036180,328,
2690,619159,30807834815,3502035,3034732,333,
2689,618931,30807834958,3501859,3034977,350,
2704,619444,30807834078,3501073,3036131,334,
2716,619373,30807831846,3503466,3036059,304,
2625,618696,30807835071,3502678,3034350,344,
2691,618962,30807835859,3501611,3034348,293,
2767,619474,30807832550,3501908,3036739,326,
2667,618921,30807833942,3504222,3033667,345,
2752,618249,30807835190,3503459,3033770,344,
2722,619328,30807834292,3502824,3034273,325,
2628,618941,30807833919,3502358,3035555,363,
2745,618854,30807832981,3501734,3037077,373,
2739,619359,30807834266,3504732,3032341,327,
2667,619085,30807832991,3501659,3037030,332,
2728,618581,30807833929,3503746,3034458,322,
2647,619933,30807833037,3501077,3036736,334,
2649,619101,30807833070,3502192,3036429,323,
2698,619444,30807831298,3501926,3038089,309,
2696,619036,30807834466,3504404,3032855,307,
2712,618901,30807834289,3500991,3036539,332,
2755,618613,30807835001,3501914,3035155,326,
2754,619344,30807833435,3501467,3036424,340,
2639,618749,30807832932,3503188,3035941,315,
2674,619295,30807834630,3501858,3034956,351,
2686,618687,30807833468,3503508,3035110,305,
2756,620002,30807832391,3502252,3036041,322,
2661,619804,30807832878,3500829,3037256,336,
2664,618738,30807833744,3504901,3033377,340,
2751,619488,30807833851,3501911,3035428,335,
2595,617991,30807834427,3501946,3036494,311,
2667,618505,30807833527,3502224,3036499,342,
2579,617721,30807834984,3502045,3036100,335,
2679,619992,30807831888,3504147,3034761,297,
2690,619043,30807833313,3504809,3033559,350,
2671,619575,30807832317,3504075,3034804,322,
2844,620043,30807829755,3505067,3035718,337,
2677,619150,30807832579,3502885,3036154,319,
2666,618202,30807833552,3503229,3035782,333,
2651,618510,30807834494,3502189,3035582,338,
2640,619082,30807833082,3502986,3035633,341,
2589,618406,30807833882,3502999,3035544,341,
2626,620038,30807831413,3502814,3036545,328,
2658,619020,30807832377,3505222,3034168,319,
2673,619466,30807832547,3502151,3036569,358,
2679,619454,30807830548,3503933,3036811,339,
2691,617103,30807835484,3503375,3034790,321,
2617,619171,30807833300,3504385,3033972,319,
2741,619544,30807831162,3502725,3037245,347,
2567,618719,30807832273,3503305,3036577,323,
2673,618833,30807833348,3504316,3034240,354,
2722,618891,30807829265,3505788,3036763,335,
2637,618386,30807833817,3503567,3035037,320,
2605,618851,30807833140,3503400,3035438,330,
2678,619169,30807831950,3503069,3036572,326,
2735,619251,30807832161,3501528,3037748,341,
2692,618804,30807831496,3504698,3035731,343,
2616,619812,30807831216,3503454,3036371,295,
2567,619323,30807831852,3503421,3036293,308,
2715,619326,30807831111,3505011,3035258,343,
2703,620683,30807830156,3502432,3037464,326,
2596,618878,30807831102,3505605,3035230,353,
2672,619528,30807829751,3507280,3034224,309,
2639,619549,30807829191,3505792,3036257,336,
2625,619101,30807832215,3504053,3035429,341,
2649,619539,30807831088,3503529,3036625,334,
2708,619962,30807828848,3504679,3037268,299,
2697,619362,30807829852,3505566,3035948,339,
2739,619358,30807829953,3505966,3035402,346,
2561,618739,30807832056,3503291,3036784,333,
2615,619072,30807830508,3506285,3034948,336,
2736,619411,30807830612,3504900,3035784,321,
2608,619338,30807830941,3505558,3034994,325,
2644,619732,30807830417,3505019,3035619,333,
2676,618833,30807830627,3504702,3036588,338,
2719,620124,30807828651,3504313,3037607,350,
2592,618517,30807831819,3506343,3034163,330,
2677,619805,30807829539,3502685,3038723,335,
2673,619191,30807830398,3505995,3035172,335,
2742,619734,30807829591,3505032,3036325,340,
2634,618721,30807830530,3506378,3035166,335,
2691,618329,30807831920,3505559,3034980,285,
2685,619625,30807829033,3504225,3037891,305,
2669,619064,30807830208,3504852,3036667,304,
2619,619416,30807830078,3504563,3036750,338,
2611,619289,30807830803,3503926,3036852,283,
2638,619816,30807828768,3504927,3037299,316,
2637,619905,30807831849,3503008,3036052,313,
2681,619661,30807829393,3506144,3035574,311,
2659,618856,30807830700,3506145,3035082,322,
2704,619388,30807828553,3504950,3037813,356,
2623,619927,30807829962,3505618,3035302,332,
2662,618736,30807829015,3506057,3036937,357,
2591,618994,30807829821,3507688,3034347,323,
2683,618981,30807830317,3504927,3036502,354,
2629,619255,30807829653,3505386,3036505,336,
2627,618164,30807830849,3505589,3036236,299,
2602,619272,30807828374,3507588,3035612,316,
2645,619354,30807827233,3507221,3036985,326,
2691,618712,30807827965,3506088,3037990,318,
2667,619277,30807827984,3505955,3037558,323,
2709,619695,30807829071,3506434,3035510,345,
2562,618858,30807830782,3504819,3036413,330,
2651,619736,30807828152,3506543,3036341,341,
2605,619419,30807830988,3503191,3037248,313,
2691,620000,30807827002,3508331,3035437,303,
2664,619849,30807827580,3506189,3037144,338,
2570,620014,30807825991,3508035,3036876,278,
2584,619072,30807830998,3505854,3034942,314,
2649,619802,30807827725,3506905,3036365,318,
2580,619330,30807828848,3505706,3036974,326,
2563,619159,30807828281,3507104,3036332,325,
2683,619040,30807827831,3507100,3036779,331,
2709,619122,30807828528,3506252,3036806,347,
2514,619535,30807826722,3508019,3036647,327,
2740,619632,30807828538,3506836,3035688,330,
2676,620133,30807827315,3507601,3035711,328,
2674,620618,30807826747,3506090,3037281,354,
2616,619097,30807827126,3507983,3036631,311,
2615,619849,30807826076,3508399,3036520,305,
2641,620163,30807827521,3507075,3036030,334,
2621,620244,30807826315,3508961,3035311,312,
2640,619293,30807828627,3507484,3035426,294,
2640,619284,30807825752,3507768,3038004,316,
2686,619385,30807828248,3506994,3036139,312,
2566,619594,30807826158,3507651,3037486,309,
2658,620096,30807826356,3509191,3035150,313,
2614,619132,30807827414,3507999,3036276,329,
2560,619764,30807828776,3507650,3034718,296,
2574,620054,30807826613,3507847,3036344,332,
2557,619477,30807826483,3510621,3034283,343,
2573,619708,30807826994,3505641,3038529,319,
2555,620087,30807825169,3510193,3035453,307,
2595,619132,30807826722,3509482,3035526,307,
2704,619730,30807827948,3507816,3035228,338,
2593,619614,30807826928,3507745,3036575,309,
2584,619270,30807825785,3509945,3035845,335,
2493,618807,30807828624,3509083,3034431,326,
2625,619654,30807825501,3508559,3037100,325,
2678,619762,30807826480,3509225,3035268,351,
2660,619402,30807825693,3507626,3038046,337,
2690,619141,30807825436,3508445,3037713,339,
2618,619688,30807825484,3507946,3037726,302,
2589,620100,30807824336,3508621,3037771,347,
2627,619835,30807827500,3505117,3038390,295,
2718,619958,30807824931,3507177,3038641,339,
2634,618549,30807827784,3510177,3034279,341,
2545,620966,30807821408,3510694,3037852,299,
2622,619881,30807824666,3508326,3037913,356,
2692,618725,30807826166,3508134,3037740,307,
2623,619451,30807825931,3508727,3036649,383,
2542,618616,30807826927,3508889,3036456,334,
2492,620948,30807823079,3508838,3038091,316,
2666,619781,30807825673,3506917,3038440,287,
2564,620685,30807825111,3508299,3036787,318,
2529,619193,30807827499,3508536,3035667,340,
2667,619593,30807824414,3509128,3037649,313,
2611,619932,30807826548,3507383,3036999,291,
2553,618488,30807825913,3510332,3036152,326,
2566,619697,30807823104,3511720,3036328,349,
2549,620232,30807825807,3506924,3037907,345,
2594,620263,30807824612,3509305,3036661,329,
2451,619742,30807823953,3510584,3036710,324,
2608,619462,30807824842,3508294,3038260,298,
2516,620548,30807824788,3509303,3036292,317,
2592,620451,30807825966,3507863,3036526,366,
2577,618903,30807824221,3512927,3034812,324,
2642,619180,30807824696,3507373,3039546,327,
2644,618755,30807824733,3510090,3037231,311,
2644,618571,30807824888,3511735,3035601,325,
2513,620126,30807824544,3508687,3037552,342,
2513,619934,30807824166,3511325,3035497,329,
2500,619547,30807826983,3507545,3036857,332,
2579,619542,30807823807,3510586,3036930,320,
2603,619599,30807824119,3511119,3036013,311,
2578,620525,30807824500,3510095,3035739,327,
2572,619430,30807823832,3511603,3036016,311,
2541,618968,30807823793,3512455,3035677,330,
2642,619132,30807824703,3512400,3034585,302,
2516,619614,30807823909,3509322,3038088,315,
2560,619871,30807821786,3510685,3038544,318,
2568,619455,30807824677,3511253,3035517,294,
2576,620206,30807824047,3510379,3036260,296,
2567,620044,30807822627,3509632,3038582,312,
2575,619265,30807824102,3509762,3037747,313,
2622,619008,30807823645,3512434,3035723,332,
2532,619872,30807824017,3509756,3037249,338,
2573,619322,30807827042,3509333,3035176,318,
2555,619993,30807824948,3509363,3036593,312,
2622,620195,30807822492,3511417,3036725,313,
2535,620857,30807824102,3507413,3038558,299,
2514,618998,30807823157,3511721,3037025,349,
2595,619263,30807822427,3512679,3036499,301,
2538,619839,30807823677,3510690,3036705,315,
2567,618996,30807825265,3509917,3036690,329,
2509,620189,30807822402,3510088,3038245,331,
2543,619773,30807821410,3512105,3037628,305,
2540,620351,30807822348,3510487,3037694,344,
2513,619576,30807822371,3512766,3036175,363,
2563,619516,30807823017,3510050,3038278,340,
2577,620776,30807821356,3510673,3038010,372,
2539,618810,30807822739,3512992,3036320,364,
2578,619776,30807822059,3509110,3039907,334,
2431,619073,30807825516,3508991,3037430,323,
2642,618844,30807823807,3510280,3037866,325,
2497,621138,30807820489,3511290,3038021,329,
2525,619878,30807822454,3511939,3036622,346,
2491,620289,30807821260,3511048,3038345,331,
2570,619247,30807823400,3512717,3035510,319,
2616,619342,30807822552,3512333,3036624,297,
2412,619879,30807822045,3513013,3036105,310,
2619,620330,30807822034,3511312,3037119,350,
2601,620069,30807821377,3511711,3037695,311,
2560,620165,30807822794,3511549,3036335,361,
2542,619517,30807822225,3513064,3036104,312,
2571,619986,30807822886,3510021,3038007,293,
2543,619927,30807821995,3510816,3038171,312,
2520,620023,30807821727,3511760,3037403,331,
2506,620090,30807821724,3510070,3039058,316,
2494,620919,30807821348,3512520,3036180,303,
2608,620123,30807821397,3512580,3036756,300,
2492,621044,30807819990,3512109,3037826,303,
2571,620485,30807821199,3510326,3038866,317,
2550,620043,30807821361,3512239,3037260,311,
2509,619617,30807820316,3512445,3038544,333,
2568,619395,30807821797,3512314,3037385,305,
2605,620973,30807818865,3512139,3038865,317,
2510,619426,30807822005,3512359,3037137,327,
2613,619271,30807822211,3511678,3037651,340,
2532,619990,30807821344,3512663,3036901,334,
2600,619468,30807821114,3512408,3037876,298,
2564,620588,30807819395,3512153,3038737,327,
2517,621471,30807820379,3511150,3037938,309,
2576,620542,30807819539,3515152,3035625,330,
2598,620200,30807819897,3513033,3037718,318,
2480,620168,30807821783,3511144,3037879,310,
2421,620198,30807821893,3512043,3036896,313,
2466,620314,30807821751,3512422,3036522,289,
2531,619393,30807821384,3513840,3036308,308,
2624,619959,30807821374,3513112,3036405,290,
2520,619689,30807820931,3512449,3037854,321,
2585,620940,30807819242,3512466,3038199,332,
2576,620169,30807819694,3513257,3037770,298,
2550,620321,30807819746,3512624,3038217,306,
2523,620785,30807820721,3512181,3037265,289,
2606,620197,30807818560,3514391,3037688,322,
2556,620467,30807821600,3512278,3036544,319,
2481,620548,30807817766,3514149,3038514,306,
2572,619111,30807821724,3513822,3036185,350,
2621,619677,30807820378,3514756,3036044,288,
2622,619784,30807821698,3509547,3039813,300,
2525,619178,30807819552,3515150,3037031,328,
2602,620623,30807818302,3515035,3036889,313,
2572,619537,30807819951,3512714,3038663,327,
2646,619639,30807819839,3510885,3040423,332,
2563,619791,30807820261,3515735,3035112,302,
2602,619247,30807821320,3512002,3038267,326,
2531,619010,30807818602,3515254,3038056,311,
2582,619817,30807819859,3513110,3038099,297,
2526,620190,30807818833,3514845,3037074,296,
2598,619010,30807820033,3515425,3036370,328,
2563,620301,30807820205,3511205,3039159,331,
2523,619409,30807819138,3514060,3038321,313,
2556,617617,30807823008,3513204,3037065,314,
2495,620175,30807816840,3514423,3039556,275,
2577,621223,30807817496,3514243,3037863,362,
2515,620084,30807818997,3513002,3038820,346,
2570,621003,30807817275,3514240,3038361,315,
2506,620024,30807818269,3516380,3036242,343,
2610,619653,30807819548,3515758,3035892,303,
2467,619883,30807817936,3515636,3037512,330,
2451,620045,30807819859,3513732,3037381,296,
2559,620052,30807817475,3516637,3036754,287,
2528,619599,30807819521,3514992,3036828,296,
2512,619811,30807819812,3512744,3038568,317,
2498,620063,30807820125,3514290,3036469,319,
2555,620597,30807817177,3514065,3039024,346,
2455,619812,30807817284,3514747,3039122,344,
2523,619667,30807816907,3515897,3038489,281,
2585,619543,30807817589,3515409,3038323,315,
2510,619829,30807818290,3516245,3036572,318,
2525,619668,30807818894,3515362,3036991,324,
2583,619645,30807816376,3516112,3038732,316,
2485,620062,30807817000,3516107,3037822,288,
2545,619225,30807818525,3515094,3038064,311,
2577,619860,30807818175,3514552,3038268,332,
2567,620017,30807818596,3513825,3038432,327,
2602,620946,30807818653,3513673,3037580,310,
2545,620003,30807817745,3515265,3037907,299,
2657,620049,30807818114,3512733,3039897,314,
2514,619678,30807819334,3513760,3038175,303,
2625,620083,30807817815,3514834,3038095,312,
2493,619589,30807817426,3515568,3038372,316,
2474,619893,30807817078,3517086,3036907,326,
2563,620091,30807816724,3513643,3040443,300,
2560,619841,30807816996,3517040,3037039,288,
2491,620010,30807818706,3514968,3037281,307,
2547,620249,30807814657,3516632,3039334,345,
2446,620364,30807817043,3515688,3037932,291,
2487,620345,30807816520,3514242,3039861,309,
2494,619052,30807818909,3515844,3037156,309,
2462,619857,30807817029,3515806,3038297,313,
2532,620013,30807818330,3513946,3038608,335,
2490,620149,30807817384,3514740,3038666,335,
2535,620276,30807817709,3515697,3037228,319,
2576,620894,30807815135,3516982,3037863,314,
2482,619996,30807817611,3515667,3037694,314,
2397,620455,30807818759,3512322,3039547,284,
2541,620084,30807817088,3516574,3037155,322,
2512,620752,30807815211,3517300,3037661,328,
2418,618371,30807817746,3515433,3039490,306,
2518,620223,30807817918,3513053,3039727,325,
2537,620958,30807814639,3516505,3038818,307,
2477,620233,30807816720,3515819,3038206,309,
2518,619057,30807816890,3516051,3038928,320,
2522,620260,30807818568,3514349,3037767,298,
2515,619519,30807816145,3517219,3038041,325,
2459,619529,30807818336,3514153,3038965,322,
2540,621353,30807815820,3514773,3038955,323,
2451,620022,30807817216,3515302,3038463,310,
2518,619918,30807816355,3514916,3039724,333,
2509,620601,30807817644,3516234,3036476,300,
2428,620049,30807816462,3517256,3037271,298,
2510,620265,30807814813,3517592,3038270,314,
2510,619521,30807818684,3515131,3037570,348,
2470,620170,30807815989,3515718,3039105,312,
2428,620207,30807815471,3519353,3035964,341,
2452,619837,30807815777,3515860,3039470,368,
2490,620766,30807815793,3516389,3037993,333,
2423,620471,30807817762,3513407,3039368,333,
2416,620125,30807814570,3515796,3040540,317,
2497,619759,30807815766,3517132,3038306,304,
2555,620333,30807815318,3517971,3037269,318,
2541,619610,30807817367,3515994,3037941,311,
2529,620850,30807815880,3515132,3039046,327,
2525,621312,30807813480,3516966,3039148,333,
2513,620165,30807814584,3517721,3038438,343,
2492,619631,30807815117,3519521,3036709,294,
2494,619993,30807815117,3516847,3039007,306,
2471,621070,30807814360,3517779,3037759,325,
2497,619464,30807814438,3518340,3038693,332,
2537,620538,30807814257,3515436,3040687,309,
2498,620406,30807815771,3515784,3038961,344,
2503,619651,30807815569,3516994,3038701,346,
2475,620475,30807816929,3515204,3038350,331,
2486,620675,30807813650,3514541,3042085,325,
2522,620552,30807814941,3517254,3038164,331,
2462,621213,30807816018,3516017,3037736,318,
2492,620099,30807815125,3515788,3039941,319,
2606,620865,30807813040,3521006,3035902,345,
2541,620619,30807814872,3515994,3039407,331,
2477,619945,30807815088,3518744,3037191,319,
2528,620645,30807812159,3517552,3040590,290,
2500,619837,30807815022,3517992,3038093,320,
2423,621003,30807813434,3517675,3038914,315,
2502,621075,30807814249,3517397,3038224,317,
2489,621402,30807811621,3518234,3039708,310,
2429,620863,30807813825,3517709,3038639,299,
2387,620868,30807814241,3518102,3037841,325,
2407,620198,30807814749,3515799,3040289,322,
2516,620537,30807813421,3518943,3038025,322,
2506,620431,30807816134,3517704,3036680,309,
2482,620619,30807813381,3516853,3040144,285,
2546,620686,30807815516,3517375,3037300,341,
