5725,26506,879224087,230633,227721,928,
5665,44479,879059563,301842,303124,927,
3730,54785,878987052,330710,338498,825,
2596,57027,878963198,356010,336017,752,
2177,58121,878950268,366212,338081,741,
1848,59321,878941859,369765,342100,707,
1739,59505,878937001,373091,343552,712,
1594,60182,878933866,374210,345048,700,
1452,60374,878931575,376244,345222,733,
1374,60496,878931062,377270,344710,688,
1382,60554,878929473,378483,345015,693,
1329,60245,878928639,380608,344115,664,
1208,60434,878928145,380944,344200,669,
1266,60437,878927841,381081,344313,662,
1288,60871,878926346,381454,344955,686,
1175,60516,878926853,381521,344826,709,
1184,60942,878926406,381461,344921,686,
1197,60219,878925893,382816,344831,644,
1156,60550,878925592,382870,344802,630,
1210,60808,878924998,382180,345759,645,
1132,60738,878924877,383699,344430,724,
1188,60908,878924592,383131,345113,668,
1142,60713,878924392,383536,345138,679,
1157,60785,878923659,384089,345265,645,
1138,60506,878923900,383804,345620,632,
1172,60580,878923472,384517,345268,591,
1124,60612,878923794,383696,345708,666,
1141,60880,878923584,383639,345678,678,
1124,60826,878923057,384691,345259,643,
1108,60718,878923102,384132,345902,638,
1080,60680,878923462,384204,345500,674,
1103,61080,878922725,384045,345998,649,
1047,61069,878922544,384273,346071,596,
1107,60727,878922681,384764,345693,628,
1137,60820,878922406,384435,346175,627,
1103,60674,878922608,385046,345497,672,
1109,60693,878922484,385055,345599,660,
1066,60870,878921880,385043,346100,641,
1114,60800,878921946,384882,346224,634,
1058,60941,878921598,385123,346205,675,
1057,60986,878922252,384233,346427,645,
1102,60749,878921505,385071,346544,629,
1069,60880,878921907,385217,345899,628,
1083,60711,878921997,385734,345454,621,
1092,60894,878921424,385310,346210,670,
1089,61144,878921152,385162,346415,638,
1026,60851,878922015,385292,345767,649,
1114,60580,878921401,385315,346559,631,
1079,60997,878921188,384839,346842,655,
1076,61063,878921302,385262,346241,656,
1101,60859,878921458,385696,345837,649,
1038,60926,878921439,385365,346173,659,
1064,61032,878921254,384665,346984,601,
1111,60702,878921280,385640,346237,630,
1018,61114,878921027,386201,345654,586,
1052,60682,878921090,386005,346158,613,
1074,60905,878920984,385577,346398,662,
1075,61131,878920954,385884,345942,614,
1098,60744,878921082,385197,346854,625,
1077,60867,878920898,385741,346434,583,
1027,60713,878921247,385324,346676,613,
1037,61052,878920424,385767,346727,593,
1096,60978,878920444,385422,347040,620,
1015,60564,878921013,385833,346549,626,
1029,60979,878920589,385586,346763,654,
1035,61081,878920919,385182,346757,626,
1044,60840,878920690,385717,346689,620,
1089,60690,878920573,385850,346793,605,
1033,60933,878921232,385156,346623,623,
1113,60833,878920771,385690,346603,590,
1065,60843,878920407,385648,347004,633,
1037,60766,878920900,386152,346081,664,
1018,60532,878921281,385741,346397,631,
1071,60773,878920855,385672,346628,601,
1015,61127,878920395,385826,346628,609,
1034,61104,878919885,386143,346857,577,
1053,60915,878920324,385799,346917,592,
1002,60818,878920968,386278,345906,626,
1049,61216,878919797,386400,346525,613,
1088,60992,878920089,386509,346302,620,
1097,60882,878920156,386478,346363,624,
1035,61264,878920149,385543,347011,598,
1088,60943,878920089,386145,346689,646,
1027,60952,878920265,385928,346825,603,
1046,60894,878920734,386087,346244,595,
1002,60736,878920249,386831,346150,632,
991,60859,878920705,385860,346562,623,
1036,61150,878920232,385893,346669,620,
1040,60695,878920219,386874,346161,611,
1026,61120,878920391,385893,346583,587,
1037,60921,878919883,386641,346485,633,
1010,61241,878920338,386308,346056,647,
1035,61323,878919744,386441,346443,614,
991,61075,878920165,385496,347264,609,
1053,61205,878919423,386077,347240,602,
1036,61188,878920309,386784,345655,628,
1097,61040,878919821,386512,346530,600,
1041,60969,878920379,385787,346812,612,
1061,61103,878920509,385667,346637,623,
1047,61004,878919561,386616,346738,634,
1024,60992,878920111,385792,347059,622,
1049,61174,878919219,386683,346858,617,
980,61416,878919849,385672,347088,595,
1041,60815,878920240,385736,347135,633,
1032,61015,878919775,386101,347042,635,
1022,61095,878919772,386151,346923,637,
1045,60993,878919834,386519,346573,636,
1037,60786,878920298,386023,346831,625,
1047,60790,878919890,386294,346965,614,
1006,60965,878919520,386995,346544,570,
1050,61079,878919624,385824,347397,626,
1048,60955,878919519,387005,346461,612,
1047,61063,878919444,386591,346810,645,
1032,60953,878919529,386342,347118,626,
1049,60996,878919265,386807,346869,614,
1049,60744,878920152,385516,347475,664,
992,61016,878919429,386543,346975,645,
1004,60981,878919684,386476,346792,663,
1051,61189,878919624,386223,346890,623,
1028,60890,878919415,386683,346925,659,
984,60925,878919537,386854,346651,649,
1014,61279,878919738,385293,347668,608,
1017,61249,878919311,386802,346576,645,
1011,61323,878919502,386313,346853,598,
1053,60872,878919712,386443,346905,615,
1041,61054,878919394,386482,347031,598,
1032,60945,878920041,386335,346641,606,
1056,60806,878919849,386703,346558,628,
986,61030,878919497,386469,347036,582,
1038,61102,878919628,386920,346311,601,
1020,61043,878919880,386505,346500,652,
984,60923,878919571,387230,346309,583,
1019,60888,878919698,386559,346826,610,
994,60994,878919176,386677,347146,613,
1048,61391,878919141,387019,346387,614,
1000,61135,878919312,387323,346167,663,
1003,60834,878919686,386312,347176,589,
1032,61133,878919155,387224,346441,615,
976,61356,878919262,386153,347256,597,
1024,60829,878919571,387350,346231,595,
1031,60932,878919721,386076,347234,606,
1066,61061,878919460,386320,347080,613,
982,61231,878919291,386213,347252,631,
993,60927,878919630,386646,346796,608,
1067,61041,878919493,385773,347641,585,
1086,61290,878919138,386655,346825,606,
1024,61192,878918836,387141,346805,602,
1032,61396,878919067,386943,346547,615,
1040,60669,878919752,387237,346307,595,
1062,61127,878918838,386237,347733,603,
997,60994,878919361,386179,347407,662,
1025,60828,878919598,386785,346746,618,
1039,61156,878919280,386040,347463,622,
1030,61162,878919282,386464,347064,598,
1039,60962,878919300,387670,346059,570,
997,61083,878919409,385986,347505,620,
994,61175,878919365,386428,347069,569,
1026,61117,878918959,386655,347237,606,
1026,60907,878919230,386825,347025,587,
1021,61181,878919039,386878,346899,582,
1011,61198,878919245,386531,347060,555,
1016,60939,878919365,386503,347201,576,
1008,61242,878919543,386575,346641,591,
1053,60994,878919237,386515,347177,624,
1050,61003,878919165,386446,347334,602,
1023,60881,878919815,386715,346574,592,
1069,60759,878919424,386873,346835,640,
1000,61121,878918856,387009,346996,618,
992,61253,878918571,386775,347382,627,
1059,61010,878918914,386630,347371,616,
1006,61433,878919207,386638,346698,618,
1037,60979,878919187,386794,347003,600,
1048,60980,878919381,386383,347195,613,
979,61219,878918729,387368,346712,593,
1044,61163,878919194,386550,347029,620,
997,60833,878919833,386481,346851,605,
1032,60988,878919255,386381,347317,627,
1038,60965,878918596,387513,346900,588,
979,60987,878918842,386994,347211,587,
996,60987,878919206,387176,346618,617,
999,61129,878919221,386747,346929,575,
1021,61072,878918679,387210,347000,618,
1001,61041,878919202,387277,346487,592,
993,60886,878919117,387197,346791,616,
1040,61134,878919001,386435,347362,628,
1016,61027,878919158,387183,346636,580,
1027,61067,878919146,386912,346842,606,
1028,61185,878918573,387358,346841,615,
954,61085,878919119,387216,346622,604,
1004,60889,878919307,386306,347522,572,
992,61287,878918669,387052,346937,663,
999,61061,878918976,386930,347025,609,
991,61280,878918712,386501,347495,621,
1041,61173,878918664,386839,347243,640,
996,61214,878918627,387141,346987,635,
1041,61104,878919274,385993,347568,620,
1050,60891,878918897,387449,346725,588,
1039,61174,878919192,386005,347623,567,
1052,60735,878919095,387845,346285,588,
1015,61108,878919049,386825,346999,604,
1010,60769,878919525,386489,347211,596,
1017,60910,878919439,386655,346947,632,
1055,60931,878918253,387140,347632,589,
982,61135,878919398,385946,347576,563,
1043,60922,878919013,387539,346507,576,
1046,61207,878918518,387361,346848,620,
1029,60943,878918801,386456,347754,617,
1024,60807,878918659,387721,346744,645,
1022,60879,878918906,386886,347309,598,
997,61348,878918671,387052,346925,607,
1019,60941,878918959,387000,347092,589,
997,61421,878918504,387238,346817,623,
991,61041,878918967,386690,347330,581,
963,60822,878918875,387610,346727,603,
1015,60964,878919161,386184,347663,613,
1041,60893,878919095,387039,346924,608,
1006,61054,878918711,386850,347363,616,
1026,60760,878919075,387028,347116,595,
1011,61088,878918712,386481,347728,580,
998,61023,878919028,386964,346961,626,
1040,61230,878918921,386989,346822,598,
953,61407,878918606,386967,347052,615,
1020,61277,878918151,387566,346966,620,
1038,61117,878918791,386880,347157,617,
1014,61122,878918722,386756,347411,575,
998,60793,878918900,387298,347018,593,
980,61289,878918500,387089,347141,601,
1017,61097,878919196,387354,346304,632,
1076,61170,878918406,386870,347468,610,
1024,60922,878918884,387630,346552,588,
999,60907,878919043,386596,347463,592,
986,60725,878918937,386734,347592,626,
986,60943,878918745,387190,347158,578,
1027,61223,878918591,386853,347270,636,
1006,61260,878918780,387034,346949,571,
1047,61110,878918135,387307,347388,613,
1024,60971,878919112,387072,346834,587,
992,61091,878919049,386750,347115,603,
955,61322,878918779,386689,347273,582,
992,60994,878918886,387061,347077,590,
1044,61486,878918878,386169,347461,561,
1073,61122,878918185,387532,347099,589,
1061,61057,878918866,387181,346851,584,
1005,61423,878918704,387016,346833,619,
1035,60985,878918379,387200,347388,613,
986,61153,878918661,387345,346827,628,
1019,61379,878918149,387265,347224,564,
984,61450,878918668,386895,346989,614,
1010,61272,878918358,387274,347079,607,
1044,61136,878918587,387719,346529,585,
1050,61216,878918160,387785,346787,602,
970,61030,878918988,387332,346681,599,
980,61108,878918666,386966,347297,583,
1011,61012,878918768,387591,346638,580,
1023,61131,878918740,387786,346374,546,
1045,61012,878918917,386066,347959,601,
1074,61151,878918569,386871,347344,591,
979,60833,878918294,388113,346777,604,
997,60842,878918645,387844,346624,648,
1032,60935,878918733,387393,346910,597,
1009,61144,878918439,387321,347058,629,
980,61336,878918836,386969,346867,612,
1032,60757,878918915,386716,347616,564,
1000,61167,878918343,387614,346874,602,
969,61248,878918891,386606,347256,630,
991,61519,878918473,387060,346965,592,
1001,61174,878918067,387691,347041,626,
1023,61038,878918538,386768,347651,582,
958,60812,878919180,387127,346906,617,
1012,61174,878918775,387015,347047,577,
1019,61089,878918239,387841,346792,620,
1032,60905,878918032,387841,347212,578,
1014,61418,878918214,387157,347185,612,
1015,61224,878918591,387360,346806,604,
969,61177,878918760,387114,346992,588,
1019,60827,878918997,386530,347646,581,
996,60997,878918981,387007,347017,602,
1001,60987,878918643,387845,346558,566,
1008,61207,878918636,386307,347923,519,
995,61077,878918291,387648,346956,633,
1011,61127,878918853,386780,347237,592,
1002,61260,878918230,387275,347234,599,
970,61157,878918407,387198,347286,582,
1006,60974,878918758,386846,347469,547,
1006,60940,878918769,387309,346961,615,
994,61077,878918810,386880,347257,582,
990,61049,878918687,387368,346922,584,
1027,61094,878918626,387052,347191,610,
1011,61211,878918715,386501,347566,596,
979,61118,878918279,388218,346407,599,
963,61529,878918138,387259,347087,624,
1013,60913,878918691,387266,347103,614,
1017,61154,878918700,386515,347620,594,
1031,60928,878918472,387428,347103,638,
1015,61157,878918908,386861,347028,631,
984,61323,878918387,386552,347775,579,
945,61094,878918891,387941,346096,633,
1001,60796,878918408,387140,347671,584,
1026,61186,878918820,386753,347212,603,
989,61254,878917969,387637,347159,592,
957,61033,878918844,386501,347656,609,
976,61231,878918168,387528,347090,607,
1021,61406,878918315,387397,346856,605,
1023,60994,878918570,387242,347196,575,
978,60904,878918601,387348,347202,567,
973,60840,878918804,387769,346640,574,
960,61381,878918337,386580,347744,598,
1018,60877,878918703,387325,347059,618,
992,61182,878918317,387504,346970,635,
997,61102,878918522,386693,347665,621,
962,61259,878918586,387252,346929,612,
968,61378,878918158,386660,347855,581,
978,61133,878919025,387050,346813,601,
999,61425,878918334,386085,348160,597,
998,61065,878918617,387219,347082,619,
1062,61254,878918070,386767,347847,600,
980,60896,878918265,387674,347170,615,
1073,61025,878918590,387074,347247,591,
1048,61208,878917987,387630,347121,606,
955,61354,878918298,387195,347154,644,
1011,61085,878917905,387248,347759,592,
1039,60909,878918561,387512,346999,580,
983,60833,878918839,386871,347462,612,
1020,61004,878918646,386511,347819,600,
950,61237,878918877,386438,347506,592,
1011,61046,878918851,386638,347438,616,
994,61266,878918355,386485,347939,561,
987,60839,878918837,387247,347117,573,
1016,61305,878918248,387381,347064,586,
993,61470,878918668,386626,347260,583,
989,60835,878918324,387504,347415,533,
1013,61217,878918410,387355,347011,594,
992,60951,878918633,386534,347870,620,
949,61177,878918072,387524,347309,569,
960,61368,878917570,387563,347540,599,
1023,61121,878917969,387608,347265,614,
1020,61146,878918538,386316,347954,626,
995,61254,878918172,387396,347170,613,
1009,60932,878918352,388476,346232,599,
1024,61121,878918590,386558,347662,645,
994,61089,878918540,386650,347693,634,
999,61141,878918060,387042,347762,596,
1059,60832,878918571,387116,347434,588,
998,61053,878918083,387451,347389,626,
1022,61030,878918317,387550,347071,610,
977,61209,878917961,387422,347428,603,
965,61293,878918289,387423,347006,624,
991,60971,878918376,387613,347077,572,
988,61084,878918590,387399,346973,566,
1076,60946,878918134,388115,346729,600,
1003,61045,878917891,387650,347342,669,
1013,61048,878917896,387415,347664,564,
1069,61132,878918019,387622,347134,624,
988,61040,878918612,387026,347354,580,
971,61154,878918142,387229,347541,563,
1022,60915,878918530,387724,346786,623,
1016,60957,878918174,387350,347504,599,
922,61003,878918583,387575,346892,625,
1054,60921,878918528,387754,346735,608,
992,61154,878918221,387284,347320,629,
1066,61044,878918041,387827,346982,640,
1045,60949,878918664,387095,347234,613,
989,61020,878918045,387685,347292,569,
1014,61100,878918404,386703,347756,623,
1007,60821,878918779,387768,346571,654,
958,61062,878917967,387350,347631,632,
1025,61299,878918051,387592,347017,616,
958,61058,878918002,387797,347208,577,
1008,61249,878917967,387772,346979,625,
1000,61047,878918534,387300,347160,559,
1015,61181,878918016,387268,347489,631,
988,61182,878918690,387147,347026,567,
949,61266,878917630,388069,347098,588,
1030,61082,878918041,387431,347423,593,
991,61083,878918343,387769,346849,565,
984,61017,878918369,387183,347465,582,
976,61071,878918087,387928,346933,605,
984,61026,878918792,386739,347468,591,
1001,61170,878918891,386559,347359,620,
1036,61148,878918441,386683,347711,581,
1041,61296,878918039,387224,347365,635,
1012,61178,878917710,388074,347015,611,
1006,61129,878917848,388125,346912,580,
980,60994,878917659,387463,347878,626,
976,61128,878918319,386908,347698,571,
997,61136,878918430,387148,347316,573,
1013,60928,878918246,387450,347366,597,
1025,60838,878918280,387138,347702,617,
956,61179,878918655,387216,346999,595,
1028,60823,878918490,387756,346903,600,
995,61070,878918167,387053,347688,627,
1012,60840,878918332,387228,347615,573,
1027,60956,878917786,387714,347503,614,
995,61096,878918468,387416,347009,616,
1043,61215,878917980,387015,347766,581,
1028,60969,878918305,387692,346988,618,
1018,61024,878918293,387214,347443,608,
971,60820,878918406,387789,347047,567,
1035,61110,878917977,387510,347369,599,
1025,60911,878918365,387466,347258,575,
989,61225,878917949,387210,347660,567,
978,60888,878918301,387466,347355,612,
1003,60922,878918143,387187,347720,625,
974,61225,878918004,387450,347398,549,
1008,61041,878918053,386726,348185,587,
990,61090,878918156,387483,347310,571,
967,61010,878918599,387149,347274,601,
1063,60793,878918342,387435,347300,667,
989,61417,878918165,387441,346990,598,
948,61043,878918340,387557,347131,581,
1021,61580,878917365,387296,347747,591,
1037,60997,878917712,388428,346839,587,
1001,60969,878918049,388357,346619,605,
1015,61187,878918084,387478,347209,627,
977,60941,878918487,387275,347322,598,
1036,61172,878918073,388009,346711,599,
1027,60881,878918091,387959,347040,602,
966,60956,878918455,387404,347237,582,
946,61255,878918034,387567,347183,615,
1008,61322,878917987,387519,347158,606,
1033,61274,878918011,387236,347421,625,
984,61175,878917859,387751,347209,622,
1074,61220,878917914,387547,347271,574,
972,61161,878917494,388087,347299,587,
1008,60969,878918570,387192,347270,591,
987,61303,878917942,387813,346984,571,
954,61206,878918211,386623,348024,581,
1014,61257,878918364,386974,347359,632,
985,61539,878917791,387381,347293,611,
936,61064,878918434,386910,347656,600,
976,61451,878917686,387466,347430,591,
1028,61561,878917613,387196,347611,591,
1025,61217,878917717,387643,347415,583,
1027,61032,878918130,386965,347881,565,
996,61255,878917983,387019,347738,609,
1003,60978,878918426,387323,347272,598,
1020,60936,878917471,387357,348164,652,
964,61149,878918285,387038,347570,594,
996,61295,878918114,387474,347130,591,
931,61075,878918128,387347,347534,585,
982,61111,878917890,387609,347424,584,
1003,61505,878917577,387324,347568,623,
1007,61073,878918057,387098,347768,597,
1037,60878,878918554,387692,346855,584,
967,61112,878917839,387331,347774,577,
953,61050,878918424,386657,347930,586,
956,60835,878918214,387135,347920,540,
1036,61182,878918117,387406,347303,556,
1030,60964,878918136,387286,347616,568,
981,60976,878918022,387812,347228,581,
955,61217,878917847,387168,347856,557,
928,61015,878918341,387444,347294,578,
986,61128,878917890,387527,347476,593,
974,61112,878918448,387227,347273,566,
925,61541,878917504,387908,347122,600,
929,61220,878918303,387715,346863,570,
1031,61055,878917756,387442,347733,583,
952,60976,878918579,387427,347059,607,
1003,60939,878917999,387493,347589,577,
1015,60831,878917670,388233,347269,582,
1032,61223,878917854,387659,347223,609,
980,60879,878918114,387460,347605,562,
975,61061,878917769,387668,347558,569,
916,61073,878918216,387607,347236,552,
983,61100,878917891,387681,347392,553,
966,60931,878918041,387839,347255,568,
1000,61147,878917620,388476,346788,569,
973,61211,878917637,386635,348573,571,
924,61063,878918176,387987,346837,613,
1001,60953,878918155,387491,347404,596,
1042,60920,878918085,387580,347431,542,
959,60819,878918168,387845,347246,563,
1020,61336,878917616,387700,347361,567,
1011,61123,878917750,387909,347239,568,
1028,61109,878917762,387183,347975,543,
1014,61259,878917640,387330,347777,580,
1012,60950,878918457,386916,347732,533,
1056,61048,878918084,387425,347384,603,
980,61017,878918560,386505,347950,588,
984,60873,878918169,387849,347155,570,
967,61078,878918272,387124,347578,581,
994,61186,878917796,387782,347255,587,
974,61188,878917300,387722,347856,560,
967,60749,878918436,387587,347308,553,
1017,61299,878918486,387085,347148,565,
1013,61184,878917444,387693,347691,575,
983,61085,878917688,388249,346999,596,
987,61252,878917647,387485,347637,592,
1017,61540,878917128,387410,347949,556,
994,61307,878918172,387381,347190,556,
983,61179,878917872,387488,347497,581,
966,61087,878918349,387154,347518,526,
1060,60975,878917342,388401,347250,572,
961,61292,878917987,387386,347375,599,
960,61044,878917931,387770,347311,584,
910,61191,878917983,388066,346893,557,
952,61237,878917924,387041,347840,606,
1031,61156,878917554,387647,347636,576,
993,60895,878918155,387741,347260,556,
992,61079,878917508,387635,347840,546,
950,61474,878917826,386790,348009,551,
969,60863,878918097,387783,347329,559,
984,60922,878918148,387965,346986,595,
949,60940,878918387,387223,347514,587,
996,60992,878918375,387375,347278,584,
980,60999,878917656,387950,347467,548,
1057,60932,878917641,387980,347390,600,
1006,61129,878917709,387425,347777,554,
963,61545,878917720,386875,347953,544,
971,60881,878918134,387485,347556,573,
983,61093,878918263,386860,347818,583,
966,61123,878918175,387089,347664,583,
1031,61142,878917476,388359,347017,575,
1039,61365,878917423,387470,347723,580,
1034,61016,878917735,387821,347377,617,
997,61227,878917835,387399,347549,593,
980,61328,878917508,387590,347619,574,
1018,61126,878918166,387353,347324,613,
997,61075,878918248,386998,347702,580,
989,61271,878917877,386773,348130,560,
961,61121,878918109,387662,347162,585,
1002,61160,878917663,387908,347272,595,
950,61020,878917503,388246,347338,543,
1006,60888,878917980,386824,348338,564,
957,60955,878917470,387764,347845,609,
949,61422,878918206,386690,347728,605,
1021,61338,878917429,387553,347673,586,
1025,61134,878917527,387585,347765,564,
970,60957,878917685,388059,347326,603,
940,61349,878917727,387299,347716,569,
959,60950,878918180,387563,347386,562,
1065,61068,878918107,386859,347934,567,
1002,60874,878918053,387752,347348,571,
998,61161,878917857,387339,347649,596,
1032,61232,878917798,387681,347306,551,
973,60917,878917495,387951,347678,586,
994,61239,878917792,387547,347457,571,
975,61236,878917997,387560,347244,588,
976,61110,878917934,387165,347825,590,
997,61078,878918022,387164,347751,588,
995,61098,878917840,387926,347111,630,
969,61235,878917702,387931,347199,564,
1021,61130,878917625,387811,347448,565,
972,61299,878917440,387826,347475,588,
998,61248,878917456,387510,347813,575,
972,61057,878917456,388434,347072,609,
995,61239,878917529,388018,347260,559,
1058,61316,878917082,387935,347635,574,
962,61054,878917856,386971,348167,590,
994,61077,878917217,388399,347352,561,
1013,60926,878918285,387232,347585,559,
970,61514,878917339,387863,347335,579,
1007,61456,878917240,387948,347347,602,
980,61071,878917675,387885,347383,606,
970,61155,878917593,388004,347300,578,
1010,61264,878917766,387320,347650,590,
1007,61102,878917224,387750,347967,550,
1034,61202,878917747,388077,346966,574,
977,61181,878917613,387350,347900,579,
1008,60874,878918185,387172,347773,588,
951,61243,878917306,387407,348140,553,
967,60888,878918093,387824,347240,588,
994,61060,878917641,388207,347163,535,
979,61231,878917161,388438,347245,546,
985,61236,878917755,386557,348480,587,
934,61007,878917624,387886,347530,619,
990,61087,878917370,388149,347401,603,
1011,60989,878917867,387503,347657,573,
1001,61013,878918529,387031,347432,594,
1013,61195,878918087,386762,347956,587,
1009,61305,878917987,387698,346988,613,
924,61228,878917397,388303,347185,563,
974,61056,878917854,387703,347416,597,
1027,60786,878917846,387857,347509,575,
999,61129,878917746,387973,347189,564,
1051,60981,878918008,387256,347743,561,
997,61040,878917601,387256,348143,563,
961,61548,878917129,388490,346914,558,
1001,60989,878917965,387930,347111,604,
943,60810,878918478,387923,346829,617,
976,61365,878917720,386931,348035,573,
977,61385,878917165,387847,347702,524,
953,61076,878917737,387549,347692,593,
998,60992,878918022,388054,346966,568,
1032,61149,878917675,387480,347697,567,
940,60918,878917778,387859,347526,579,
987,61177,878917080,387894,347907,555,
1011,61067,878917232,387943,347781,566,
991,61240,878917887,387990,346874,618,
1033,60787,878917654,387823,347730,573,
981,61025,878917731,388137,347087,639,
994,61346,878916813,388685,347185,577,
1003,60966,878917506,387621,347938,566,
984,61105,878917819,387935,347194,563,
997,60594,878918032,388031,347417,529,
1012,61080,878917628,387509,347809,562,
956,60995,878917471,387367,348238,573,
982,60904,878917805,387771,347599,539,
997,61128,878917900,387540,347465,570,
1051,61106,878917758,387437,347692,556,
1055,60937,878918107,387564,347358,579,
994,61090,878917288,387349,348301,578,
1019,60882,878918443,387027,347627,602,
980,61195,878917405,386941,348526,553,
995,60990,878917933,387427,347698,557,
982,61370,878917371,387792,347528,557,
970,61199,878917206,387814,347832,579,
984,61145,878917568,388096,347194,613,
966,61156,878917681,387635,347594,568,
969,61393,878917522,387308,347791,617,
979,61361,878917203,388504,346972,581,
1062,61064,878917979,387497,347419,579,
981,61222,878918052,387375,347387,583,
988,61218,878917274,387999,347514,607,
988,61100,878917902,387554,347512,544,
1032,61154,878916678,388403,347751,582,
980,60914,878917717,388240,347171,578,
963,61316,878917003,388239,347487,592,
962,61148,878918012,387416,347467,595,
980,61006,878917979,387601,347464,570,
978,60912,878917591,387970,347536,613,
975,61078,878917527,388140,347326,554,
994,60868,878918340,387598,347209,591,
1013,61117,878917499,387411,347970,590,
1001,61042,878917716,387289,347967,585,
942,61323,878917490,388083,347179,583,
963,61341,878917244,387462,348021,569,
1045,60916,878917490,388864,346639,646,
966,61164,878917296,388100,347543,531,
987,61178,878917722,387485,347661,567,
977,60973,878917733,387944,347356,617,
990,60910,878918328,387651,347119,602,
925,61252,878917938,387276,347615,594,
979,61086,878917505,388113,347350,567,
973,61230,878917530,387560,347708,599,
1013,61051,878917330,387858,347769,579,
981,61096,878917288,388478,347217,540,
972,60615,878918156,387976,347321,560,
1004,61246,878917728,387717,347337,568,
977,61183,878917613,387775,347506,546,
986,61122,878917550,387404,347962,576,
994,60906,878918084,387891,347171,554,
977,61170,878917219,387675,347982,577,
997,61189,878917254,388394,347159,607,
967,60977,878918102,387061,347915,578,
987,60804,878917138,388245,347872,554,
991,61139,878917185,388533,347211,541,
898,61426,878917653,387275,347791,557,
981,61161,878917195,388446,347280,537,
978,61077,878917789,388376,346800,579,
938,61437,878917496,387642,347518,569,
987,60997,878918042,387662,347310,602,
970,61334,878917831,387673,347233,559,
960,60678,878918034,388070,347287,571,
975,61092,878917432,387218,348305,578,
998,61045,878917633,388588,346744,592,
960,60913,878917728,387843,347604,552,
970,61234,878917578,387396,347845,577,
984,61329,878917658,388484,346563,582,
952,60918,878917945,387961,347234,590,
993,61327,878917143,387814,347776,547,
955,60965,878917522,387645,347978,535,
1001,61109,878917081,388614,347207,588,
963,61199,878917399,388035,347411,593,
1043,61074,878917938,387740,347218,587,
976,61499,878917319,387038,348189,579,
950,61002,878917906,387805,347349,588,
936,60997,878917248,388390,347440,589,
977,61268,878917495,388081,347211,568,
947,61153,878917738,386943,348281,538,
989,61272,878917061,388465,347217,596,
951,61146,878917346,387458,348114,585,
937,61540,878917389,387157,347979,598,
986,61107,878917829,387280,347858,540,
948,60880,878917727,388043,347438,564,
956,61070,878917927,387438,347664,545,
988,61047,878917632,387965,347368,600,
983,60859,878917646,387735,347780,597,
1033,61220,878917198,387930,347653,566,
968,61414,878917236,388012,347418,552,
1048,60930,878917865,387600,347555,602,
986,61152,878917372,388152,347388,550,
1020,61191,878917249,388089,347458,593,
980,61234,878917612,387704,347506,564,
1019,60969,878917881,387311,347864,555,
1002,61059,878917487,388318,347159,575,
959,61125,878917743,387343,347879,551,
952,61311,878917432,387854,347488,563,
1019,61210,878916955,388019,347844,553,
975,60995,878917427,387573,348055,575,
957,61213,878917261,388067,347536,566,
973,61228,878917601,387131,348049,618,
955,61159,878917187,388308,347422,569,
946,61242,878916994,388037,347754,627,
972,61054,878917634,387252,348087,601,
990,61124,878917966,387501,347445,574,
1007,60889,878917954,387357,347835,558,
930,60991,878917728,388131,347235,576,
980,60978,878917591,388191,347277,583,
980,60830,878917757,387889,347560,584,
979,61043,878917814,387570,347591,603,
942,61042,878917648,387800,347585,583,
999,61355,878917199,387484,347988,575,
1002,61264,878917188,387966,347623,557,
981,61098,878917782,387573,347593,573,
976,61225,878917369,387377,348068,585,
991,61140,878917138,388444,347345,542,
974,60876,878917446,387562,348155,587,
1047,61324,878916590,387882,348184,573,
977,61055,878917980,387984,347012,592,
1019,61241,878917436,387616,347692,596,
936,61138,878917487,387395,348108,536,
965,61165,878917265,387787,347852,566,
980,60941,878917378,388736,346981,584,
990,61068,878917985,386733,348253,571,
994,61378,878917271,388059,347315,583,
1022,61235,878917196,387740,347806,601,
959,61473,878918055,386711,347847,555,
960,61141,878917333,387859,347769,538,
980,61432,878917243,387631,347751,563,
965,61201,878917887,387386,347559,602,
1037,60867,878917284,388867,346982,563,
956,61154,878917581,387840,347530,539,
936,61076,878918201,387256,347547,584,
965,61301,878917303,388374,347073,584,
979,61039,878917762,387943,347290,587,
1057,60887,878918005,386828,348242,581,
982,61143,878917077,388678,347169,551,
986,61311,878917435,387631,347682,555,
996,61048,878917292,388590,347127,547,
1006,60858,878918210,386811,348150,565,
1041,61096,878917124,388268,347489,582,
945,61078,878917812,387615,347612,538,
995,61255,878917313,388594,346891,552,
984,61013,878917260,387992,347766,585,
1009,61026,878918030,387342,347593,600,
1019,61260,878917840,387581,347280,620,
1024,61058,878917612,386878,348457,571,
1014,60984,878917277,388896,346840,589,
1005,61235,878917150,387771,347865,574,
981,61002,878917500,387922,347606,589,
962,61088,878917537,388165,347261,587,
1026,61190,878917516,387156,348147,565,
1010,61136,878917301,387788,347781,584,
946,61659,878917278,387593,347524,600,
999,61120,878917266,388117,347482,616,
994,61290,878917082,387871,347816,547,
960,61081,878917521,387604,347859,575,
958,61092,878917868,387638,347479,565,
967,61095,878917435,387706,347858,539,
992,61497,878916815,387199,348548,549,
964,60945,878917394,388124,347605,568,
980,61317,878917285,387839,347614,565,
926,61084,878917833,388224,346896,637,
959,61173,878917606,388094,347136,632,
986,60979,878917213,388237,347621,564,
932,61223,878917296,388010,347592,547,
996,61267,878918068,386809,347932,528,
948,60885,878917715,388078,347372,602,
945,60920,878917239,388681,347246,569,
963,60887,878917766,387727,347628,629,
1057,61070,878917506,387991,347424,552,
956,60924,878917978,387779,347402,561,
968,60954,878917262,388590,347282,544,
993,60901,878917491,388198,347471,546,
984,60734,878917501,388245,347574,562,
949,60981,878917067,388455,347593,555,
979,60989,878917202,388138,347706,586,
937,61226,878917298,388302,347225,612,
976,60895,878917279,388235,347650,565,
1006,61102,878917753,387568,347558,613,
1017,61126,878917245,387949,347683,580,
1011,60998,878917763,387452,347771,605,
922,61114,878917006,388421,347543,594,
999,61040,878917249,388295,347455,562,
984,61404,878917546,387252,347866,548,
945,61329,878917270,387836,347579,641,
1010,61321,878917661,387693,347334,581,
985,61117,878916973,387843,348138,544,
914,61443,878917765,387131,347787,560,
986,61167,878917103,387838,347910,596,
952,61075,878917179,388415,347452,527,
1017,61378,878916868,388355,347405,573,
947,61168,878917182,388248,347478,577,
999,61191,878917272,387947,347649,542,
958,61115,878917612,388218,347179,518,
947,60998,878917402,387701,348000,552,
1008,61110,878917458,387567,347856,601,
993,61559,878917320,387661,347496,571,
920,60966,878917780,388475,346886,573,
928,61175,878917409,388538,347041,509,
982,61294,878917222,387797,347751,554,
1003,61252,878917381,387522,347859,583,
939,61211,878917748,387134,347990,578,
968,61597,878917120,388137,347199,579,
1035,61267,878917271,388186,347256,585,
965,60972,878917251,387976,347865,571,
958,61151,878917793,387350,347787,561,
929,60767,878917660,388342,347317,585,
982,61256,878917095,388388,347336,543,
923,61307,878917518,387719,347547,586,
961,61013,878918204,387863,346989,570,
953,61165,878917020,387942,347938,582,
961,60823,878917675,388572,347022,547,
919,61362,878917293,387337,348122,567,
941,61217,878917852,387275,347748,567,
981,61067,878917501,388172,347307,572,
946,60962,878917552,387491,348086,563,
944,61098,878917547,388182,347264,565,
948,61136,878917822,387347,347797,550,
995,61439,878917213,388130,347207,616,
967,61110,878917589,387330,347987,617,
959,60949,878917746,386912,348450,584,
992,60991,878917704,388524,346826,563,
980,60954,878918003,386640,348441,582,
968,60990,878917589,388339,347120,594,
981,60985,878917325,387952,347796,561,
924,61193,878917436,387929,347546,572,
987,61067,878917809,387704,347454,579,
990,61028,878917427,387999,347562,594,
968,61256,878917810,387748,347223,595,
1027,61079,878916897,389044,346956,597,
959,61342,878917052,388372,347327,548,
976,61259,878916959,388187,347641,578,
967,61025,878917220,387903,347917,568,
927,61306,878917510,387544,347730,583,
910,61172,878917131,388922,346919,546,
1022,61196,878916758,388338,347727,559,
963,61252,878917668,387484,347690,543,
1025,60897,878917455,388420,347213,590,
970,61325,878916942,388017,347762,584,
977,60801,878917544,388717,347026,535,
1041,60969,878916968,388563,347478,581,
1007,61173,878917777,386804,348253,586,
957,61079,878917451,387621,347889,603,
977,61035,878917429,388317,347241,601,
981,61077,878917684,387657,347641,560,
958,61307,878917169,388087,347537,542,
1029,60880,878917413,388002,347684,592,
958,61136,878917648,387400,347864,594,
953,61258,878917431,387684,347695,579,
893,61308,878917206,387938,347640,615,
1002,61091,878917469,387557,347902,579,
974,60842,878917749,387978,347525,532,
950,61137,878917170,388406,347389,548,
986,60966,878917320,388244,347513,571,
937,60973,878917306,388170,347632,582,
957,61150,878917620,387277,348025,571,
968,61159,878917293,388308,347279,593,
968,61127,878917231,387371,348339,564,
936,61213,878917916,387795,347180,560,
968,61141,878916840,388692,347373,586,
951,61011,878917815,388030,347172,621,
952,60921,878917885,387597,347651,594,
972,61225,878917492,388139,347199,573,
950,60935,878917310,387688,348144,573,
945,61108,878917678,388149,347110,610,
967,60921,878917305,388260,347580,567,
980,61060,878917582,388061,347372,545,
933,60966,878917860,387747,347510,584,
976,61149,878917232,388163,347533,547,
1004,61025,878917419,387704,347870,578,
873,61313,878917191,388138,347485,600,
961,61115,878917684,387592,347655,593,
975,61355,878917235,387560,347911,564,
950,61229,878917155,388035,347650,581,
958,61298,878917162,387772,347812,598,
958,61244,878917174,388259,347406,559,
992,61252,878917188,388186,347453,529,
972,61383,878917021,388174,347480,570,
995,61056,878917400,388295,347345,509,
937,61047,878917656,387807,347582,571,
899,61150,878917565,387677,347731,578,
914,61582,878917235,387319,347962,588,
947,61233,878917460,387543,347847,570,
1001,61136,878917590,388056,347259,558,
997,61309,878916755,388372,347623,544,
966,61152,878917545,387876,347484,577,
959,61242,878917128,387756,347957,558,
973,60979,878917385,388151,347546,566,
947,61270,878917082,388111,347633,557,
1006,61137,878917287,387720,347866,584,
979,61275,878917006,388028,347749,563,
956,60974,878917379,387575,348145,571,
977,61107,878917684,388233,346987,612,
943,61306,878917221,388057,347514,559,
944,61154,878917561,388261,347124,556,
956,61032,878917388,387972,347669,583,
884,61237,878917311,388060,347528,580,
911,61102,878917491,388708,346834,554,
1001,61043,878917990,387322,347673,571,
951,61022,878917586,388069,347417,555,
957,61334,878917541,387543,347642,583,
960,61238,878917478,387791,347551,582,
1006,61073,878917789,387685,347454,593,
972,61325,878917235,387618,347850,600,
1001,61375,878916724,388222,347706,572,
974,61233,878917015,388359,347468,551,
974,61206,878917184,388026,347595,615,
968,61238,878917264,388117,347442,571,
960,61264,878917031,388326,347440,579,
950,60858,878917489,387451,348307,545,
984,60935,878917362,388274,347463,582,
959,61550,878917068,387750,347725,548,
1010,61556,878916776,387818,347907,533,
967,61047,878917050,388213,347722,601,
991,61335,878917463,387925,347357,529,
997,60926,878917709,387786,347600,582,
924,61143,878917014,388480,347458,581,
925,61231,878917580,387902,347389,573,
994,60984,878917524,387982,347502,614,
972,61198,878916966,388110,347794,560,
974,61402,878917243,387336,348098,547,
993,61138,878917660,388033,347227,549,
941,61070,878917779,387448,347776,586,
958,61194,878917202,388008,347622,616,
959,61217,878917282,388132,347446,564,
979,61051,878917237,388030,347736,567,
918,61176,878917123,387840,347967,576,
1023,61063,878916952,388297,347693,572,
944,60983,878917476,388062,347570,565,
959,61000,878917406,387526,348118,591,
924,61029,878917432,388032,347595,588,
951,61223,878916992,387867,347994,573,
964,60909,878917234,387763,348126,604,
960,61145,878917377,387999,347546,573,
950,61287,878917239,388042,347552,530,
977,61311,878917148,387773,347853,538,
944,61093,878917281,388089,347658,535,
946,60914,878916871,388581,347723,565,
964,61103,878917515,387342,348158,518,
969,60994,878917494,387670,347929,544,
1009,60763,878917388,387727,348181,532,
976,61159,878917011,388335,347546,573,
951,60824,878917591,388494,347153,587,
955,60898,878916993,388223,347974,557,
961,61232,878917022,388006,347790,589,
914,61353,878917234,388597,346899,603,
997,61301,878916659,387916,348138,589,
992,60991,878917831,387999,347166,621,
938,61134,878917528,387948,347476,576,
976,61095,878917569,387554,347847,559,
978,61387,878917097,387786,347771,581,
1005,60846,878917392,388156,347643,558,
967,61053,878917540,387978,347457,605,
956,61209,878917516,387669,347690,560,
977,61061,878917206,387719,348045,592,
982,61010,878917249,388075,347734,550,
988,61154,878917008,388130,347747,573,
931,60871,878917730,387603,347884,581,
965,61234,878916842,388303,347675,581,
960,60788,878917853,388103,347305,591,
924,61330,878917255,387128,348401,562,
1007,61131,878917107,388097,347696,562,
992,60882,878917507,387929,347712,578,
925,60913,878917441,388189,347549,583,
1025,61115,878916757,388243,347856,604,
939,60950,878917641,388560,346959,551,
972,61233,878916708,388869,347229,589,
916,61115,878917213,388041,347709,606,
986,60947,878916992,388288,347839,548,
999,61165,878916930,388020,347902,584,
977,61319,878917171,387453,348106,574,
974,61090,878917167,388431,347358,580,
993,61136,878917305,388199,347364,603,
981,61212,878917020,388661,347167,559,
1030,60894,878917306,388198,347603,569,
983,61025,878916908,388910,347213,561,
990,60827,878917534,387858,347829,562,
939,61463,878916935,387933,347739,591,
921,61048,878917552,387769,347759,551,
975,61050,878917091,387832,348075,577,
950,60899,878917855,387620,347673,603,
987,60926,878917618,387566,347912,591,
984,61221,878917246,388267,347265,617,
941,61172,878917380,388426,347159,522,
928,61213,878917065,388437,347373,584,
955,61134,878917391,387931,347602,587,
977,61323,878916720,388137,347888,555,
995,61046,878917246,388230,347467,616,
933,61190,878917046,389112,346770,549,
942,61157,878916760,388438,347712,591,
943,61075,878917309,388435,347308,530,
956,61031,878917251,388838,346987,537,
991,61308,878917016,387938,347763,584,
1011,61005,878917219,388052,347711,602,
959,60851,878917505,388440,347321,524,
908,61277,878916838,388731,347250,596,
952,61045,878917104,388053,347880,566,
1005,60919,878917120,387554,348399,603,
913,61167,878917257,388098,347545,620,
969,61052,878917013,388233,347753,580,
980,61174,878916964,387862,348071,549,
959,61126,878917679,387549,347719,568,
971,61254,878916753,387885,348144,593,
998,61244,878917448,387792,347523,595,
966,60970,878917510,388733,346887,534,
938,61018,878917240,388253,347602,549,
913,60941,878917879,387782,347472,613,
934,61338,878917207,387287,348261,573,
