395,25247,99706700,212330,54988,340,
77,37669,99598086,291648,72286,234,
18,43312,99556104,321915,78441,210,
4,43925,99541383,338625,75906,157,
1,44068,99534088,344982,76664,197,
0,44498,99529113,349592,76597,200,
0,44492,99526539,352016,76750,203,
1,44828,99524121,353837,77008,205,
1,44829,99523726,354435,76822,187,
0,44853,99521837,355912,77205,193,
0,44679,99521383,357233,76528,177,
0,44862,99520335,357731,76899,173,
0,45213,99519581,358250,76764,192,
0,45088,99519287,358606,76831,188,
0,45012,99519015,358934,76845,194,
0,44695,99518372,360308,76452,173,
0,45086,99517945,360125,76660,184,
0,44990,99517879,360292,76635,204,
0,45176,99517010,360802,76820,192,
0,44905,99517563,361014,76330,188,
0,45020,99517005,361243,76542,190,
1,45215,99516992,360604,77008,180,
0,44991,99516680,361890,76235,204,
0,45182,99516193,361799,76651,175,
0,45111,99516310,361976,76390,213,
0,45070,99516405,362170,76167,188,
0,45294,99515906,361923,76653,224,
0,45041,99516215,361987,76592,165,
0,44895,99516210,362137,76566,192,
0,45031,99516031,362332,76427,179,
0,45058,99515628,362464,76687,163,
0,44849,99515790,362488,76694,179,
0,45218,99515180,362975,76427,200,
0,45025,99514947,363563,76294,171,
0,45052,99515123,363249,76396,180,
0,44935,99515044,363357,76476,188,
0,45161,99514719,363397,76545,178,
0,45366,99514503,363119,76819,193,
0,45095,99514036,364258,76431,180,
0,45125,99514480,363645,76568,182,
0,45066,99514174,364322,76265,173,
0,45100,99514218,363968,76568,146,
0,45004,99514814,363592,76427,163,
0,45186,99514151,363915,76570,178,
0,45177,99514117,364119,76434,153,
0,45069,99513869,364556,76331,175,
0,44883,99514307,364510,76102,198,
0,45234,99513768,364409,76406,183,
0,44916,99514206,364339,76347,192,
0,44963,99514149,364212,76465,211,
0,44916,99513546,364892,76471,175,
0,45152,99513554,364607,76507,180,
0,44993,99513361,365099,76379,168,
0,45103,99513269,365189,76253,186,
0,44958,99513543,364753,76565,181,
0,45203,99513248,364901,76474,174,
0,44901,99513521,365180,76229,169,
0,44929,99513775,365207,75903,186,
0,45268,99513157,365113,76310,152,
0,45276,99512662,365362,76531,169,
0,45143,99513097,365447,76156,157,
0,44939,99513228,365212,76446,175,
0,45199,99513389,364429,76794,189,
0,45079,99512916,365388,76456,161,
0,45067,99513153,365282,76304,194,
0,45170,99513158,365150,76336,186,
0,45072,99513281,365150,76350,147,
0,45259,99512461,365378,76718,184,
0,44886,99513118,365280,76530,186,
0,45169,99512979,365341,76350,161,
0,45110,99513023,365283,76420,164,
0,45074,99512929,365515,76289,193,
0,45114,99512932,365175,76613,166,
0,44897,99512659,366051,76227,166,
0,45183,99512771,365395,76452,199,
0,44957,99512848,365929,76110,156,
0,45060,99512295,366488,75993,164,
0,45053,99512788,365243,76736,180,
0,44974,99512610,365931,76329,156,
0,45316,99512397,365732,76382,173,
0,45196,99512088,366232,76311,173,
0,45114,99512351,365872,76506,157,
0,45042,99512672,365381,76735,170,
0,45153,99512400,366047,76236,164,
0,45270,99511981,366144,76433,172,
0,45310,99512238,365955,76348,149,
0,45136,99512255,365851,76597,161,
0,44908,99512504,366376,76056,156,
0,45079,99512399,366160,76193,169,
0,44897,99511998,366311,76607,187,
0,44797,99512024,366833,76170,176,
0,44898,99512366,366178,76406,152,
0,44917,99512305,366367,76257,154,
0,45371,99511851,366221,76399,158,
0,45206,99512044,366377,76189,184,
0,44981,99512145,366338,76359,177,
0,45258,99511966,366248,76359,169,
0,44754,99512623,365992,76442,189,
0,45225,99512032,365987,76594,162,
0,45196,99512106,365974,76546,178,
0,45310,99511635,366328,76559,168,
0,45173,99511680,366690,76287,170,
0,45211,99511476,366778,76370,165,
0,45232,99511748,366634,76225,161,
0,45102,99512218,366219,76290,171,
0,45368,99511193,367079,76211,149,
0,45390,99511737,366323,76370,180,
0,45053,99511784,366792,76198,173,
0,45015,99511850,366654,76308,173,
0,44975,99511819,366798,76258,150,
0,45138,99511813,366184,76700,165,
0,45254,99511580,366751,76239,176,
0,45075,99511374,366794,76596,161,
0,45222,99511220,367027,76367,164,
0,44899,99511611,367163,76148,179,
0,45062,99511241,367285,76251,161,
0,45130,99511694,366475,76522,179,
0,45343,99511899,366330,76261,167,
0,45211,99511652,366724,76258,155,
0,44991,99511834,366605,76408,162,
0,45123,99511578,366484,76634,181,
0,45202,99512024,366120,76494,160,
0,45334,99511483,366618,76412,152,
0,45189,99511391,366725,76510,185,
0,45145,99511362,367475,75872,146,
0,44924,99511552,367083,76267,174,
0,45267,99511351,366615,76613,154,
0,45059,99511675,366862,76243,161,
0,45167,99511382,366650,76648,153,
0,44895,99511860,366870,76225,150,
0,45076,99511376,367154,76208,186,
0,45159,99511320,367320,76057,144,
0,45323,99511155,367518,75847,157,
0,45060,99510985,367045,76747,163,
0,44973,99510971,367908,75975,173,
0,45169,99511193,367050,76414,174,
0,45044,99511026,367300,76470,160,
0,44949,99511463,367099,76329,160,
0,45157,99511112,367330,76258,143,
0,45097,99511632,366718,76381,172,
0,45193,99510914,367547,76173,173,
0,45027,99511279,367201,76339,154,
0,45265,99511108,367154,76315,158,
0,45459,99510916,366999,76497,129,
0,44895,99510969,367974,76006,156,
0,45082,99510884,367775,76088,171,
0,45153,99511364,367060,76249,174,
0,45057,99511491,367183,76111,158,
0,45252,99510928,367203,76483,134,
0,45220,99510790,367494,76358,138,
0,45326,99510942,367317,76265,150,
0,45015,99511014,366820,76998,153,
0,45031,99510938,367686,76195,150,
0,45354,99510822,367303,76368,153,
0,45199,99510691,367489,76470,151,
0,45355,99511069,367240,76181,155,
0,44807,99511450,367962,75618,163,
0,45239,99511100,367178,76317,166,
0,45167,99511084,367239,76339,171,
0,44862,99511436,367059,76503,140,
0,45152,99510887,367454,76332,175,
0,44945,99510825,368041,76012,177,
0,44924,99511024,367539,76364,149,
0,45208,99510848,367706,76061,177,
0,45159,99510983,367550,76176,132,
0,44959,99510883,368124,75885,149,
0,45194,99511176,367235,76235,160,
0,44949,99510842,367871,76175,163,
0,45073,99510978,367508,76278,163,
0,45064,99510564,368291,75917,164,
0,45163,99510803,367692,76180,162,
0,45301,99510427,367651,76487,134,
0,45309,99510760,367575,76202,154,
0,45239,99510716,367481,76412,152,
0,45203,99510786,367459,76383,169,
0,44966,99510928,367738,76239,129,
0,45121,99511092,367091,76538,158,
0,45140,99510769,367687,76245,159,
0,44898,99510959,367484,76518,141,
0,44949,99511201,367210,76478,162,
0,45376,99510490,367693,76291,150,
0,44987,99511121,367562,76185,145,
0,45320,99510921,367018,76593,148,
0,45074,99510674,368221,75880,151,
0,44950,99510846,368191,75861,152,
0,45207,99510692,367639,76307,155,
0,45150,99511063,367351,76284,152,
0,44830,99510871,367937,76214,148,
0,45123,99510328,368023,76372,154,
0,44993,99510683,367791,76371,162,
0,45013,99510971,367893,75950,173,
0,45179,99510435,367907,76330,149,
0,45197,99510628,367809,76212,153,
0,45003,99510826,367998,76014,159,
0,45070,99510698,368028,76057,147,
0,45323,99510750,367393,76377,157,
0,45233,99510724,367512,76390,141,
0,44934,99510737,367929,76239,161,
0,45006,99510749,368029,76062,154,
0,45292,99510647,367823,76078,160,
0,45556,99509914,368093,76274,163,
0,45095,99510749,367781,76238,137,
0,44997,99510652,368192,76014,145,
0,45265,99510733,367551,76308,143,
0,44921,99511048,367335,76527,169,
0,45170,99510417,367962,76296,155,
0,45006,99510727,367781,76351,135,
0,45146,99510723,367897,76104,130,
0,45207,99510674,367938,76030,151,
0,45212,99510562,368057,76013,156,
0,44976,99511062,367543,76253,166,
0,44937,99510584,368595,75724,160,
0,44961,99510272,368579,76016,172,
0,44962,99510417,368145,76322,154,
0,45040,99510662,368064,76065,169,
0,45235,99510562,367770,76272,161,
0,44887,99510551,368267,76159,136,
0,44983,99510359,368214,76294,150,
0,45257,99510555,368009,76032,147,
0,45162,99510384,368340,75944,170,
0,45300,99510637,367635,76271,157,
0,45084,99510351,368495,75912,158,
0,44864,99510531,368279,76158,168,
0,45144,99510894,367416,76373,173,
0,45190,99510580,367735,76316,179,
0,45138,99510564,368039,76119,140,
0,45171,99510313,368195,76156,165,
0,45277,99510160,368528,75894,141,
0,45045,99510306,368130,76387,132,
0,45286,99510748,367543,76278,145,
0,45059,99510785,367680,76322,154,
0,45269,99510471,367846,76235,179,
0,45052,99510342,368503,75971,132,
0,45152,99510149,368306,76259,134,
0,45122,99509693,368906,76132,147,
0,45198,99510496,367778,76392,136,
0,45040,99510367,367974,76472,147,
0,45256,99510155,368234,76208,147,
0,44973,99510422,368315,76135,155,
0,45050,99509888,368722,76189,151,
0,45062,99510363,368549,75876,150,
0,45119,99510349,368296,76074,162,
0,45181,99509987,368546,76145,141,
0,45341,99510161,368172,76178,148,
0,45228,99510498,367821,76307,146,
0,45041,99510418,368150,76253,138,
0,44987,99510404,367893,76572,144,
0,45180,99510395,367966,76325,134,
0,45146,99509855,368727,76101,171,
0,45347,99510140,368309,76063,141,
0,45098,99510267,368119,76374,142,
0,45045,99510453,368018,76318,166,
0,45056,99509828,368719,76239,158,
0,45274,99510212,368194,76184,136,
0,45040,99510486,368091,76238,145,
0,45056,99510520,367905,76367,152,
0,44966,99510264,369038,75561,171,
0,45196,99509944,368412,76299,149,
0,45011,99510070,368646,76120,153,
0,45226,99509755,369016,75869,134,
0,45093,99509911,368603,76234,159,
0,44917,99510631,368316,75984,152,
0,45174,99509923,368652,76110,141,
0,45067,99510134,368540,76113,146,
0,45170,99509984,368399,76283,164,
0,45219,99509843,368450,76323,165,
0,45028,99510255,368301,76292,124,
0,44912,99510634,367759,76552,143,
0,44943,99510097,368568,76261,131,
0,45289,99509383,369085,76083,160,
0,45288,99509969,368545,76036,162,
0,45470,99509838,368424,76127,141,
0,45110,99509918,368701,76141,130,
0,45074,99509717,369104,75960,145,
0,45004,99510096,368408,76337,155,
0,44949,99510189,368724,75987,151,
0,44933,99510619,368075,76237,136,
0,45025,99510122,368502,76205,146,
0,45080,99509908,368548,76311,153,
0,45087,99510533,367860,76358,162,
0,45169,99510178,368549,75950,154,
0,45137,99510045,368831,75847,140,
0,45115,99510102,368449,76193,141,
0,44963,99510224,368463,76215,135,
0,45304,99509367,368881,76321,127,
0,45418,99509769,368758,75917,138,
0,45015,99510151,368652,76025,157,
0,45039,99509932,368607,76270,152,
0,45276,99509798,368926,75846,154,
0,45075,99509836,368705,76247,137,
0,44971,99510068,368910,75914,137,
0,45003,99510226,368197,76442,132,
0,45095,99509807,368487,76442,169,
0,44897,99510153,368766,76036,148,
0,45013,99510108,368656,76095,128,
0,45049,99510117,368587,76096,151,
0,44879,99509948,368982,76032,159,
0,44789,99510426,368423,76210,152,
0,45095,99510081,368648,76014,162,
0,45064,99509917,368599,76282,138,
0,45199,99509802,369092,75763,144,
0,45047,99509937,368728,76147,141,
0,44990,99509756,368950,76143,161,
0,44987,99510095,368738,76047,133,
0,45032,99509851,369097,75881,139,
0,45161,99509456,369012,76217,154,
0,45145,99509912,368935,75877,131,
0,44813,99510108,368821,76125,133,
0,45249,99510011,368396,76192,152,
0,44983,99509714,369245,75919,136,
0,45163,99509615,369005,76083,134,
0,45054,99509617,369175,76005,149,
0,44738,99510539,368361,76229,133,
0,45137,99509919,368668,76138,138,
0,45093,99509900,368643,76182,182,
0,45048,99509335,369622,75867,128,
0,45093,99510132,368370,76248,157,
0,45090,99510405,367724,76630,151,
0,45162,99509625,368832,76225,156,
0,45121,99510008,367779,76954,138,
0,44740,99510116,369316,75690,138,
0,45268,99509738,368794,76060,140,
0,45237,99509701,368524,76377,161,
0,44992,99509761,369023,76087,137,
0,45345,99509507,369122,75871,155,
0,45236,99509227,368903,76501,133,
0,45022,99510104,368072,76662,140,
0,45102,99509792,368962,75984,160,
0,44940,99510200,368558,76144,158,
0,45325,99509509,368710,76312,144,
0,44992,99509645,369013,76191,159,
0,44957,99509816,369314,75771,142,
0,45119,99509007,369617,76099,158,
0,45071,99509763,368890,76136,140,
0,45181,99509799,368453,76412,155,
0,45112,99509719,368865,76157,147,
0,44899,99510033,368979,75930,159,
0,44912,99509473,369350,76116,149,
0,44965,99509939,368720,76212,164,
0,45353,99509270,369091,76145,141,
0,45011,99509955,368474,76416,144,
0,45135,99509603,369095,76013,154,
0,45341,99508943,369584,75993,139,
0,44990,99509343,369342,76179,146,
0,45062,99509485,369299,76012,142,
0,45276,99509587,368934,76068,135,
0,44937,99509992,368751,76180,140,
0,44993,99509990,368599,76274,144,
0,44968,99509722,369064,76090,156,
0,45114,99509184,369463,76104,135,
0,45059,99509616,369214,75964,147,
0,45177,99509932,368872,75882,137,
0,45154,99509162,369282,76239,163,
0,45052,99509180,369509,76098,161,
0,45257,99509637,368853,76099,154,
0,45106,99509871,368467,76433,123,
0,44870,99509652,369057,76271,150,
0,45303,99509553,368824,76169,151,
0,45077,99509889,368794,76107,133,
0,44923,99509682,368805,76432,158,
0,45226,99509510,368774,76341,149,
0,45256,99509764,368646,76201,133,
0,45232,99509117,369666,75857,128,
0,45142,99510031,368824,75858,145,
0,45119,99509383,369123,76233,142,
0,44867,99510059,368684,76247,143,
0,44804,99509928,369190,75935,143,
0,45124,99509709,368869,76156,142,
0,45303,99509810,368709,76037,141,
0,44827,99509591,369176,76270,136,
0,45130,99509310,369204,76190,166,
0,45404,99508605,369873,75977,141,
0,44700,99509829,369026,76309,136,
0,45216,99509749,368649,76248,138,
0,45192,99509514,368830,76316,148,
0,44978,99509895,369119,75875,133,
0,44965,99509578,369063,76253,141,
0,45335,99509311,369109,76105,140,
0,45016,99509632,369200,75993,159,
0,44658,99509977,369088,76136,141,
0,45076,99509662,369063,76050,149,
0,45166,99509811,368721,76153,149,
0,44993,99509682,369229,75961,135,
0,45134,99509601,368743,76377,145,
0,45029,99509546,369480,75796,149,
0,45166,99509395,369238,76047,154,
0,45135,99509512,368916,76281,156,
0,45143,99509336,369268,76116,137,
0,45224,99509060,369669,75918,129,
0,45205,99508883,369940,75851,121,
0,45173,99509680,368866,76145,133,
0,45291,99509255,369078,76223,153,
0,45043,99509700,369155,75940,162,
0,45169,99509105,369222,76370,134,
0,45102,99509314,369562,75879,143,
0,45292,99509210,369314,76022,162,
0,44851,99509265,369802,75946,136,
0,44879,99509294,369560,76140,127,
0,45189,99509339,368920,76413,139,
0,45016,99509301,369552,75985,146,
0,45123,99509450,369066,76214,147,
0,45010,99509679,368833,76352,126,
0,45153,99509163,369308,76218,158,
0,44754,99509756,369462,75883,145,
0,45021,99509718,369059,76062,140,
0,44817,99509546,369405,76096,136,
0,44986,99509038,369686,76141,149,
0,44922,99509330,369417,76194,137,
0,45076,99509303,369485,75997,138,
0,44991,99509750,369393,75722,144,
0,45142,99509232,369352,76133,141,
0,44841,99510014,368982,76020,143,
0,44735,99509815,368835,76474,141,
0,45038,99509440,369672,75701,149,
0,44999,99509706,369058,76101,136,
0,44900,99509399,369446,76114,141,
0,45189,99509299,368991,76361,160,
0,45240,99509319,368801,76512,128,
0,45166,99509316,369362,76016,140,
0,45134,99508971,369680,76076,139,
0,45231,99509442,368966,76217,144,
0,44869,99509520,369260,76205,146,
0,44814,99509992,368743,76307,144,
0,45212,99509266,369270,76109,143,
0,45112,99509043,369932,75793,120,
0,45018,99509368,369385,76076,153,
0,44764,99509361,369493,76228,154,
0,45058,99509313,369355,76121,153,
0,45010,99509197,369130,76510,153,
0,45097,99509920,369113,75742,128,
0,45085,99509350,369416,76010,139,
0,45149,99508948,369613,76164,126,
0,45082,99509370,369564,75855,129,
0,45109,99509207,369532,76009,143,
0,45036,99509404,369192,76221,147,
0,45091,99509084,368973,76742,110,
0,44941,99509085,369731,76110,133,
0,44946,99509416,369603,75900,135,
0,44863,99509243,369557,76211,126,
0,45024,99509264,369233,76350,129,
0,44962,99509312,369400,76189,137,
0,45189,99509209,369582,75892,128,
0,45014,99509469,368797,76551,169,
0,44752,99509101,369847,76144,156,
0,44839,99509616,369073,76334,138,
0,45316,99508758,369700,76090,136,
0,44952,99508910,370027,75966,145,
0,45008,99509426,369480,75955,131,
0,44847,99509387,369191,76431,144,
0,44991,99508721,370176,75977,135,
0,45208,99508708,370258,75662,164,
0,45197,99509195,369221,76256,131,
0,45049,99508931,369710,76173,137,
0,45204,99508774,370319,75535,168,
0,45132,99509283,369209,76233,143,
0,44954,99509189,370009,75710,138,
0,45247,99508944,369631,76039,139,
0,45204,99508932,369444,76292,128,
0,45199,99509216,369770,75665,150,
0,44890,99509004,369749,76216,141,
0,44759,99509457,369743,75895,146,
0,45012,99509052,369544,76242,150,
0,44817,99509359,369841,75839,144,
0,44978,99508720,369996,76156,150,
0,44840,99509054,370034,75923,149,
0,45288,99508323,370287,75936,166,
0,45199,99508930,369694,76046,131,
0,45247,99508535,370070,76000,148,
0,44967,99509068,369563,76254,148,
0,44767,99508961,369871,76266,135,
0,45139,99509039,369465,76230,127,
0,45123,99509200,369709,75826,142,
0,45218,99508903,369437,76303,139,
0,44888,99508992,369648,76326,146,
0,45382,99508724,369595,76152,147,
0,44900,99509370,369757,75820,153,
0,45369,99508267,370187,76012,165,
0,45059,99508800,370333,75667,141,
0,44789,99509362,369325,76373,151,
0,44950,99509294,369539,76077,140,
0,45330,99508880,369348,76293,149,
0,45000,99509059,369781,76018,142,
0,45193,99509048,369554,76070,135,
0,44948,99509065,369729,76124,134,
0,45077,99509250,369355,76167,151,
0,44865,99508994,369806,76178,157,
0,45106,99509115,369159,76472,148,
0,45333,99508748,370048,75696,175,
0,45083,99508984,369841,75962,130,
0,44499,99509135,370036,76197,133,
0,45094,99508447,370511,75822,126,
0,44674,99508892,370491,75801,142,
0,45303,99508526,370179,75845,147,
0,45015,99508587,370171,76100,127,
0,44971,99508873,370135,75886,135,
0,45163,99508749,369766,76171,151,
0,44857,99508856,370502,75651,134,
0,45028,99509073,369550,76181,168,
0,44986,99508864,370155,75845,148,
0,45276,99509007,369815,75764,138,
0,45093,99508743,369647,76373,144,
0,45004,99509085,369898,75873,140,
0,44994,99508796,369680,76410,120,
0,44798,99508923,370062,76089,128,
0,45211,99508827,369404,76415,143,
0,44877,99509297,369565,76111,150,
0,44968,99508880,370024,76005,123,
0,45105,99508923,369707,76144,121,
0,44946,99508803,370082,76030,139,
0,45049,99508623,370546,75644,138,
0,45201,99508819,369650,76194,136,
0,44782,99509299,369290,76467,162,
0,44893,99508801,369830,76323,153,
0,44920,99508865,370098,75984,133,
0,45215,99508518,369415,76718,134,
0,45028,99508550,370269,75989,164,
0,45045,99508584,370329,75898,144,
0,45094,99509106,369596,76072,132,
0,45049,99508753,370161,75862,175,
0,45061,99509009,369718,76054,158,
0,44680,99509020,369971,76176,153,
0,45058,99509011,369383,76418,130,
0,44891,99508994,370046,75910,159,
0,45054,99508869,369907,76016,154,
0,45191,99508752,369832,76075,150,
0,45144,99508753,369929,76027,147,
0,44929,99509302,369630,76000,139,
0,45015,99508548,370169,76138,130,
0,44911,99508865,370014,76063,147,
0,45137,99508660,370032,76056,115,
0,45181,99508802,369632,76235,150,
0,44716,99508593,370088,76466,137,
0,44959,99508896,370247,75765,133,
0,45002,99508715,369915,76230,138,
0,45127,99508707,369829,76187,150,
0,45164,99508895,370026,75769,146,
0,44852,99508978,370035,75989,146,
0,45011,99508572,370238,76048,131,
0,44861,99509122,369676,76209,132,
0,44856,99509052,369766,76201,125,
0,45011,99508910,370169,75773,137,
0,45101,99508560,369927,76278,134,
0,44943,99508815,370502,75607,133,
0,44993,99508885,369960,76016,146,
0,44923,99508574,370469,75888,146,
0,44934,99509013,369830,76081,142,
0,45051,99509243,369561,76015,130,
0,45145,99508670,369876,76174,135,
0,45213,99508845,369983,75809,150,
0,44908,99508768,370146,76019,159,
0,45179,99508094,370762,75802,163,
0,44905,99508601,370138,76205,151,
0,45108,99508260,370673,75809,150,
0,45159,99508406,370019,76275,141,
0,45349,99508417,370143,75948,143,
0,45121,99508441,369827,76451,160,
0,44942,99508861,369970,76103,124,
0,45145,99508017,370830,75852,156,
0,44999,99508816,369997,76042,146,
0,44790,99508921,370568,75587,134,
0,44882,99508792,370159,76011,156,
0,45053,99508735,370054,76029,129,
0,44843,99508551,370283,76198,125,
0,44999,99508763,369825,76276,137,
0,45143,99508292,369936,76493,136,
0,44767,99508886,370256,75966,125,
0,45024,99508412,370442,76001,121,
0,44828,99508974,369735,76339,124,
0,44783,99508857,370282,75940,138,
0,45087,99508037,371198,75550,128,
0,44882,99508749,370050,76173,146,
0,44940,99508705,370014,76190,151,
0,44919,99508734,370213,75986,148,
0,44992,99508686,369727,76440,155,
0,44953,99508636,369961,76304,146,
0,45052,99508468,370185,76146,149,
0,45031,99508866,369603,76370,130,
0,45020,99508790,369648,76400,142,
0,44874,99508927,369724,76344,131,
0,44945,99508953,369837,76125,140,
0,44867,99508774,369809,76435,115,
0,45139,99508571,369902,76246,142,
0,45082,99508584,370038,76158,138,
0,45128,99508712,369714,76301,145,
0,45075,99508807,369503,76480,135,
0,44903,99508981,369651,76305,160,
0,44786,99509064,369651,76349,150,
0,45014,99508548,370319,75962,157,
0,45011,99508760,369649,76434,146,
0,44978,99508792,370109,76002,119,
0,45204,99508434,370146,76070,146,
0,44826,99508857,370022,76147,148,
0,44944,99508328,370236,76366,126,
0,45157,99508464,370089,76153,137,
0,44874,99508488,370482,76004,152,
0,45047,99508523,369929,76368,133,
0,44862,99508638,370626,75729,145,
0,45048,99508805,369720,76273,154,
0,44957,99508688,370024,76185,146,
0,45346,99508443,370011,76056,144,
0,44906,99508767,370092,76104,131,
0,45125,99508680,369855,76192,148,
0,45090,99508508,370311,75965,126,
0,45013,99508489,370110,76252,136,
0,44959,99508416,370657,75840,128,
0,45212,99508467,369960,76245,116,
0,45036,99508710,370237,75882,135,
0,44824,99508790,369854,76388,144,
0,44858,99509087,369457,76455,143,
0,44954,99508516,370543,75860,127,
0,45209,99508193,370047,76408,143,
0,44866,99508614,370060,76326,134,
0,44984,99508653,369767,76462,134,
0,44910,99508270,370578,76092,150,
0,45070,99508329,370109,76345,147,
0,44982,99508141,370611,76114,152,
0,44935,99508468,370676,75774,147,
0,45001,99508323,370390,76150,136,
0,44753,99508585,370068,76462,132,
0,44903,99508429,370072,76467,129,
0,44935,99508333,370772,75807,153,
0,45135,99508678,370111,75939,137,
0,45163,99508832,369500,76345,160,
0,45029,99508450,370385,76003,133,
0,44797,99508600,370570,75906,127,
0,44984,99508497,370165,76238,116,
0,44752,99509051,369857,76185,155,
0,44861,99508967,369791,76248,133,
0,45069,99508591,370045,76164,131,
0,45056,99508381,370369,76057,137,
0,45089,99508596,370273,75890,152,
0,44661,99508789,370152,76252,146,
0,45061,99508680,370149,75961,149,
0,45143,99508279,370425,76032,121,
0,45223,99508296,370195,76142,144,
0,45159,99508147,370370,76191,133,
0,45122,99508494,369934,76309,141,
0,45140,99508804,369889,76041,126,
0,45102,99508400,370222,76157,119,
0,44602,99508945,370158,76151,144,
0,45018,99508517,370263,76067,135,
0,45017,99508652,370290,75900,141,
0,44924,99508297,370574,76085,120,
0,45177,99508505,370109,76066,143,
0,44723,99508711,370234,76183,149,
0,45104,99508191,370347,76212,146,
0,44718,99509212,369646,76297,127,
0,44825,99508366,370671,76006,132,
0,45269,99507831,370649,76132,119,
0,44985,99508005,370865,75993,152,
0,45002,99508585,370430,75844,136,
0,44875,99508580,370191,76214,140,
0,44768,99508671,370277,76143,141,
0,45165,99508189,370571,75953,122,
0,44944,99508509,369855,76565,127,
0,45155,99508299,370243,76155,148,
0,44899,99508479,370938,75540,144,
0,45084,99508850,370006,75933,127,
0,45284,99508357,370253,75957,149,
0,45139,99508516,369999,76201,145,
0,44930,99508703,369846,76384,137,
0,44858,99508893,369853,76267,129,
0,44981,99508439,370189,76255,136,
0,44861,99508842,370388,75786,123,
0,44835,99508570,370365,76094,136,
0,44824,99508791,370233,76036,116,
0,45075,99508824,369608,76332,161,
0,45022,99508727,369588,76521,142,
0,44970,99508292,370312,76315,111,
0,45084,99508822,369773,76183,138,
0,45172,99508661,369643,76402,122,
0,45033,99508477,370433,75925,132,
0,44969,99508512,370341,76032,146,
0,44786,99509003,369547,76501,163,
0,45204,99508350,370270,76041,135,
0,45139,99508611,370040,76074,136,
0,44913,99508273,370455,76197,162,
0,45161,99508119,370670,75898,152,
0,44770,99508651,370171,76261,147,
0,44855,99508551,370373,76091,130,
0,44936,99508229,370091,76619,125,
0,45184,99508200,370546,75932,138,
0,45141,99508606,369819,76281,153,
0,44914,99508238,370445,76243,160,
0,44981,99508265,370760,75866,128,
0,44987,99508269,370546,76062,136,
0,44767,99508639,370328,76125,141,
0,44846,99508570,370271,76183,130,
0,45156,99508274,370582,75844,144,
0,45106,99508313,370388,76037,156,
0,44840,99508400,370739,75891,130,
0,45084,99508553,370399,75825,139,
0,44837,99508931,370022,76048,162,
0,44912,99508376,370556,76041,115,
0,44993,99508603,370390,75870,144,
0,45155,99508206,370497,76003,139,
0,44993,99508931,369891,76068,117,
0,44998,99508223,370803,75848,128,
0,44908,99508299,370567,76071,155,
0,45018,99508352,370194,76307,129,
0,45178,99508259,370604,75813,146,
0,44867,99508894,370107,75988,144,
0,44755,99508648,370585,75880,132,
0,45264,99507985,370085,76533,133,
0,44992,99508688,370155,76035,130,
0,45373,99508136,370398,75950,143,
0,45075,99508005,370681,76112,127,
0,45131,99508550,370201,75974,143,
0,44902,99508495,370308,76145,150,
0,45024,99508461,370224,76140,151,
0,44875,99508506,370152,76341,126,
0,45302,99507989,370609,75951,149,
0,44886,99508775,370504,75707,128,
0,45174,99508112,370393,76175,146,
0,44952,99508169,370706,76037,136,
0,44886,99508100,370796,76106,112,
0,44928,99508205,370998,75741,128,
0,44867,99508425,370335,76228,145,
0,44978,99508516,370414,75945,147,
0,44993,99508490,370397,75966,154,
0,44906,99508256,370573,76124,141,
0,44805,99508785,369944,76330,136,
0,45152,99508387,369807,76517,137,
0,45278,99508549,370228,75801,144,
0,44827,99508159,370615,76257,142,
0,44985,99508568,370076,76210,161,
0,44964,99508471,370403,76028,134,
0,45099,99508379,370194,76164,164,
0,45146,99508271,370298,76140,145,
0,45263,99508347,370403,75870,117,
0,44983,99508209,370421,76258,129,
0,45138,99508403,370196,76141,122,
0,44721,99508420,370595,76133,131,
0,44960,99508443,370396,76062,139,
0,45133,99508099,370659,75970,139,
0,45133,99508555,370168,76026,118,
0,45057,99508196,370553,76070,124,
0,45133,99508832,369821,76065,149,
0,44964,99508842,369785,76281,128,
0,45023,99508122,370535,76175,145,
0,45143,99508572,370043,76105,137,
0,45104,99508408,370225,76123,140,
0,44976,99508648,370021,76222,133,
0,45010,99508702,370142,75994,152,
0,45010,99508336,370391,76127,136,
0,45127,99508151,370328,76255,139,
0,44796,99508491,370311,76275,127,
0,45004,99508322,370698,75817,159,
0,44710,99508683,370077,76398,132,
0,44754,99508735,370480,75897,134,
0,45010,99508433,370307,76107,143,
0,44950,99508574,370433,75910,133,
0,45152,99508368,370365,75980,135,
0,44944,99508324,371003,75571,158,
0,44716,99508424,370505,76242,113,
0,45110,99508369,369962,76424,135,
0,44923,99508419,370560,75978,120,
0,44987,99508456,370540,75881,136,
0,45072,99508023,370772,76005,128,
0,45037,99508528,369895,76397,143,
0,45098,99508127,370447,76170,158,
0,45019,99508449,370233,76153,146,
0,44792,99508528,370182,76381,117,
0,45022,99508441,369980,76404,153,
0,44957,99508500,370137,76279,127,
0,45063,99508351,370420,76038,128,
0,45197,99508271,370234,76158,140,
0,44896,99508266,370828,75884,126,
0,44901,99508523,370193,76243,140,
0,44948,99508471,370335,76091,155,
0,45040,99508132,370562,76117,149,
0,44520,99508643,370592,76107,138,
0,45092,99508121,370473,76184,130,
0,45166,99508429,370326,75941,138,
0,45183,99508120,370580,75961,156,
0,44967,99508689,369837,76369,138,
0,44917,99508408,370292,76245,138,
0,44683,99508713,370159,76306,139,
0,45181,99508417,369906,76367,129,
0,44760,99508669,370494,75940,137,
0,45089,99508768,369702,76291,150,
0,45165,99508100,370537,76059,139,
0,45322,99508278,370177,76088,135,
0,44621,99508943,370282,76022,132,
0,44949,99508334,370691,75872,154,
0,45082,99508095,370614,76081,128,
0,44853,99508411,370507,76106,123,
0,45265,99508173,369891,76531,140,
0,44821,99508926,370130,75998,125,
0,44765,99508746,370448,75889,152,
0,44883,99508651,370353,75967,146,
0,45046,99508097,370585,76136,136,
0,44986,99508430,370211,76234,139,
0,45090,99508210,370487,76084,129,
0,45273,99508395,369959,76237,136,
0,45190,99508412,370253,76020,125,
0,45035,99508206,370401,76229,129,
0,44745,99508436,371110,75569,140,
0,45024,99508324,370312,76210,130,
0,45133,99508388,370100,76236,143,
0,44993,99508501,370351,76005,150,
0,45059,99508281,370737,75784,139,
0,44776,99508649,370090,76322,163,
0,45087,99508236,370177,76365,135,
0,44919,99508129,370679,76138,135,
0,45116,99507982,370897,75878,127,
0,45020,99508301,370140,76405,134,
0,44911,99508825,369874,76251,139,
0,44943,99508495,370198,76227,137,
0,44879,99508448,370495,76029,149,
0,44816,99508494,369900,76649,141,
0,45089,99508109,370536,76120,146,
0,45198,99508401,370317,75935,149,
0,45205,99508333,370222,76100,140,
0,45020,99508256,370286,76294,144,
0,44969,99508544,370636,75714,137,
0,45063,99508366,370252,76164,155,
0,44862,99508465,370281,76243,149,
0,44985,99508978,369444,76459,134,
0,45121,99508074,370661,76024,120,
0,44941,99508531,370276,76114,138,
0,45038,99508234,370864,75721,143,
0,45075,99508246,370493,76059,127,
0,45230,99508264,370239,76120,147,
0,45110,99508285,370557,75906,142,
0,44980,99508479,369986,76403,152,
0,45061,99508472,370425,75919,123,
0,45158,99508566,369969,76179,128,
0,45061,99508542,369842,76418,137,
0,45169,99508218,370417,76058,138,
0,45205,99508092,370113,76460,130,
0,44973,99508696,370258,75944,129,
0,44903,99508887,369799,76294,117,
0,45056,99508528,370156,76125,135,
0,45253,99508359,369892,76359,137,
0,44942,99508500,370280,76141,137,
0,45308,99508176,370299,76076,141,
0,44896,99508313,370677,75978,136,
0,45232,99508031,370307,76284,146,
0,44921,99508623,370478,75835,143,
0,44788,99508137,371091,75834,150,
0,44780,99508442,370776,75853,149,
0,45003,99508300,370130,76440,127,
0,45113,99508598,369999,76149,141,
0,45004,99508752,370162,75947,135,
0,44887,99508465,370694,75825,129,
0,45032,99508324,370196,76311,137,
0,45046,99508169,370495,76158,132,
0,45113,99508123,370510,76127,127,
0,45249,99508184,370299,76105,163,
0,45161,99507966,370631,76117,125,
0,44875,99508827,370023,76143,132,
0,45195,99508055,370389,76225,136,
0,45096,99508328,370034,76420,122,
0,45218,99508448,369822,76380,132,
0,44812,99508521,370442,76086,139,
0,45124,99508416,370210,76110,140,
0,45128,99508239,370258,76221,154,
0,44961,99508500,370203,76213,123,
0,45004,99508047,370509,76301,139,
0,44922,99508666,370206,76086,120,
0,45129,99508274,370383,76077,137,
0,45059,99508805,370001,76003,132,
0,44702,99508857,370366,75950,125,
0,45247,99508556,370172,75890,135,
0,45031,99508006,370736,76098,129,
0,45018,99508559,370438,75852,133,
0,44825,99508488,370154,76412,121,
0,44876,99508534,370280,76181,129,
0,44949,99508482,370546,75878,145,
0,45085,99508671,370022,76090,132,
0,44897,99508276,370475,76209,143,
0,44846,99508420,370678,75932,124,
0,44949,99508243,370315,76371,122,
0,44799,99508403,370661,75977,160,
0,44944,99508269,370610,76040,137,
0,45057,99508145,370317,76351,130,
0,45020,99508337,370752,75758,133,
0,45104,99508243,370431,76075,146,
0,44901,99508558,370053,76357,131,
0,44807,99508807,369965,76283,138,
0,44899,99508221,370692,76055,133,
0,45011,99508370,370327,76171,121,
0,45034,99508475,370599,75768,124,
0,44832,99508671,370498,75854,145,
0,44973,99508658,370048,76161,160,
0,44978,99508132,370344,76420,126,
0,44940,99508407,370367,76147,139,
0,45015,99508636,370358,75881,110,
0,44692,99508652,370315,76192,149,
0,44847,99508254,370490,76280,129,
0,45115,99508300,370466,75994,125,
0,44950,99508482,370386,76046,136,
0,45187,99508259,370131,76283,140,
0,44986,99508744,369914,76223,133,
0,45027,99508340,370653,75853,127,
0,44976,99508573,370413,75898,140,
0,45123,99508110,370725,75893,149,
0,45259,99508050,370854,75714,122,
0,44945,99508523,370278,76116,138,
0,45133,99508885,369872,75967,143,
0,44931,99508446,370421,76069,133,
0,44938,99508692,370213,76013,144,
0,44860,99508213,370637,76151,139,
0,44962,99507901,370873,76133,131,
0,44813,99509079,369834,76137,137,
0,44938,99508378,370402,76150,132,
0,44658,99508793,370212,76213,124,
0,45056,99507798,371238,75774,134,
0,44899,99508943,369673,76338,147,
0,44882,99508252,370631,76102,133,
0,45083,99508214,370395,76178,130,
0,44830,99508479,370521,76043,127,
0,45030,99508558,370024,76257,131,
0,45220,99508029,370395,76242,113,
0,45080,99508501,370070,76213,136,
0,45322,99508356,369847,76354,121,
0,45083,99508252,370561,75975,129,
0,45064,99508498,370330,75959,149,
0,44912,99508930,369453,76562,143,
0,45002,99508522,370197,76144,135,
0,45227,99508206,370444,75987,136,
0,44859,99508879,369679,76444,139,
0,44939,99508541,370530,75857,133,
0,44745,99508380,370831,75924,120,
0,44935,99508682,369781,76463,139,
0,44978,99508841,369681,76355,145,
0,44992,99508661,369846,76351,150,
0,45033,99508407,369989,76455,116,
0,44820,99508311,370581,76160,128,
0,44863,99508693,370053,76263,128,
0,44940,99508689,369900,76336,135,
0,44870,99508827,370183,75973,147,
0,45125,99508360,370153,76233,129,
0,45033,99508233,370591,75994,149,
0,44879,99508341,370481,76157,142,
0,44920,99508557,370249,76147,127,
0,45242,99508563,369855,76207,133,
0,44963,99508927,369770,76207,133,
0,45020,99508261,370390,76200,129,
0,44810,99508822,370123,76120,125,
0,45110,99508167,370589,75989,145,
0,44916,99508193,370526,76236,129,
0,45265,99508232,370219,76155,129,
0,45220,99507913,370674,76080,113,
0,45100,99508190,370755,75802,153,
0,44924,99508485,370291,76171,128,
0,44967,99508344,370559,75981,149,
0,44912,99508924,370268,75765,131,
0,44916,99508798,370008,76159,119,
0,44965,99508252,370641,76020,122,
0,44955,99508255,370644,76019,127,
0,44755,99508779,370282,76055,129,
0,45141,99507982,370493,76260,124,
0,45027,99508583,370327,75923,139,
0,45077,99508211,370195,76382,135,
0,44997,99508336,370378,76160,129,
0,44954,99508533,370441,75926,146,
0,44994,99508548,370433,75901,124,
0,45125,99508662,369900,76186,127,
0,44852,99508458,370754,75792,144,
0,44755,99508903,370029,76176,137,
0,45160,99508531,370199,75969,141,
0,45241,99508210,370141,76265,143,
0,44666,99508684,370125,76398,127,
0,45410,99508022,370118,76293,157,
0,44901,99508240,370835,75879,145,
0,44776,99508261,370944,75883,136,
0,45029,99508439,370390,76001,141,
0,45109,99508565,369903,76286,137,
0,44992,99508413,370404,76029,162,
0,44989,99508383,370595,75900,133,
0,44839,99509177,369591,76265,128,
0,44922,99508929,369777,76234,138,
0,44999,99508505,370316,76058,122,
0,44792,99509129,369714,76224,141,
0,44844,99508461,370294,76267,134,
0,45067,99508353,370493,75955,132,
0,45044,99508354,370121,76341,140,
0,45104,99508640,369850,76268,138,
0,44853,99508625,370182,76232,108,
0,45012,99508462,370382,76005,139,
0,44896,99508509,370008,76452,135,
0,44938,99508612,369994,76340,116,
0,45003,99508186,370603,76064,144,
0,44929,99508708,369830,76367,166,
0,44983,99508526,370241,76117,133,
0,44951,99508546,370106,76257,140,
0,45382,99508048,370229,76198,143,
0,45062,99508023,370631,76156,128,
0,45220,99507975,370794,75847,164,
0,45129,99508220,370031,76501,119,
0,45003,99508461,370022,76386,128,
0,45195,99508258,370289,76129,129,
0,44964,99508445,370212,76240,139,
0,44969,99508577,370029,76296,129,
0,45298,99508160,370140,76268,134,
0,45057,99508420,369909,76481,133,
0,44811,99508653,370389,76007,140,
0,44893,99508174,370522,76272,139,
0,44775,99508889,369775,76414,147,
0,44936,99508814,369917,76201,132,
0,45099,99508493,369963,76310,135,
0,44824,99509078,369759,76209,130,
0,45014,99508600,370019,76219,148,
0,45233,99508539,370007,76097,124,
0,44855,99508817,370146,76032,150,
0,44860,99508806,370009,76203,122,
0,44891,99508615,370316,76044,134,
0,44689,99508820,370154,76219,118,
0,44827,99508836,370071,76146,120,
0,44919,99508378,370546,76024,133,
0,44900,99508065,370641,76264,130,
0,44975,99508549,369879,76470,127,
0,45017,99508074,370356,76445,108,
0,45170,99508572,369927,76185,146,
0,44876,99508636,370326,76027,135,
0,45137,99508360,370359,76015,129,
0,44990,99508318,370397,76153,142,
0,44982,99508760,369964,76157,137,
0,45133,99508070,370385,76283,129,
0,44787,99508893,370259,75947,114,
0,45016,99508474,370265,76112,133,
0,45060,99508430,370154,76215,141,
0,44799,99508710,370177,76184,130,
0,45139,99508070,370830,75835,126,
0,44840,99508739,370019,76262,140,
0,45010,99508263,370519,76088,120,
0,45135,99508475,370631,75613,146,
0,45014,99508462,370449,75933,142,
0,44922,99508656,369992,76295,135,
0,44955,99508795,369916,76207,127,
0,45089,99507939,371158,75677,137,
0,45002,99508274,370202,76387,135,
0,45011,99508246,370344,76264,135,
0,45174,99508325,370073,76320,108,
0,45012,99507999,370704,76159,126,
0,44763,99508360,370922,75800,155,
0,45276,99508662,370159,75779,124,
0,45229,99508672,369280,76698,121,
0,45050,99508054,370883,75883,130,
0,45041,99508252,370479,76091,137,
0,44755,99509091,370068,75950,136,
0,44984,99508191,370522,76176,127,
0,44945,99508650,370152,76112,141,
0,44953,99508720,370348,75863,116,
0,45261,99507744,370465,76401,129,
0,44897,99508727,369903,76343,130,
0,45179,99508012,370877,75792,140,
0,45056,99508331,369920,76573,120,
0,45124,99508644,369703,76396,133,
0,45074,99508532,370509,75760,125,
0,44906,99508619,370284,76064,127,
0,44923,99508629,369989,76322,137,
0,44924,99508248,370343,76346,139,
0,44820,99508315,370356,76373,136,
0,44925,99508678,370309,75943,145,
0,44784,99508638,370449,76007,122,
0,45007,99508346,369996,76522,129,
0,45123,99508305,370361,76083,128,
0,44673,99508861,370353,75979,134,
0,45087,99508430,370274,76079,130,
0,45173,99508194,370493,76013,127,
0,45088,99508577,370102,76092,141,
0,44756,99508654,370321,76132,137,
0,45174,99508554,370137,76023,112,
0,45038,99508465,369716,76637,144,
0,45214,99508549,369808,76306,123,
0,45062,99508571,369830,76411,126,
0,44886,99508345,370437,76201,131,
0,44952,99508614,369813,76497,124,
0,44988,99507986,370616,76279,131,
0,44949,99508272,370789,75861,129,
0,44713,99508452,370642,76056,137,
0,44945,99508275,370455,76178,147,
0,44967,99508595,370275,76053,110,
0,44846,99508342,370259,76420,133,
0,45009,99508309,370382,76188,112,
0,45138,99508729,370114,75888,131,
0,45296,99508013,370642,75928,121,
0,44913,99508505,370144,76297,141,
0,44765,99508814,370187,76095,139,
0,45081,99507988,370901,75910,120,
0,45016,99508381,370905,75555,143,
0,44884,99508405,370439,76149,123,
0,45178,99508131,370804,75752,135,
0,44945,99508656,370018,76239,142,
0,45034,99508686,370375,75773,132,
0,44686,99508474,370865,75849,126,
0,44979,99508319,370254,76316,132,
0,45005,99508767,370068,76034,126,
0,45028,99508775,369667,76385,145,
0,44978,99508482,370135,76280,125,
0,45298,99508305,370060,76195,142,
0,44834,99508191,370629,76219,127,
0,44775,99508416,370570,76093,146,
0,44904,99508137,370815,76012,132,
0,45156,99508220,370217,76262,145,
0,45052,99508655,369808,76350,135,
0,45064,99508422,370552,75840,122,
0,45114,99508290,370216,76237,143,
0,44945,99508580,370007,76342,126,
0,44918,99508566,370249,76123,144,
0,45039,99508211,370584,76043,123,
0,44766,99508518,370428,76156,132,
0,44953,99508505,370385,76035,122,
0,44850,99508272,370586,76145,142,
0,44915,99508689,370393,75851,152,
0,45023,99508091,370955,75810,121,
0,44997,99508708,370051,76106,138,
0,45107,99508462,370385,75919,127,
0,44912,99508507,370144,76312,125,
0,45144,99508723,369712,76300,121,
0,44883,99508789,369931,76263,134,
0,45008,99508624,369953,76282,133,
0,44729,99508779,370192,76156,144,
0,44840,99507932,371001,76076,151,
0,44790,99508793,370128,76123,166,
0,45165,99508045,370431,76247,112,
0,45012,99508262,370201,76384,141,
0,45088,99508568,369717,76506,121,
0,44733,99508639,370464,76033,131,
0,44751,99508753,370281,76065,150,
0,44898,99508902,370010,76074,116,
0,44990,99508204,370342,76340,124,
0,44923,99508051,370682,76199,145,
0,45030,99508395,370394,76053,128,
0,45148,99508172,370359,76180,141,
0,44964,99508443,370361,76094,138,
0,44918,99508146,370695,76104,137,
0,44840,99508513,370373,76143,131,
0,44899,99508522,370277,76162,140,
0,45078,99508382,370236,76159,145,
0,45032,99508361,370481,75996,130,
0,44954,99508391,370455,76075,125,
0,44966,99508420,370144,76325,145,
0,45035,99508207,370190,76434,134,
0,45174,99507836,370796,76046,148,
0,44879,99508393,370346,76271,111,
0,45053,99508457,369913,76441,136,
0,44892,99508069,371130,75765,144,
0,44970,99508605,370391,75885,149,
0,44777,99508524,370409,76160,130,
0,44745,99508587,370384,76162,122,
0,45163,99508451,369896,76368,122,
0,45096,99508517,370394,75881,112,
0,44745,99508539,370819,75780,117,
0,44995,99508675,369788,76392,150,
0,45053,99508542,369711,76577,117,
0,44684,99508682,370633,75865,136,
0,44901,99508352,370460,76157,130,
0,45040,99508382,370443,76008,127,
0,45045,99507976,370953,75879,147,
0,45130,99507988,370427,76315,140,
0,45322,99508048,370518,75974,138,
0,45000,99508651,370115,76114,120,
0,44958,99508207,370313,76372,150,
0,45177,99508459,370244,75993,127,
0,44820,99508620,370126,76299,135,
0,45079,99508089,370555,76142,135,
0,45141,99508412,370105,76196,146,
0,44814,99508309,370572,76169,136,
0,45069,99508312,370413,76081,125,
0,44745,99508323,370702,76117,113,
0,44989,99508518,370320,76041,132,
0,45055,99508256,370330,76233,126,
0,44805,99508338,370472,76248,137,
0,45101,99508624,369997,76144,134,
0,44954,99508109,370343,76447,147,
0,45058,99508498,370309,76000,135,
0,44952,99508749,370151,76009,139,
0,44658,99508617,370263,76319,143,
0,44908,99508223,370923,75803,143,
0,45390,99508080,370424,75967,139,
0,45012,99508209,370507,76111,161,
0,44865,99508505,370430,76056,144,
0,44821,99508570,370684,75806,119,
0,45073,99507872,371174,75763,118,
0,44778,99508701,370313,76073,135,
0,45071,99508153,370695,75949,132,
0,44736,99508694,370338,76103,129,
0,45189,99508388,370287,76018,118,
0,44824,99508400,370491,76149,134,
0,45201,99508243,370427,76006,123,
0,44946,99508234,370531,76149,140,
0,45067,99507910,370960,75936,127,
0,44963,99508428,370502,75987,120,
0,45009,99508200,370689,75973,129,
0,45215,99508180,370069,76416,120,
0,45117,99508150,370325,76284,124,
0,45176,99508242,370268,76178,136,
0,45153,99508353,370011,76349,134,
0,44894,99509017,369971,75990,128,
0,44922,99508421,370543,75989,125,
0,45042,99508588,370176,76042,152,
0,45090,99508415,370131,76216,148,
0,44926,99508414,370700,75850,110,
0,44588,99508440,370739,76098,135,
0,44867,99508664,370645,75694,130,
0,45033,99508157,370510,76164,136,
0,45149,99508499,370029,76198,125,
0,45019,99508324,370501,76028,128,
0,44920,99508640,370285,76025,130,
0,44903,99508561,370146,76275,115,
0,44979,99508879,369754,76250,138,
0,45254,99508687,369519,76401,139,
0,45158,99508155,370537,76028,122,
0,45387,99507911,370463,76109,130,
0,44725,99508739,370559,75839,138,
0,44973,99508702,369982,76212,131,
0,44925,99508339,370547,76049,140,
0,44961,99508551,370368,75990,130,
0,44902,99508328,370496,76126,148,
0,44983,99508427,370044,76426,120,
0,44840,99508347,370695,76000,118,
0,44816,99508360,370769,75932,123,
0,45002,99508276,370573,76034,115,
0,44795,99508301,370604,76164,136,
0,44802,99508586,370427,76068,117,
0,44975,99508543,369982,76362,138,
0,45047,99508444,370191,76181,137,
0,45306,99507881,370667,76019,127,
0,45208,99508429,370490,75749,124,
0,44807,99508515,370641,75917,120,
0,44952,99508446,370350,76122,130,
0,44953,99508404,370264,76249,130,
0,45172,99508555,370140,76004,129,
0,44858,99508627,370163,76217,135,
0,45019,99508582,370164,76081,154,
0,45199,99508085,370224,76346,146,
0,44868,99508534,370296,76167,135,
0,45114,99508119,370083,76552,132,
0,44935,99508111,370437,76384,133,
0,44895,99508457,370465,76070,113,
0,45007,99508269,370618,75968,138,
0,45045,99508575,370189,76058,133,
0,45105,99508335,370298,76120,142,
0,45062,99508708,369879,76214,137,
0,45295,99508240,370054,76280,131,
0,44985,99508500,370286,76122,107,
0,44910,99508786,369717,76441,146,
0,44783,99508687,370191,76221,118,
0,44892,99508530,370622,75837,119,
0,45108,99508207,370771,75775,139,
0,45100,99508036,370550,76182,132,
0,45030,99508200,370594,76053,123,
0,44890,99508481,369901,76595,133,
0,45058,99508674,369990,76168,110,
0,44966,99508386,370451,76068,129,
0,45010,99508366,370294,76208,122,
0,44917,99508241,370545,76155,142,
0,45062,99508133,371146,75520,139,
0,44990,99508490,370113,76278,129,
0,45027,99508173,370668,76014,118,
0,44988,99508148,370666,76068,130,
0,45076,99508183,370773,75829,139,
0,44996,99508719,369887,76248,150,
0,45222,99508224,370440,75991,123,
0,44956,99508529,370450,75947,118,
0,45086,99508133,370240,76396,145,
0,44811,99508742,370079,76243,125,
0,44883,99508700,370107,76191,119,
0,44976,99508738,369892,76259,135,
0,44737,99508705,370189,76228,141,
0,45011,99508377,370507,75965,140,
0,44884,99508575,370238,76139,164,
0,45056,99508427,370150,76217,149,
0,44889,99508669,369740,76582,120,
0,44941,99508667,370095,76172,125,
0,45145,99508173,370211,76348,123,
0,45187,99508268,370753,75658,134,
0,44803,99508738,369915,76408,136,
0,45009,99508261,370413,76163,154,
0,45149,99508209,370310,76204,128,
0,44964,99508667,370393,75841,135,
0,45000,99508428,370201,76228,143,
0,44786,99508617,370355,76111,131,
0,45157,99508377,369814,76522,130,
0,44983,99508381,370308,76204,124,
0,45018,99508284,370360,76182,156,
0,44771,99508824,370652,75622,131,
0,44916,99508423,370352,76168,141,
0,45097,99508495,370026,76246,136,
0,44713,99508530,370639,75988,130,
0,45014,99508552,370230,76081,123,
0,45168,99508549,369760,76403,120,
0,45087,99508170,370505,76090,148,
0,45015,99508239,370627,75988,131,
0,44861,99508835,369833,76330,141,
0,44850,99508519,370569,75925,137,
0,44783,99508705,370284,76092,136,
0,45012,99508234,370416,76221,117,
0,44828,99508776,369948,76319,129,
0,44994,99508381,370447,76031,147,
0,45093,99508681,370095,75992,139,
0,44936,99508841,369948,76157,118,
0,44890,99508146,370686,76139,139,
0,44793,99508905,370299,75886,117,
0,44973,99508550,370442,75919,116,
0,44740,99508670,370109,76339,142,
0,45107,99508496,370483,75785,129,
0,44705,99508959,370032,76162,142,
0,45112,99508238,370800,75709,141,
0,45070,99508146,370550,76110,124,
0,44869,99508643,370316,76038,134,
0,44853,99508764,370070,76174,139,
0,44762,99508612,370487,76006,133,
0,44932,99508369,370284,76268,147,
0,45124,99508519,370200,76009,148,
0,44987,99508333,370634,75927,119,
0,45146,99508266,370054,76396,138,
0,44918,99508537,370137,76267,141,
0,45052,99508359,370122,76324,143,
0,45141,99508598,370023,76118,120,
0,45061,99507890,370910,76000,139,
0,45128,99508055,370513,76181,123,
0,45113,99508156,370334,76248,149,
0,44905,99508769,370118,76073,135,
0,45147,99508502,370285,75931,135,
0,44936,99508103,370878,75940,143,
0,44965,99508068,370926,75892,149,
0,44961,99508646,370295,75959,139,
0,44980,99509027,369396,76456,141,
0,45176,99508020,370664,75997,143,
0,45063,99508665,370183,75965,124,
0,44898,99508481,370370,76104,147,
0,44908,99508287,370298,76375,132,
0,45149,99508275,370426,76031,119,
0,44869,99508494,370316,76208,113,
0,45191,99508389,370273,75996,151,
0,45273,99508093,370476,76027,131,
0,45295,99508158,370467,75943,137,
0,45111,99508221,370478,76069,121,
0,45211,99508331,369806,76512,140,
0,44883,99508394,370409,76163,151,
0,45026,99508276,370604,75970,124,
0,44905,99508570,370008,76369,148,
0,45132,99508342,370477,75902,147,
0,45221,99508139,370244,76262,134,
0,44961,99508459,370341,76106,133,
0,44855,99508494,370382,76134,135,
0,45024,99508488,370051,76294,143,
0,44759,99508626,370456,76014,145,
0,44925,99508385,370473,76096,121,
0,44991,99508133,370545,76200,131,
0,44886,99508099,371001,75883,131,
0,45124,99508005,370261,76489,121,
0,44826,99508791,370274,75942,167,
0,44959,99508352,370664,75898,127,
0,45044,99508545,370006,76270,135,
0,44844,99508253,370753,75996,154,
0,44763,99508664,369937,76499,137,
0,44937,99508407,370677,75848,131,
0,44859,99508327,370603,76075,136,
0,45046,99508154,370795,75853,152,
0,44949,99508693,370169,76054,135,
0,44923,99508292,370280,76366,139,
0,44952,99508104,370778,76037,129,
0,44861,99508647,370473,75878,141,
0,44885,99508644,370101,76236,134,
0,45270,99508046,370542,75987,155,
0,44897,99508420,370775,75772,136,
0,44997,99508260,370412,76203,128,
0,44604,99508628,370916,75700,152,
0,44911,99508346,370548,76058,137,
0,44916,99508194,370793,75964,133,
0,45179,99508468,370147,76090,116,
0,44637,99508535,370730,75976,122,
0,44849,99508467,370548,76010,126,
0,44921,99508635,369941,76378,125,
0,44870,99508280,371064,75648,138,
0,44740,99508670,370591,75866,133,
0,45084,99507983,370898,75909,126,
0,44989,99508674,370456,75737,144,
0,45268,99508119,370313,76173,127,
0,44903,99508657,370487,75822,131,
0,44992,99508820,369952,76105,131,
0,44828,99508854,370100,76076,142,
0,45137,99508196,370401,76143,123,
0,44804,99508480,370732,75858,126,
0,44940,99508617,370140,76171,132,
0,44827,99509046,369884,76092,151,
0,44859,99508231,370953,75830,127,
0,44861,99508408,370690,75915,126,
0,44790,99508564,369948,76561,137,
0,45010,99508218,370502,76139,131,
0,45197,99508318,370278,76076,131,
0,44998,99508348,370505,76018,131,
0,44920,99508163,370371,76420,126,
0,44946,99507929,371107,75873,145,
0,44850,99508727,370238,76048,137,
0,45000,99508411,370163,76309,117,
0,44914,99508517,370126,76289,154,
0,44917,99508908,370272,75768,135,
0,45241,99508163,370210,76257,129,
0,44858,99508413,370640,75948,141,
0,44691,99508996,369943,76215,155,
0,44879,99508113,370831,76026,151,
0,44933,99508175,370721,76014,157,
0,45318,99507762,370956,75814,150,
0,44969,99508393,370421,76062,155,
0,44980,99508539,370149,76200,132,
0,44858,99508719,370493,75803,127,
0,44963,99507884,370752,76266,135,
0,44689,99508945,370321,75898,147,
0,45037,99508089,370918,75830,126,
0,44960,99508531,370558,75820,131,
0,45076,99508110,370248,76431,135,
0,44921,99508810,370329,75835,105,
0,44823,99508453,370308,76289,127,
0,44909,99508709,370202,76057,123,
0,44918,99508317,370926,75705,134,
0,44783,99508785,370593,75691,148,
0,45019,99508163,370466,76226,126,
0,45188,99508298,370379,75992,143,
0,44838,99508496,370437,76078,151,
0,44994,99508344,370740,75790,132,
0,45063,99508194,370766,75847,130,
0,45046,99507886,370973,75984,111,
0,44939,99508444,370549,75935,133,
0,45019,99509030,369445,76370,136,
0,45050,99508367,370552,75886,145,
0,45124,99507936,370949,75838,153,
0,44828,99508776,370415,75849,132,
0,45080,99508175,370831,75781,133,
0,44978,99508663,369716,76527,116,
0,45069,99508141,370697,75946,147,
0,44797,99508420,370540,76086,157,
0,45142,99508513,369822,76380,143,
0,44929,99508762,370139,76037,133,
0,44965,99508559,370287,76046,143,
0,44932,99508179,370428,76338,123,
0,44958,99509071,369695,76130,146,
0,45108,99508359,370445,75960,128,
0,45099,99507880,371052,75839,130,
0,44745,99508731,370129,76293,102,
0,44851,99508365,370366,76284,134,
0,44838,99508518,370288,76205,151,
0,45094,99508015,370534,76218,139,
0,44996,99508552,370232,76077,143,
0,44880,99508374,370567,76058,121,
0,45031,99508209,370726,75903,131,
0,44872,99508862,370042,76078,146,
0,45059,99508045,370938,75836,122,
0,44746,99508687,370426,76014,127,
0,45106,99508650,369923,76160,161,
0,45162,99507944,370522,76249,123,
0,45038,99508581,370443,75812,126,
0,45128,99508352,370300,76082,138,
0,44974,99508144,370766,75957,159,
0,44999,99508270,370365,76244,122,
0,44790,99508724,370452,75898,136,
0,44715,99508835,370055,76239,156,
0,44789,99508627,370333,76108,143,
0,45056,99508589,370090,76139,125,
0,44692,99508344,370433,76379,152,
0,44977,99508368,370645,75857,153,
0,45101,99508426,370412,75923,138,
0,45129,99508175,370196,76380,120,
0,44893,99508186,370965,75822,134,
0,44805,99508656,370158,76239,142,
0,44882,99508264,370710,76008,136,
0,44957,99508810,369807,76292,134,
0,44883,99508223,370546,76224,124,
0,45106,99508346,370684,75721,143,
0,44826,99508589,370387,76085,113,
0,45089,99508735,369872,76184,120,
0,44913,99508542,370502,75899,144,
0,45311,99507948,370763,75837,141,
0,44801,99508813,370480,75772,134,
0,45140,99508863,369484,76381,132,
0,44810,99508620,370686,75744,140,
0,45302,99508054,370490,76028,126,
0,44823,99508706,369992,76345,134,
0,45019,99508014,370812,76000,155,
0,45080,99508092,370685,76020,123,
0,44939,99508564,370265,76104,128,
0,44950,99508441,370415,76045,149,
0,45217,99508146,370612,75878,147,
0,44722,99508463,370654,76028,133,
0,44889,99508942,369933,76114,122,
0,45261,99508307,370261,76026,145,
0,45216,99508133,370577,75972,102,
0,44775,99508751,370511,75826,137,
0,44661,99508417,370581,76219,122,
0,45166,99508100,370450,76166,118,
0,45079,99508709,370001,76083,128,
0,44881,99508560,370177,76241,141,
0,45178,99508358,370003,76329,132,
0,45218,99508410,369635,76612,125,
0,44959,99508234,370465,76227,115,
0,45190,99508665,369939,76089,117,
0,45065,99508195,370304,76305,131,
0,44713,99508748,370341,76053,145,
0,44674,99509387,369637,76176,126,
0,44835,99508417,370897,75713,138,
0,44895,99508689,370413,75877,126,
0,44804,99508769,370409,75904,114,
0,45146,99508170,370215,76340,129,
0,44955,99508629,370318,75969,129,
0,44948,99508047,370949,75942,114,
0,44870,99508519,370342,76126,143,
0,45021,99508043,370397,76419,120,
0,45229,99508158,370175,76309,129,
0,44980,99508774,369990,76121,135,
0,44785,99508462,370298,76303,152,
0,45040,99508517,369992,76309,142,
0,44931,99508642,370347,75940,140,
0,45242,99508461,370461,75694,142,
0,44968,99508314,370559,76020,139,
0,44872,99508424,370692,75891,121,
0,44959,99508663,369932,76330,116,
0,44832,99508470,370961,75604,133,
0,44766,99508784,370356,75958,136,
0,45018,99508569,370224,76061,128,
0,44970,99508343,370425,76133,129,
0,44885,99508921,370060,76017,117,
0,44818,99508613,370142,76297,130,
0,44995,99508411,370471,76011,112,
0,44802,99508738,370129,76207,124,
0,44979,99508447,370672,75768,134,
0,44807,99508809,369940,76340,104,
0,45045,99508285,370370,76166,134,
0,44748,99508195,370910,76022,125,
0,44888,99508771,370041,76153,147,
0,44858,99509053,369854,76099,136,
0,45079,99508085,370779,75912,145,
0,44906,99508455,370409,76088,142,
0,44916,99508740,370335,75863,146,
0,45173,99508696,369879,76096,156,
0,44932,99508273,370699,75971,125,
0,44911,99508509,370377,76083,120,
0,44811,99508474,370655,75917,143,
0,44954,99508618,369958,76329,141,
0,45081,99508411,370369,76007,132,
0,45113,99508500,370278,75990,119,
0,44994,99508767,369785,76326,128,
0,44920,99508556,370411,76000,113,
0,44809,99508660,370440,75954,137,
0,44765,99508805,369956,76317,157,
0,45293,99508596,369926,76042,143,
0,44757,99508375,370670,76063,135,
0,44638,99508859,370213,76149,141,
0,45081,99508588,370080,76125,126,
0,45035,99508409,369994,76442,120,
0,45088,99508035,370528,76206,143,
0,44858,99508668,370266,76061,147,
0,45030,99508258,370843,75733,136,
0,45029,99508132,370448,76274,117,
0,45096,99508710,369782,76285,127,
0,44876,99508722,370301,75946,155,
0,45006,99508213,370653,75990,138,
0,44753,99508725,370240,76151,131,
0,45026,99508583,369848,76424,119,
0,45174,99508892,369669,76129,136,
0,45065,99508271,370760,75781,123,
0,44802,99508797,370473,75795,133,
0,44787,99508818,369807,76466,122,
0,45263,99508245,370420,75950,122,
0,44976,99508372,370227,76293,132,
0,44931,99508390,370104,76429,146,
0,45013,99508563,370200,76074,150,
0,45134,99508668,369808,76253,137,
0,44964,99508518,370402,75993,123,
0,45091,99508285,370385,76097,142,
0,44956,99508359,370452,76086,147,
0,45030,99508150,370772,75910,138,
0,45009,99508633,369989,76233,136,
0,45062,99508655,369812,76331,140,
0,45123,99508231,370301,76215,130,
0,45007,99508005,370853,75993,142,
0,45107,99508149,370247,76381,116,
0,44779,99508585,370534,75949,153,
0,44839,99508646,370339,76049,127,
0,44961,99508588,369907,76408,136,
0,44834,99508553,369972,76505,136,
0,44870,99508391,370447,76155,137,
0,44853,99508494,370207,76302,144,
0,44994,99508108,370648,76123,127,
0,45335,99507836,370797,75900,132,
0,44841,99508748,369809,76473,129,
0,44828,99508850,370209,75975,138,
0,45007,99508221,370765,75885,122,
0,45190,99508612,370150,75919,129,
0,44913,99508656,369928,76379,124,
0,45134,99508699,369692,76337,138,
0,44839,99508519,370371,76143,128,
0,45037,99508152,370367,76299,145,
0,44885,99508620,370450,75887,158,
0,44849,99508448,370835,75739,129,
0,44941,99508330,370290,76302,137,
0,44835,99508396,370698,75939,132,
0,45127,99508076,370663,76009,125,
0,44919,99508472,370486,76004,119,
0,44983,99508387,370395,76086,149,
0,45013,99508451,370377,76027,132,
0,45128,99508575,370062,76103,132,
0,44800,99508700,369980,76392,128,
0,44827,99508370,371005,75649,149,
0,45270,99508112,370208,76271,139,
0,45109,99508322,370315,76096,158,
0,44962,99508557,370465,75890,126,
0,45197,99508402,369710,76583,108,
0,44905,99508199,370491,76269,136,
0,44891,99508905,369933,76160,111,
0,45097,99508583,370240,75957,123,
0,44975,99508845,369803,76242,135,
0,44923,99508465,370674,75800,138,
0,45224,99508585,370042,76009,140,
0,45075,99508765,370006,76025,129,
0,45006,99508972,369877,76011,134,
0,44742,99508415,371000,75716,127,
0,44759,99508669,370213,76230,129,
0,44628,99509289,369537,76408,138,
0,44982,99508822,369587,76475,134,
0,44870,99508616,370449,75942,123,
0,45060,99508517,369626,76666,131,
0,44926,99508248,370573,76124,129,
0,44745,99509147,369868,76114,125,
0,45030,99508488,370391,75954,137,
0,44780,99508939,370112,76041,128,
0,44764,99508617,370600,75911,108,
0,44789,99508424,370613,76031,143,
0,44884,99508144,370304,76547,121,
0,44978,99508782,370106,76012,122,
0,44879,99508602,370077,76286,156,
0,45189,99508475,370258,75951,127,
0,45029,99508485,370251,76088,147,
0,45060,99508337,370409,76057,137,
0,44954,99508618,370122,76194,112,
0,44886,99508632,370301,76056,125,
0,44892,99508359,370460,76182,107,
0,44838,99508583,370548,75890,141,
0,44780,99508756,370257,76075,132,
0,44610,99509021,370129,76093,147,
0,44822,99508510,370402,76133,133,
0,45113,99508418,369811,76522,136,
0,44951,99508367,370501,76045,136,
0,44830,99508630,369992,76420,128,
0,44936,99508642,370164,76116,142,
0,44970,99508506,369980,76424,120,
0,44938,99508763,370244,75913,142,
0,44898,99508500,370473,75997,132,
0,44988,99508153,370592,76138,129,
0,44783,99508691,370237,76155,134,
0,44803,99508626,370453,75983,135,
0,44782,99508553,370353,76161,151,
0,44870,99508527,370579,75892,132,
0,44854,99508883,369694,76442,127,
0,44889,99508743,370050,76176,142,
0,44934,99508683,370168,76102,113,
0,44794,99508976,370158,75965,107,
0,44831,99508553,370486,75994,136,
0,45324,99508403,369947,76195,131,
0,45109,99508660,370414,75683,134,
0,44838,99508407,370655,75972,128,
0,45298,99508430,370050,76087,135,
0,45145,99508055,370690,75982,128,
0,44940,99508600,370267,76084,109,
0,45048,99508662,369769,76390,131,
0,44810,99508750,370406,75908,126,
0,45094,99508519,370201,76071,115,
0,44847,99508736,369916,76353,147,
0,44890,99508353,370546,76093,118,
0,45008,99508496,370599,75743,154,
0,44833,99509024,369788,76214,141,
0,45100,99508483,369880,76412,125,
0,44697,99508798,370651,75715,139,
0,44817,99508664,369989,76397,133,
0,45087,99508522,370014,76256,121,
0,45141,99508077,370683,75986,113,
0,44691,99508863,370343,75964,139,
0,45021,99508327,370302,76231,119,
0,44872,99508655,370458,75888,127,
0,44918,99508593,370095,76267,126,
0,44852,99508781,370299,75954,114,
0,44794,99508809,370292,75965,140,
0,44812,99508631,370050,76375,132,
0,45124,99508174,370738,75837,127,
0,44991,99509159,369419,76318,113,
0,44751,99508892,370045,76179,133,
0,44854,99508771,370097,76157,121,
0,44827,99508583,370436,76031,123,
0,44950,99508799,370021,76098,132,
0,44998,99508753,370022,76095,132,
0,45243,99508374,370343,75906,134,
0,44945,99508774,369733,76400,148,
0,44882,99508222,370825,75929,142,
0,44774,99508687,370401,75998,140,
0,45127,99508169,370365,76190,149,
0,44817,99508696,369848,76526,113,
0,45042,99508421,370189,76225,123,
0,44727,99508646,370389,76086,152,
0,45072,99508653,370052,76100,123,
0,44740,99508352,370698,76069,141,
0,45008,99508376,370462,76045,109,
0,44597,99509031,370379,75854,139,
0,45169,99508457,370067,76167,140,
0,45028,99508659,370097,76062,154,
0,45067,99508406,370338,76047,142,
0,44989,99508560,370226,76104,121,
0,45088,99508677,369616,76488,131,
0,45136,99508466,370111,76169,118,
0,44882,99508732,370185,76077,124,
0,44963,99508275,370315,76309,138,
0,45107,99508459,370204,76088,142,
0,44949,99508761,369931,76234,125,
0,45061,99508506,370153,76168,112,
0,44882,99508628,370174,76175,141,
0,44768,99508915,370122,76060,135,
0,44959,99508567,370155,76194,125,
0,45114,99508687,370086,75974,139,
0,44902,99508536,370265,76174,123,
0,44972,99508513,370480,75893,142,
0,45011,99508259,370504,76103,123,
0,44929,99508747,370147,76063,114,
0,44895,99508606,370116,76245,138,
0,44873,99508907,370136,75953,131,
0,44821,99508841,370155,76058,125,
0,44807,99508500,370110,76462,121,
0,44908,99508291,370510,76146,145,
0,45069,99508435,370329,76046,121,
0,44974,99508818,369521,76557,130,
0,45032,99508372,370542,75947,107,
0,45140,99508305,370893,75537,125,
0,44607,99509028,369863,76370,132,
0,44889,99508499,370599,75893,120,
0,45013,99508584,370121,76159,123,
0,45152,99508107,370835,75777,129,
0,44915,99508879,369835,76244,127,
0,45095,99508262,370337,76165,141,
0,44882,99508546,370254,76181,137,
0,44882,99509179,369570,76234,135,
0,45430,99507990,370264,76171,145,
0,44693,99509161,370230,75781,135,
0,44736,99508878,369848,76413,125,
0,44846,99508363,370620,76033,138,
0,44684,99508397,370770,76015,134,
0,44898,99508503,370448,76044,107,
0,44968,99508643,369913,76335,141,
0,45094,99508189,370349,76261,107,
0,45020,99508383,370460,75998,139,
0,44703,99508721,369751,76689,136,
0,45035,99508630,370468,75743,124,
0,44972,99508530,370067,76283,148,
0,44896,99508830,369948,76193,133,
0,44799,99508492,370696,75885,128,
0,45196,99507969,370689,76021,125,
0,44837,99508671,370248,76109,135,
0,44755,99508620,370899,75609,117,
0,44675,99508563,370431,76189,142,
0,45044,99508871,369051,76914,120,
0,44770,99508730,370371,76001,128,
0,44893,99509106,369623,76259,118,
0,44859,99508512,370320,76185,124,
0,45129,99508460,370227,76054,130,
0,44822,99508977,369858,76223,120,
0,44909,99508612,370197,76158,124,
0,44833,99508919,370009,76112,127,
0,44761,99508758,370101,76250,130,
0,45004,99508703,369907,76244,142,
0,44997,99508502,370033,76332,136,
0,44895,99508528,370504,75945,128,
0,44693,99509092,370299,75790,126,
0,45043,99508416,370013,76400,128,
0,44881,99508669,370148,76181,121,
0,44710,99508973,369947,76249,121,
0,44895,99508533,370231,76217,124,
0,44782,99508965,369974,76147,132,
0,45104,99508895,369882,75982,137,
0,44768,99508606,370310,76192,124,
0,45073,99508339,370489,75979,120,
0,45040,99508475,370590,75762,133,
0,44859,99508608,370221,76175,137,
0,44909,99508938,369987,76033,133,
0,44662,99508634,370642,75920,142,
0,44884,99508750,370346,75905,115,
0,44912,99508503,370522,75927,136,
0,44739,99508962,370259,75916,124,
0,45010,99508406,369994,76455,135,
0,45084,99508206,370385,76179,146,
0,44803,99508618,370311,76136,132,
0,44871,99508660,370608,75732,129,
0,45148,99508114,370622,76002,114,
0,45010,99508387,370634,75837,132,
0,44874,99508770,370039,76181,136,
0,44985,99508625,370337,75907,146,
0,44933,99508422,370358,76157,130,
0,44891,99508114,371137,75735,123,
0,44866,99508983,369970,76063,118,
0,44868,99507934,370804,76262,132,
0,44777,99508640,370454,75978,151,
0,45061,99508255,370480,76074,130,
0,44930,99508232,370612,76091,135,
0,45130,99508639,369931,76173,127,
0,44971,99508912,369678,76313,126,
0,45221,99508140,370414,76112,113,
0,45088,99507994,370637,76148,133,
0,45223,99508100,370476,76077,124,
0,44964,99508135,370484,76291,126,
0,45187,99508719,370125,75830,139,
0,45161,99508376,370132,76183,148,
0,44999,99508527,370361,75986,127,
0,45035,99508533,370682,75607,143,
0,45151,99508181,370261,76282,125,
0,44846,99508968,370133,75924,129,
0,44999,99508543,370246,76088,124,
0,44831,99508889,369922,76226,132,
0,44921,99508739,370426,75771,143,
0,45223,99508501,369680,76480,116,
0,45005,99508422,370379,76051,143,
0,44948,99508961,369727,76224,140,
0,44938,99508392,370519,76035,116,
0,44802,99508975,369700,76399,124,
0,45033,99508333,370562,75940,132,
0,44981,99508375,370305,76219,120,
0,45020,99508728,370012,76110,130,
0,44676,99509018,370070,76119,117,
0,45179,99508588,369572,76524,137,
0,44951,99508587,370077,76244,141,
0,44800,99508719,370237,76116,128,
0,44809,99508803,370434,75812,142,
0,44908,99508523,370199,76230,140,
0,44927,99508752,370075,76107,139,
0,44934,99508503,370318,76118,127,
0,45118,99508665,370228,75862,127,
0,45017,99508741,370216,75902,124,
0,44923,99508585,370336,76018,138,
0,44760,99508824,370323,75946,147,
0,44989,99508748,370357,75777,129,
0,44738,99508604,370318,76230,110,
0,44708,99508762,370144,76251,135,
0,44935,99508435,370657,75853,120,
0,45115,99508339,370667,75749,130,
0,44974,99508152,371066,75700,108,
0,44865,99508638,370307,76055,135,
0,44960,99508349,370562,75979,150,
0,45056,99508428,370606,75782,128,
0,45135,99508001,370755,75966,143,
0,44970,99508762,369983,76168,117,
0,45135,99508188,370444,76104,129,
0,45058,99508623,370010,76179,130,
0,45089,99508268,370183,76342,118,
0,44923,99508686,370199,76058,134,
0,45213,99508644,370194,75823,126,
0,45178,99508293,370117,76281,131,
0,44914,99508384,370538,76027,137,
0,44796,99508774,370121,76177,132,
0,44946,99508668,369852,76391,143,
0,44853,99508505,370547,75963,132,
0,44706,99508589,370569,75988,148,
0,44785,99508664,370173,76235,143,
0,45098,99508560,370215,75994,133,
0,44925,99508687,370257,75987,144,
0,44830,99508845,369945,76246,134,
0,44871,99508353,370704,75942,130,
0,44655,99508769,370152,76296,128,
0,45189,99508499,369878,76307,127,
0,45054,99508280,370340,76194,132,
0,44930,99508490,370332,76120,128,
0,44854,99508326,370953,75755,112,
0,45308,99508205,369942,76424,121,
0,44796,99508738,370408,75919,139,
0,45166,99508452,370006,76235,141,
0,45005,99508052,371050,75755,138,
0,45061,99508351,370276,76169,143,
0,44963,99508861,370158,75878,140,
0,44801,99508642,370559,75868,130,
0,45304,99508314,370361,75885,136,
0,45057,99508340,370196,76282,125,
0,45054,99508170,370263,76391,122,
0,45142,99508560,370224,75953,121,
0,44814,99508527,370079,76459,121,
0,44971,99508249,370848,75797,135,
0,44996,99508626,370320,75929,129,
0,44906,99508513,370419,76037,125,
0,45022,99508741,370132,75953,152,
0,45082,99508423,370543,75818,134,
0,44871,99508694,370055,76259,121,
0,44954,99508333,370592,76010,111,
0,44969,99508453,370249,76202,127,
0,44848,99508706,370436,75866,144,
0,45014,99508380,370219,76245,142,
0,44976,99508330,370548,75999,147,
0,45077,99508545,369997,76250,131,
0,44821,99508507,370696,75848,128,
0,45047,99508739,370027,76055,132,
0,44854,99508623,370678,75731,114,
0,44954,99508221,370464,76229,132,
0,44764,99508828,370023,76240,145,
0,45172,99508190,370656,75872,110,
0,45164,99508454,370416,75827,139,
0,44875,99508505,370385,76113,122,
0,45141,99508014,370918,75778,149,
0,44811,99508773,369852,76422,142,
0,45043,99508363,370721,75747,126,
0,44941,99508848,369958,76117,136,
0,44847,99508378,370414,76252,109,
0,44840,99508776,370229,76033,122,
0,45184,99508263,370265,76150,138,
0,45057,99508462,370314,76047,120,
0,45072,99508260,370078,76449,141,
0,44737,99508937,370147,76042,137,
0,45042,99508426,370135,76274,123,
0,44751,99508471,370418,76209,151,
0,44895,99508353,370461,76167,124,
0,45200,99508407,370078,76178,137,
0,45090,99508403,370131,76245,131,
0,44893,99508532,370822,75627,126,
0,45107,99508570,370061,76118,144,
0,44942,99508598,370666,75654,140,
0,44798,99508727,370481,75867,127,
0,44914,99508349,370678,75898,161,
0,44881,99508821,370129,76045,124,
0,44832,99508994,370030,75998,146,
0,44736,99508969,370266,75877,152,
0,45118,99508800,370023,75929,130,
0,45052,99508291,370309,76213,135,
0,45181,99508710,370183,75782,144,
0,45097,99508724,369755,76282,142,
0,44986,99508743,369813,76317,141,
0,44954,99508689,370209,76027,121,
0,44851,99508717,370251,76057,124,
0,44913,99508399,370680,75889,119,
0,44839,99508625,370462,75950,124,
0,45048,99508570,370045,76202,135,
0,44892,99508670,370372,75948,118,
0,45054,99508536,370259,76030,121,
0,45122,99508443,370174,76141,120,
0,45168,99508092,370505,76094,141,
0,45001,99509057,369551,76296,95,
0,44892,99508668,369899,76396,145,
0,45059,99508693,370067,76041,140,
0,44932,99508771,369602,76559,136,
0,44932,99508648,370501,75788,131,
0,44992,99508854,369900,76125,129,
0,44920,99508664,370293,75991,132,
0,44862,99508724,370194,76090,130,
0,45203,99508478,370322,75873,124,
0,45109,99508161,370287,76305,138,
0,44754,99508909,370488,75718,131,
0,45200,99508357,370037,76269,137,
0,45090,99508328,370185,76269,128,
0,45006,99508760,370003,76089,142,
0,45031,99508377,370556,75913,123,
0,45001,99508656,370243,75969,131,
0,45034,99508344,370338,76153,131,
0,44925,99508781,370145,76022,127,
0,44765,99508881,370505,75735,114,
0,44798,99508763,369970,76333,136,
0,45100,99508395,370499,75870,136,
0,44781,99508818,370249,76003,149,
0,44726,99508980,369999,76166,129,
0,45106,99508349,370064,76333,148,
0,45034,99508471,370591,75755,149,
0,44935,99508657,370247,76048,113,
0,45010,99508422,370497,75924,147,
0,45258,99508148,370842,75605,147,
0,44944,99508721,369909,76287,139,
0,44959,99508624,370290,76017,110,
0,44747,99508474,370621,76025,133,
0,44998,99508678,370368,75830,125,
0,45075,99508630,370256,75900,139,
0,45114,99508270,370585,75902,129,
0,44933,99509025,369758,76131,153,
0,44865,99508394,370439,76173,129,
0,44833,99508878,369739,76420,130,
0,44743,99508983,370324,75819,131,
0,45072,99508624,369771,76417,116,
0,44920,99508559,370213,76177,131,
0,44948,99508309,370778,75829,136,
0,45195,99508137,370281,76276,111,
0,44876,99509275,369947,75766,136,
0,44864,99508761,370143,76095,137,
0,44633,99509182,369995,76039,151,
0,45182,99508265,370858,75563,132,
0,45095,99508421,370134,76211,139,
0,44921,99508555,370323,76044,157,
0,44776,99508710,370673,75704,137,
0,44940,99508845,369818,76264,133,
0,44760,99508345,370944,75804,147,
0,44808,99508424,370813,75837,118,
0,44953,99508152,370772,76009,114,
0,44996,99508274,370589,75998,143,
0,45002,99508714,369840,76324,120,
0,44859,99508651,370031,76322,137,
0,44994,99508651,369735,76478,142,
0,44801,99508334,370963,75771,131,
0,44912,99508646,369614,76701,127,
0,44953,99508403,370523,75975,146,
0,45028,99508391,370594,75865,122,
0,45158,99508354,370318,76016,154,
0,44804,99508918,370079,76060,139,
0,45082,99508272,370350,76148,148,
0,45024,99508483,370103,76254,136,
0,44890,99509116,369777,76090,127,
0,44854,99508469,370051,76493,133,
0,44874,99508483,370273,76242,128,
0,44661,99508309,370909,75989,132,
