data: dataset/hutter-text/enwik8
d:1:3.9979453180796973,8.91585895964618,8.91585788466291,13.833771526229395
d:2:3.525277590311049,8.91585912640468,8.915857692070883,14.306439228164514
d:3:3.352551023513275,8.915858846765758,8.915857246786153,14.479165070038636
d:4:3.3212231628691082,8.915859729157383,8.91585659125348,14.510493157541754
d:5:3.1877560163115746,8.915859614904186,8.915855957465478,14.643959556058089
d:6:3.273028942618774,8.915860157521236,8.915855044037883,14.558686258940346
d:7:3.1684624621386064,8.915859614904186,8.915854523131184,14.663251675896763
d:8:3.223469279637264,8.915860194176343,8.915855733836874,14.608246648375953
d:9:3.1763622636004776,8.915860288302682,8.915854985794951,14.655353010497155
d:10:3.205956777100397,8.915860200818805,8.915854938492346,14.625758362210753
d:11:3.151383153825975,8.915860371455834,8.915854025064306,14.680331242694166
d:12:3.204203521050424,8.91586142526986,8.91585577701477,14.627513681234205
d:13:3.150977108846508,8.91586144838934,8.915855143226075,14.680739482768907
d:14:3.1763053657251756,8.915860194176343,8.915854386548759,14.655409214999926
d:15:3.154932615916387,8.91586142526986,8.915854408016472,14.676783217369945
d:16:3.1720818330796554,8.915861576581385,8.915854353498194,14.659634096999923
d:17:3.1433445770305415,8.91586144838934,8.915854329677078,14.688371201035876
d:18:3.16851869480203,8.915862317666924,8.915854255030919,14.663197877895813
d:19:3.139737316710937,8.915861922470977,8.91585454330831,14.69197914906835
d:20:3.1616878124777976,8.91586142526986,8.915852900543593,14.670026513335653
d:21:3.142290217207794,8.915861683181678,8.915853830237113,14.689425296210999
d:22:3.1516477819244955,8.915861803378476,8.915852743445512,14.680066764899493
d:23:3.1360209897779043,8.915861683181678,8.915852550852183,14.695693244255956
d:24:3.152020684078707,8.915862668510176,8.915855129353814,14.67969711378528
d:25:3.1306495093581734,8.915861954703123,8.915852508191259,14.701064953536209
d:26:3.1420955130124355,8.915862561416505,8.915852905516557,14.689619953920626
d:27:3.1277091940570134,8.915862317666924,8.915852804095431,14.704005927705344
d:28:3.1358893173664537,8.91586226827501,8.915853057215378,14.695826008123932
d:29:3.1249127054083754,8.915862652486776,8.915851958409018,14.706801905487419
d:30:3.1355065595572764,8.915862635279925,8.915853728904256,14.696209804626905
d:31:3.119436219012673,8.915862280794228,8.915852880214548,14.7122789419961
d:32:3.1312922958894696,8.915863419063335,8.915853991182377,14.700425114356243
d:33:3.119330679326131,8.91586244697713,8.91585062758205,14.712382395233048
d:34:3.125721624794803,8.91586204027119,8.915851951169444,14.70599236664583
d:35:3.1190826107563705,8.91586226827501,8.91585150235748,14.71263115987612
d:36:3.1277278308394205,8.915863870573496,8.915853571325497,14.703989611059574
d:37:3.115699680826065,8.915863539206018,8.915853731989433,14.716017590369386
d:38:3.1223983080625946,8.915863870573496,8.91585327814813,14.709318840659032
d:39:3.114342409551867,8.915862590344197,8.915850879412915,14.717371060205245
d:40:3.1207807279036306,8.915863419063335,8.91585176233634,14.710934453496042
d:41:3.1130811263326574,8.915862519166929,8.915849625030978,14.71863101786525
d:42:3.1185286244800174,8.915863870573496,8.915852117314833,14.713187363408313
d:43:3.110183056041331,8.915862280794228,8.915848948499189,14.721528173252088
d:44:3.1157430482356876,8.915863870573496,8.91585204491885,14.715972867256658
d:45:3.1101696895728352,8.915862635279925,8.915849506988582,14.721542452695672
d:46:3.1131241465660047,8.91586303530827,8.915850941471383,14.718589830213649
d:47:3.1078769387335203,8.915863265374865,8.915851181232583,14.72383750787393
d:48:3.113923931327175,8.915863404622765,8.915851973267895,14.717791446563485
d:49:3.1055838721589737,8.915863324861327,8.915849143709208,14.726128596411563
d:50:3.1127624311293207,8.915862635279925,8.91584744215178,14.718947646302384
d:51:3.104842567861988,8.915863643457655,8.915850797202113,14.726871872797778
d:52:3.1089290486945593,8.915863419063335,8.915848552928994,14.722782923297768
d:53:3.104576873996429,8.915863123054457,8.915850686767346,14.727136935825374
d:54:3.108861409855697,8.915863293908451,8.915849673005223,14.722851557057977
d:55:3.1030657800172055,8.91586394150536,8.915850243511219,14.728648404999374
d:56:3.108442785906796,8.915863870573496,8.915847622252947,14.723268706919647
d:57:3.102843871112146,8.915863870573496,8.915846929669137,14.728866929130486
d:58:3.104841242304838,8.91586282966173,8.915846964642014,14.726868551998907
d:59:3.101206598654697,8.915862122571935,8.915849932504443,14.730505456421684
d:60:3.103802114397629,8.915863563422775,8.915847650798181,14.727909099823327
d:61:3.099300662171787,8.915863293908451,8.915847760098755,14.73241039183542
d:62:3.1033754301237533,8.915862797835194,8.915848527376902,14.728335895088344
d:63:3.0992164067642864,8.915863870573496,8.91584547667588,14.73249294048509
d:64:3.100829066580612,8.915863569000049,8.915848647021228,14.730883149440665
d:65:3.097819061328309,8.915863765520452,8.915849088219355,14.7338937924115
d:66:3.1001871575256867,8.915863870573496,8.915844121219973,14.731520834267782
d:67:3.096345503801757,8.915862797835194,8.91584675707636,14.735364051109798
d:68:3.099433467075018,8.91586303530827,8.915843932365117,14.73227350059837
d:69:3.095387308157971,8.915863910086454,8.915846327578539,14.736322929507022
d:70:3.098112750262718,8.91586205337699,8.91584650639124,14.733595809505513
d:71:3.0950339436885965,8.915863709854406,8.915847419092735,14.736677185258545
d:72:3.0992266403090074,8.915864311722395,8.915847916078246,14.732485587491633
d:73:3.0925549830871972,8.915863910086454,8.9158451206829,14.739154047682156
d:74:3.0974037757075674,8.915863978201628,8.915846530786805,14.734306733280865
d:75:3.0925846613549854,8.915863765520452,8.91584516631396,14.739124270479428
d:76:3.095599484526536,8.915865091904415,8.915846842794284,14.736112450172163
d:77:3.0923046622244676,8.915864997841528,8.915846405337327,14.739406740954387
d:78:3.0945528981112584,8.915863293908451,8.91584205852638,14.737152454323573
d:79:3.090540815297647,8.91586378078392,8.915842536374399,14.74116550186067
d:80:3.0951019543120886,8.915864311722395,8.915845300683127,14.736607658093433
d:81:3.091441115984292,8.915864311722395,8.915844428516609,14.74026762425471
d:82:3.0924648702123942,8.915863345640151,8.915839599419677,14.739238074847433
d:83:3.0901614122823453,8.915863902899652,8.91584368232133,14.741546172938637
d:84:3.092543282866515,8.91586482011915,8.915844569182838,14.739166106435473
d:85:3.089053701529542,8.915864311722395,8.915842921787958,14.742653531980809
d:86:3.0913140047807843,8.915863800134225,8.915842786825383,14.740392582178824
d:87:3.0896085421941546,8.91586534977942,8.91584270188284,14.742099509468106
d:88:3.0902458192963618,8.915864230978382,8.91584310899703,14.741461520679051
d:89:3.0875393682820267,8.915862973129654,8.915839335742387,14.744162940590012
d:90:3.090271107155676,8.915864311722395,8.91584168112086,14.741434885687578
d:91:3.0871304250887963,8.915863978201628,8.915841002393663,14.744574555506494
d:92:3.088970345227528,8.915865019064254,8.915841888529146,14.742736562365872
d:93:3.086698164791894,8.915862797835194,8.915838354858433,14.745002987901731
d:94:3.0885475803690596,8.915863435292545,8.915840978330888,14.743156833254375
d:95:3.086879972091511,8.915863765520452,8.915840711475088,14.74482450490403
d:96:3.0879313353613878,8.915863445154276,8.9158426347694,14.74377474456229
d:97:3.084989106393321,8.915862802296704,8.915840091696833,14.746713787600216
d:98:3.086757647284406,8.91586205337699,8.915839231786538,14.744943637879123
d:99:3.0856084149705847,8.915865215266766,8.915842573588787,14.746099373884968
d:100:3.086156379162949,8.915863116205738,8.91583827065895,14.745545007701738
d:101:3.0838666548073927,8.915862802296704,8.915840140297043,14.747836287786354
d:102:3.085917374084909,8.915864311722395,8.9158417540433,14.745788691680785
d:103:3.083794914689209,8.915864188885578,8.915842345318147,14.747911619514516
d:104:3.0843446576469944,8.915865019064254,8.915842940228142,14.7473633016454
d:105:3.0840653264268596,8.91586205337699,8.915838502298833,14.747635229248964
d:106:3.083557406499448,8.915863552532617,8.915842253739186,14.748148399772354
d:107:3.082864556852794,8.915862646862749,8.915839657749636,14.748837747759591
d:108:3.083838979021495,8.915864311722395,8.915842215790633,14.747867548491532
d:109:3.0809871296872977,8.915863552532617,8.915842306446436,14.750718729291755
d:110:3.0827900832847277,8.915863782865042,8.915843843326797,14.748917542907112
d:111:3.081422799934044,8.915864335782961,8.915842587401213,14.75028412325013
d:112:3.082955465365915,8.915863569000049,8.915840099780697,14.748748203414833
d:113:3.0817452296772263,8.915864635574797,8.915843983583311,14.74996338948088
d:114:3.081466482593008,8.915864188885578,8.915844345694033,14.750242051986604
d:115:3.0804714923300285,8.915864250749223,8.915844513527643,14.75123727194684
d:116:3.0810311477122063,8.91586280911309,8.915840369456356,14.750672030857242
d:117:3.080039494781369,8.915863764915425,8.91584330037033,14.751667570504386
d:118:3.08106857244349,8.915864853802125,8.915843520888608,14.750639802247244
d:119:3.0800055613382096,8.915864337525955,8.91584421945566,14.751702995643408
d:120:3.0801872850212195,8.915864311722395,8.915842442504847,14.751519469206022
d:121:3.079186828298754,8.915864230978382,8.915843592545196,14.752520995224826
d:122:3.079839868932341,8.915864337525955,8.915844880640883,14.751869349234495
d:123:3.079177441783189,8.915863765520452,8.91584056186393,14.752526885601194
d:124:3.0784338948372874,8.915865451685672,8.915844954087671,14.753276510936056
d:125:3.078396749794255,8.91586536586296,8.91584463866612,14.753313254734824
d:126:3.079133034063986,8.915862947193006,8.91584583426093,14.752575747389947
d:127:3.0781787263357145,8.915865132386498,8.915845271382183,14.753531677432967
d:128:3.0786019993453326,8.915865574777623,8.915845340051039,14.75310891548333
d:129:3.078406019557127,8.915863800134225,8.915841047588334,14.753298828165432
d:130:3.0784348830115267,8.915863662066055,8.915845759694882,14.75327453874941
d:131:3.0773459707695068,8.915864311722395,8.915841946280924,14.754360287233812
d:132:3.077187415899809,8.915863782865042,8.915846018601139,14.754522385566373
d:133:3.07795032109194,8.915863593772624,8.915845384804735,14.75375865748542
d:134:3.075869602060184,8.91586538100252,8.915844753233403,14.755840532175739
d:135:3.07788795170954,8.915864311722395,8.915841698674154,14.753818058687008
d:136:3.0765372709776724,8.915864311722395,8.915842254125419,14.755169294870141
d:137:3.076269965417593,8.915863541663867,8.91584612921315,14.755439705459425
d:138:3.0769216095503396,8.915865019064254,8.915844383027931,14.754787792541848
d:139:3.0752385629086074,8.915865805167158,8.915845244236987,14.756472486495538
d:140:3.076006266467232,8.915865003742628,8.915845144641718,14.755703881917114
d:141:3.075566851311663,8.915865190181435,8.915845322374253,14.756143661244025
d:142:3.076333512496838,8.915864337525955,8.915847260682526,14.75537808571164
d:143:3.074884835542484,8.915865535791182,8.915845749968295,14.756826450216991
d:144:3.0757849801217496,8.915865826056587,8.915847906316767,14.755928752251602
d:145:3.074105617148785,8.915865862665386,8.91584684490215,14.757607090418752
d:146:3.074879629218511,8.91586526087869,8.915845272664267,14.756830904324445
d:147:3.075406329968004,8.91586564409901,8.915845196920252,14.756304511051258
d:148:3.074405010859639,8.915864335782961,8.91584640366262,14.757305728585944
d:149:3.0739434194058894,8.91586482011915,8.915842382528776,14.757763783242037
d:150:3.0741751922233362,8.915863782865042,8.915845269299986,14.757533859941692
d:151:3.0730591915211107,8.915864583609926,8.915844997691028,14.758650389779845
d:152:3.073419656844564,8.915865688640238,8.91584707412708,14.758293105922753
d:153:3.0732778670107024,8.915867310947426,8.915847552043061,14.758436995979785
d:154:3.0737297182234187,8.915864859619763,8.915846477124358,14.757981618520702
d:155:3.0720501248960286,8.915866603262815,8.91584652005099,14.759662998417776
d:156:3.073333586358217,8.915865019064254,8.915842599459209,14.758374032165246
d:157:3.071899003746889,8.915866248457146,8.915846360838106,14.759813605548363
d:158:3.072353976813181,8.915864616948719,8.915843205640188,14.759353845775726
d:159:3.073153005477762,8.915865171369816,8.915846575704172,14.758558741596227
d:160:3.071826033872327,8.915865688640238,8.915847000072663,14.759886654840574
d:161:3.0712580565342265,8.915863441318404,8.91584570538214,14.760451090166317
d:162:3.072237090647471,8.91586720354255,8.915848462236907,14.759478575131984
d:163:3.0716509083418657,8.915865320176017,8.915847825437295,14.760062237271448
d:164:3.0712954583289847,8.915866071804299,8.91584730356613,14.760417917041442
d:165:3.071444458097771,8.915863782865042,8.915846846114139,14.76026617088141
d:166:3.071142401897532,8.915864859619763,8.915846253836751,14.760568711558982
d:167:3.070405856932508,8.915866738309,8.915848019991449,14.761308901367942
d:168:3.0716109169263923,8.915866161121302,8.915848205443321,14.760103449638233
d:169:3.070360598327909,8.915863662066055,8.915846224449151,14.761349288187297
d:170:3.071211662215939,8.91586655917914,8.915848453976228,14.760503350939429
d:171:3.070919936383561,8.915865426596497,8.915848454044482,14.760793944257419
d:172:3.0703255346988385,8.915866853132531,8.915847749786842,14.761389068220534
d:173:3.069603822755079,8.915867682970031,8.915847838962806,14.762111699177757
d:174:3.06999899195055,8.915866161121302,8.915847348862549,14.7617145180333
d:175:3.0703833488694503,8.915865736056887,8.915847909602773,14.761330296790211
d:176:3.0691391271731163,8.915867984211339,8.915848923346104,14.762577780384326
d:177:3.0704625771359577,8.915866603262815,8.91584725612675,14.761251282253609
d:178:3.0696004303776885,8.915865826056587,8.915847840369523,14.762113236048423
d:179:3.0694356604312176,8.915866999751263,8.915848117549485,14.762279456869528
d:180:3.0691215329678343,8.915865867116525,8.91584974850699,14.762594082655681
d:181:3.06926177284031,8.915867984211339,8.915850470797785,14.762456682168814
d:182:3.068663743329912,8.915865867116525,8.915849930523628,14.763052054310238
d:183:3.0687208053039097,8.915866083389025,8.915849320592738,14.762994598677851
d:184:3.068787407246937,8.915869193395263,8.915851486950436,14.76293327309876
d:185:3.06838799401368,8.915870230145945,8.915851359834425,14.763333595966689
d:186:3.068462704044677,8.915866603262815,8.915849340584746,14.763253239802886
d:187:3.0680505797274105,8.91586655917914,8.91584934132895,14.76366532078068
d:188:3.067671667396967,8.915865688640238,8.915847945463568,14.76404196670684
d:189:3.068163775348845,8.915862947193006,8.915845472785826,14.763544644629986
d:190:3.0677750147742913,8.915865688640238,8.915847285175113,14.763937959041058
d:191:3.0681556027354215,8.915866303193798,8.91584971399778,14.763560414456157
d:192:3.0674668900730975,8.91587092087762,8.915849377369703,14.764253408174225
d:193:3.0679506492358968,8.915866498103782,8.915848766837598,14.763764615705483
d:194:3.0663448571153786,8.915864750021262,8.915847435379032,14.765367328284913
d:195:3.067374194063202,8.915865867116525,8.915849071826706,14.764340744880027
d:196:3.0673067987731812,8.915864337525955,8.915845730573785,14.764403269326557
d:197:3.066595698662569,8.915865805167158,8.915847959814222,14.765118066318811
d:198:3.0666840986894215,8.915865902163507,8.915849441931163,14.765031245405247
d:199:3.067283059385625,8.915865132386498,8.915846567365616,14.764428640366487
d:200:3.066519357318864,8.915866853132531,8.91584925707416,14.765196752887828
d:201:3.066049416493719,8.915867682970031,8.915849067026073,14.765667333502385
d:202:3.0664538007521163,8.915865688640238,8.915847578087503,14.765259465975623
d:203:3.06606338129556,8.915866161121302,8.915849491213923,14.765652271039666
d:204:3.0666739639875082,8.915869705096597,8.91585159166711,14.765047332776199
d:205:3.0662584504296184,8.915867277331383,8.915850411654876,14.765459238556641
d:206:3.06568110999903,8.915871814777693,8.915851276213814,14.76604198099248
d:207:3.0654539635926152,8.91586720354255,8.91585036362277,14.766263603572705
d:208:3.0655940555620607,8.915865823673066,8.915850313804828,14.766122081915833
d:209:3.0653381572568605,8.915865408924418,8.915850893639622,14.76637814530718
d:210:3.0658993953068094,8.915865867116525,8.915849517617502,14.765815989427216
d:211:3.0658703616567156,8.915871814777693,8.915851769712443,14.76585322283342
d:212:3.0646250728029845,8.915865171369816,8.915850196824064,14.767090295390895
d:213:3.0650840088144644,8.915869739927729,8.915850878255139,14.766636609368403
d:214:3.0649898756213094,8.915864924659427,8.915847810365097,14.766722859403215
d:215:3.064675196325245,8.915866853132531,8.915851492389038,14.767043149196324
d:216:3.064581884876997,8.915870314270553,8.915852490865701,14.767140920259255
d:217:3.0644058704883346,8.915870824961841,8.915853151122107,14.767318105595615
d:218:3.064975107913531,8.915869575933094,8.915851612427016,14.766746080446579
d:219:3.064356205573114,8.915865196922836,8.915852411180563,14.767361402530282
d:220:3.063803000450676,8.915876349415978,8.915852412291635,14.767925761256937
d:221:3.06457596864027,8.915865249471578,8.915850518967776,14.767139799799082
d:222:3.064202283372097,8.915873935377398,8.915853480754633,14.767525132759936
d:223:3.063163277315491,8.915866477708427,8.915852342345742,14.76855554273868
d:224:3.064779605458485,8.915869193395263,8.915853229507476,14.766942817444255
d:225:3.063745443872012,8.915865727465953,8.91585223605994,14.767972519653881
d:226:3.063537230540579,8.915866214951873,8.915853490784006,14.7681824751953
d:227:3.063804607257172,8.91586540572497,8.915851941201158,14.767912739668954
d:228:3.0633725877032827,8.915866738309,8.91585398119468,14.768348131800396
d:229:3.0635841730132256,8.91587358709118,8.915854432723961,14.768143846801916
d:230:3.0636176582135004,8.915873310140384,8.91585407585406,14.768109727780944
d:231:3.0631448091427522,8.915866999751263,8.91585345191205,14.76857564252056
d:232:3.0628041096932286,8.915866161121302,8.915849751614653,14.768911803042727
d:233:3.062389986296086,8.91586587742216,8.915850167156666,14.76932605828274
d:234:3.063674654815154,8.915865867116525,8.915853708159966,14.768044920461337
d:235:3.0620074414054574,8.915873904653463,8.915856231278422,14.769722694526427
d:236:3.0630162842784614,8.915875347110006,8.915855837619041,14.768714900450586
d:237:3.063116521672155,8.915874905899678,8.915855729083862,14.768614113311385
d:238:3.0619879204354206,8.915873843624155,8.915855890881659,14.769741814070393
d:239:3.062093103749346,8.915865626657192,8.915854284688372,14.76962680759622
d:240:3.062908110415396,8.91587092087762,8.915856434587456,14.76881924504968
d:241:3.0619894761656177,8.915865507750507,8.915852914233305,14.769728945818194
d:242:3.06201232718713,8.915873224126347,8.915856161246914,14.769717058186131
d:243:3.0618772791771036,8.91586720354255,8.915854477106208,14.769844401471655
d:244:3.061774129263325,8.915873424385456,8.915856075211403,14.769955370333536
d:245:3.0618997109306374,8.915870587619619,8.915853919309923,14.769824795998902
d:246:3.061649729255379,8.915866071804299,8.915851153805157,14.770067496354077
d:247:3.062237156992998,8.915869575933094,8.915855438891494,14.76948785783159
d:248:3.061295707543369,8.915873820231736,8.915857566304425,14.770435678992794
d:249:3.06198918655047,8.915867682970031,8.91585396922711,14.769732465646669
d:250:3.0611534739800543,8.915869739927729,8.915855038153243,14.770571304100917
d:251:3.0612863363382594,8.915870024294975,8.915855023400908,14.770438711357624
d:252:3.061721705910127,8.915865867116525,8.91585636204152,14.77000052324792
d:253:3.0609498986696693,8.915874391776052,8.915858185696122,14.770782678802505
d:254:3.061311406953042,8.915869705096597,8.915856505724067,14.77041480386762
d:255:3.0616808632888493,8.915872793798503,8.915856514438328,14.770048444947982
d:256:3.060938403415001,8.91587092087762,8.915856212894761,14.770788730357381
d:257:3.060364927982439,8.915867310947426,8.915854723920528,14.771357106885516
d:258:3.0609749920877487,8.915871287436465,8.915857013561848,14.770753308910566
d:259:3.06085852277746,8.91587321239616,8.915857265956157,14.77087195557486
d:260:3.0608557115519783,8.915865867116525,8.915856781104464,14.77086693666901
d:261:3.0603338440913816,8.915875556271281,8.915859153106405,14.771400865286303
d:262:3.0610601362034497,8.91587434998566,8.915857753489808,14.770671967272017
d:263:3.059550807197864,8.915866603262815,8.915855362070575,14.772171158135526
d:264:3.0603712507102685,8.915867984211339,8.91585763676586,14.77135437026693
d:265:3.06014237921012,8.9158756259517,8.915859066011897,14.771592312753477
d:266:3.0603337284056007,8.915868088135483,8.91585780182097,14.771392161550851
d:267:3.0592158243079055,8.915865826056587,8.91585402843625,14.772504030184933
d:268:3.0609174706480147,8.915869575933094,8.915856536488599,14.770808641773677
d:269:3.0600302323212194,8.915866997672898,8.91585676427166,14.77169352962334
d:270:3.059450043896046,8.915875556271281,8.91585861995552,14.772284132330757
d:271:3.0594137578153457,8.915869739927729,8.915857701855979,14.77231368396836
d:272:3.060527619123654,8.915876001308897,8.915859189477105,14.771207571662348
d:273:3.0594817699142354,8.915865867116525,8.915857596312998,14.772241693515287
d:274:3.0588243714095498,8.915869458596697,8.915859317775256,14.772904404962404
d:275:3.059831168786733,8.915873844364427,8.915858596361945,14.771901271939637
d:276:3.0596876414905907,8.915873310140384,8.915860273754753,14.772045942404546
d:277:3.058974703652517,8.915877188569006,8.915860370332535,14.772762855249024
d:278:3.0590022766666607,8.915873224126347,8.915857871140972,14.772728818600658
d:279:3.0595474533297207,8.915870824961841,8.91585798816459,14.772181359796711
d:280:3.0591415853725596,8.915873325453372,8.915860635372324,14.772592375453135
d:281:3.05912689843632,8.915870003147823,8.91585853692121,14.772601641632713
d:282:3.059428392084282,8.915865196922836,8.915857756533676,14.772294561372231
d:283:3.059074152990087,8.915870688226468,8.915858374385753,14.772654909622132
d:284:3.058249476779201,8.915876027687267,8.915859583970484,14.773486134878548
d:285:3.0593789840120262,8.915875556271281,8.915859140209829,14.772355712469084
d:286:3.059254118320233,8.915873224126347,8.915858045606043,14.772477151412158
d:287:3.0583231849670263,8.915873408191906,8.91586058294482,14.7734108061697
d:288:3.0593378123588835,8.915877176251037,8.915861112744981,14.772400476637134
d:289:3.057774486887629,8.91587285885844,8.915860798710561,14.773959170681374
d:290:3.0585781788717643,8.915875556271281,8.915858272151844,14.773155649551361
d:291:3.0584000009105416,8.915875556271281,8.915858706537406,14.773334261898146
d:292:3.0579985610960208,8.915873325453372,8.915861293517601,14.773736057874952
d:293:3.0582947123092232,8.915877270689455,8.915862328368654,14.773444886748887
d:294:3.0593355392068045,8.915874422374616,8.915858601417256,14.772397484585065
d:295:3.057434826898957,8.915878171503138,8.91586322587747,14.77430657048165
d:296:3.057077034649538,8.915877188569006,8.915861399500285,14.774661553419755
d:297:3.057880664728641,8.915873156910974,8.915862407266351,14.773854899448684
d:298:3.0585081028273287,8.915873856184271,8.915862048824138,14.77322780218108
d:299:3.057061417691747,8.91587285885844,8.915861986277474,14.774673427444165
d:300:3.0579597476433626,8.91587662923208,8.91586072626663,14.773777607855347
d:301:3.057537927996222,8.91587695879284,8.915862287498527,14.774201318295145
d:302:3.05742429486728,8.915867984211339,8.915859006798192,14.774302696142252
d:303:3.05768133821881,8.915875968177287,8.91586001504549,14.774054645003968
d:304:3.0578714122034327,8.915875710423125,8.915863342744895,14.773867640964589
d:305:3.056931272884791,8.915867277331383,8.915859736847164,14.774795741293756
d:306:3.0582944288725216,8.915873843624155,8.915862535250675,14.773441950002308
d:307:3.056847193538008,8.91587708156429,8.915864111562929,14.77489399958921
d:308:3.056966582331178,8.915870462177757,8.915862663514995,14.774766543361572
d:309:3.056751618421959,8.915875645313964,8.915862348155626,14.774986375047629
d:310:3.0573260326409457,8.91587816981793,8.915865203904001,14.774417341080985
d:311:3.0564508964285366,8.915871835422312,8.915861238112605,14.77528217710638
d:312:3.0575379369094655,8.915873820231736,8.915863426932187,14.774199310254456
d:313:3.056457183644042,8.915876650198106,8.915864343426335,14.775283809980401
d:314:3.0568527830076206,8.915878559522751,8.915865226011228,14.77489100252636
d:315:3.0572483516882034,8.915865867116525,8.915857958191788,14.77447547362011
d:316:3.056269789510708,8.915866862573562,8.915858978685884,14.77545605174874
d:317:3.056410460156041,8.915878898529463,8.915864356392122,14.775332794765543
d:318:3.057104988836924,8.915877278594277,8.915863763657292,14.774636053414644
d:319:3.0560756101028055,8.915876085305134,8.915864013723997,14.775664488926328
d:320:3.0560363304028186,8.91587092087762,8.915862580624383,14.775697171099182
d:321:3.056632965276446,8.915876419562284,8.91586345261819,14.775106906904028
d:322:3.0565663707083264,8.915869193395263,8.91586065205416,14.775163474741097
d:323:3.0558589114438384,8.915875201962738,8.915861308323418,14.775877598842317
d:324:3.056125389393994,8.915873156910974,8.915863088198876,14.775610855715858
d:325:3.0565297668091187,8.915873856184271,8.915862670275562,14.775206759650716
d:326:3.0558016482352315,8.915871039993204,8.915862579566388,14.775931971324361
d:327:3.056211251757123,8.91587785040706,8.915865036502328,14.775531635152266
d:328:3.0561030676628853,8.915876001308897,8.915862840141832,14.775635773787844
d:329:3.0558585303373498,8.915876839548881,8.915865126036023,14.775883435247554
d:330:3.0562879124572166,8.915876234191945,8.915863730127331,14.77545205186206
d:331:3.0562865758597972,8.915876018043289,8.915863786477875,14.775453228661366
d:332:3.0559103009588977,8.915871814777693,8.915861840739971,14.775823354558769
d:333:3.056383601455968,8.915876419562284,8.915863636240964,14.77535645434728
d:334:3.0559505676392433,8.915879009856717,8.915866030774051,14.775794472991524
d:335:3.055369183565661,8.915879523440234,8.91586711610659,14.77637745598116
d:336:3.0567275975791564,8.915877176251037,8.915865098900031,14.775014677571912
d:337:3.0553085715037263,8.915875945894605,8.915862672668265,14.776430047059144
d:338:3.0566144593369238,8.915875848796198,8.915863169275553,14.775124558734827
d:339:3.055574476063832,8.915876650198106,8.915863509028288,14.77616568316256
d:340:3.054994648809238,8.91587443378976,8.915863626292847,14.776743411273369
d:341:3.0558666669823698,8.915881207324647,8.91586445475701,14.775878995099289
d:342:3.0556791470882647,8.915875556271281,8.915862442172156,14.776058851355172
d:343:3.0557421823861315,8.915874422374616,8.915862166081158,14.775994406069644
d:344:3.0554273766922115,8.915880599624543,8.915866022773876,14.776319245706208
d:345:3.0552528352399424,8.915873310140384,8.915863139801317,14.776483614701759
d:346:3.0547088786392855,8.915874186411184,8.915863060249102,14.777028368021
d:347:3.055889351694976,8.915875592477608,8.915863004933355,14.775849245715985
d:348:3.0555449673377773,8.915878023969153,8.915865783944426,14.776198840575802
d:349:3.055415775121906,8.915880547171831,8.915866772104216,14.776331544154141
d:350:3.054717160350453,8.91587816981793,8.915865587621674,14.77702659708915
d:351:3.0554549414030276,8.915872953287451,8.91586322758642,14.776281239470844
d:352:3.0549674710712242,8.915877188569006,8.915863887624944,14.776773605122726
d:353:3.0550162310208844,8.915873325453372,8.915861941423444,14.776719035855931
d:354:3.055386090995281,8.915880599624543,8.915865606520235,14.776360115149497
d:355:3.054804956559604,8.915881350644323,8.915868825836004,14.776945219920723
d:356:3.054419473805705,8.915879523440234,8.915865320619652,14.777325370254179
d:357:3.0551394851635134,8.915873843624155,8.915862642509275,14.776597000969916
d:358:3.055261117732737,8.915874186411184,8.915862190561906,14.776475259240353
d:359:3.0544513126155817,8.91587046547143,8.915860657805723,14.77727981066157
d:360:3.054620105761378,8.91587662923208,8.91586405614538,14.777120579616083
d:361:3.0539498455989538,8.915874391776052,8.915863367323587,14.777787913500685
d:362:3.0540666762044832,8.915881154591982,8.915867940350383,14.777682418737884
d:363:3.054008227325454,8.915873224126347,8.91586281142038,14.777727808221272
d:364:3.0543617222269663,8.915880253325975,8.915865598224151,14.777384129323158
d:365:3.0546324206010755,8.915873325453372,8.915864023208485,14.777104928060782
d:366:3.054386729606362,8.915873424385456,8.915863815842105,14.777350510621199
d:367:3.0543500473242293,8.915881417480996,8.91586778565156,14.777399155808327
d:368:3.054247244249524,8.915881487640423,8.915869034408772,14.77750327779967
d:369:3.0536676294799587,8.91587899317827,8.915865690426429,14.778077054124738
d:370:3.053573238359103,8.91588282953007,8.91587025788116,14.778179849052126
d:371:3.0537376318832887,8.915880253325975,8.9158659186777,14.778008540120387
d:372:3.0542348882815276,8.915873820231736,8.915863183477832,14.777502115428042
d:373:3.0534445096411957,8.915873820231736,8.915863608430252,14.778292919020792
d:374:3.054054232846882,8.915880253325975,8.91586716429924,14.777693184778334
d:375:3.054150348898359,8.915881892075705,8.91587068156932,14.777602224746667
d:376:3.0541219580143135,8.915877576005443,8.915866958078315,14.777622576069444
d:377:3.053584092322776,8.915880493365872,8.91586770051126,14.778164101554356
d:378:3.0540171291027196,8.915877176251037,8.915864012813206,14.777724059961523
d:379:3.053788236110691,8.915881016343542,8.915868138983402,14.777960919216255
d:380:3.053747458533154,8.91587816981793,8.915867046258848,14.777997757543622
d:381:3.053923337538114,8.915881892075705,8.915870429160831,14.777828983698422
d:382:3.05275716652044,8.91588021185019,8.915866983146497,14.778990028476247
d:383:3.0532339840367264,8.915875833017594,8.9158634584333,14.778505307414168
d:384:3.053957137320632,8.915881445478492,8.915872010215129,14.77779631837299
d:385:3.0532687804641956,8.915876234191945,8.915865969801093,14.778473423528842
d:386:3.053456204637909,8.91587541800514,8.915863801485695,14.778283014852926
d:387:3.052982430034991,8.915880599624543,8.9158669828611,14.778765152450653
d:388:3.0530651868513807,8.915879173210424,8.915865962958947,14.77867994931799
d:389:3.0527015917505125,8.915881629830299,8.915872257812609,14.779052295892395
d:390:3.0539461723195114,8.915881742912156,8.915867422132003,14.777802992724647
d:391:3.0534885075554534,8.91587285885844,8.915864972272562,14.778249323575547
d:392:3.05247532730953,8.915874422374616,8.915861497175376,14.779260592240462
d:393:3.053154086997326,8.915875603779124,8.915865619558778,14.778587136340574
d:394:3.052833261502215,8.91587425861393,8.915864519728528,14.778905516840243
d:395:3.0530055697005114,8.91587708156429,8.915866304993685,14.778737816857463
d:396:3.0531985520429004,8.915873156910974,8.91586539773516,14.778540002603236
d:397:3.0531677746218957,8.915876812021533,8.915866120116016,14.778575157515656
d:398:3.0523130194009322,8.91587561584464,8.915861991042217,14.779424587485925
d:399:3.053564244906422,8.915873039100982,8.91586540288446,14.778174197079021
d:400:3.0525640025381016,8.915881293338657,8.9158683794545,14.779185670255057
d:401:3.0533418531813794,8.91588202431048,8.915867170631206,14.778407341760307
d:402:3.0530296445950693,8.91587743327071,8.915864519743458,14.778712308419097
d:403:3.052366950801071,8.915873820231736,8.91586527846012,14.779372147890784
d:404:3.052592837795057,8.915878656262294,8.915867522220259,14.779153340687497
d:405:3.052891669024838,8.915876419562284,8.915866005581627,14.778850756119073
d:406:3.0524188784328956,8.91587971718708,8.915868237529136,14.779329076283318
d:407:3.052231016823516,8.915877188569006,8.915865101417793,14.779511273163283
d:408:3.0524705828208862,8.915876650198106,8.915866551014286,14.779272618391504
d:409:3.052142943032619,8.915881464825382,8.915872713215194,14.779611235007957
d:410:3.05307711220704,8.915881999775372,8.915869828625318,14.77867471619365
d:411:3.052638755992005,8.915874595244304,8.915866301713672,14.77910214096597
d:412:3.0528048727271972,8.915881696005666,8.915874101764903,14.778950925043372
d:413:3.052378797047325,8.915873039100982,8.91586472563748,14.779358967691138
d:414:3.0517097181579054,8.915881487640423,8.915868222629353,14.78003999211187
d:415:3.0520748704531346,8.91588154055955,8.915868906031701,14.779675576138116
d:416:3.0523120873910052,8.915873820231736,8.915864830176863,14.779426563017594
d:417:3.051676828460394,8.915880402856008,8.915874821610485,14.780078396006097
d:418:3.0521302939557486,8.915874391776052,8.915865627691158,14.779609725511463
d:419:3.05217018092552,8.915881999775372,8.915867542419285,14.779579361269137
d:420:3.052191757241248,8.915881999775372,8.915867731786541,14.779557974320666
d:421:3.051781500020038,8.91587428561443,8.915864963498866,14.77995774909326
d:422:3.0514417926507367,8.915881991519651,8.915874277423022,14.780314476291936
d:423:3.0518210118736846,8.915873904653463,8.915864713310153,14.779917606089931
d:424:3.0521934541043,8.915880253325975,8.915867433785245,14.779554233006918
d:425:3.0520008655126762,8.91587998597115,8.915867890234981,14.779747010693454
d:426:3.051040515322242,8.915881029411322,8.915871769401463,14.780712283490544
d:427:3.052443352912956,8.915879419465732,8.915866011404088,14.779302077956864
d:428:3.051572061243654,8.91588032223519,8.91586703977488,14.780175300766416
d:429:3.0519504042457655,8.915878861768164,8.915875780979352,14.77980423850175
d:430:3.051601807279596,8.91588282953007,8.915869677991122,14.780150700241595
d:431:3.0521796559493204,8.915881869510347,8.91587307957612,14.779575293137146
d:432:3.0509664825430676,8.915877176251037,8.91586654418468,14.78077723789265
d:433:3.05159105260865,8.915876693357173,8.915865833549793,14.780151474298314
d:434:3.0517338383516197,8.91587816981793,8.91586692844076,14.78001125990707
d:435:3.051685322150391,8.915877990182178,8.915876819894057,14.780069487925843
d:436:3.0520431542686666,8.91588188250163,8.91587124817111,14.779709976404071
d:437:3.0516650506124456,8.915874391776052,8.915864207211747,14.780073548375352
d:438:3.0506490669721735,8.915881350508428,8.915866685725092,14.781098969261347
d:439:3.0522508921041016,8.915882453356652,8.91586790581176,14.779499467064309
d:440:3.0514485420361535,8.915875333794133,8.915876571066192,14.780303362824172
d:441:3.0513314918658434,8.915881480482234,8.915865231381481,14.780415219997872
d:442:3.0514177527283355,8.915880253325975,8.915864202900682,14.780326703498323
d:443:3.051888825052961,8.915880717801477,8.915868727830917,14.779860620579433
d:444:3.051323582750779,8.915880863534845,8.915862349616052,14.780419630400118
d:445:3.0512182789849334,8.915879523440234,8.91586097573186,14.780522220187159
d:446:3.0517904278696797,8.915880750073008,8.915864422174135,14.779954744377463
d:447:3.0507253832204917,8.915878059117388,8.915863092384374,14.781015768281268
d:448:3.051146413033841,8.915877176251037,8.915861703994175,14.78059246721137
d:449:3.0517113134221745,8.91588100854916,8.915863172903144,14.78003286803013
d:450:3.0509360277522877,8.91587662923208,8.915860801874066,14.78080140335386
d:451:3.0512281902060376,8.915873408191906,8.91585742201275,14.780502639998618
d:452:3.0514045786753865,8.915876650198106,8.915862476301376,14.780334547824095
d:453:3.05090408723213,8.915881905994077,8.91586677099432,14.780844589756267
d:454:3.050786750578945,8.915881742912156,8.915863558512005,14.780958550845215
d:455:3.0510407507878288,8.915880791036622,8.915864258393025,14.78070429864182
d:456:3.050049948335362,8.915875710423125,8.915862035662,14.781687797749763
d:457:3.0508063286744367,8.915874505887594,8.915874112349812,14.780942289562969
d:458:3.051059209571335,8.915874588533828,8.915872158524628,14.780687537487122
d:459:3.0506439730501302,8.915878059117388,8.915863105215987,14.781097191283243
d:460:3.0508260834224785,8.91587506856595,8.915871801472399,14.78092078661587
d:461:3.0506206318190046,8.915873567594149,8.915874375519422,14.781127311294565
d:462:3.0497325469222503,8.915876234191945,8.915862522212203,14.7820062094819
d:463:3.050824289685268,8.915881075117191,8.915864208249882,14.780920993681805
d:464:3.050455167456077,8.915881293338657,8.91586488733704,14.78129101321962
d:465:3.0505304324405973,8.915881482306272,8.915865175051998,14.781216224917673
d:466:3.051425797564871,8.915874186411184,8.91585914783295,14.780307536679263
d:467:3.0503299431686095,8.915881696005666,8.91586736086862,14.781419113705677
d:468:3.0500590547705233,8.915881922902216,8.915865073318717,14.781687941450409
d:469:3.050403879963117,8.915874364796274,8.91587225358559,14.781342738418747
d:470:3.0502391943053535,8.915881009697266,8.915864339810359,14.78150615520227
d:471:3.0500113030296223,8.915878559522751,8.915862314337723,14.781729570830853
d:472:3.0501758960715293,8.915880599624543,8.9158636591355,14.781568362688514
d:473:3.0506135739744664,8.915880199180705,8.915868935498219,14.781135560704456
d:474:3.04942928969475,8.915880599624543,8.915863758532463,14.782315068462257
d:475:3.0501163254233354,8.91587816981793,8.915862775088804,14.781624619483399
d:476:3.0498592464236562,8.915880253325975,8.915862713400251,14.781883720302568
d:477:3.0503018888977707,8.915874947892789,8.915874747250523,14.781447806245541
d:478:3.0492502958534935,8.915881147457227,8.915864102332984,14.782494953936716
d:479:3.051170879926584,8.91588103571043,8.915864831142631,14.780574986926478
d:480:3.0499899463571474,8.915875333794133,8.91586960468881,14.781754992125794
d:481:3.0503294992925927,8.915878939526445,8.91586304389164,14.781412484125491
d:482:3.0495442556536485,8.915876839548881,8.915860274465123,14.782192858360355
d:483:3.0500085996799093,8.915876693357173,8.915860334541904,14.781728428219168
d:484:3.05037908538176,8.915879523440234,8.915862885330197,14.781363323388671
d:485:3.050454414390501,8.915874565508492,8.915874620123894,14.781294771241885
d:486:3.049081673362968,8.915881922902216,8.915865633151693,14.78266588269094
d:487:3.0501937823229497,8.915881761706851,8.915863485981436,14.78155146536534
d:488:3.0500460053662533,8.915875034932096,8.915871975305048,14.781701004870891
d:489:3.0495253950354186,8.915881742912156,8.915863236729258,14.782219584605995
d:490:3.049377476049468,8.91587816981793,8.915860211294731,14.782360905063193
d:491:3.050058294162479,8.91587924546127,8.91586049968996,14.781681450988753
d:492:3.0502732749471466,8.915881999775372,8.915863601429628,14.781472326257854
d:493:3.0497413853111794,8.915876085305134,8.915856763059569,14.781991463053522
d:494:3.0490666538944176,8.915875634930579,8.915866878957761,14.782675859993923
d:495:3.0494558297131835,8.915875333794133,8.915868260303434,14.782287764384384
d:496:3.049816550266648,8.91587480464306,8.915870531446892,14.781928785823304
d:497:3.049616474661743,8.915881350644323,8.91586131774283,14.78212619372541
d:498:3.049506734552093,8.91587711196544,8.915859617813023,14.78222999522637
d:499:3.0503108633459863,8.9158760025677,8.915858327774107,14.78142346699582
d:500:3.0491843947682717,8.91587816981793,8.915860131310506,14.782553906360164
d:501:3.0495417118463184,8.915881980508907,8.915863717988149,14.782203986650737
d:502:3.049844368975865,8.915879502302563,8.915860004103079,14.781895137429775
d:503:3.0489840862397184,8.915875603779124,8.915859149835514,14.782750667374922
d:504:3.0492387353688333,8.915877176251037,8.915860941564098,14.782499382446302
d:505:3.0500167461151104,8.915881892075705,8.915862264660534,14.781727410621128
d:506:3.0498716599095914,8.915876719244745,8.915870530945174,14.781875590280329
d:507:3.0493983222054037,8.915875634930579,8.915866535878862,14.782343848604038
d:508:3.049345186759762,8.915877695946708,8.915865610635887,14.782398119822833
d:509:3.0498947616085132,8.91587419189254,8.915869721301366,14.78184915158539
d:510:3.0484085151135893,8.91587998597115,8.915860430188534,14.783331901046093
d:511:3.0497760453479916,8.915874619041992,8.91586977266229,14.781968346356292
d:512:3.0479890449342157,8.915874553161824,8.915867037646496,14.783752545874105
d:513:3.0504406088203346,8.91587344128457,8.915871039408989,14.781303871873224
d:514:3.0482345661260215,8.915876869482684,8.91585731086954,14.783499614226203
d:515:3.0492809065240376,8.915881696005666,8.915861795118357,14.782462584599985
d:516:3.048834420489099,8.915880599624543,8.915859394457478,14.782905573592922
d:517:3.050136098801371,8.915877576005443,8.915859241983608,14.78160071918768
d:518:3.0481217859493253,8.915880863534845,8.91586002330769,14.78361910089321
d:519:3.04934140939125,8.915879221575807,8.915863966747176,14.782401778931732
d:520:3.0480452402167924,8.915877683240627,8.915859664314095,14.783692107337929
d:521:3.0493002892556103,8.915875241377421,8.915870339487705,14.782445291609514
d:522:3.0490515462925742,8.91587390105954,8.915871854910982,14.782694209677949
d:523:3.0487594016337702,8.915877884677844,8.915870835195328,14.782989318239402
d:524:3.04856614960463,8.915880479171319,8.915860569364028,14.783174898930719
d:525:3.0488743036469472,8.91587419189254,8.915872395662621,14.782872283908212
d:526:3.0486912589366604,8.915880199180705,8.915862931813331,14.783051872057374
d:527:3.048534389629925,8.915881616012745,8.915862149122784,14.783209375505603
d:528:3.049255033065977,8.915875333794133,8.91586412986749,14.782484430595646
d:529:3.048784253767458,8.915880100396254,8.915872611892786,14.78296845852158
d:530:3.049412907467662,8.915881880423047,8.915860928800358,14.782329901755745
d:531:3.048738496507564,8.915880599624543,8.915857883870238,14.782999986987218
d:532:3.0481940693967893,8.91587816981793,8.915859605993973,14.783543706415113
d:533:3.0494448255687203,8.915881258317516,8.915859561076346,14.78229599382514
d:534:3.048022415253623,8.915880717801477,8.91586163853293,14.783719941080783
d:535:3.0482676639023225,8.915876419562284,8.915855618073257,14.783464373733217
d:536:3.048630775326993,8.915874364796274,8.91586463238627,14.783108221855551
d:537:3.048432449952701,8.915879101905826,8.915862438396033,14.783309090349158
d:538:3.048202092437162,8.915876041438391,8.915862272648862,14.783536221650092
d:539:3.047945268713681,8.915876719244745,8.915868493935303,14.783799944466368
d:540:3.049077999967988,8.915880543556462,8.915859078114625,14.782661621703099
d:541:3.0484123017785656,8.915877884677844,8.915867400666471,14.78333298356575
d:542:3.0481702839262166,8.915874553161824,8.915864423218682,14.78356869245429
d:543:3.0477365162957,8.915873529433544,8.915862033593914,14.783999046731758
d:544:3.0494467572531114,8.915874681566532,8.915870492307393,14.782298416620815
d:545:3.0483509192246476,8.91587785040706,8.915857777109707,14.78338470829212
d:546:3.0482671820635865,8.915875634930579,8.915860820001257,14.783469272868249
d:547:3.048624476508069,8.915881242538141,8.915860042814803,14.783116808844875
d:548:3.0480606715177725,8.915878860842167,8.915858878628757,14.783677067953152
d:549:3.04826997322502,8.915879419465732,8.915858451310452,14.783467897551164
d:550:3.049297226635595,8.915881051091706,8.915858885784854,14.782442710240964
d:551:3.047739919022588,8.915875089521851,8.915870648545532,14.784005819044795
d:552:3.048301251766455,8.915881487640423,8.91586037268446,14.783440608558427
d:553:3.048305812339274,8.91587708156429,8.915855615816518,14.783426885041534
d:554:3.0476831653115095,8.915881553355616,8.91587281541139,14.784071203455499
d:555:3.048213162939181,8.915880806032003,8.91587234450413,14.783539987596953
d:556:3.048693552597623,8.91588075937118,8.915858430150559,14.783045636924118
d:557:3.0479320928586198,8.915875143776082,8.915865097994232,14.783808148911692
d:558:3.047957796971442,8.915881207324647,8.915858375811903,14.783781786165108
d:559:3.04793517214984,8.915882234501527,8.91587289277187,14.783819955123557
d:560:3.0484611310400016,8.915878296336984,8.915868761087522,14.783285926384506
d:561:3.047579028117145,8.915880949011454,8.915871297150527,14.784173218044838
d:562:3.0483672554788104,8.915878898529463,8.915859132408135,14.78337077545879
d:563:3.048503266200134,8.915878157660547,8.91586148794401,14.783236379404423
d:564:3.047698962048363,8.915877576005443,8.915858130474632,14.784036744431711
d:565:3.0476051150678707,8.915877237032653,8.915869697149619,14.7841418191144
d:566:3.04929607860476,8.915873549372119,8.915866830048893,14.782444300816254
d:567:3.0474359322949187,8.91587419189254,8.91586718957828,14.784305449175902
d:568:3.0477616489079598,8.915881080967399,8.915872720740083,14.783992152799522
d:569:3.0477463547768817,8.915881346087797,8.915859659776878,14.783994651087793
d:570:3.048093714383448,8.915875237308647,8.915872129228985,14.783653652154186
d:571:3.0473484485790383,8.915881922902216,8.91586158132705,14.784395055650227
d:572:3.0482508934960855,8.915880253325975,8.915858762225078,14.783488122054965
d:573:3.047539779558747,8.91588021185019,8.915860391847012,14.784200824138455
d:574:3.0479185609026445,8.915881999775372,8.91586163486866,14.78382507374139
d:575:3.047158256831853,8.91587506856595,8.915863291590052,14.78458010332415
d:576:3.0481508620362785,8.915878780195259,8.91587402236087,14.78360194051985
d:577:3.0478622520414262,8.915874802270757,8.915863928494034,14.783876478723364
d:578:3.0481170132368405,8.915881350508428,8.915861665796665,14.783626003068253
d:579:3.047362071960377,8.915880184532405,8.915859411039769,14.784377523611797
d:580:3.047648542191377,8.915881293338657,8.915859491138711,14.784092242285992
d:581:3.04772140177338,8.915881761706851,8.915861449987592,14.784021809921065
d:582:3.0482183771871725,8.915876719244745,8.915871841556797,14.78353018361437
d:583:3.0471359345407745,8.915880253325975,8.915859432911084,14.784603751696283
d:584:3.0479588054792632,8.91588113059585,8.915869885799673,14.783792210916259
d:585:3.047262919063904,8.915874737271722,8.915862348390247,14.784474166598066
d:586:3.0469530983505226,8.915878108263652,8.915862670446394,14.784787680359523
d:587:3.0473263043373695,8.915873660637466,8.91586337169855,14.784410727998646
d:588:3.0474674819679937,8.915876719244745,8.915870859224524,14.784280096501275
d:589:3.047049909553964,8.91587816981793,8.91585686919274,14.784685129456706
d:590:3.0481614381193705,8.915873697143466,8.915863523273956,14.783575782298053
d:591:3.0467166723289214,8.915880544979448,8.915859550152085,14.785023422802611
d:592:3.0476209363705795,8.915880806032003,8.915874031522595,14.784133901184019
d:593:3.046918122902433,8.915880100396254,8.915870789573354,14.784832767067176
d:594:3.0478094541349545,8.915880949011454,8.915870354563989,14.78394184944049
d:595:3.0466652430846732,8.915879073664037,8.915874289389492,14.785088119968856
d:596:3.0472840812680975,8.915880307413932,8.915861970788747,14.784458196934581
d:597:3.047123993653793,8.91587813924768,8.915872785772898,14.784626931366786
d:598:3.047034730700176,8.915881464825382,8.915862410955516,14.784709145080722
d:599:3.047361712532643,8.915871727903609,8.915875010914702,14.784385026285667
d:600:3.0470415799910207,8.915880806032003,8.915873752711587,14.78471297875257
d:601:3.046693363025012,8.915881385781793,8.915872712999143,14.785060735755922
d:602:3.047645864069697,8.915879073664037,8.915874964818585,14.784108174412925
d:603:3.046489167644326,8.915881279195654,8.915860967198096,14.785253078749426
d:604:3.0469298477916933,8.915874562029028,8.915865968735602,14.784810682972937
d:605:3.0465512725623913,8.915879523440234,8.915860784821646,14.785189035699487
d:606:3.046846999174665,8.915878259643314,8.915874055786396,14.784905316255045
d:607:3.046437229640519,8.915874169215556,8.9158643018796,14.785301241454638
d:608:3.0471065994712045,8.915878711803424,8.915864381364347,14.784636493696569
d:609:3.0472358454467816,8.915877990182178,8.915865295100307,14.784507439835703
d:610:3.0475143922447465,8.915875034932096,8.915866328206587,14.784226970893936
d:611:3.0465649395098886,8.915878021070613,8.91587539590309,14.785188477463816
d:612:3.0468614290835205,8.915881350508428,8.915863220960421,14.784883142385329
d:613:3.046129218224797,8.915881842881774,8.915871859596653,14.78562448425363
d:614:3.047244169261564,8.91587356923989,8.91586451792524,14.784493917903564
d:615:3.0467300228520546,8.915881999775372,8.915862783311406,14.785014760234722
d:616:3.046901037285039,8.915880253325975,8.915862964286603,14.784842180327537
d:617:3.046311751382202,8.915880941803934,8.91586248825764,14.78543167867937
d:618:3.0475050964057253,8.915881696005666,8.915862927583476,14.784239527183416
d:619:3.045872989250448,8.91587480464306,8.91586884285626,14.785870658248871
d:620:3.0467616106094706,8.915867723687164,8.915876892626592,14.784983005704285
d:621:3.046574905838563,8.91587344128457,8.915866185570053,14.785164721016057
d:622:3.0469129764422362,8.915881293338657,8.915862173971432,14.784830490867854
d:623:3.0464212784145968,8.915876764809088,8.915876035147,14.785331521541492
d:624:3.0472366626712297,8.915880806032003,8.91587277055779,14.784516913918564
d:625:3.0464288091415668,8.915880806032003,8.915872160858871,14.785324157749308
d:626:3.0462778794667784,8.915876764809088,8.915874333098948,14.785473218441258
d:627:3.0461011163151124,8.915881047574256,8.915861282405634,14.785641213664777
d:628:3.0463942220846256,8.915874810656199,8.91586302687659,14.785343615448163
d:629:3.04604500434826,8.915867202723549,8.915873793469153,14.78569599184444
d:630:3.046457796626772,8.91587419189254,8.915862330340364,14.78527872560613
d:631:3.0469599017421913,8.915881023602475,8.915860212874488,14.784781334734774
d:632:3.0462172449358267,8.915880599624543,8.915856677553391,14.78552003224211
d:633:3.0451857082853913,8.91586745951778,8.9158739102653,14.78655566149769
d:634:3.0470035775764064,8.91586548647942,8.915874115921543,14.784736024824559
d:635:3.045889051090642,8.915881892075705,8.915859179431084,14.785852020416149
d:636:3.04661191280141,8.915874947892789,8.91586018999828,14.78512322508966
d:637:3.0465595106095087,8.91587780322652,8.915871791674586,14.785190084291596
d:638:3.0470038642298594,8.915880199180705,8.915859783771927,14.784736118722774
d:639:3.045408502625296,8.915868269387753,8.91587205924205,14.786331826004506
d:640:3.046227475598778,8.915878296336984,8.915865463096367,14.785516283834573
d:641:3.045604368240131,8.915874364796274,8.91586082485125,14.786130821407394
d:642:3.0467882525776275,8.915875634930579,8.91585962934074,14.784947011693692
d:643:3.045735679630516,8.915874588533828,8.915860365952184,14.785999274855497
d:644:3.045796321624227,8.915876719244745,8.915863808655875,14.785944206276394
d:645:3.0462964642016885,8.915879073664037,8.915871894477313,14.785454503939661
d:646:3.046165297040094,8.915881350508428,8.915857663994117,14.785573717462452
d:647:3.046885671454305,8.91588082124164,8.91587040988993,14.784865559677264
d:648:3.0459134547674083,8.915881922902216,8.91585907340231,14.785827541537117
d:649:3.0456550532032374,8.915868204776263,8.915872759585296,14.78608591115832
d:650:3.0464816201261975,8.915880806032003,8.915868379935521,14.785267565841327
d:651:3.0460568242661026,8.915879275430134,8.915865730870104,14.785688182034136
d:652:3.045419103248303,8.915879802786979,8.915865666775375,14.78632636631405
d:653:3.0459031953555797,8.915879895568798,8.915867827324474,14.785844527537693
d:654:3.0449632518877507,8.915867537473776,8.915872043174554,14.786776328760581
d:655:3.0454574658000517,8.915881642328703,8.91585873061527,14.78628290714392
d:656:3.0458478309178574,8.915882032462733,8.9158701748878,14.785904376432676
d:657:3.046211600948462,8.915881350508428,8.915857977654145,14.785527727214111
d:658:3.0458957464855416,8.915879073664037,8.915871262257946,14.78585458943644
d:659:3.0455405857046074,8.915875372891133,8.915860312225199,14.786195099411724
d:660:3.045352546246784,8.915875333794133,8.91585832448363,14.786381112030979
d:661:3.045420922658563,8.915881637551298,8.915859726703566,14.7863204415963
d:662:3.0457451305258445,8.915879221575807,8.915858977334004,14.785993068383966
d:663:3.045269160437508,8.915874737271722,8.915859456466542,14.786465033300756
d:664:3.045923446260648,8.9158812818984,8.91586558479764,14.785823420435392
d:665:3.0454909201383824,8.915865397828217,8.915871306555402,14.786245784245237
d:666:3.0451795435482456,8.915873567594149,8.915856837603672,14.786550861649575
d:667:3.0453825834970143,8.915867543982415,8.915869455186884,14.786354415672287
d:668:3.0465074937959677,8.915874746152026,8.915859436800087,14.785226689156143
d:669:3.0456749835282846,8.915880750073008,8.915856229989679,14.786061996534402
d:670:3.045602404405244,8.915869108270066,8.915872309504753,14.786139013369574
d:671:3.044567676750418,8.915867317050306,8.915869703476547,14.787169343776434
d:672:3.0461438337327333,8.915867537473776,8.915869384243763,14.785593087984806
d:673:3.0458890730853643,8.915869238024353,8.91587190739105,14.785852072330039
d:674:3.045730111118239,8.915881461072749,8.915856263447614,14.786007613402123
d:675:3.0453522283599614,8.91587419189254,8.915858063518993,14.78638002705157
d:676:3.0447714202639524,8.915867140320685,8.915867551865826,14.78696327192256
d:677:3.0458926337289043,8.915877990182178,8.91585740417829,14.785842760631564
d:678:3.045415661641563,8.915867224461177,8.915868160723402,14.786319723543016
d:679:3.045489969046713,8.915876719244745,8.915856978863925,14.786243729061958
d:680:3.0465516085676025,8.915879450165042,8.915855900820453,14.785183742417894
d:681:3.044937456541952,8.915881742912156,8.915853988974304,14.786798275344509
d:682:3.044680134140993,8.915871023596228,8.915872912841653,14.787063802296888
d:683:3.0457567465414055,8.915872364578444,8.915872547350347,14.785988165387385
d:684:3.045708296638754,8.915881350508428,8.91585606591537,14.786029119785045
d:685:3.0448945655158486,8.915874247255164,8.915855752031622,14.786835433770937
d:686:3.045595415090066,8.915881385781793,8.91586625731287,14.7861522280046
d:687:3.044732711690189,8.915872123766132,8.915871658271366,14.78701107034731
d:688:3.0446970900285883,8.915876197386392,8.915858770000757,14.78703787735856
d:689:3.045460688368923,8.915871266518206,8.91587190655014,14.786282484699424
d:690:3.045048336028536,8.915877951950058,8.915864329010121,14.786693944931642
d:691:3.0452738824564367,8.915874398842323,8.915856412714865,14.78645692910075
d:692:3.0447712237302635,8.915879221575807,8.915854259466567,14.78696225731211
d:693:3.045297575238868,8.915881023602475,8.915854491638083,14.786437940001692
d:694:3.044890663417217,8.915881147457227,8.915854496648986,14.786844980688997
d:695:3.0452725106390925,8.915880402856008,8.91585342246493,14.786461314681846
d:696:3.045783905241004,8.91587390105954,8.915857004896484,14.785947000715018
d:697:3.044651890879077,8.91587934104896,8.915866813348227,14.78709426351811
d:698:3.0456323130014127,8.91587120176043,8.915871742090276,14.786110630849294
d:699:3.0456549857852036,8.915874638839822,8.91585643733294,14.786076090387558
d:700:3.0443780395052187,8.915868586600524,8.915868096902122,14.787358643997429
d:701:3.04480556589772,8.915878786474183,8.915854738211353,14.786927958787816
d:702:3.045667209185119,8.915881922902216,8.915852699433833,14.786067413150931
d:703:3.044629407692156,8.915870056704616,8.915867712563028,14.787108361575488
d:704:3.045687077640027,8.915867121212827,8.915865327599109,14.786045371171907
d:705:3.0448961218036565,8.915879073664037,8.915862397444688,14.786845349305068
d:706:3.0447404271384393,8.915878441527319,8.915861184390979,14.786999198779856
d:707:3.0447450066368393,8.91586719114353,8.91586367927259,14.78698586377928
d:708:3.0449172603516903,8.915872123766132,8.915868227774517,14.786823091188959
d:709:3.0445439489337964,8.915879518989072,8.915849509270712,14.78718507932599
d:710:3.04550459356809,8.915881080967399,8.915856592496935,14.786233079896242
d:711:3.0444059638040493,8.915872351605737,8.91586681916548,14.787333206967165
d:712:3.044825794183268,8.91587637275774,8.915851607053462,14.786902185627934
d:713:3.0447107392196315,8.915872552519236,8.915866390778909,14.787028204078513
d:714:3.0449901589254917,8.915879073664037,8.915858496145695,14.78674741088424
d:715:3.0448109884899317,8.915874656854587,8.915850173583333,14.786913841947989
d:716:3.0443771825289456,8.915879101905826,8.915846812838867,14.787348732215749
d:717:3.0443186619039597,8.915881147457227,8.915846111507646,14.787408597060915
d:718:3.044591074813555,8.9158822260254,8.915843955875005,14.787135107086849
d:719:3.044794311274,8.915880750073008,8.915845173338496,14.786931612137504
d:720:3.045141833250124,8.915875333794133,8.915847034706097,14.786580535250106
d:721:3.0445973555307866,8.915878179527445,8.915848845968377,14.787129669965037
d:722:3.0445004471639585,8.915867254712461,8.915856995585235,14.787223803133738
d:723:3.0443718450695005,8.915882192558396,8.915843740368903,14.787354087857798
d:724:3.0446958170212124,8.915881200450276,8.915849666024208,14.787035049453271
d:725:3.0445698596479023,8.915874229064684,8.91586319106536,14.787167560482144
d:726:3.0451575816921164,8.915876326250432,8.915854930552058,14.786573675110375
d:727:3.044308739360421,8.915873611737734,8.915847162583134,14.787412034960447
d:728:3.0438793568921234,8.915873441014316,8.915861556499962,14.787855640622155
d:729:3.0446506885795213,8.915866936730737,8.915857469837615,14.78707371798883
d:730:3.0449178875422707,8.915871727903609,8.915854757887432,14.78680859824877
d:731:3.044086497729422,8.915879073664037,8.91585704331465,14.787649619249267
d:732:3.044149178985723,8.915873422805793,8.91585512501105,14.787579368831121
d:733:3.0442423993323757,8.915864596495908,8.91585831441061,14.787480511574142
d:734:3.045097818014069,8.91587289457475,8.915863005747545,14.786638082308224
d:735:3.0442294805827075,8.915877990182178,8.915843976729082,14.787492486328553
d:736:3.0446550472404734,8.915882160364225,8.915851019917842,14.787078133041591
d:737:3.0442713370960064,8.915871725684454,8.915861144280678,14.787461532869123
d:738:3.044529726772364,8.915875546921514,8.915847450307682,14.787193270456832
d:739:3.0448949795123923,8.915872648882434,8.915861133362467,14.786838802732511
d:740:3.043503260254557,8.915880806032003,8.915850479864169,14.788228025641615
d:741:3.0438968000141227,8.915875634930579,8.915844283148171,14.787823118064628
d:742:3.044866660471996,8.915874440202074,8.915860653984836,14.786868433714915
d:743:3.044400862096193,8.91586878174374,8.915857894900002,14.787325814547547
d:744:3.0441115405711443,8.915867723687164,8.915854312946117,14.787610496062136
d:745:3.0438300685436293,8.915869877970682,8.915854097480695,14.787893906907746
d:746:3.0444999369859485,8.915867543982415,8.915854001185645,14.78722160818211
d:747:3.0439150611012646,8.91586894057956,8.9158571298242,14.787811009302496
d:748:3.0440184081849164,8.915874759130535,8.915860101241478,14.787716452187096
d:749:3.043974880719375,8.915875634930579,8.915841998376106,14.78774275258731
d:750:3.044765721524003,8.915880806032003,8.915849008526267,14.78696409303427
d:751:3.0443392650205805,8.915872648882434,8.915858054918683,14.787391438780537
d:752:3.043789895480362,8.91587480464306,8.915844390621977,14.787929299784675
d:753:3.0436411804714627,8.915872108534707,8.91585824714009,14.788089175203334
d:754:3.043787248808613,8.915880916573522,8.915845370326167,14.787939038091075
d:755:3.044287760777749,8.915881905994077,8.9158409516476,14.787435096863927
d:756:3.0442516518327185,8.915869786751562,8.915855572726535,14.78747370764538
d:757:3.0433297614112753,8.915878441527319,8.915853327667087,14.78840200778313
d:758:3.0441775093934673,8.915881286827398,8.915845161196643,14.787548938630575
d:759:3.044463722213937,8.915876719244745,8.915843851613829,14.787256848644635
d:760:3.043617298209938,8.915875237308647,8.915843474571936,14.788101413670645
d:761:3.043549914806146,8.915877908851563,8.915843764883519,14.788171758928936
d:762:3.043835417846079,8.915879895568798,8.915847388634031,14.787891866356748
d:763:3.044563667114792,8.915867537473776,8.915851979340877,14.78715584969986
d:764:3.0432170079323058,8.915874759130535,8.915857032315031,14.78851478351326
d:765:3.0440530724351653,8.915874737271722,8.915841540044706,14.787663204881262
d:766:3.043520098776739,8.91587177947121,8.915852655789731,14.788204336484203
d:767:3.0435143867005685,8.915868918450354,8.915858670345695,14.78821320209548
d:768:3.0440022381870033,8.915878780195259,8.915848534600388,14.787725076608643
d:769:3.0431439567192715,8.915880402856008,8.915840136641744,14.78857658277848
d:770:3.0435925875586705,8.915868586600524,8.915853926611508,14.788129925653362
d:771:3.0444230285868343,8.91588164819736,8.915844848570012,14.78730346818054
d:772:3.043694119323007,8.915873229353695,8.915840689110606,14.788019799141296
d:773:3.043191863820427,8.915872153641994,8.915859623364758,14.788539913186325
d:774:3.0432378142597187,8.915873427670208,8.915858350857642,14.788493964268131
d:775:3.0446978847114288,8.915871538809395,8.915855784480513,14.787029438578479
d:776:3.043131559078491,8.91587231193148,8.915857196780482,14.788597949633472
d:777:3.0445875288812143,8.91587461597931,8.915858732382516,14.787145819480612
d:778:3.0436995128733972,8.915868465949739,8.91585988113809,14.788028834214431
d:779:3.043871508646477,8.915874721719483,8.915842424452146,14.78784563752515
d:780:3.043005335997089,8.915880806032003,8.91584444416793,14.788719914202845
d:781:3.043733369535337,8.915871023596228,8.915855800613274,14.787993454674167
d:782:3.0431373157211077,8.915877039201373,8.915842003584107,14.788581727064372
d:783:3.043673896967441,8.915871145637785,8.915854934295403,14.78805218296575
d:784:3.043685204790876,8.915881652442224,8.915838937275243,14.78803538492659
d:785:3.0439108680583313,8.91586719114353,8.9158520303066,14.787808353391798
d:786:3.043347279329627,8.9158735210669,8.915841926097116,14.788368167834388
d:787:3.0441540150392346,8.915876168269072,8.915857865880664,14.787580019110502
d:788:3.0429909685842027,8.915867537473776,8.915852174330286,14.78872874321986
d:789:3.0435749710173816,8.915882085424771,8.915844426272812,14.7881515406802
d:790:3.0433161949188694,8.915874929127781,8.915841979229079,14.78840071343799
d:791:3.0445877509125374,8.915873681048227,8.915841542016219,14.787127472151909
d:792:3.043070284694643,8.915875333794133,8.915841181710036,14.788646230809526
d:793:3.043798022370634,8.915873660637466,8.91584028982677,14.7879159280936
d:794:3.043216060888277,8.915874638839822,8.915841588849167,14.788500166800713
d:795:3.0438167772868905,8.915880791599736,8.915841974856779,14.787905989169625
d:796:3.043082930169488,8.915867121212827,8.915852861225204,14.788637052268543
d:797:3.044025879772093,8.915873568074058,8.915856304205548,14.787703992507513
d:798:3.0430286938649083,8.915875634930579,8.915840888250298,14.788687829315968
d:799:3.04336610919246,8.915879073664037,8.91584770121377,14.788360665685348
d:800:3.043230295397425,8.915873404994556,8.915858560984077,14.788501670581208
d:801:3.043485070248499,8.91588188882934,8.915843122151145,14.788239940731986
d:802:3.0430362532871627,8.915869811819277,8.915859294476178,14.788692853008293
d:803:3.0437680394211437,8.915871727903609,8.915848987807827,14.78795267629029
d:804:3.0425058304080537,8.915874364796274,8.915840351941075,14.789208886329295
d:805:3.0438709807818185,8.915877281700265,8.915858130094312,14.787864431012757
d:806:3.043624387735825,8.915866924924153,8.915851768820492,14.78809430600882
d:807:3.0428763575529825,8.915878026798222,8.91584516850522,14.788846837750457
d:808:3.0433070936188216,8.915878259643314,8.91584386395739,14.788415029981884
d:809:3.044143217438732,8.915875442464198,8.915842022182293,14.78757424720776
d:810:3.043488079718717,8.91587419189254,8.915842514048382,14.788228626222203
d:811:3.0434139998432173,8.915875372891133,8.915843292836541,14.788304665884457
d:812:3.0430229588423554,8.915880916573522,8.915844067122215,14.78870202485338
d:813:3.0433605436642726,8.915879048230586,8.915847404789798,14.788365909356111
d:814:3.04283676045009,8.915870056704616,8.915854572783186,14.788887869037712
d:815:3.043800315792021,8.915869115866379,8.915859463803974,14.787928263878333
d:816:3.0421985795625925,8.915874681566532,8.915842242758087,14.789518344762024
d:817:3.043173669361739,8.915867671027861,8.915852925169784,14.788546926835906
d:818:3.042684589088344,8.915869115151995,8.91585957086075,14.789044096924401
d:819:3.0431425836845385,8.91587780322652,8.915843966185495,14.788579185727475
d:820:3.0426330214271804,8.915869277644825,8.915859807545386,14.789096063763031
d:821:3.04367083457376,8.915867140320685,8.915848478489778,14.788044784236703
d:822:3.0434943981724896,8.915874247255164,8.915841783259149,14.788221632341825
d:823:3.04281151070348,8.915874338278073,8.915857112874729,14.788919940449322
d:824:3.0429938996675965,8.915867121212827,8.915849868920283,14.788723090465513
d:825:3.0430460302138655,8.91587889803919,8.915841202652196,14.78867407047752
d:826:3.043275918615473,8.915873697143466,8.915840640366742,14.788438418894733
d:827:3.0428998193447985,8.915866073988369,8.91585820721528,14.78882446185885
d:828:3.043506179681035,8.915867609353988,8.915859026140513,14.788220455813466
d:829:3.0423103157698037,8.915868982687904,8.915859129875255,14.789417796793355
d:830:3.0420873905048236,8.915868577619655,8.915859259442032,14.789640446556861
d:831:3.0432049018118335,8.91586420068996,8.915859884638063,14.78851918351619
d:832:3.0427046225135523,8.915874553161824,8.915841805197442,14.789011735845714
d:833:3.0431880766885495,8.91588039847224,8.915842729917959,14.788535051701649
d:834:3.042125492438327,8.91586745951778,8.9158516045715,14.789593571650954
d:835:3.0435536857340786,8.915876595197048,8.915857500897436,14.788180410360408
d:836:3.042678933824112,8.915874721719483,8.915842583128011,14.789038371023382
d:837:3.042373668062675,8.915867723687164,8.915849367230134,14.789343422854623
d:838:3.042886376088056,8.915869307752528,8.915860748849465,14.788843680513935
d:839:3.0430720761495014,8.91587780322652,8.915845632696765,14.788651359773786
d:840:3.0427440331033484,8.915869115151995,8.915860660762057,14.788985742810704
d:841:3.0428871442268246,8.915867543982415,8.915849760055405,14.788830159810995
d:842:3.043239967065958,8.915874721719483,8.915841629690567,14.788476384344094
d:843:3.042074634803143,8.915876860090485,8.915857660618265,14.789659885905607
d:844:3.042722269504214,8.91586745951778,8.915849942462778,14.788995132476344
d:845:3.042995062421369,8.915879467944404,8.915841972762715,14.788726378285752
d:846:3.0426709582136713,8.915873567594149,8.91584040771934,14.78904301709982
d:847:3.042314304839401,8.915866075176323,8.915859266459583,14.789411036796505
d:848:3.0425547794335586,8.915868294433336,8.91585831476161,14.789171829761386
d:849:3.043209071813603,8.91587466892743,8.915858516610522,14.788524113724346
d:850:3.0429167561422936,8.915873404994556,8.91585761960906,14.788814268461323
d:851:3.0430400107899764,8.915867609353988,8.915858415626554,14.788686014190564
d:852:3.042576188661968,8.915862074269546,8.915857568633921,14.789143454241497
d:853:3.0430308256275325,8.91587465972032,8.915838516168591,14.788682350261379
d:854:3.0422534808720414,8.915881553355616,8.915839607968024,14.789467680451601
d:855:3.0423601348304317,8.915865397828217,8.915851163829275,14.789356426827062
d:856:3.0428770872882858,8.915872395016201,8.91585584686512,14.788851154593036
d:857:3.042515503495112,8.915874137658552,8.915838549892353,14.789197184055793
d:858:3.041819187786407,8.915865659583824,8.91584913518377,14.789895606981185
d:859:3.042697593557289,8.915864390555642,8.915857030324572,14.789023827322925
d:860:3.042814601931111,8.915879073664037,8.91584246539926,14.788906937132184
d:861:3.0427678674793626,8.91586637418355,8.915857967083422,14.788956473787607
d:862:3.042794106817354,8.915867723687164,8.915846346165642,14.788919963035454
d:863:3.0422191761249966,8.915873611737734,8.915836340210483,14.78949077582322
d:864:3.042702721129526,8.915874948518184,8.915853479073387,14.789025706462045
d:865:3.0422123165957995,8.915877761110014,8.915844035127083,14.789509479641298
d:866:3.0422883579380926,8.91587497503125,8.915840008903201,14.789426625996358
d:867:3.041888796410179,8.915863895310157,8.9158580615532,14.789833160453176
d:868:3.0420524277733527,8.915876831659396,8.915854740570143,14.789679144456187
d:869:3.0426700189682663,8.915872351605737,8.915851192559433,14.789053525196906
d:870:3.042496502177924,8.915866571065585,8.915852765891003,14.789222834778665
d:871:3.042568437862938,8.915867202628796,8.9158467312403,14.789145496006158
d:872:3.0428372888468065,8.915867537473776,8.915846738449467,14.788876987076437
d:873:3.0423917356161194,8.915866819231866,8.91585305401327,14.789328137629015
d:874:3.042430541579499,8.915872266064536,8.915852298400136,14.789294022885173
d:875:3.0427390986204603,8.915877281700265,8.915856073497574,14.78899425657738
d:876:3.042835827220202,8.915862074269546,8.915858816887939,14.788885063937283
d:877:3.041662478964607,8.91587497503125,8.915840811694386,14.790053307761028
d:878:3.0427953719095164,8.915877761110014,8.915843444938151,14.788925834138649
d:879:3.042617390436254,8.915874948518184,8.915853228172141,14.789110786254072
d:880:3.04271921166913,8.91585370643509,8.915850657157968,14.788985151923928
d:881:3.042019138833181,8.915867934543613,8.915840556047332,14.789689351757763
d:882:3.0421842412855202,8.915869115151995,8.915856397654888,14.789541271521363
d:883:3.0420436027532816,8.915877778526923,8.915840297132334,14.789674472905975
d:884:3.04269558959332,8.91586951357162,8.915854168060001,14.789028092038302
d:885:3.0415720726747963,8.915876130976711,8.915840705452341,14.790144763754256
d:886:3.0423347938476333,8.915856739555196,8.915855035912296,14.789376981619856
d:887:3.042376111723227,8.915872060467903,8.91585048564401,14.789346434388685
d:888:3.042336925815622,8.915880806032003,8.915838297779311,14.789382177995694
d:889:3.0419752157419424,8.91585386329713,8.915851631688682,14.78973027924387
d:890:3.041618194226203,8.915868574295736,8.91585355883042,14.790103938899954
d:891:3.041793820164159,8.915872351605737,8.91584760087986,14.78992613232144
d:892:3.042602099958806,8.91586765706623,8.915841022844905,14.789106579952328
d:893:3.041753353496663,8.915878021070613,8.915840616106905,14.789965283680854
d:894:3.042339622809573,8.915881065657963,8.915840156335186,14.789381599183576
d:895:3.0421749991439064,8.915878786474183,8.915838099190719,14.789541886520997
d:896:3.0421126081465157,8.915878296336984,8.9158388207553,14.789604508945766
d:897:3.0420172328462822,8.915881463356016,8.915840170601498,14.789704401111232
d:898:3.042016077647377,8.915877921700734,8.915840809622388,14.789702653675745
d:899:3.042384861797972,8.915865393022248,8.91584540006808,14.789325931292355
d:900:3.0420605226066826,8.915874065085966,8.915852432862778,14.78966597534206
d:901:3.041943326283283,8.915868629471209,8.915856319033558,14.789781622221485
d:902:3.041519996444597,8.915874721719483,8.91583505870584,14.790189783980724
d:903:3.042372492126148,8.915879073664037,8.915842126248888,14.789348707786779
d:904:3.04207629205424,8.915875669249633,8.915852771664333,14.789652148859727
d:905:3.041778154891647,8.91585005751191,8.915850033004581,14.789921935624845
d:906:3.0418520590797478,8.915868579874456,8.915844546111348,14.789861066906056
d:907:3.0425166610605316,8.915861265659478,8.915858758513078,14.789203363112023
d:908:3.0412922943099012,8.915878414398797,8.915841374245081,14.79042749433398
d:909:3.0417477195992273,8.915861575199582,8.915857561534214,14.789971417134568
d:910:3.041613289659921,8.91586719114353,8.915840901751327,14.790094803234936
d:911:3.041975696296859,8.915851217819618,8.915850599178707,14.789726120701467
d:912:3.0423156022933675,8.915874948518184,8.915850692677118,14.789410038901934
d:913:3.0414607264118096,8.91587792019399,8.915839522363711,14.790256716145894
d:914:3.041525750379261,8.91584937696107,8.915848535398272,14.790172161980081
d:915:3.0429488273775007,8.915868577619655,8.915853890528155,14.788773640770309
d:916:3.042184316878238,8.915872123766132,8.915848499087767,14.789536305975663
d:917:3.041182568825324,8.915872995570066,8.915841135237324,14.790531561982068
d:918:3.041864956689997,8.915880949011454,8.91583983260674,14.789855824928198
d:919:3.042502490992062,8.915875278026812,8.915837773500405,14.789210560535155
d:920:3.041843013490336,8.915848376785032,8.91585002384108,14.789855387135773
d:921:3.041596899682208,8.915849459544974,8.915848933266739,14.790101493129505
d:922:3.041725528603699,8.915849806540484,8.915849088487409,14.789973366424192
d:923:3.0418048330322502,8.915845584428695,8.915850259989323,14.789891011385768
d:924:3.041269125707677,8.915876719244745,8.915839837907626,14.790447431444692
d:925:3.0420069401819916,8.915880806032003,8.91584152823816,14.78971539408817
d:926:3.0417043283125498,8.91586705327951,8.915841754715434,14.790004479682393
d:927:3.0416321324855353,8.915873427670208,8.915852417780318,14.790093712964993
d:928:3.0420000932117937,8.915862074269546,8.91585802239658,14.789720003454331
d:929:3.04161362697403,8.915874781988544,8.91583697671868,14.790098131733192
d:930:3.0416099954579963,8.915867723687164,8.915843456888929,14.790101185118097
d:931:3.041623057705028,8.91586892828022,8.915855165232134,14.790101035807329
d:932:3.0418753822660207,8.915874638839822,8.915836974335681,14.789836230909483
d:933:3.0415275188412245,8.915870056704616,8.915848876712651,14.790191414576043
d:934:3.042058734440438,8.915854569954817,8.915858104121117,14.789653939635496
d:935:3.041825191150295,8.915867317050306,8.915843062587243,14.789885188487254
d:936:3.0412750487284193,8.915855313185112,8.915857932116424,14.790438196573117
d:937:3.04113495269881,8.915868586600524,8.915845654015024,14.790579287916737
d:938:3.0420377099040827,8.915845384576937,8.915849836116957,14.789657510789812
d:939:3.0411784635255117,8.915875335783019,8.915851487873788,14.790548360131297
d:940:3.0411431851103394,8.915879073664037,8.915840396728832,14.79057628528253
d:941:3.041852705309072,8.91584887267156,8.915850212750271,14.78984638011276
d:942:3.041768125932199,8.915867609353988,8.915852730953933,14.789952214375722
d:943:3.0412319208154983,8.915869150866396,8.915844002760252,14.79048123281115
d:944:3.041997113716862,8.915877665687036,8.915838991671713,14.789719543641885
d:945:3.0409997349830835,8.91587419189254,8.91583311855728,14.790707575466739
d:946:3.0415280910817657,8.915852036100794,8.915854040720678,14.790177985739707
d:947:3.041630517767734,8.915860140387508,8.915856077250773,14.790085699870547
d:948:3.0416460598013977,8.915867658728242,8.91585415726007,14.790075756186912
d:949:3.0412173208201647,8.915868459386646,8.915852467403734,14.790503605970217
d:950:3.0418742320481265,8.915868577619655,8.915851170305494,14.789845515877023
d:951:3.041106175025501,8.915869802996426,8.915851265224088,14.790614893195013
d:952:3.042920286615784,8.91586082441101,8.915851986206647,14.788792524001872
d:953:3.0411735833405107,8.915855156110727,8.915851933152867,14.790533505923085
d:954:3.041430228352173,8.915845260336539,8.91584629010039,14.790261322084756
d:955:3.041219484475036,8.915881169609559,8.915835431645524,14.790497116780045
d:956:3.0420943747907394,8.915868135443061,8.915837149396172,14.789610910048491
d:957:3.0406678530846047,8.915876026091276,8.915848017741165,14.791056190747836
d:958:3.041953820559849,8.915856739555196,8.915852817412349,14.789755736407697
d:959:3.041546108620132,8.915878893469792,8.915835558781847,14.790168343631507
d:960:3.0416745856851133,8.915871743726038,8.915842946082236,14.79004010412316
d:961:3.0412808088332106,8.915858401118836,8.915854412252305,14.79043200453793
d:962:3.0410642228781217,8.915880806032003,8.915836501249544,14.790653084403425
d:963:3.041318043968454,8.915872395016201,8.915848309794434,14.790402660842181
d:964:3.0413991673318197,8.915875540299332,8.91583317704351,14.790309550011022
d:965:3.0410018819130418,8.915876168269072,8.915847027779568,14.7907213141356
d:966:3.0410343883001882,8.915876719244745,8.915833502917195,14.79067583386175
d:967:3.04126565023566,8.915868982687904,8.915849385165288,14.790452717617532
d:968:3.0409305017119834,8.915876326250432,8.915836327068385,14.790782151606834
d:969:3.0418876392469016,8.91585582412345,8.915853359037937,14.789821543914485
d:970:3.040566861938597,8.91587231193148,8.915847394424791,14.791152844417674
d:971:3.0409891709268297,8.915882072230527,8.91583506100148,14.790727962305178
d:972:3.0416049906864835,8.915851842311941,8.915853091184967,14.790099942810425
d:973:3.040663126913797,8.915871747337881,8.91584658664382,14.791055207067904
d:974:3.041242006946435,8.915868172626439,8.915836679522444,14.790462845202446
d:975:3.0415227030996057,8.915880806032003,8.91583493677038,14.790193039702778
d:976:3.04135967379581,8.915840775210768,8.915846476706292,14.79032757812125
d:977:3.0408111351217944,8.915849954680137,8.915853537716522,14.790892357274865
d:978:3.041770569683413,8.91585829879553,8.915853625473652,14.78994135458577
d:979:3.0400988944984704,8.915863895310157,8.915850772035053,14.79161577284674
d:980:3.0403236234379705,8.915869115151995,8.91584928031477,14.791394772028795
d:981:3.041732904277861,8.915870524424712,8.915849343296198,14.789986963443049
d:982:3.041659963731453,8.915867658728242,8.915851147287647,14.790058842284436
d:983:3.041043071275519,8.915860642216696,8.915853323926644,14.790670894867821
d:984:3.0413864795320418,8.915855313185112,8.915854288676663,14.790323122329733
d:985:3.040831438257708,8.915846846417192,8.915850091203462,14.790865499362948
d:986:3.0411824235639795,8.91587655550956,8.915831933786052,14.790526065731632
d:987:3.040624596393272,8.915879073664037,8.915836761391937,14.791091238662702
d:988:3.041522386551735,8.915872266064536,8.915840892008926,14.790190771521727
d:989:3.0409653835837407,8.91586746003015,8.91584909096821,14.790751167414617
d:990:3.0414478451968954,8.915845260336539,8.915846344469447,14.79024375960909
d:991:3.040112495089902,8.915879041617028,8.91583485054364,14.791601397070766
d:992:3.0419682258276453,8.915876831659396,8.915844823329682,14.789753429161433
d:993:3.04098498779012,8.915848860745449,8.915850192181555,14.790714065136884
d:994:3.0410235231185823,8.915868269387753,8.91583564351247,14.790680389781642
d:995:3.0418537757179784,8.915864946081086,8.91585060886315,14.78986177922626
d:996:3.041351998376985,8.9158812818984,8.915834174137336,14.790363457658753
d:997:3.0402916131304423,8.915870233722718,8.915847784553744,14.79142640514602
d:998:3.0413226129217126,8.915877908851563,8.915832781842447,14.790388077772297
d:999:3.041053066543448,8.915867609353988,8.915847965965808,14.79066250877635
d:1000:3.0403260061833315,8.915880806032003,8.915834525520248,14.791389325368922
