data: dataset/wiki2C/.full
d:1:2.4353001882393155,7.089880120474492,7.089875781327343,11.74445571356252
d:2:1.8370165006986685,7.089881879367949,7.089875618920472,12.342740997589752
d:3:1.6462620171786657,7.089880326700301,7.08987374044608,12.533492049967716
d:4:1.5306468859169993,7.08987900554557,7.089873711602824,12.649105831231394
d:5:1.4882227384478437,7.08988097082711,7.089874012358388,12.691532244737655
d:6:1.4727671852077258,7.089882440786775,7.089875603830708,12.706990859409757
d:7:1.459666325174764,7.089882297818891,7.0898736948696035,12.720089667513731
d:8:1.4521810506986164,7.089881820020891,7.089874554862601,12.727575324184876
d:9:1.447746647162866,7.089880718134717,7.0898738522771305,12.732007923248982
d:10:1.4417039244225869,7.089882683418923,7.08987415289884,12.738052911895176
d:11:1.440622040842742,7.089883659357689,7.089869937965631,12.739131556480578
d:12:1.4359407494092604,7.089881809488404,7.0898718258235505,12.743812885902694
d:13:1.4363195320296338,7.08988299915917,7.089869700025564,12.7434331671551
d:14:1.4346280346320448,7.089884590643312,7.089871458926581,12.745128014937848
d:15:1.433985723752313,7.0898856850899605,7.089869565450147,12.745769526787795
d:16:1.431565900404829,7.089887443994585,7.0898711994036585,12.748192742993416
d:17:1.4318012156088784,7.089886573374478,7.089873164695122,12.74795852246072
d:18:1.4301363928213071,7.089884923356264,7.089868949749252,12.749617480284208
d:19:1.4298821924136416,7.089886888648813,7.089868920630986,12.749873616866157
d:20:1.430239198776885,7.089887662879757,7.089869780710607,12.74951824481348
d:21:1.4286942209989224,7.08988738603693,7.089871668573831,12.751064833611839
d:22:1.4267630042496418,7.089886572493826,7.089870364865629,12.752993933109812
d:23:1.4285259937750148,7.089886833777226,7.089869353450603,12.751230193452814
d:24:1.4266805533007858,7.0898869862099785,7.089870824767586,12.753077257676779
d:25:1.428015008648785,7.089887080235592,7.089871800710215,12.751743872297023
d:26:1.426415077753962,7.089884535103317,7.089869891734593,12.753339349083948
d:27:1.4256217379248763,7.089884759352489,7.08986796673115,12.754130988158762
d:28:1.4260210500632233,7.089884614976707,7.08986699048974,12.753730555403223
d:29:1.424821571735901,7.0898826733801075,7.089866175441609,12.754927277085816
d:30:1.4259321049010314,7.089882530063145,7.089865280570291,12.753815705732405
d:31:1.424641973346695,7.089882352344367,7.089867168437896,12.755107547435568
d:32:1.4249437645465584,7.089883626052657,7.089868045320957,12.754807906827056
d:33:1.425325921501729,7.089882065993464,7.089869447845441,12.754425592337176
d:34:1.424733737719734,7.089883339686513,7.089867471149414,12.755017073116193
d:35:1.4225902881215475,7.089882582287602,7.089866977125758,12.757159271291812
d:36:1.4237345362137148,7.089884052264029,7.089868046413392,12.756017562463708
d:37:1.4247505028454377,7.089882992771488,7.089867267354818,12.754999757280869
d:38:1.4228319410660362,7.089882234047894,7.08986678445031,12.756917077432167
d:39:1.4221544385489508,7.089881755524615,7.089866836633081,12.757594153608746
d:40:1.4212426827226068,7.089883720835634,7.089866220634028,12.758507258747056
d:41:1.4236345124506666,7.089883576107604,7.089867136567217,12.756116200224154
d:42:1.422242652645675,7.089884849791093,7.08986528667094,12.757507483816358
d:43:1.4215804680082638,7.089883325495469,7.089866858994551,12.758169716481756
d:44:1.422900562828291,7.089882844061052,7.089863805913483,12.756846087146245
d:45:1.4227793437530067,7.089881312826714,7.089864769287726,12.756966738361434
d:46:1.4229307955950912,7.089882586495658,7.089866734605181,12.756818525505748
d:47:1.4212430187677967,7.089882958109187,7.089865479638369,12.758505418979759
d:48:1.4220199661575759,7.089882692415878,7.089863353810414,12.757726080068716
d:49:1.4235359752170726,7.089884283924883,7.089865112738765,12.756213421446576
d:50:1.4201199578779775,7.08988617183102,7.089862873717186,12.759629087670229
d:51:1.4210275871661864,7.089885675559686,7.089864343708904,12.758722432102404
d:52:1.4219510584924357,7.089885349149397,7.089863967651745,12.757798258308707
d:53:1.4234075470252865,7.089885895439333,7.089863411940188,12.756341760354234
d:54:1.4205999738785717,7.089887654377443,7.089864881923892,12.759152562422763
d:55:1.4205374127641583,7.089887844974741,7.089863985266254,12.759214417476837
d:56:1.4216414516308085,7.089887944271178,7.089865873156132,12.758112365796501
d:57:1.4214055907880034,7.089889578273223,7.089866514272509,12.758350501757729
d:58:1.4196046840324286,7.089887619445388,7.089867391132196,12.760150326545155
d:59:1.4201953410039287,7.089886044259396,7.089869356461772,12.75956005971724
d:60:1.4210216446611028,7.089884640566911,7.089868909489873,12.758731905395681
d:61:1.4210072637346016,7.08988416131841,7.089868961447229,12.758745859031038
d:62:1.4191902724268974,7.089885752832081,7.0898704314297385,12.760565911834922
d:63:1.4209230015677203,7.089887718167157,7.08987239676147,12.758837113360906
d:64:1.4199824271649515,7.089888694112011,7.089870471734081,12.75977673868114
d:65:1.4211223634234038,7.089888134971872,7.0898703501259535,12.75863612167442
d:66:1.420079249218345,7.089889604966891,7.089872109069239,12.759682464817784
d:67:1.4197492287018108,7.089888993828028,7.08987370059053,12.760013465716748
d:68:1.4191385584590037,7.0898906278335865,7.089875665925649,12.760627735300233
d:69:1.4213905756220235,7.089888549701252,7.089875378139561,12.75837335221879
d:70:1.4204158227529167,7.089886398046432,7.089873660190386,12.759344235483901
d:71:1.4207485797354042,7.089888363387065,7.089875294191744,12.759015077843404
d:72:1.4188479433602197,7.08988927935044,7.08987329888088,12.7609146348711
d:73:1.418526934030389,7.0898882421042755,7.089874871227823,12.76123617930171
d:74:1.4206422746531011,7.089889431804896,7.08987390128789,12.759121058439685
d:75:1.4189188243688164,7.089887455089344,7.089874970580581,12.760843601301108
d:76:1.4191628234450508,7.0898884275693685,7.089875161178381,12.7606007653027
d:77:1.4217809881159074,7.0898900190909195,7.089873767977085,12.757982798952098
d:78:1.4177460011684282,7.089891591459163,7.089874743924833,12.762020334215567
d:79:1.4188963635213234,7.089889666430515,7.089875115547157,12.760868418456347
d:80:1.4196263390529111,7.089890940114082,7.089873120230517,12.760137721291688
d:81:1.4174506184633238,7.089892699076552,7.089875008147517,12.762317088760746
d:82:1.4192934671009425,7.089891937691807,7.089876973495282,12.760475444086147
d:83:1.4193891764535618,7.08989352921228,7.089876338585896,12.760380691344613
d:84:1.418662677456238,7.089893863881312,7.0898753850618315,12.761106571486906
d:85:1.4177692191689335,7.0898957518257095,7.089873900319603,12.762000432976379
d:86:1.419658811549466,7.089894023313634,7.089875371683556,12.760110583447725
d:87:1.4192397840040858,7.089895911255834,7.089877337033361,12.760533464285109
d:88:1.4192666810624388,7.0898934241645515,7.089877740621668,12.760504483723782
d:89:1.4181815618935492,7.089894697840412,7.089877792358047,12.76159092830491
d:90:1.4186661200567592,7.089895673774178,7.089879364714376,12.761108918431795
d:91:1.4182929109303402,7.089897265295592,7.08987814321539,12.761482497580642
d:92:1.4187026778217184,7.089896122825242,7.0898801085683525,12.761073553571876
d:93:1.416906771790229,7.089895669723556,7.089881382324888,12.762870280258214
d:94:1.4199488617950333,7.089895352129338,7.089878895221215,12.759825385555521
d:95:1.4184476671478379,7.089895230200766,7.089880168962078,12.761327732015006
d:96:1.4168791328281731,7.089897195569964,7.089882056894295,12.762900119636086
d:97:1.418566663060849,7.089898665586107,7.089883459468161,12.761215461993418
d:98:1.4193085973970412,7.089896539734976,7.089880770405072,12.760468712743007
d:99:1.41749682191249,7.0898975031602784,7.08988025802278,12.762280939270568
d:100:1.4171803031905519,7.089899094682702,7.089879235030592,12.762598026522742
d:101:1.419293160121292,7.089900189173818,7.089877972270918,12.760485001323445
d:102:1.4172369811349608,7.08989914950429,7.089879937631319,12.762542106000648
d:103:1.4202834525802253,7.089897841473777,7.089878682650079,12.75949307154363
d:104:1.418212355887949,7.08989947551086,7.089880316678257,12.761567436301167
d:105:1.4184025513313934,7.0898977021588845,7.089877534650791,12.761372685478282
d:106:1.419008336554752,7.08989966753675,7.089877639159123,12.760768970141122
d:107:1.418227439002802,7.08990155549898,7.089879604521239,12.761553721017417
d:108:1.4191838890528015,7.089900483154967,7.089878521633365,12.76059511573553
d:109:1.4185464150053448,7.089901029398244,7.089875468479522,12.761230082872421
d:110:1.416614357845548,7.0899027883894865,7.089875155473767,12.763163586017706
d:111:1.4187971208950927,7.089904379916438,7.0898753980944305,12.760982657115775
d:112:1.4181913423599841,7.089905474393383,7.089874162003763,12.761588294037162
d:113:1.417666435731828,7.089906944416797,7.089872707835928,12.762113216520898
d:114:1.4171433114242813,7.089906233534909,7.08987192738087,12.762634849491498
d:115:1.4188086078083408,7.089906976785393,7.089871164646342,12.760969533623395
d:116:1.4166418803532252,7.08990794019422,7.089872737015412,12.763138796856406
d:117:1.418083173688009,7.089906480081514,7.089873184085334,12.761696490478839
d:118:1.4179246494556015,7.089908071608429,7.08987079507577,12.761854217228597
d:119:1.4184054206498757,7.08990954162748,7.089870688711076,12.76137480968868
d:120:1.4167065194342356,7.089910731353333,7.089872654080868,12.763076865999967
d:121:1.4174241370725333,7.08990909022772,7.089871276183133,12.76235622933832
d:122:1.4183635627089064,7.089909373622948,7.089870250833679,12.76141606174772
d:123:1.4176950195102531,7.089910358981525,7.089871524576421,12.762086864047694
d:124:1.4173166246697573,7.0899094441377795,7.089873116143475,12.762465935611496
d:125:1.4182598230116241,7.089909766299815,7.089870504511452,12.761520447799644
d:126:1.418202434990329,7.089909004916937,7.089871778240011,12.761578348166617
d:127:1.416709528141558,7.089910577331604,7.089873537241117,12.763074586431163
d:128:1.4184404740458394,7.089908499164297,7.089874591073695,12.761342616192152
d:129:1.4171774156465755,7.089910133223017,7.089875685598312,12.762608403174754
d:130:1.4156501689989138,7.089910019323482,7.089875737111647,12.764135587436217
d:131:1.4180769716389143,7.0899100811768765,7.089875571402986,12.761708680940949
d:132:1.4172393954435911,7.089911840189177,7.089874915713143,12.76254736045873
d:133:1.4170791223476336,7.0899094511841625,7.089876385751303,12.762706714587832
d:134:1.4169496305865987,7.08990729948888,7.089875911558387,12.762833580460669
d:135:1.4180396647192097,7.0899087021201375,7.0898777995268105,12.761746836927738
d:136:1.4158276631323012,7.089910172143805,7.089876351233444,12.763958860244948
d:137:1.4168403079612517,7.089908484493418,7.089876445283206,12.762944621815372
d:138:1.4170711788984836,7.089907658848662,7.089877847877371,12.76271432782755
d:139:1.4177957847525668,7.089908622240459,7.08987752770438,12.761990365192272
d:140:1.4172817651629277,7.089907705533416,7.089876385209736,12.762502325580224
d:141:1.416565537196302,7.089906556956861,7.089878019265235,12.763219039025795
d:142:1.4179839384282467,7.089908522375728,7.0898799846595075,12.761804568606989
d:143:1.4173007659897934,7.089908144008705,7.0898797547440635,12.762487132762974
d:144:1.417044349660891,7.089908741011206,7.089878719882804,12.762743111233117
d:145:1.4173404665787075,7.08990929591642,7.089879703215452,12.762448532553165
d:146:1.4170485642233484,7.089910259281006,7.089877761536259,12.762739456593918
d:147:1.4173180072478342,7.089912147287441,7.08987581985548,12.762469959895087
d:148:1.4171948517807067,7.0899100214039725,7.0898752759877794,12.762590445611046
d:149:1.4174955099226292,7.0899116554752055,7.089877035007364,12.76229318055994
d:150:1.417371483370161,7.089908966371463,7.089876401107528,12.762413884108831
d:151:1.4165700859980532,7.089910060854205,7.089877042211871,12.763217017068023
d:152:1.4172654037735022,7.089909917215285,7.08987559391084,12.762520107352621
d:153:1.4177708041291908,7.089908749854116,7.089877559312631,12.762015505037557
d:154:1.4163786547117088,7.089910715283781,7.089876471052749,12.76340853162482
d:155:1.414960285249208,7.089912185314504,7.089875717584396,12.764827617649692
d:156:1.4173665120549437,7.089913776871946,7.089877351646513,12.762424616463516
d:157:1.4177489735137865,7.089912178009635,7.089879317049864,12.762042521545713
d:158:1.4154435397151595,7.089909632761388,7.089879195123878,12.764345288170105
d:159:1.4165861124808714,7.089910608716553,7.089881083115609,12.76320557935129
d:160:1.4162256155606396,7.08991011471125,7.089881724161503,12.763566223312113
d:161:1.417321381354002,7.08991085793699,7.089882091840856,12.762471568423843
d:162:1.4141341345798768,7.089908422426513,7.089880459449151,12.765654747295786
d:163:1.417318608812062,7.089906586141847,7.089879219624227,12.762467196954011
d:164:1.4172399851087434,7.089905715502908,7.089876530490934,12.762542260885098
d:165:1.4176966991255409,7.08990676934971,7.0898784184835275,12.762088488707697
d:166:1.4169115889243589,7.089908043077261,7.089878336255907,12.76287479040881
d:167:1.415604855400348,7.089909802118904,7.0898793122336325,12.76418425895219
d:168:1.4164776876373786,7.089908371042051,7.089878715341648,12.763309398746319
d:169:1.4165942395034161,7.08990885763018,7.089880680755411,12.763195298882176
d:170:1.4159191930439192,7.089910329096905,7.089880732048618,12.763871868101603
d:171:1.4185825346112928,7.089910730444428,7.089880883960265,12.7612090797934
d:172:1.4141048460627843,7.089912004161938,7.089882475569104,12.76568963366826
d:173:1.417709373959136,7.089912980095835,7.08988343900438,12.762087045141078
d:174:1.415717693027453,7.089913026739548,7.089883316745807,12.7640786504579
d:175:1.4169893570050363,7.089910539574447,7.089880627603048,12.762801810172459
d:176:1.4167715173537498,7.089911416567463,7.089882386647138,12.76302228586085
d:177:1.4170330572171927,7.089911272579717,7.089879488344599,12.762757703707123
d:178:1.4170431857773007,7.089913238033884,7.089877847173299,12.762747899429883
d:179:1.4154234545432036,7.089914810490958,7.0898794387789765,12.764370794726732
d:180:1.4158664547341093,7.089913714086377,7.089876385540141,12.76392364489241
d:181:1.4163332344142159,7.089914133868719,7.089877957964385,12.763458857418888
d:182:1.4163050425608859,7.089915097226834,7.089876316790187,12.763486371456136
d:183:1.4157605062763796,7.089914221499222,7.089872101558178,12.76402581678102
d:184:1.4164223545833767,7.089911168271743,7.089867886322465,12.763356700010831
d:185:1.4172908022919017,7.0899106868491755,7.0898677667480205,12.762487651305294
d:186:1.4152974650969643,7.08991113396598,7.08986716229942,12.764480831168436
d:187:1.416789153520396,7.089909714014454,7.089867936617367,12.762988497111424
d:188:1.4153727959875955,7.089909548329507,7.0898672647035434,12.764404017045456
d:189:1.4153687971411042,7.089910642815459,7.089864917881957,12.76440676355631
d:190:1.4177359676451697,7.089911916530745,7.089866805892032,12.762042754777609
d:191:1.4158857787153174,7.089913675593107,7.089866552883572,12.763894449761361
d:192:1.4164304927505604,7.089911597379248,7.089867483245402,12.76334858787409
d:193:1.4160290285656831,7.089913169840018,7.089865524313548,12.763749665587882
d:194:1.4168795436763553,7.089910961708532,7.08986356538009,12.762894983412266
d:195:1.4151856293483611,7.089912553294236,7.089863020668998,12.764589944614873
d:196:1.4156339035170706,7.089913955968205,7.08986218257735,12.764142235028485
d:197:1.4146519457581537,7.089912536013551,7.089859284242801,12.765119874498199
d:198:1.416672293642499,7.089912123047801,7.089855998573698,12.763095827979
d:199:1.4154922607702964,7.089912365714582,7.089857757624227,12.764277862568512
d:200:1.4159687742254405,7.0899119533786115,7.089857819470219,12.76380099862339
d:201:1.4160521112322595,7.0899111906507795,7.089857498775642,12.763716578194161
d:202:1.4154439885495886,7.089910777053839,7.089857273929083,12.764324062433333
d:203:1.4165124313300606,7.089911707443355,7.089858908020774,12.763258184134068
d:204:1.4152024053354353,7.089911294477367,7.089857710941216,12.764566600083148
d:205:1.4165171778529473,7.089910237477137,7.08985606974503,12.76324912936922
d:206:1.4156984860930564,7.089912125543621,7.089858035186284,12.764071674636849
d:207:1.4161683404238552,7.089910608015211,7.089856904618373,12.76359917220973
d:208:1.415635285046445,7.089909135709477,7.0898586636727385,12.76413251433577
d:209:1.4158925217314273,7.089911101193891,7.0898597582233345,12.763878337685798
d:210:1.4155799694253304,7.089912735317429,7.0898598092842455,12.764192575176345
d:211:1.4142011505811158,7.089912253164568,7.089860781841606,12.765571884425059
d:212:1.415736120083551,7.089914218650043,7.089859927744524,12.764038026311017
d:213:1.4157804477157647,7.089915095628561,7.089858811701826,12.763993459614621
d:214:1.4159980700497243,7.089913591474397,7.089860001516472,12.763775522941145
d:215:1.4150358165535604,7.089911941360214,7.089858283475694,12.764734408282347
d:216:1.4148096678266437,7.089912019291483,7.089859199481383,12.764961550946223
d:217:1.4158478479479513,7.0899111062808595,7.089858915057535,12.763922173390444
d:218:1.414141893071852,7.089910632103713,7.089854699756425,12.765623438788287
d:219:1.4163411537799249,7.08991222370376,7.089856458815244,12.76342752873908
d:220:1.4155387567250362,7.08991362638573,7.089857512677975,12.764232382338669
d:221:1.4157363861904582,7.089914900110722,7.089857705199884,12.764036219120149
d:222:1.415626246685548,7.0899132124142215,7.089856820830436,12.76414378655911
d:223:1.4154896594856439,7.089914486123904,7.089857751172825,12.764282577811084
d:224:1.4147818567869432,7.089916077722081,7.089856787414853,12.76499100834999
d:225:1.416187383191824,7.089914841609812,7.089855600431959,12.763583058849948
d:226:1.4151093078903187,7.089916115305944,7.089857070533812,12.764663877949438
d:227:1.4165969205914948,7.08991751798312,7.0898561720503075,12.763176769441934
d:228:1.413780574397883,7.0899173736523515,7.089858060093412,12.765994859347881
d:229:1.4155784915657428,7.089919339155633,7.0898596325457905,12.764200480135681
d:230:1.4162359165242435,7.089917940686314,7.0898608223530815,12.763542846515152
d:231:1.4154008976317218,7.089916316881336,7.0898599465910745,12.764375365840689
d:232:1.4165080795920737,7.089915272304683,7.089860862571684,12.763268055284293
d:233:1.4157439997892354,7.089916545989941,7.089860742666318,12.764033288867022
d:234:1.4147581462501453,7.089918305093012,7.089860038872832,12.765020197715698
d:235:1.4149066982749883,7.089919896695032,7.0898616113230135,12.764874809743057
d:236:1.4167393215376265,7.089920872643035,7.0898607338515705,12.76304228495698
d:237:1.414368339651494,7.089920814853481,7.089859972430597,12.765412447632583
d:238:1.4151781399260948,7.089922286376031,7.089861731505618,12.764605877955553
d:239:1.4157713147114173,7.089920788759713,7.089861559093324,12.76401103314162
d:240:1.4140954815245834,7.089919689589956,7.089860995596975,12.765685203662347
d:241:1.4153480577126434,7.089921655104093,7.089862883652076,12.764436481043527
d:242:1.4152995531529626,7.089922640517477,7.089863524666396,12.764486612030911
d:243:1.4143677384825342,7.089921670560067,7.08986317409981,12.765417106177344
d:244:1.4149537741283265,7.0899214372620065,7.089861197253286,12.764828860386965
d:245:1.4155896482472574,7.089920673192986,7.08985992251307,12.764190947458799
d:246:1.4153158808826856,7.089919448055514,7.089861810568677,12.764465377741505
d:247:1.4147776754043129,7.089921082211325,7.089861557116476,12.765004963923488
d:248:1.4144760904202496,7.089919086796537,7.089862487442254,12.765305483818542
d:249:1.41620977870212,7.0899204894815115,7.08986307211557,12.76357378289496
d:250:1.4142913334332956,7.089920567206081,7.089861780991791,12.765491014764576
d:251:1.415072748656037,7.089921840891612,7.089860577036817,12.764709669272392
d:252:1.4148745682368524,7.089923475045708,7.089862047153403,12.764910953962259
d:253:1.4146381189331816,7.089923798167402,7.089861652092599,12.765147331326821
d:254:1.4149731874580702,7.089924774097518,7.0898632862283755,12.764814872867824
d:255:1.4140178843247408,7.089926365713221,7.0898642716545055,12.765772753042986
d:256:1.415527552971147,7.089924758649996,7.089864225151358,12.764261430830208
d:257:1.415855288127144,7.089922146910258,7.089865984242108,12.763932843025222
d:258:1.4139810954168404,7.0899198000538215,7.0898661766079325,12.765804881244915
d:259:1.415122321750129,7.089919279814452,7.089867366420524,12.764664324484848
d:260:1.4149959454359688,7.08991953043337,7.089867734013986,12.764791319011387
d:261:1.4143040865408238,7.089920804109763,7.089866223174928,12.765482940743867
d:262:1.4166323840403798,7.089922563237869,7.089866406719555,12.763156585917045
d:263:1.4160141513605815,7.089920789800525,7.0898647474430225,12.763771385882965
d:264:1.412951110700396,7.089919717421397,7.089866319914057,12.766834926635058
d:265:1.41429916617259,7.089921187544265,7.089866904523274,12.76548892589495
d:266:1.415447293875939,7.089919709018776,7.089866423079505,12.764338838222343
d:267:1.415244749406659,7.089919977437136,7.089865939439533,12.764541167470009
d:268:1.4163309010606273,7.089920962836154,7.089864199997076,12.763454261772603
d:269:1.4148374394907712,7.089919684072822,7.089864077407377,12.764946321989427
d:270:1.415480153477521,7.0899169018859345,7.089865836505605,12.764302584914018
d:271:1.4148191318993568,7.0899168196948725,7.089864585297545,12.764962273093062
d:272:1.4158049891781985,7.089917141784491,7.089866056813628,12.763978209419921
d:273:1.4142110372172443,7.089916079702125,7.08986538268522,12.7655704251701
d:274:1.4148212878038535,7.089916030929045,7.08986419234588,12.764958935471071
d:275:1.4141250753507926,7.089914968845606,7.089865826495618,12.76565571999043
d:276:1.414318294752018,7.089914517810382,7.089863849627839,12.765460072686203
d:277:1.4156724135463659,7.08991615197776,7.089861872758438,12.764105611189832
d:278:1.4148623875496824,7.08991647497584,7.0898613272059725,12.76491541463213
d:279:1.413888130538803,7.089917748648625,7.089863215293862,12.765892833403685
d:280:1.4154863749242725,7.089918724561583,7.089861219829409,12.76429356946672
d:281:1.4145560131319197,7.08991857988553,7.089859224363318,12.765221791116927
d:282:1.4150592625280893,7.0899205454416885,7.089858245935009,12.764719528848609
d:283:1.4144429226063941,7.0899181563065605,7.08985943574233,12.765334669442495
d:284:1.4139916595784108,7.089920044457568,7.089859837111689,12.765788221990846
d:285:1.4147785334580991,7.08991840324661,7.089857597893854,12.764997467682365
d:286:1.4155729210223722,7.089919994880538,7.0898594859832045,12.764206559841371
d:287:1.4145858659612411,7.089918574888734,7.089859893434897,12.76519260236239
d:288:1.4156000649721694,7.0899195382866536,7.089861296138893,12.764180769453377
d:289:1.4143020935077057,7.089921129915533,7.089859942634111,12.765478979041939
d:290:1.413855115135826,7.0899197716462075,7.089858244983659,12.76592290149404
d:291:1.414009157810952,7.0899213441947815,7.089855972558808,12.765768158942638
d:292:1.4137952173229689,7.089918798821213,7.0898569028754945,12.765980484373738
d:293:1.4154903712112734,7.08992037136243,7.089858868411633,12.76428886856279
d:294:1.4127099813550021,7.089922259520941,7.089858919259979,12.767071197425919
d:295:1.414561167511783,7.089921041545676,7.089859891841064,12.765219765874956
d:296:1.415919307457326,7.089922929702225,7.089858596510576,12.763862218755474
d:297:1.4137449661764716,7.089921830516657,7.089857389069511,12.766034253409696
d:298:1.4158279306845696,7.089923796088623,7.089858578867928,12.763954444271983
d:299:1.4151474853652335,7.089924759463648,7.0898583131865145,12.76463558728493
d:300:1.4137127806041505,7.08992320666575,7.089859783334253,12.766070209395853
d:301:1.41472965222035,7.0899223794664366,7.089858904134287,12.765051631380373
d:302:1.4153391634188548,7.089919481041094,7.0898606632573005,12.76444098087954
d:303:1.4126852894518773,7.089921369200111,7.089857377451165,12.7670934571994
d:304:1.4160443622336185,7.089922960835734,7.089857540473175,12.76373613907529
d:305:1.4149636960690746,7.089921469643899,7.08985681987494,12.764814593449765
d:306:1.413640019135883,7.08992322881191,7.089858291407079,12.766141501083105
d:307:1.4144345286311921,7.089921661134503,7.089860256955904,12.765347389459215
d:308:1.415043343510897,7.089923063859211,7.089858790696015,12.76473851104433
d:309:1.4137678752103966,7.0899240397623045,7.089859720990004,12.766015885541911
d:310:1.4142287362650112,7.089922625230672,7.0898616865391055,12.765555575504766
d:311:1.4153223276624374,7.089922996848926,7.0898610297632585,12.764461698949747
d:312:1.4136984101120706,7.089920649945645,7.089862663939922,12.766084903773496
d:313:1.4146790961560196,7.08992096116544,7.089860649084093,12.765102514093513
d:314:1.4130984564252937,7.089922552801988,7.0898609496720715,12.766685046048766
d:315:1.415326998177708,7.089923647360706,7.089858051203472,12.76445470038647
d:316:1.4150860614139251,7.089925535531416,7.089856614367506,12.764696088484998
d:317:1.4143551146750486,7.089924972061272,7.089857577853743,12.765427435239966
d:318:1.4140410799260472,7.089925343566782,7.0898595434071074,12.765743807047842
d:319:1.4141091025603725,7.089925012987896,7.089858284463511,12.765674194891035
d:320:1.4139228494224447,7.089923704884352,7.0898581628903985,12.765859018352305
d:321:1.415467329517627,7.0899256704793965,7.089859922026818,12.764318262988587
d:322:1.4149134478665388,7.089926216754451,7.089860975936311,12.764873744824223
d:323:1.41353174889516,7.089927270695465,7.0898607569544305,12.766256278754735
d:324:1.4142571261042711,7.08992902987889,7.08986168722403,12.765533590998649
d:325:1.4148750746541818,7.089927070883971,7.089861014192631,12.76491301042242
d:326:1.4131491018411406,7.089925056048716,7.089862605922555,12.766638560130131
d:327:1.4151748164322928,7.089924228845883,7.089860591056614,12.764610003470205
d:328:1.4143361847955518,7.089925192207733,7.089860170444366,12.765449177856548
d:329:1.4145792609022898,7.089924273601917,7.089862058577476,12.765207071277104
d:330:1.4139770579712163,7.089923661494901,7.089860023499251,12.765806627022936
d:331:1.4131472559503226,7.089925295711508,7.08985798841935,12.766636028180535
d:332:1.415149828095771,7.089923194156685,7.0898570078462955,12.76463037390721
d:333:1.4139615785952504,7.089921014968949,7.089857884833774,12.765817321207473
d:334:1.413604603448686,7.089922980573653,7.089859287564088,12.766177664689055
d:335:1.4132995551420393,7.089921571435469,7.089857272690841,12.766479288984272
d:336:1.415346183906962,7.089919629645307,7.089856777907422,12.764430223645768
d:337:1.4134838888514967,7.08992120221978,7.089857847353016,12.766295160721299
d:338:1.4150260663267673,7.089922793870936,7.089857066858183,12.764753794402353
d:339:1.414463126614212,7.089924366439975,7.089857117484063,12.765318357309827
d:340:1.414315547320653,7.089923377267706,7.089857068696342,12.765464898643396
d:341:1.4129402454176656,7.089921198073679,7.089856400051637,12.76683735270765
d:342:1.4127257761251322,7.089919538778754,7.089855846887757,12.76704960954138
d:343:1.4152566657963614,7.089918393201588,7.089855215994411,12.764516943399636
d:344:1.4133552314485165,7.089917964863808,7.089856850191887,12.766419583607178
d:345:1.4147722409688424,7.0899178543031764,7.08985825291859,12.765003866252924
d:346:1.4139363218523844,7.089919819916191,7.08985773973914,12.765841237802947
d:347:1.41413516697901,7.089920736034568,7.089856711965222,12.76564228102078
d:348:1.4135070295745553,7.08991929347463,7.08985828450327,12.766270548403345
d:349:1.414776369152385,7.089918464726235,7.089857730487076,12.764999826060926
d:350:1.41397886272952,7.089918051766905,7.089857620884777,12.765796809922163
d:351:1.4136026103529016,7.089919241654329,7.089859091067098,12.766175722368525
d:352:1.4146719877660736,7.0899208333095105,7.089857697739656,12.765106543283093
d:353:1.414352126351874,7.089922592514034,7.089857591081891,12.765428057244051
d:354:1.4137037899223373,7.0899211441418295,7.089856448510568,12.76607380273006
d:355:1.4145075513699297,7.089922778372978,7.089855932191958,12.765271159195006
d:356:1.414469933726199,7.089921713716162,7.089857691357635,12.7653094713476
d:357:1.4134968907875312,7.089921233755467,7.089856022728205,12.76628036569614
d:358:1.4131356485263566,7.089920473677834,7.089856469793442,12.766641294944918
d:359:1.4145193224191406,7.089921446330293,7.089855573070869,12.76525769698202
d:360:1.4134132816887597,7.089920120583412,7.08985548149202,12.766362320386671
d:361:1.4137944305204542,7.089922086210648,7.089854077653963,12.765981733344157
d:362:1.414220085495442,7.089921481775873,7.089853561334081,12.765554957614512
d:363:1.4124378818422514,7.089921068187548,7.089854630770752,12.767337817116049
d:364:1.413460907029986,7.089922258066326,7.089854316755534,12.766315667791874
d:365:1.4140285336731786,7.089922113050391,7.089852391515433,12.765745970892645
d:366:1.4133981102238842,7.089924078680423,7.089853321773343,12.766379290229882
d:367:1.4127183671882708,7.089925651267778,7.089851582266364,12.767058866345872
d:368:1.4139178776487498,7.089923636401604,7.089851083706822,12.765856842459677
d:369:1.4137391010523057,7.089921484528646,7.089849189985825,12.766031573462167
d:370:1.415175102974807,7.089923118766881,7.089851078154213,12.764599093946288
d:371:1.4142288325750645,7.089921459456748,7.089852008379715,12.765544635261397
d:372:1.4143142351675433,7.089923093689215,7.089851245600338,12.76546010412201
d:373:1.4116129702022793,7.0899217634249245,7.089849841755075,12.76815863497772
d:374:1.413950619417319,7.089921309649058,7.0898483374932795,12.765819027725017
d:375:1.4133102655176266,7.089923275285108,7.089848245597882,12.766461255365364
d:376:1.413155381050034,7.089924191387582,7.089846613074298,12.766615423411846
d:377:1.4134840811993676,7.08992249371714,7.089845176205453,12.766283588723226
d:378:1.4142169063473933,7.089920254451724,7.089842688817981,12.765546036922311
d:379:1.4132737561523516,7.089919424154391,7.089844261370067,12.766489929372106
d:380:1.414151264473503,7.089920400071579,7.089842750462238,12.765611886060313
d:381:1.4134172661680537,7.089918274012042,7.089842658249284,12.766343666093274
d:382:1.4133696610310125,7.089919463883321,7.089844250015766,12.766394052868074
d:383:1.4136398755681032,7.089917191409626,7.089842901207478,12.766120217049002
d:384:1.4137245888931087,7.089918950638615,7.089844660390155,12.766039022135661
d:385:1.4139135982771531,7.089917025414982,7.089845755037219,12.765849182175048
d:386:1.4129938348723563,7.089915251900243,7.089845262496974,12.76676667952486
d:387:1.412386411975124,7.089914420049761,7.089843227369336,12.767371235443973
d:388:1.4126512397996773,7.089915383414252,7.089843134841598,12.767107278456171
d:389:1.413731609606625,7.089914150932067,7.089844537587444,12.766027078912886
d:390:1.4136972593536914,7.089915340787536,7.089844414670279,12.766062496104125
d:391:1.4130106760537764,7.089912728909692,7.0898460489008865,12.766748101756802
d:392:1.4143485609301667,7.089910650545397,7.089844184683386,12.765406274298616
d:393:1.412520023232485,7.089912223142336,7.089842786108392,12.767234986018241
d:394:1.412494850105448,7.089910515351351,7.08984467429559,12.767260339541492
d:395:1.4136532026012922,7.089908729909111,7.089843374693983,12.7660989020018
d:396:1.412922902443654,7.089907896499408,7.089840887288747,12.766825881344502
d:397:1.4143245159421234,7.0899088598342095,7.0898418633713565,12.765426207263442
d:398:1.41295361701766,7.089908480892146,7.089839886406689,12.766794750281175
d:399:1.414113518655629,7.089906630785233,7.089840871887904,12.765633984017509
d:400:1.4131853100706913,7.089908390019965,7.089840707309843,12.766563787259116
d:401:1.4133624673874454,7.089906043032032,7.089841193969122,12.76638476961371
d:402:1.4124205756135488,7.089903964657131,7.089839115564076,12.767322504607659
d:403:1.414028645459993,7.089904739067603,7.089840707340542,12.765716800948152
d:404:1.412679907114633,7.089903590406079,7.089840614497969,12.767064297789414
d:405:1.4132759964351074,7.08990275543257,7.089842187064916,12.766468946062378
d:406:1.4142491411818678,7.089903718738317,7.089839288484649,12.7654938660411
d:407:1.412424807155837,7.089901106839102,7.08984026454146,12.767316564224725
d:408:1.4131744726090698,7.08990250962839,7.089840532970948,12.766568569990268
d:409:1.4130152846885018,7.089904143880444,7.08984097995151,12.766729839143451
d:410:1.4134353275019311,7.0899012453244525,7.089838434426464,12.766304352248985
d:411:1.4126803120194058,7.089901099951286,7.089840193629087,12.767060981560967
d:412:1.4138358606848964,7.089899885473656,7.089841288269044,12.765905313057804
d:413:1.4116635929481767,7.0899018511389,7.089840586797302,12.768078844988025
d:414:1.4133858364276666,7.089902781626093,7.089842058408176,12.766359003606603
d:415:1.412314910867238,7.089901408615912,7.0898417534709735,12.767428251219648
d:416:1.4129391246267229,7.089903000315539,7.089841117501717,12.766804993190533
d:417:1.414077385023532,7.089904094914501,7.089840123896938,12.765666833787908
d:418:1.4123895718673278,7.0899059831832245,7.089841107364167,12.767357518680063
d:419:1.4128036220065905,7.089904991800776,7.0898430730202024,12.766944442814388
d:420:1.4122476952386158,7.089902504401622,7.089841457530353,12.76749626669336
d:421:1.4147687470003625,7.089900951532182,7.089839593291854,12.764971797823673
d:422:1.4133005242550585,7.089902917204313,7.089837994255362,12.766440387204616
d:423:1.4124142857415212,7.08990262704648,7.089838977693718,12.767327318998676
d:424:1.4135222902167577,7.089904386298273,7.089839562294087,12.766221658375603
d:425:1.41344430560952,7.089903297972323,7.089838471235402,12.766297463598205
d:426:1.4140556058403568,7.089905263646285,7.089837977942709,12.765687635748638
d:427:1.414181260191901,7.089906897909479,7.089838950570271,12.76556458828785
d:428:1.4127237218196882,7.089905860577041,7.0898378315833055,12.767019970340659
d:429:1.413898705393315,7.089905749695638,7.089838132065794,12.765845176368117
d:430:1.4128805006697664,7.089904913153684,7.089838218273213,12.76686263075713
d:431:1.4130601641502931,7.089905889066517,7.089838541420473,12.766684266336698
d:432:1.41320670382067,7.089904652875297,7.08983696601914,12.766534915073766
d:433:1.4128943679535393,7.089905020670568,7.089837843020384,12.766848495737413
d:434:1.413309740555638,7.089906210535591,7.089836805654248,12.766433275634201
d:435:1.4131311185029176,7.089904974343444,7.089838693879053,12.766612549719579
d:436:1.4127687546823466,7.08990654696967,7.089840659549394,12.766978451836717
d:437:1.4124543555429128,7.089904828821199,7.089840810582981,12.767291283861267
d:438:1.4127887784478865,7.089902556294485,7.089841687549833,12.766955465396432
d:439:1.4131713519453033,7.089901718179052,7.089839710556264,12.766570076790012
d:440:1.4126669578139452,7.089902681474251,7.089839396029736,12.767075119690041
d:441:1.413917964358454,7.089901441559502,7.0898408676534235,12.765824344854472
d:442:1.413405207001885,7.089901136651912,7.089842833327778,12.766338762977805
d:443:1.4121029971600247,7.089901841890894,7.089842339287129,12.767641184017998
d:444:1.412841896966384,7.089900601974677,7.089844098519795,12.766902803528088
d:445:1.4124896099971167,7.089902174598594,7.089842173220635,12.767254737822112
d:446:1.413561367651944,7.089899866306072,7.089840769339291,12.766179267993419
d:447:1.4124140250484718,7.089901625574471,7.089842657574599,12.767330258100598
d:448:1.4137676208513508,7.089899896852474,7.089844623252786,12.765976899253909
d:449:1.4127569962559772,7.089899057158297,7.089844128461914,12.766986189364234
d:450:1.4129857613890895,7.0899000204262554,7.089843364328438,12.766757623365605
d:451:1.4137491316260693,7.089899099908598,7.089842526183405,12.765992494465934
d:452:1.4132937304480002,7.089897326345376,7.089843996438591,12.766447592335968
d:453:1.4132528431008176,7.089895943265435,7.089845399227718,12.766488499392334
d:454:1.4134388981339185,7.089897346079576,7.08984417035007,12.766302618295729
d:455:1.4132130760828598,7.089898309317414,7.089846058591249,12.766531291825803
d:456:1.4133487150476576,7.089897065646405,7.089846009532808,12.766394360131557
d:457:1.4124010162813736,7.089898255505374,7.089845214906066,12.767342454130066
d:458:1.4128477014207999,7.08989639126921,7.089845049968602,12.766893739817013
d:459:1.4132148394391066,7.089897445265523,7.089845536564548,12.766528142390964
d:460:1.4122815817455496,7.089899204540346,7.089842847109539,12.767460469904336
d:461:1.4120133610225043,7.089900796273524,7.0898444197217625,12.767731854972782
d:462:1.4131536405235074,7.089899838623907,7.089843920399088,12.766590118499487
d:463:1.412599784580495,7.089900613018023,7.089842620770742,12.767143449208271
d:464:1.4134953983710528,7.089897830613288,7.089841189529707,12.766243621771943
d:465:1.4118006327298094,7.089898814170239,7.089842948777661,12.76794113021809
d:466:1.4135103214345843,7.08989694992913,7.089840512957125,12.76622714145167
d:467:1.413437534191953,7.089894462482047,7.089842478652004,12.766299406942098
d:468:1.4130214418218365,7.089896350796524,7.08984204701199,12.766716955986677
d:469:1.4123347677113145,7.089894709473934,7.089841410019232,12.767401351781851
d:470:1.4128104542276585,7.089893868192539,7.0898400007838696,12.766923414748751
d:471:1.412014957860869,7.089894831406736,7.089840447691347,12.767720321237213
d:472:1.4133762892561794,7.089896719721298,7.089839947607095,12.766360378072212
d:473:1.4125756497442055,7.089894760608562,7.089841017089916,12.767160127954273
d:474:1.4120210449954609,7.089895691096348,7.0898398744730855,12.767714520573973
d:475:1.4142460000580677,7.089897579410129,7.089838166601668,12.76548974595373
d:476:1.413151420813202,7.089899152053201,7.089836751956831,12.76658448319683
d:477:1.4124479198564401,7.089897703613863,7.089834873152879,12.767284656910302
d:478:1.4128767377827103,7.089896860745911,7.089836344796836,12.766856467760038
d:479:1.4128727077516974,7.08989782393416,7.089835759880706,12.766860876063168
d:480:1.4132137279207555,7.0898961057565835,7.0898342935293615,12.766516671365189
d:481:1.413114573861165,7.089895755217785,7.0898337300092855,12.766614911365906
d:482:1.411969175917278,7.0898973469609885,7.089835489265456,12.767763660309166
d:483:1.413055527748707,7.089899106253658,7.089835316498336,12.766678895003288
d:484:1.4137336132389713,7.089896670442736,7.089837282206229,12.766000339409995
d:485:1.4128100552208238,7.089894491121537,7.08983733262535,12.766921768526064
d:486:1.411832677262474,7.089895893950104,7.089838305260045,12.767901521947675
d:487:1.4134270908918474,7.089897364250617,7.089836850903534,12.766307124262305
d:488:1.412803144308878,7.089895422344842,7.089838739172945,12.76693101720891
d:489:1.4117597197580931,7.089894577881906,7.089837797485081,12.767972655608894
d:490:1.4138611000367494,7.089895541043744,7.089836769664471,12.765871210671465
d:491:1.412056548421937,7.0898942935794125,7.089837216479784,12.767674961637258
d:492:1.4128065173326316,7.089895483443964,7.0898346044648175,12.76692357057615
d:493:1.4121675345436717,7.089892793978048,7.08983649273419,12.767561752168566
d:494:1.4132057730785341,7.089894553274081,7.089836416387019,12.766525196582567
d:495:1.412693553272529,7.089893092980261,7.089838050707684,12.767037590415416
d:496:1.4133656883407344,7.089895058724793,7.089837992928636,12.766367363312694
d:497:1.4115652842220054,7.089893953916639,7.089837399727363,12.768166069421996
d:498:1.4118902072343218,7.0898927102284,7.089838802539812,12.76784130553389
d:499:1.4142305923090763,7.089893108408718,7.089837700488523,12.765500216588164
d:500:1.4122774301922423,7.08989062092882,7.0898362912382655,12.767449481974843
d:501:1.412811275593171,7.089888312583795,7.089836315342936,12.76691335233356
d:502:1.4109493186571633,7.089889715410701,7.089835864272598,12.768776261026137
d:503:1.4132297411175596,7.089891185711766,7.089835624928043,12.76649706952225
d:504:1.4131971436884605,7.0898894461412105,7.089837095215831,12.766529397668581
d:505:1.4124614396451456,7.089888600075199,7.0898390609445,12.767266221374552
d:506:1.411673192416897,7.0898895632122265,7.089838221212111,12.76805459200744
d:507:1.4116063264664405,7.089888311928925,7.089839855537617,12.768121841000102
d:508:1.41324058694482,7.089888192415813,7.089841821267181,12.766489426738175
d:509:1.4111812412538303,7.089888897627809,7.089841871461497,12.768549527835475
d:510:1.4138535933621892,7.089887650153477,7.089843630744511,12.765877687535799
d:511:1.4127994410850402,7.089889222816283,7.08984314928803,12.766932931019273
d:512:1.4129766543450284,7.089886875722321,7.089843596016052,12.766753817393345
d:513:1.412060349434384,7.089888635029359,7.089843963578798,12.767672249173774
d:514:1.412165842365198,7.089886089425874,7.08984305598697,12.767563303047645
d:515:1.4105621148506255,7.08988388102166,7.08984015728379,12.769161923454824
d:516:1.4136359116738557,7.08988528384598,7.089839345128604,12.766088717300729
d:517:1.4129712304907311,7.08988675414661,7.089838335852397,12.766753859508276
d:518:1.4132513399826045,7.089885003497422,7.089839807523039,12.766473471037855
d:519:1.4136875556627118,7.089884155823872,7.089841773261231,12.76603837342239
d:520:1.4124434944420976,7.089885118935469,7.089841823225375,12.767283447718746
d:521:1.4115393613793863,7.089883863803095,7.089842795853553,12.768187298277262
d:522:1.4122110237246606,7.089885053665825,7.089843117740838,12.767517147682002
d:523:1.4110820209226738,7.0898831748540925,7.089842685445376,12.768643839376795
d:524:1.4141447270778844,7.089884747518332,7.0898442773307435,12.765584297771191
d:525:1.4121648963178917,7.089882712308312,7.089846165635154,12.767563981625575
d:526:1.4107935728444954,7.0898818630239075,7.089845750118275,12.768934040297687
d:527:1.411786810048108,7.089882826106426,7.089846018445334,12.767942034503653
d:528:1.4125337916400493,7.089881567096501,7.089845463561477,12.76719323901793
d:529:1.4143564379208406,7.089881934800661,7.089846866391905,12.765372363271727
d:530:1.4122949328362875,7.089883124648594,7.089846433440768,12.767434625253076
d:531:1.4120439687452624,7.089882978930232,7.089845381332762,12.767684391517733
d:532:1.4134732534131835,7.089884073578645,7.089844885788871,12.766255705954332
d:533:1.4125730798944183,7.089885832899168,7.089846645091178,12.767159398095927
d:534:1.412380279330785,7.089886693303225,7.08984769911732,12.76735411308976
d:535:1.413141993125544,7.089888285084443,7.089848793825332,12.76659508578423
d:536:1.4127381967905492,7.089889876858909,7.089848843563665,12.767000523632024
d:537:1.413233719691366,7.089890737185219,7.089849816173803,12.766506833667655
d:538:1.4104949295943943,7.089889845765655,7.0898490172186905,12.769243933389951
d:539:1.413395155698698,7.089890915422639,7.089848582950835,12.766344342674776
d:540:1.4119785231011086,7.089892488096831,7.089850471269192,12.767764436264915
d:541:1.4111322309183691,7.089893557730501,7.089852437033423,12.768613763845554
d:542:1.4121235352437456,7.089892659200458,7.0898540289320895,12.7676231528888
d:543:1.4134864956459943,7.089894547582753,7.089853594006288,12.766261645943047
d:544:1.4128157988245231,7.089896139359331,7.08985548232689,12.766935822861697
d:545:1.4129730732572359,7.0898952884636275,7.089856359328004,12.766778574534396
d:546:1.4103570485726618,7.089896861136734,7.08985537656061,12.769395189124682
d:547:1.412361762952635,7.089897721513193,7.089855470495354,12.767391429055913
d:548:1.411903014090548,7.089899313286624,7.089854413374752,12.767850712570828
d:549:1.412050107796233,7.089897187087547,7.089855187846303,12.767702267137617
d:550:1.4124630027039569,7.089898759756522,7.089856779745452,12.767292536798019
d:551:1.4119765006328464,7.0898959772571954,7.08985472337278,12.76777419999713
d:552:1.4125984249426775,7.0898944018206125,7.089856482693416,12.767152459571351
d:553:1.4134784964681035,7.089895262118142,7.089856094861265,12.766272860511302
d:554:1.4125393216155153,7.08989436892992,7.0898546747212,12.767209722035604
d:555:1.412029699028503,7.089895438548478,7.089856563049872,12.767722302569846
d:556:1.4134183630200212,7.089897011213522,7.089855893290739,12.766334541484241
d:557:1.4121488407344245,7.089898080808763,7.089854082925854,12.767603323000191
d:558:1.4117036412458095,7.0898971804827084,7.089853777505008,12.768047316741907
d:559:1.4131442904313634,7.089899068880147,7.0898527473019515,12.766607525750734
d:560:1.4125396227983007,7.089895782754836,7.08985208836482,12.767208248321355
d:561:1.4126531298953289,7.089893823580536,7.08985349121343,12.767094184898637
d:562:1.4113545548259374,7.089894893151887,7.089853009761141,12.768393348087091
d:563:1.4116784689078479,7.089892741113421,7.089854079288253,12.768068351493827
d:564:1.413062135379457,7.089891396949032,7.089853736386807,12.766682997956382
d:565:1.4128734683587698,7.089890544427751,7.0898521123720295,12.766869188441012
d:566:1.4115389023383056,7.0898915075075335,7.089853746753863,12.76820635192309
d:567:1.4117046600122691,7.089893395906625,7.089855712545217,12.768044448439571
d:568:1.4127264837875533,7.089893717834254,7.089853862304942,12.767021096351643
d:569:1.4126042474002052,7.089893338305755,7.089852238288068,12.767141329193619
d:570:1.4115863109655145,7.089893192243058,7.089852538691568,12.768159419969113
d:571:1.4130314738906726,7.089894286899882,7.089851811910103,12.766714624919313
d:572:1.4104845673491813,7.089896046259588,7.089853214755455,12.769264693665862
d:573:1.4126542597207905,7.089894317461557,7.089852713914635,12.7670927716554
d:574:1.4135019691003379,7.089893395033089,7.089853590893246,12.766245016825998
d:575:1.4116071410681048,7.089892243233256,7.089852551075655,12.768137653240805
d:576:1.4123918932905646,7.089891379211011,7.089854439421851,12.767353925342297
d:577:1.4119152720362287,7.089891028123658,7.089856405221048,12.767832161308476
d:578:1.4125139930355317,7.089892619914212,7.089855909681624,12.767234536560306
d:579:1.4112331081554004,7.089893714551957,7.089854505748607,12.768515112145163
d:580:1.4128388740761455,7.089894768605605,7.089856471547447,12.766912366076907
d:581:1.4129329751170712,7.089896527968951,7.089855969945906,12.766819522797785
d:582:1.4137723641598026,7.089895388362608,7.089855689359745,12.765978713562552
d:583:1.4117479002660858,7.089893626340004,7.089857655158746,12.768003381232663
d:584:1.412100046035711,7.089893997817765,7.089855790821739,12.767649742603794
d:585:1.4107574181105633,7.0898940443158285,7.089857261180803,12.768993887386067
d:586:1.4127780156588479,7.089891498645214,7.089856813528985,12.76697029651535
d:587:1.4117478832245123,7.089892414832244,7.089857883049007,12.768002414656738
d:588:1.413901244875861,7.089891110912955,7.089856921263674,12.765846787300768
d:589:1.4120440931046385,7.089889819671995,7.089858680617699,12.767704407185056
d:590:1.4120661349562482,7.089887741148533,7.089858742332616,12.767680348524902
d:591:1.4129436291661825,7.089886696461844,7.089858239968605,12.766801307264267
d:592:1.411778022904853,7.089888584881584,7.0898580746860445,12.767968636662776
d:593:1.4110254600603014,7.089888438464942,7.089858152687399,12.76872113109204
d:594:1.4134678644630174,7.089890404314267,7.089857069649914,12.766279609501163
d:595:1.411474419719088,7.089887505542582,7.08985634162794,12.768269427451434
d:596:1.4123356599133814,7.089888977360979,7.089855724608284,12.767409042055881
d:597:1.4126444694571774,7.08988673789933,7.089856794108954,12.767099062551107
d:598:1.4107864431541337,7.089885154686621,7.089855798263725,12.768954509796213
d:599:1.4126281766148576,7.089886914058218,7.0898576866321275,12.767116424075487
d:600:1.4123215044479576,7.089885639196296,7.089858094102001,12.76742222885034
d:601:1.4126284776931772,7.089887273612456,7.0898573286104085,12.767116124529688
d:602:1.411655160725065,7.0898862597680905,7.089857162958687,12.768088262001712
d:603:1.411744481582792,7.089885295935465,7.089857649532927,12.7679984638856
d:604:1.4125393733870926,7.089886930346688,7.08985643496819,12.767203991927785
d:605:1.4114662867857888,7.089885857855512,7.08985519122377,12.768274762293494
d:606:1.4132470664326,7.089885145709379,7.089853869817698,12.766491949094476
d:607:1.4113943705498375,7.089886548600621,7.0898546177516595,12.768346795802442
d:608:1.4106231893014645,7.089885017088893,7.089856583574632,12.769118411362061
d:609:1.413070740474108,7.089885572124476,7.0898546243487655,12.766669455999132
d:610:1.4122865232602688,7.0898874605589235,7.089856258767,12.767457196065655
d:611:1.4111948926223725,7.089886540001532,7.08985640967028,12.76854805704944
d:612:1.4116368181382466,7.0898847892960575,7.089855642828867,12.768103613986677
d:613:1.4122957659968751,7.089885762069681,7.089855883756176,12.767445879828982
d:614:1.41034803925759,7.089885761709654,7.08985455787716,12.769392280329225
d:615:1.4113190728539653,7.089887727577687,7.089856317251079,12.7684249719748
d:616:1.412218543819428,7.089889361994043,7.089855077251722,12.767525895426338
d:617:1.412189925324677,7.089886579419237,7.089854574120935,12.767551228215494
d:618:1.4118756864690418,7.089888545287261,7.089854885420053,12.767867744238272
d:619:1.4117935849664942,7.089889508368632,7.08985628829496,12.767952211697098
d:620:1.4129082064918244,7.089889361600998,7.089855631489035,12.766836786598208
d:621:1.4119812815238344,7.08989132746993,7.089857204249955,12.76776725019605
d:622:1.4102215356124663,7.089892961886107,7.089856085212481,12.769527511486121
d:623:1.4137533322848856,7.089890905476984,7.089857719636372,12.76599529282847
d:624:1.4120655937990136,7.089888928376248,7.089856677373623,12.767680011950858
d:625:1.412363903688325,7.089890331272191,7.089855747311075,12.76738217489494
d:626:1.4118639260099517,7.089888921991082,7.0898566635065245,12.767881659487655
d:627:1.4123469182285682,7.089886769899643,7.0898570834457635,12.767396935116839
d:628:1.4122866375275702,7.089885717783908,7.089855174059132,12.767454254315469
d:629:1.4111794801419215,7.089887606234748,7.08985676602537,12.768564892118196
d:630:1.4122929092941963,7.089886030754001,7.089858525409934,12.76745164686974
d:631:1.4108396356032333,7.089887996628907,7.089856965034594,12.768905326060267
d:632:1.4132311293410993,7.089889468469008,7.0898584368055895,12.766516775933498
d:633:1.410856727457407,7.089887964100483,7.089857572757051,12.768888809400128
d:634:1.410879345266311,7.0898897235036875,7.0898568045616575,12.768867182799033
d:635:1.4116426597616094,7.0898882691030005,7.089856638543847,12.768102247885238
d:636:1.4116300890636388,7.089890157558222,7.089857125041395,12.768117193535979
d:637:1.4115461457640706,7.089889619490462,7.089856122513482,12.768199596239874
d:638:1.4109580872530127,7.089889358423884,7.089857594278551,12.768788865449421
d:639:1.4129791493113384,7.089890342062809,7.0898589971594,12.76677018991087
d:640:1.4122178600328787,7.089888263502082,7.0898586027158546,12.767529006185057
d:641:1.4101261776490244,7.089890151958308,7.0898573589594065,12.76962133326869
d:642:1.411476082139151,7.089889027136935,7.089859118350763,12.768272063348546
d:643:1.4122936410902778,7.089890497541693,7.089858729925509,12.767455586376924
d:644:1.4124226679942105,7.089888914306816,7.089857331248324,12.76732357756093
d:645:1.4115800634314173,7.089888439397851,7.0898592196633015,12.768167595629736
d:646:1.4123554802090883,7.089888810780677,7.089858450111602,12.76739178068319
d:647:1.411975833644254,7.089889402100636,7.089858052629488,12.767771621085869
d:648:1.41248012857079,7.089890993948918,7.089856918963982,12.767267784342112
d:649:1.4115785964444214,7.089892088612043,7.0898569406436245,12.768170432811246
d:650:1.4109294172731985,7.0898931426875045,7.089856524500361,12.768820249914667
d:651:1.4106134893317748,7.089894902104804,7.089855425179527,12.769136837952557
d:652:1.4123614882535964,7.089894403560953,7.089853323348736,12.767386238656092
d:653:1.4115918123085773,7.0898931164478,7.089854795115071,12.768156099254293
d:654:1.4123405711811277,7.089894588299157,7.089854737080033,12.767408754198064
d:655:1.4109557293377897,7.089891689461527,7.089856625500281,12.768792585624018
d:656:1.41146897305266,7.089893281310071,7.089856543040169,12.76828085129758
d:657:1.412342190707598,7.089894684223143,7.0898575192407165,12.767410012756262
d:658:1.4126220807228371,7.089896154633056,7.08985793908802,12.767132012998239
d:659:1.4109015373265468,7.089896198325726,7.089856828596258,12.768851489595438
d:660:1.4122815373785063,7.089894096507801,7.08985603963903,12.767468598768325
d:661:1.4119820801589587,7.089895669262882,7.089856899985261,12.767770489089184
d:662:1.4106756882860054,7.08989372723684,7.089853846155941,12.769071885106776
d:663:1.4113173159185664,7.089892682533523,7.089854706583869,12.768430073198825
d:664:1.4130049813716763,7.089892925190377,7.089853323394044,12.766741267212744
d:665:1.4110611657990297,7.089891963403549,7.089852648114675,12.768683445719194
d:666:1.4118025417737936,7.089892286403069,7.089852982981026,12.767942727610302
d:667:1.4122299915961367,7.0898942523177855,7.089852912744026,12.767517173465675
d:668:1.4111647636234501,7.08989135346529,7.08985111487319,12.76857770471503
d:669:1.4112308237313638,7.08989292621787,7.089851136307106,12.768513238793613
d:670:1.4130670556895168,7.089891302164731,7.08985205249253,12.766676298967745
d:671:1.4122848646919586,7.089892045615765,7.0898509067801925,12.767458087704
d:672:1.4115504514372148,7.089889262982943,7.089849892901053,12.768188704446782
d:673:1.4112606166202344,7.089890854838169,7.089851652315104,12.768481890533037
d:674:1.4111662038941564,7.089892743327239,7.089850408543474,12.768576947976557
d:675:1.4110551444526909,7.0898910250336815,7.089849904643584,12.768685785224575
d:676:1.4122031086681837,7.089892784469958,7.089850215828709,12.767539891630484
d:677:1.4121915676626564,7.089892220968086,7.089849070113615,12.767549723419044
d:678:1.411516344273398,7.089891195483488,7.089850344261641,12.76822519547173
d:679:1.4113089012091375,7.089892171524291,7.089847290408811,12.768430560723964
d:680:1.4121942054405707,7.0898904835568475,7.089848564540891,12.767544842657168
d:681:1.4109950329899483,7.089892056311589,7.089850452982253,12.768747476303894
d:682:1.4121769031368654,7.089890945828783,7.089848802581383,12.7675628452733
d:683:1.409957096741591,7.089889694481781,7.089847543498417,12.769780141238607
d:684:1.4123155599858794,7.089891267230195,7.089849015279039,12.767424722523355
d:685:1.4119291694985687,7.08988987893957,7.089848709364817,12.767809418805818
d:686:1.4120926145505308,7.0898906223459655,7.089848204696768,12.767646212492203
d:687:1.411834650700552,7.089889603867002,7.0898499641186215,12.767904917285072
d:688:1.4110847331308989,7.089890201057667,7.089849698469225,12.768655166395993
d:689:1.4100296876152303,7.089888185943697,7.089850145176113,12.76970864350458
d:690:1.4124959090440878,7.089889945387238,7.08984897440553,12.76724301074868
d:691:1.4126127675548101,7.0898891287423025,7.089849157896747,12.76712551908424
d:692:1.411139477373288,7.089890720607188,7.0898504320226685,12.768601675256567
d:693:1.4135214544729315,7.089891124445979,7.089847378153027,12.766217048126073
d:694:1.4098090970666117,7.089891867805041,7.0898443242807625,12.769927095019192
d:695:1.4117837046862363,7.089892615806285,7.089845598390126,12.767954509510176
d:696:1.4124984604588793,7.089891678012596,7.0898474868420545,12.767240704395771
d:697:1.4112968434995832,7.089891266308244,7.089848041980488,12.768442464789148
d:698:1.4127558580540729,7.089892738187422,7.089848488591209,12.766985368724558
d:699:1.4116869854959635,7.08989163051745,7.089845434713443,12.76805007973493
d:700:1.4106371534324076,7.089893203273119,7.089843775184499,12.769099825025211
d:701:1.411508432309061,7.089891872862968,7.089844760840034,12.76822820139394
d:702:1.4128909974434691,7.089893838813266,7.089843633055205,12.766846474425002
d:703:1.4117468173439,7.089895309252306,7.08984073413957,12.767989226047977
d:704:1.4098576347184348,7.0898941785479055,7.08983894847518,12.76987549230465
d:705:1.4113429752240183,7.089892545867078,7.089837372933088,12.768386943576148
d:706:1.4123889083341332,7.089894511818432,7.089834885233573,12.767340488717872
d:707:1.4108035157295138,7.089895442422218,7.089835801399062,12.768927728091766
d:708:1.411489381261024,7.0898946120574555,7.089837767322515,12.768242998118946
d:709:1.4132598233652534,7.089894925923202,7.089837129286785,12.766472231844734
d:710:1.410490156403581,7.089895517204255,7.089838702114613,12.769244062915286
d:711:1.4098688827742407,7.089896114337247,7.089838535728209,12.769865767291215
d:712:1.4118744206724667,7.089898002865875,7.089837753777573,12.767861335970982
d:713:1.4103897886790175,7.089895103964203,7.089836934090765,12.769342249375951
d:714:1.4118606965095584,7.089895344943001,7.08983726884146,12.767871917274903
d:715:1.4122014341105231,7.089896917705803,7.089834369909289,12.767529853504568
d:716:1.4102382076354214,7.089895582733399,7.089835772833519,12.769493147931497
d:717:1.41220976959859,7.089897548694815,7.089835267390436,12.76752304648666
d:718:1.4117606036549493,7.089897653374448,7.089837155857169,12.76797420557667
d:719:1.4116942503428866,7.089895263838626,7.089838728684733,12.768039742180473
d:720:1.4118574461737996,7.089895325602379,7.089840002794973,12.767877882223553
d:721:1.411849500301022,7.089897085075408,7.089839038913474,12.76788662368786
d:722:1.4112527776381416,7.08989572661547,7.089835752547772,12.768478701525101
d:723:1.411507820778482,7.08989244027481,7.0898370266423205,12.768221646138649
d:724:1.4121275008365046,7.089892262273004,7.08983891511197,12.767603676548468
d:725:1.410042924379491,7.089893331933932,7.089839470181124,12.769689877735564
d:726:1.4125525774963545,7.089890642226039,7.089839916700492,12.767177981430176
d:727:1.4110414326757734,7.089889764673906,7.08983830104495,12.768686633043082
d:728:1.410274816000788,7.089891730641271,7.0898376609576035,12.769454575598086
d:729:1.4108055119209268,7.089892661222999,7.089839626901874,12.768926776203946
d:730:1.4118497124659726,7.0898901154124365,7.089839676449324,12.767880079395788
d:731:1.410310203549436,7.089890858739399,7.089841249280627,12.76942190447059
d:732:1.4115642172926215,7.089892330638066,7.089840253395094,12.76816836674054
d:733:1.411255382611488,7.089890451691673,7.089838685460696,12.76847375454088
d:734:1.411516407266916,7.089892340237276,7.089840277511228,12.768216210481588
d:735:1.4115228119056944,7.089893932136323,7.0898417493234565,12.768212869554084
d:736:1.4124197352621213,7.089894895265204,7.0898431522558,12.767318312258883
d:737:1.4109663492784534,7.089892459220498,7.089842646046046,12.768768755988091
d:738:1.411545113428538,7.089890961350722,7.089844405512162,12.768190253434346
d:739:1.411605030248909,7.089891329022957,7.089843626340046,12.768129925114094
d:740:1.4113614757756299,7.089892519016758,7.0898420732818765,12.768373116523005
d:741:1.41121986699536,7.0898923719127085,7.0898411073304075,12.768513612247755
d:742:1.4111270441496213,7.089893466619287,7.08983689110735,12.768603313577016
d:743:1.4123646732647845,7.089894520734204,7.089838779593264,12.767368627062684
d:744:1.4104502288056544,7.08989579475589,7.0898384731776565,12.769284039127893
d:745:1.4113518732778552,7.089897554248064,7.089837966194565,12.768383647164775
d:746:1.4096411146866394,7.0898954523653215,7.089838277266602,12.770092614945284
d:747:1.4118748784656798,7.089896195651332,7.089839680194197,12.76786099737985
d:748:1.410627143845618,7.089897830185041,7.089838417176122,12.769109103515545
d:749:1.411134054710935,7.089897095914198,7.089839691276193,12.768602732479456
d:750:1.4105687208904119,7.089895629465657,7.0898380585456025,12.769164967120847
d:751:1.4129578561067078,7.089893449931953,7.0898350046003955,12.76677059842564
d:752:1.4104038638040297,7.089894366189702,7.0898362786845714,12.769326781070243
d:753:1.4107658116747679,7.089896254753453,7.0898381671766755,12.76896861025536
d:754:1.4108135574665273,7.08989347203423,7.089839570097615,12.768919484665318
d:755:1.4108937182660917,7.0898943882577745,7.089837554912537,12.76883822490422
d:756:1.4115503049636544,7.089893029782459,7.089838624492203,12.768181349311007
d:757:1.4115363082855712,7.089891569366682,7.0898382006633485,12.76819346174446
d:758:1.4094952863459156,7.089893535365014,7.08983633620409,12.77023458522319
d:759:1.41083682930614,7.089894090397097,7.089834818370292,12.76889207946125
d:760:1.412269547108206,7.0898955608765695,7.089835804030328,12.767461817798692
d:761:1.4113090337270684,7.089893724204637,7.089835637278472,12.76842032775604
d:762:1.4115457400194984,7.089893545828038,7.089836123730915,12.768183929539454
d:763:1.4105493760177819,7.089893014311624,7.089836059199116,12.769179697492957
d:764:1.4111167987470967,7.089894980313628,7.089837531024555,12.768615712591087
d:765:1.4120894400525934,7.089896614855657,7.089835605505071,12.767642780308133
d:766:1.41159947335559,7.089896937764503,7.089837178358835,12.768134642767748
d:767:1.4115458914655363,7.089898211789169,7.089835673901243,12.768187994224876
d:768:1.4110510165040395,7.089899187861081,7.089835088055271,12.768683259412313
d:769:1.4111047832550465,7.089900779787373,7.089833419184756,12.768629415717083
d:770:1.411302764572472,7.089901874493549,7.089835178673786,12.768434288594863
d:771:1.4106624672004422,7.089900283317888,7.089832566379361,12.769070382496807
d:772:1.4113142452640002,7.089902171900715,7.089832933919607,12.768420860556322
d:773:1.4113409439483018,7.08990015673177,7.089833256283175,12.768392469066642
d:774:1.4106627410579566,7.089900440208733,7.089831710467406,12.769069409618181
d:775:1.4110454158025387,7.089901370789313,7.0898333025454585,12.768689257532232
d:776:1.4124065802754036,7.089902962714866,7.0898342881844565,12.767330670623918
d:777:1.4103561434864904,7.089904554633664,7.0898327126030205,12.769381123750195
d:778:1.4106324990414087,7.089903056750303,7.089832654287287,12.769103211996182
d:779:1.4117851745603573,7.089904330770772,7.089831078704059,12.767950234914473
d:780:1.4126333568060936,7.0899060902972195,7.089832670778156,12.767105404269282
d:781:1.4100701367813304,7.089906142676626,7.089833654423841,12.769669660319137
d:782:1.4112668638967527,7.089904663900967,7.0898356204223685,12.768473420426583
d:783:1.4127061882064424,7.089905407159055,7.089833741416739,12.767032960369352
d:784:1.410928843072103,7.089904043834261,7.089834041751882,12.76880924251404
d:785:1.4108008306564415,7.089904640935964,7.089832333698607,12.768936143978129
d:786:1.4102633334637336,7.089904507864878,7.089832166577254,12.769473340978399
d:787:1.4108825233345925,7.089906080691348,7.089829267561232,12.768852824917987
d:788:1.4109371865956053,7.089905935730795,7.089830541655108,12.768799290790298
d:789:1.4112876615862255,7.089905268157745,7.089827851852856,12.768445458424376
d:790:1.4108515750523836,7.089905579409745,7.089826516818408,12.76888052117577
d:791:1.4111544036428807,7.08990617644332,7.089827790896691,12.76857956369713
d:792:1.4101546235225673,7.0899067314183295,7.0898293637626555,12.769581471658418
d:793:1.4115889498094134,7.089904243669242,7.0898285761857744,12.768143870045602
d:794:1.4103013459597005,7.089903176313014,7.089828295130629,12.769430125483941
d:795:1.4114074324241486,7.089901161128679,7.08983026113758,12.76832398984211
d:796:1.4101020514726237,7.0899025641534354,7.0898283671232445,12.769628879804056
d:797:1.4114683603247329,7.089902788497637,7.089827842038515,12.76826227021142
d:798:1.4110996111763097,7.089902866132813,7.089829434119878,12.768632689076382
d:799:1.4109082619238595,7.089900940620614,7.089830177718847,12.768822856415602
d:800:1.4102980692366494,7.089902010313107,7.0898282521721745,12.769432193248633
d:801:1.410428359534377,7.089900948077101,7.0898266990759975,12.769299287618722
d:802:1.4112923413451384,7.08990254001042,7.08982451946959,12.768434718134872
d:803:1.4101947830180421,7.089902790650941,7.089826408006473,12.76953441563937
d:804:1.4096837699542668,7.089904550195601,7.089828374018939,12.770049154260274
d:805:1.4109427174721425,7.089904480007897,7.0898278662576715,12.768789628793426
d:806:1.4100720347560287,7.089903719860988,7.0898294583382455,12.769661143443205
d:807:1.411854868506186,7.089905122883802,7.089829290846817,12.767879545224432
d:808:1.4102851813814556,7.08990609895395,7.089827621951775,12.76944853952427
d:809:1.4103161677572142,7.089905434637964,7.089827805293852,12.769417072174601
d:810:1.4111634324272124,7.089903226003614,7.089828106450319,12.76856790002672
d:811:1.410892805979504,7.089904697968231,7.089829380528775,12.768841272517502
d:812:1.410204382497847,7.089903249378283,7.089827323950243,12.76952619083068
d:813:1.4106223839279668,7.089904719898734,7.089825267370017,12.769107603340784
d:814:1.410729168393118,7.089902855433962,7.0898265414328385,12.769000228473683
d:815:1.4097213077959019,7.089903452406308,7.089828114311211,12.770010258921616
d:816:1.411835382744103,7.08990155841271,7.0898275507729,12.767893726441507
d:817:1.410784199400121,7.08990352447481,7.089829142855402,12.768948467930091
d:818:1.410315334959913,7.089903562269072,7.089831031406384,12.769419258715542
d:819:1.412078386584847,7.089902515068316,7.089831035970132,12.767655164453602
d:820:1.410336851150511,7.089903392380783,7.089827749472155,12.769394290702426
d:821:1.410180459139072,7.089903244937612,7.089827581609923,12.769550367408463
d:822:1.4113672088445472,7.089905211002367,7.089826127094315,12.768364129252134
d:823:1.4102982849953385,7.089905618692707,7.089824879476915,12.769432213174284
d:824:1.4097832900053042,7.08990750733045,7.089823730644739,12.769947947969886
d:825:1.4100907646631686,7.0899070148132735,7.089822934516242,12.769639184666348
d:826:1.411120424202064,7.0899055297343825,7.089823864988737,12.768608970521054
d:827:1.4109832575302566,7.089904816370615,7.089824166013721,12.76874572485408
d:828:1.4107272184640873,7.089906219399491,7.0898234633142945,12.769002464249697
d:829:1.4104339828808197,7.0899056558968985,7.089821812819854,12.769293485835933
d:830:1.4103511983954284,7.089907127868819,7.089823572359648,12.769379501833038
d:831:1.4108098043510289,7.089905610032689,7.0898246265579425,12.768920432239604
d:832:1.4108099254315452,7.089907498674719,7.0898219367084625,12.768919509951635
d:833:1.409285134304536,7.089905882993886,7.089822383165761,12.77044313185511
d:834:1.410881786266783,7.089903193180114,7.089821209106292,12.768842616019624
d:835:1.4105673847701627,7.089905081819839,7.089821392278371,12.769159089328047
d:836:1.4100950227564155,7.089903521361733,7.089821073672371,12.769629572277688
d:837:1.410767963093992,7.089902399392601,7.089819630843816,12.768954067142424
d:838:1.4118964388438613,7.089903673443724,7.089819931055662,12.767827165655525
d:839:1.4102749390993985,7.089903974510087,7.089817494882625,12.769446530293314
d:840:1.4096428534948195,7.089903741696089,7.089819383447797,12.770080271649068
d:841:1.412802526836547,7.089905333659556,7.089820975541011,12.766923782364021
d:842:1.4091069607264277,7.089904489138933,7.089822864105528,12.770620392518033
d:843:1.4115050219734098,7.08990637778355,7.089820904701409,12.76822226051155
d:844:1.4111818762769879,7.089906229988886,7.0898227932636155,12.768547146975514
d:845:1.4092419960791105,7.089908196077248,7.089824385353791,12.77049058535193
d:846:1.4105484889346869,7.089905759938832,7.089825958251729,12.769183229255873
d:847:1.4120589771491279,7.089907519523451,7.089823568568033,12.767672110942355
d:848:1.4097887207628297,7.0899063798387765,7.089820956191335,12.769938615267282
d:849:1.410528062366165,7.089907952716053,7.0898227157444875,12.769202606094375
d:850:1.409841224507577,7.08990704325435,7.089824307830961,12.769890126577733
d:851:1.410646355096814,7.089908677878223,7.08982413959902,12.769086462380429
d:852:1.4100885412030344,7.089907109914611,7.089822230046636,12.769640798758212
d:853:1.4108087025069516,7.0899090760086425,7.0898207813995935,12.768921154901285
d:854:1.4112068089530698,7.0899086773354405,7.089821697616776,12.768523565999146
d:855:1.4091827046295773,7.089910269306141,7.089820172891819,12.770547737568382
d:856:1.4112325713464475,7.089912157963205,7.089820592698089,12.768500179314847
d:857:1.4095907934595182,7.089912087486869,7.089819587852108,12.77014088187946
d:858:1.4109030616240954,7.0899113260041515,7.089817928223391,12.768826192603447
d:859:1.4118952918529502,7.08991272905029,7.089819687779585,12.767837124976925
d:860:1.409810448562519,7.0899132158551,7.089816997898841,12.769919765191423
d:861:1.4112131577826759,7.089914687847517,7.089816253399428,12.768517783464269
d:862:1.4127631854271314,7.089913562970054,7.089815476959656,12.76696585450258
d:863:1.409230616674753,7.0899142045230565,7.089815878432425,12.770499466280729
d:864:1.410199064739098,7.08991382910451,7.089814505192263,12.769529269557674
d:865:1.4119453860989424,7.089915463737495,7.089812626122902,12.767782703761455
d:866:1.408711305539434,7.0899148287840985,7.0898145921952604,12.771018115439926
d:867:1.4109727278942863,7.089916231826127,7.089810375741855,12.768753879673696
d:868:1.410586777623534,7.0899137956712845,7.0898091610631235,12.769136179110875
d:869:1.4093185962921702,7.089914672980274,7.089809165370743,12.770405242058846
d:870:1.411632873845532,7.089916264959653,7.089810635953597,12.768094027067718
d:871:1.410388913025697,7.089917359721645,7.089812038950657,12.769340485646605
d:872:1.4102126905048795,7.089918413911914,7.089811364738857,12.769517088145891
d:873:1.4107534468013032,7.089920173523415,7.089810618947328,12.76897734566944
d:874:1.4101879102173491,7.08992176550073,7.089812378509748,12.769546233793129
d:875:1.411595961604828,7.089920521688913,7.089811723786121,12.768136283870206
d:876:1.4113706265683739,7.089921993687294,7.089810911559593,12.768362278678513
d:877:1.4108467338874835,7.089920502222064,7.089812382138588,12.768886150473168
d:878:1.4097040581895257,7.089918878069648,7.0898115816648355,12.770026401544957
d:879:1.4101296014462967,7.089918964429658,7.089813470256542,12.769602833239903
d:880:1.411406392374829,7.089918130941788,7.089812483073723,12.768324221640682
d:881:1.4108387750707596,7.0899184528656605,7.089811692645062,12.768891370439963
d:882:1.4110566218928167,7.089919923444299,7.089812139019077,12.76867544057056
d:883:1.4103615127902671,7.089917946174955,7.089811108711506,12.769367542096195
d:884:1.4101636855814146,7.08991708044103,7.089812580622462,12.769565975482077
d:885:1.410856840087364,7.089916064236576,7.0898145467124944,12.768873770861706
d:886:1.4098228172658374,7.089915021930626,7.089813074044518,12.769905278709306
d:887:1.4090652512078208,7.089913389160673,7.089814962641206,12.770663100594058
d:888:1.411363926572605,7.08991514877946,7.089815517697935,12.76836673990479
d:889:1.4097919866210749,7.089915192299216,7.089815963977389,12.769939169655531
d:890:1.4097043669324023,7.089916826949532,7.089814472456659,12.770026932473789
d:891:1.4099874092523876,7.089916344060908,7.0898146554675545,12.769743590276075
d:892:1.4105706743508417,7.089917327851516,7.089814336347338,12.769160989848013
d:893:1.4110299780923459,7.0899173741989605,7.089813749569167,12.768701145675783
d:894:1.4097782895543105,7.089916326984325,7.089811790125373,12.769949827555386
d:895:1.4113465196959574,7.08991821568242,7.089810380689635,12.768382076676097
d:896:1.4099090714708762,7.089916219805168,7.0898112968928055,12.769818445227097
d:897:1.4095069439758525,7.0899152058989685,7.089813262992022,12.770221524915138
d:898:1.4108718803038496,7.089913564350492,7.089812349793589,12.768854033840231
d:899:1.4104082888413316,7.089913971967624,7.089810870919167,12.76931655404546
d:900:1.409371013281687,7.089914015253179,7.089812759524594,12.770355761496086
d:901:1.4105029207093267,7.089913147841775,7.089814162536009,12.769224389668459
d:902:1.4122846925960442,7.089912129317948,7.08981317751073,12.767440614232635
d:903:1.4109461492565583,7.089911647159247,7.0898104875824774,12.768775985485165
d:904:1.4098167524980152,7.089909631900285,7.0898112621891585,12.769904141591427
d:905:1.4112671395052008,7.0899115206017465,7.089811055546299,12.768455436642844
d:906:1.409987097543718,7.089910865921478,7.089810634281607,12.769734402659367
d:907:1.4113798981185255,7.089911838871757,7.089810875130008,12.76834281588324
d:908:1.4098626272601873,7.08990998843858,7.08980949181563,12.769856852994023
d:909:1.410104876676943,7.0899100824927785,7.089811126489313,12.769616332305148
d:910:1.410615624681089,7.089907773806243,7.089808343562393,12.769100492687548
d:911:1.4089995949569172,7.089908651099338,7.089809815485441,12.770718871627862
d:912:1.4120722016872715,7.089907000598756,7.089809227787024,12.767644026698507
d:913:1.4098328403542943,7.089906544749285,7.089808195085839,12.76988189948083
d:914:1.4108930443710381,7.08990830438589,7.0898069549567175,12.76882221497157
d:915:1.4099298964121623,7.089906268902079,7.089808714553945,12.76978508704386
d:916:1.4093527577349487,7.089905226583519,7.089809768778508,12.770362237627078
d:917:1.41105842692577,7.089904736303048,7.0898108637212784,12.768657173098557
d:918:1.407946927252386,7.089905613559789,7.08981091306715,12.771769599374553
d:919:1.4111058267773728,7.089903953937186,7.089809850756018,12.768607977915831
d:920:1.4094624288929047,7.08990311887523,7.089809440901547,12.770250130883873
d:921:1.4109718671976061,7.089903165926491,7.08980954538687,12.768740844115754
d:922:1.4098828159839734,7.08990456899818,7.089811511509752,12.769833264523959
d:923:1.4096048157003835,7.089906039596288,7.0898104256838685,12.770111649579773
d:924:1.4082441184244594,7.089906044217835,7.08980713903987,12.771469064833244
d:925:1.4115342299425482,7.089905207590484,7.089806825551187,12.768177803199123
d:926:1.4102537163307982,7.089905529395008,7.08980858515384,12.76946039821805
d:927:1.4096710823970025,7.089906999986192,7.089806039113586,12.770041956702775
d:928:1.4121701757563407,7.089905331060107,7.089805357088348,12.767540512392115
d:929:1.41118513532399,7.089904286290482,7.089802811044658,12.76852196201115
d:930:1.4093575018491684,7.08990516351519,7.089800028092319,12.77034768975834
d:931:1.4101644997919252,7.089905210569781,7.089801916722162,12.769542627500018
d:932:1.4117732520815363,7.08990709929427,7.089802284192438,12.767936131405172
d:933:1.4106937463003995,7.089906013509943,7.089802128816659,12.769014396026204
d:934:1.4107090351110045,7.089907979691245,7.08980310514575,12.76900204972599
d:935:1.4106009556792696,7.089906468543116,7.089804379279363,12.76910989214321
d:936:1.4105378635382415,7.08990460399977,7.089805474208794,12.769172214670323
d:937:1.4099680620166524,7.089904147457385,7.08980292815742,12.769739013598151
d:938:1.411022893642988,7.089905907111807,7.0898042022766345,12.768687215745453
d:939:1.4096143231765978,7.0899050689111665,7.089806090912709,12.770096836647276
d:940:1.4108109647018097,7.089905115733383,7.089806537110057,12.768900688141631
d:941:1.411627937388582,7.089906518809793,7.089807940140632,12.768086521561843
d:942:1.409533483382413,7.089907989403961,7.089805157177744,12.770179663199292
d:943:1.4101580007093162,7.089905932765035,7.089804643177445,12.769552575233163
d:944:1.4108753694143097,7.089904885531541,7.089803608069242,12.768833124186473
d:945:1.410367301826419,7.089904394505455,7.089802488908613,12.769339581587648
d:946:1.4098377685356613,7.089904398874154,7.089804123607451,12.769870753945943
d:947:1.4100018136392674,7.0899059909055,7.089801943874947,12.769706121141178
d:948:1.4094153867687957,7.089905121803012,7.089803832515355,12.770293567549572
d:949:1.4109027314987834,7.08990552932855,7.08980257331326,12.768805371143026
d:950:1.4096840859687934,7.089904689549687,7.089804165477565,12.770024769058459
d:951:1.4099866135847225,7.089905011233273,7.0898060541178225,12.769724451766374
d:952:1.4104157368226673,7.089906414306501,7.089807627098871,12.769298304582705
d:953:1.4095078374214545,7.089907884899548,7.089807112315408,12.7702071597935
d:954:1.410082328052905,7.089905806111389,7.0898043293391995,12.769627807397683
d:955:1.4099204094689917,7.089904756401656,7.089803416124731,12.769787763057394
d:956:1.4100550096800717,7.089902945809885,7.089802443850024,12.769650379979836
d:957:1.409712310055058,7.089903823011502,7.089801505957025,12.76999301891347
d:958:1.4100817155020167,7.089902144578112,7.089801952060518,12.769622381136614
d:959:1.4093334593862075,7.089904033326257,7.089799464106584,12.770370038046632
d:960:1.4115798163638793,7.089905625361414,7.089800238691393,12.768126047688927
d:961:1.4098603517820596,7.089904846185328,7.089802204850255,12.769846699253522
d:962:1.410089862830251,7.089905723351628,7.089801157563659,12.769617018085036
d:963:1.4105406164365757,7.089904035229556,7.089802730544051,12.76916614933703
d:964:1.410737882239527,7.089904121388993,7.089804322713372,12.768970561862837
d:965:1.4099529455646298,7.089906010140162,7.089803148602313,12.769756213177846
d:966:1.4099370274897272,7.089905209696213,7.089802134625928,12.769770316832414
d:967:1.4092860847034796,7.08990462112011,7.089803606585583,12.770422143002213
d:968:1.4107913981829245,7.0899063807998886,7.0898045227956885,12.768919505412653
d:969:1.4103812232050572,7.089904908135725,7.089803508819179,12.769327193749845
d:970:1.409088721430944,7.089906874353426,7.089805268459906,12.770623421382389
d:971:1.4109157019310423,7.089908344951913,7.089806860628656,12.768799503649525
d:972:1.4106131385865428,7.089907579431837,7.089807776806691,12.769102217651985
d:973:1.4081952393798574,7.089909545650392,7.089809742978842,12.771524049249376
d:974:1.4112020429991912,7.0899111803723756,7.0898071304699055,12.76851626784309
d:975:1.4097474338394882,7.089908567909607,7.0898066149002865,12.769967748970405
d:976:1.4100501481300771,7.089910534128233,7.089808086859187,12.769668472857342
d:977:1.4094661526928434,7.08991044268204,7.089806846707308,12.770251136696505
d:978:1.4100339298023439,7.089912331445911,7.0898088128809,12.769687214524467
d:979:1.4103191293227795,7.089910452347081,7.089808825867899,12.7694001488922
d:980:1.411565649268912,7.0899120253415715,7.089807184225099,12.768153560297758
d:981:1.4094849912545655,7.089909923286693,7.089805758337311,12.770230690369438
d:982:1.4094072302951233,7.089911395364672,7.089806744071312,12.77031090914086
d:983:1.4098120001469052,7.089910498542352,7.089808710246729,12.769907208642175
d:984:1.4089409277359035,7.089911241863632,7.089806020232601,12.77077633436033
d:985:1.4111736103800379,7.089912876589436,7.089805337075768,12.768544603285166
d:986:1.4101456289089782,7.089910950954897,7.0898069100710925,12.76957223211701
d:987:1.4104177720779365,7.089912917183286,7.089804701247428,12.769299846352778
d:988:1.409344489897638,7.0899144901777,7.089804303140821,12.770374303420883
d:989:1.4121087190838697,7.089913990879174,7.089804704549777,12.767609976345081
d:990:1.409649220490362,7.089914963854396,7.089804202153694,12.770069945517728
d:991:1.4096609888627718,7.089913265827718,7.089806090833281,12.770058367798228
d:992:1.4109743759413558,7.089914900553583,7.089806359154813,12.76874688376704
d:993:1.409902370570025,7.089913050067074,7.089806805176016,12.769817484673064
d:994:1.4103521389093103,7.089915016300574,7.089804879486723,12.769367756877987
d:995:1.410410851484981,7.089914557681295,7.089804926275444,12.769308632471757
d:996:1.410010280702787,7.0899160297631,7.089806398240631,12.769712147300945
d:997:1.4104527609281838,7.089915609190407,7.089808364427932,12.769271212690155
d:998:1.4104454604555574,7.089914117664456,7.08980692726065,12.769275584469549
d:999:1.4105535594873864,7.0899134231455525,7.0898088159457915,12.769168679603958
d:1000:1.4089227074764565,7.089915389382229,7.089806507135018,12.77079918904079
