data: dataset/foma/
d:1:5.332179932260317e-06,3.258074966999078,3.2580752340663603,6.5161448688855055
d:2:5.730904642398116e-06,3.2580749670022535,3.258075233989881,6.516144470087492
d:3:5.746054999811179e-06,3.258074967019452,3.2580752342155748,6.516144455180027
d:4:5.177652627530449e-06,3.25807496704961,3.2580752341245445,6.516145023521527
d:5:5.127123225534547e-06,3.2580749671417664,3.258075234038439,6.51614507405698
d:6:5.029006882040221e-06,3.258074967096359,3.2580752340032717,6.516145172092749
d:7:5.762955916921442e-06,3.2580749673220506,3.258075234141684,6.516144438507817
d:8:6.3204529157090406e-06,3.2580749672658396,3.258075234085477,6.516143880898401
d:9:5.322509109007001e-06,3.2580749671748053,3.258075234022326,6.5161448786880225
d:10:5.327276499045297e-06,3.258074967177975,3.2580752339362142,6.516144873837691
d:11:5.463348728085293e-06,3.2580749671140343,3.2580752338597296,6.516144737625035
d:12:5.469036287841789e-06,3.258074967131228,3.258075233884007,6.516144731978947
d:13:5.3480121398052916e-06,3.258074967054511,3.258075233848835,6.516144852891205
d:14:4.828923197308654e-06,3.258074966975603,3.2580752339872414,6.516145372039647
d:15:5.356229819675207e-06,3.2580749669301907,3.258075233923306,6.516144844623677
d:16:5.079537322316696e-06,3.258074967022343,3.258075233844403,6.516145121329423
d:17:5.405916156497881e-06,3.2580749669313036,3.2580752339365677,6.516144794951715
d:18:6.2058091776506785e-06,3.258074966917674,3.25807523396084,6.516143995069336
d:19:5.505008451756055e-06,3.2580749668469315,3.258075233896898,6.516144695735378
d:20:5.530231989681056e-06,3.2580749668500966,3.2580752338204078,6.516144670438514
d:21:5.2770081371278366e-06,3.2580749669422424,3.2580752338505743,6.51614492378468
d:22:5.913458264394933e-06,3.2580749668968254,3.2580752340762675,6.5161442875148285
d:23:5.0329057499354235e-06,3.258074966931788,3.258075234111235,6.516145168137274
d:24:5.6424637762120256e-06,3.25807496686104,3.2580752340760575,6.5161445584733215
d:25:5.202376874180459e-06,3.2580749670867286,3.2580752339850254,6.51614499869488
d:26:5.380037889857192e-06,3.258074967111007,3.2580752339498407,6.516144821022958
d:27:5.115420218082534e-06,3.2580749673366887,3.2580752339362173,6.5161450858526875
d:28:5.538136190530452e-06,3.2580749674751024,3.2580752338782633,6.516144663217175
d:29:5.453402307509236e-06,3.258074967499373,3.2580752338165517,6.516144747913618
d:30:5.19278928390321e-06,3.258074967441415,3.258075233747969,6.5161450084001
d:31:6.415051314156983e-06,3.258074967355313,3.258075233751156,6.516143786055155
d:32:5.239148285873796e-06,3.258074967278837,3.258075233693196,6.5161449618237475
d:33:5.127096168955347e-06,3.258074967313796,3.2580752336352283,6.516145073852855
d:34:5.244450681729518e-06,3.2580749672348857,3.258075233600039,6.5161449563842435
d:35:5.025926042456774e-06,3.2580749672591507,3.2580752336350027,6.516145174968111
d:36:5.402061363568578e-06,3.2580749672011877,3.258075233621374,6.516144798761198
d:37:5.448526947837706e-06,3.2580749671247053,3.258075233544668,6.516144752142425
d:38:4.93745812768509e-06,3.258074967068495,3.258075233531032,6.5161452631414
d:39:5.187325276878596e-06,3.258074967486709,3.2580752334449223,6.516145013606355
d:40:5.5906002369709995e-06,3.2580749674287395,3.2580752333763345,6.516144610204837
d:41:5.1224809229921675e-06,3.2580749673770186,3.2580752333704774,6.5161450782665735
d:42:5.890072048764239e-06,3.25807496730053,3.2580752332997465,6.516144310528228
d:43:5.682730668254976e-06,3.258074967237384,3.2580752332230336,6.5161445177297495
d:44:5.182688755489551e-06,3.2580749671463454,3.2580752331465432,6.516145017604133
d:45:4.9517493483364206e-06,3.2580749671765066,3.2580752330700453,6.516145248497203
d:46:5.479294095778187e-06,3.2580749672007676,3.258075233012074,6.516144720918746
d:47:4.9320012518450085e-06,3.258074967165608,3.2580752329666836,6.51614526813104
d:48:5.062758292595504e-06,3.2580749671304403,3.2580752328877822,6.5161451372599295
d:49:5.286909861901279e-06,3.2580749671546947,3.258075232811277,6.51614491305611
d:50:5.370493429524004e-06,3.2580749671789415,3.2580752329034444,6.516144829588956
d:51:5.660527000017623e-06,3.2580749672031812,3.2580752328454663,6.5161445395216475
d:52:5.2834437083149055e-06,3.258074967157765,3.2580752327823195,6.516144916496376
d:53:5.712726514062183e-06,3.258074967112342,3.25807523287448,6.516144487260307
d:54:5.359835637541721e-06,3.258074967250755,3.2580752328058886,6.516144840221006
d:55:5.685989759030008e-06,3.2580749671742626,3.258075232823107,6.51614451400761
d:56:5.406379880668055e-06,3.258074967088161,3.2580752327442006,6.516144793452481
d:57:5.781875620947119e-06,3.2580749673138434,3.2580752328363545,6.516144418274577
d:58:6.012090516982482e-06,3.258074967262121,3.2580752327724163,6.516144187944021
d:59:5.323271226487236e-06,3.2580749672863556,3.2580752327896296,6.516144876804759
d:60:5.65444778199975e-06,3.2580749672409266,3.2580752328817764,6.516144545674921
d:61:5.282609940593375e-06,3.258074967265154,3.25807523286814,6.516144917523354
d:62:5.216795290863274e-06,3.2580749674035623,3.2580752327974074,6.516144983405679
d:63:5.753369125116592e-06,3.258074967351833,3.2580752327520144,6.516144446734723
d:64:5.790449377762741e-06,3.2580749672607916,3.2580752326731024,6.516144409484516
d:65:5.329599339631841e-06,3.2580749672850127,3.2580752328988,6.516144870584473
d:66:5.4581479576043535e-06,3.258074967233277,3.258075232807772,6.516144741893092
d:67:5.137926238241164e-06,3.2580749671878424,3.2580752328379443,6.5161450620995485
d:68:5.2950371314253175e-06,3.258074967212057,3.2580752327762363,6.516144904951162
d:69:5.440361199759991e-06,3.258074967304209,3.2580752329146514,6.51614475985766
d:70:5.727700737701014e-06,3.258074967321413,3.258075233053059,6.5161444726737345
d:71:5.401713628394589e-06,3.2580749672449176,3.258075232982321,6.5161447985136105
d:72:5.176171312903932e-06,3.258074967153872,3.2580752329686806,6.51614502395124
d:73:4.809726566357142e-06,3.2580749670976643,3.2580752328776468,6.516145390248744
d:74:5.001861778985983e-06,3.2580749670269227,3.2580752328196687,6.516145197984812
d:75:5.715158731156578e-06,3.258074967030097,3.25807523295807,6.516144484829436
d:76:5.54101019023534e-06,3.2580749669535956,3.258075232961263,6.516144658904668
d:77:5.380173158542334e-06,3.2580749673718135,3.2580752328995506,6.516144820098205
d:78:5.435682757237714e-06,3.2580749673890113,3.2580752328478377,6.516144764554092
d:79:5.259849878314071e-06,3.2580749674062024,3.258075232872121,6.516144940428445
d:80:5.5666641509688475e-06,3.2580749673376292,3.2580752328159273,6.5161446334894055
d:81:4.875286033545478e-06,3.2580749672690494,3.258075232759727,6.516145324742743
d:82:5.313002773732478e-06,3.258074967407455,3.2580752326832245,6.516144887087906
d:83:5.288540444681189e-06,3.2580749673307503,3.2580752326864126,6.516144911476719
d:84:5.040175397041935e-06,3.258074967266823,3.258075232595375,6.5161451596868005
d:85:5.750632467993455e-06,3.258074967405223,3.2580752325373914,6.516144449310147
d:86:5.496241946900682e-06,3.258074967497373,3.258075232460883,6.516144703716309
d:87:5.985251482876208e-06,3.2580749674063236,3.2580752323969455,6.516144214551786
d:88:5.321463553364936e-06,3.258074967354587,3.258075232351552,6.516144878242586
d:89:5.105939394844938e-06,3.258074967357757,3.258075232386523,6.5161450938048855
d:90:5.042780830244453e-06,3.2580749674499,3.2580752323098174,6.5161451569788875
d:91:5.876350610556358e-06,3.2580749678681147,3.258075232245874,6.5161443237633785
d:92:5.31170836914896e-06,3.258074967832953,3.2580752321896687,6.516144888314253
d:93:5.240418107455014e-06,3.258074967746854,3.258075232144269,6.516144959473015
d:94:5.696321725423559e-06,3.2580749676851557,3.258075232236418,6.516144503599849
d:95:5.644011435990137e-06,3.2580749676793093,3.2580752322012385,6.516144555869111
d:96:5.803652123326231e-06,3.258074967617604,3.2580752321372892,6.51614439610277
d:97:6.009586100752529e-06,3.258074967582436,3.258075232051188,6.516144190047523
d:98:5.346347260015705e-06,3.258074968000645,3.2580752319949773,6.516144853648362
d:99:5.47986597787542e-06,3.258074968092784,3.2580752319813366,6.516144720208143
d:100:5.450935653072975e-06,3.258074968028853,3.2580752319676893,6.5161447490608895
d:101:5.856049382302331e-06,3.258074967965717,3.2580752320026574,6.516144343918992
d:102:5.632222622509175e-06,3.258074967959865,3.2580752324208944,6.516144568158136
d:103:5.021502787805332e-06,3.2580749679246908,3.2580752323857096,6.516145178807613
d:104:5.756117146482609e-06,3.258074968342894,3.2580752323339968,6.516144444559744
d:105:5.171590530927972e-06,3.258074968251843,3.2580752322822772,6.51614502894359
d:106:5.568340254669124e-06,3.258074968245984,3.258075232211542,6.516144632117271
d:107:5.6403039820907e-06,3.258074968240118,3.2580752321498294,6.516144560085966
d:108:5.53069699549269e-06,3.258074968658315,3.2580752325680606,6.51614467052938
d:109:5.182119411806241e-06,3.2580749685722132,3.2580752325712483,6.51614501902405
d:110:5.119258752905864e-06,3.2580749685204746,3.258075232494541,6.516145081756263
d:111:5.19736497395229e-06,3.2580749685376675,3.258075232524719,6.516145003697412
d:112:5.459282690800649e-06,3.258074968554853,3.258075232438615,6.516144741710777
d:113:5.3340445891336685e-06,3.2580749686932537,3.2580752323768962,6.516144867025561
d:114:5.671547318009118e-06,3.2580749686370507,3.258075232407068,6.516144529496801
d:115:5.265689588362932e-06,3.2580749685916226,3.2580752326327733,6.516144935534808
d:116:6.002113497771688e-06,3.2580749685151247,3.25807523257656,6.516144198978187
d:117:5.33047948714227e-06,3.2580749685501003,3.2580752325203393,6.516144870590953
d:118:4.936342018702078e-06,3.2580749685743218,3.258075232537561,6.516145264769864
d:119:5.2649122235237655e-06,3.2580749685225787,3.258075232475837,6.516144936086192
d:120:5.903393784478794e-06,3.2580749685089705,3.2580752325001243,6.516144297615311
d:121:5.709949516763402e-06,3.258074968495356,3.2580752324315445,6.516144490977384
d:122:5.33799670421331e-06,3.2580749686337507,3.25807523244876,6.516144863085806
d:123:6.000659166005562e-06,3.2580749687721395,3.258075232390781,6.516144200503755
d:124:5.2530867229449996e-06,3.2580749686932484,3.2580752324150617,6.516144948021587
d:125:5.582460563147151e-06,3.2580749686580726,3.2580752324500284,6.516144618647537
d:126:5.09769706624752e-06,3.2580749686444515,3.2580752323983075,6.516145103345693
d:127:5.788015569052618e-06,3.258074968553398,3.258075232363122,6.516144412900951
d:128:5.415964674959639e-06,3.2580749685565724,3.2580752323068967,6.516144784898795
d:129:5.698200001624798e-06,3.2580749689747686,3.2580752323010573,6.516144503075824
d:130:5.365656837952315e-06,3.2580749688958717,3.258075232237925,6.516144835476959
d:131:5.51337138876562e-06,3.258074968926051,3.2580752321518194,6.516144687706482
d:132:5.109070921882619e-06,3.258074968849352,3.2580752321064232,6.516145091884853
d:133:4.492789357435356e-06,3.258074968785424,3.2580752320432853,6.516145708039352
d:134:5.239265648881997e-06,3.2580749688155968,3.258075232037439,6.516144961587386
d:135:5.4465149084137465e-06,3.258074968744866,3.2580752322631428,6.5161447544931
d:136:5.11288926841047e-06,3.2580749686538084,3.2580752322572897,6.51614508802183
d:137:5.909853177499258e-06,3.258074968640182,3.2580752326755227,6.516144291462528
d:138:4.8667253587098e-06,3.2580749685491166,3.2580752326137965,6.516145334437555
d:139:5.332130188051565e-06,3.258074968458044,3.258075232631009,6.516144868958865
d:140:5.186251936351027e-06,3.2580749684018406,3.258075232617366,6.51614501476727
d:141:5.543603747604209e-06,3.2580749683564125,3.2580752325406594,6.516144657293324
d:142:5.304461271116168e-06,3.2580749683002024,3.2580752325054707,6.516144896344402
d:143:5.741018576976842e-06,3.2580749682370707,3.2580752324996123,6.516144459718106
d:144:5.290776751820658e-06,3.258074968223439,3.2580752324207163,6.516144909867403
d:145:5.309940688036363e-06,3.2580749681882617,3.258075232364488,6.516144890612061
d:146:5.488443878931548e-06,3.2580749681823997,3.25807523236768,6.5161447121062
d:147:5.112132885010112e-06,3.258074968206622,3.2580752323324846,6.516145088406222
d:148:5.0081141962365905e-06,3.258074968127722,3.2580752323626583,6.516145192376184
d:149:5.6864234334597086e-06,3.258074968064584,3.258075232306424,6.516144513947575
d:150:5.200777937197643e-06,3.258074968029401,3.258075232292777,6.516144999544241
d:151:5.47214922796968e-06,3.2580749680235326,3.258075232286913,6.516144728161217
d:152:4.848446749861068e-06,3.2580749679717917,3.2580752322732582,6.516145351798301
d:153:5.39829155776772e-06,3.2580749678952974,3.2580752322025295,6.516144801806269
d:154:5.3207917520836645e-06,3.258074967818796,3.258075232139389,6.516144879166433
d:155:4.996936675993879e-06,3.2580749679571865,3.258075232093992,6.516145203114503
d:156:5.16123303206939e-06,3.2580749680955696,3.258075232015092,6.51614503887763
d:157:5.1926606658980745e-06,3.2580749680603804,3.2580752320092223,6.516145007408937
d:158:5.178212107992408e-06,3.2580749679986862,3.258075231932513,6.516145021719091
d:159:5.719377059953956e-06,3.2580749679928127,3.258075231897314,6.516144480513067
d:160:5.486371038365689e-06,3.258074968022986,3.2580752318333754,6.516144713485323
d:161:5.877383648211776e-06,3.258074968040178,3.258075231756881,6.51614432241341
d:162:5.940571296214614e-06,3.258074967978477,3.258075231760069,6.51614425916725
d:163:5.688888196964115e-06,3.2580749680026964,3.2580752318984887,6.516144511012988
d:164:5.276070696780266e-06,3.2580749679116234,3.2580752318405133,6.5161449236814395
d:165:4.627086852337925e-06,3.258074967820544,3.258075231771939,6.51614557250563
d:166:5.827107104394713e-06,3.258074967741641,3.2580752319103525,6.51614437254489
d:167:5.160148589311575e-06,3.258074967679934,3.258075231841771,6.516145039373116
d:168:5.354751225539189e-06,3.2580749675888474,3.258075231765271,6.516144844602893
d:169:5.545972036280489e-06,3.2580749675829694,3.258075231903678,6.516144653514611
d:170:5.059364897697094e-06,3.2580749676071825,3.2580752323219127,6.5161451405641975
d:171:4.980885714545025e-06,3.258074967530488,3.258075232460312,6.516145219105086
d:172:5.517903193918983e-06,3.258074967622641,3.258075232383599,6.516144682103046
d:173:5.251300296826855e-06,3.258074967657625,3.258075232325619,6.516144948682947
d:174:4.831651347458887e-06,3.258074967599686,3.258075232290416,6.516145368238755
d:175:5.097327733238899e-06,3.258074967634663,3.2580752322139097,6.51614510252084
d:176:5.438659625767173e-06,3.2580749675829215,3.2580752324396185,6.516144761362915
d:177:5.453600523175339e-06,3.258074967524976,3.2580752323764783,6.516144746300931
d:178:5.5803821714661694e-06,3.258074967456416,3.258075232406653,6.516144619480897
d:179:4.851673283567948e-06,3.258074967410991,3.25807523243682,6.516145348174527
d:180:5.578566618424929e-06,3.2580749674051086,3.2580752323788347,6.516144621217325
d:181:5.465098585233363e-06,3.258074967314018,3.2580752323208415,6.516144734536274
d:182:4.803574221945439e-06,3.258074967237517,3.258075232262841,6.516145395926135
d:183:5.00182102225466e-06,3.2580749671795655,3.2580752321718234,6.516145197530366
d:184:5.150593612945897e-06,3.258074967115644,3.258075232201985,6.516145048724016
d:185:5.19430285184086e-06,3.2580749671097555,3.258075232236962,6.516145005043866
d:186:5.525822899699051e-06,3.2580749671399283,3.2580752322612536,6.516144673578282
d:187:5.606537806457368e-06,3.2580749670610243,3.258075232199534,6.5161445927227515
d:188:5.905333839706373e-06,3.2580749670959985,3.2580752321415276,6.516144293903686
d:189:5.552929851937449e-06,3.2580749670252755,3.258075232233697,6.516144646329121
d:190:5.213308876150791e-06,3.2580749670193803,3.2580752322278297,6.516144985938334
d:191:5.06772432729008e-06,3.258074967437588,3.258075232366228,6.5161451320794885
d:192:5.443461466470012e-06,3.258074967385843,3.2580752322752056,6.516144756199582
d:193:5.708844032170646e-06,3.25807496742081,3.258075232206624,6.516144490783402
d:194:5.449688211811576e-06,3.258074967414909,3.2580752322987876,6.516144750025485
d:195:5.755723234024401e-06,3.2580749673382132,3.2580752327170233,6.516144444332002
d:196:5.581629497264373e-06,3.25807496756393,3.2580752327471805,6.516144618681613
d:197:5.629907755988484e-06,3.258074967507728,3.258075232839338,6.51614457043931
d:198:5.298279161181085e-06,3.258074967444597,3.2580752329314873,6.516144902096923
d:199:4.992974019124574e-06,3.258074967367895,3.2580752328525917,6.516145207246468
d:200:5.379238819713805e-06,3.2580749673542724,3.258075232846719,6.516144820962172
d:201:5.639802042267661e-06,3.2580749673088456,3.258075232863943,6.516144560370746
d:202:5.098113965651407e-06,3.2580749672227634,3.2580752328989173,6.516145102007715
d:203:5.559800460908093e-06,3.258074967166556,3.2580752331246257,6.516144640490721
d:204:4.6849445816121715e-06,3.258074967104852,3.2580752330481206,6.516145515208391
d:205:6.228191699264585e-06,3.2580749670417144,3.2580752330653384,6.516143971915353
d:206:5.296343582372742e-06,3.2580749669855007,3.2580752329792455,6.516144903621164
d:207:4.819367790176443e-06,3.2580749669087927,3.2580752329153126,6.516145380456315
d:208:4.917020373085279e-06,3.258074967326998,3.258075232838603,6.516145283145228
d:209:5.284502135438629e-06,3.258074967361962,3.258075232776882,6.516144915636708
d:210:4.683374021041686e-06,3.2580749673651526,3.2580752327151536,6.516145516706285
d:211:5.295217935241681e-06,3.2580749672884393,3.258075232701508,6.516144904772013
d:212:5.170130045861754e-06,3.258074967211718,3.258075232632925,6.516145029714598
d:213:5.182845631779287e-06,3.258074967241891,3.2580752325697873,6.516145016966046
d:214:5.757990379606781e-06,3.258074967235988,3.258075232518084,6.516144441763693
d:215:5.553030273830473e-06,3.258074967260207,3.258075232447365,6.516144646677299
d:216:5.323361929043813e-06,3.258074967197066,3.2580752326730704,6.516144876508207
d:217:5.39911760366607e-06,3.2580749671059777,3.258075232596561,6.516144800584935
d:218:5.130013040144377e-06,3.258074967042059,3.2580752326208544,6.516145069649873
d:219:5.748081361112156e-06,3.2580749669655615,3.2580752325347584,6.516144451418959
d:220:5.810499025038496e-06,3.258074966897006,3.258075232473025,6.516144388871006
d:221:5.408349160518355e-06,3.2580749669142084,3.258075232476224,6.516144791041272
d:222:5.319812113491196e-06,3.2580749669491684,3.2580752324122875,6.516144879549342
d:223:5.702257044326586e-06,3.2580749669523548,3.258075232335773,6.516144497031084
d:224:5.477702966771858e-06,3.2580749668662716,3.2580752324741726,6.5161447216374775
d:225:5.409403076583885e-06,3.2580749668904856,3.258075232477365,6.516144789964774
d:226:5.573815020198936e-06,3.2580749668768636,3.2580752324008424,6.516144625462686
d:227:5.745953168379003e-06,3.2580749667907725,3.2580752324251305,6.516144453262735
d:228:5.692833489945315e-06,3.258074966807969,3.258075232367128,6.5161445063416075
d:229:4.9813208580218316e-06,3.258074966802063,3.258075232276109,6.516145217757314
d:230:5.706203379141073e-06,3.258074966715965,3.2580752324145035,6.516144492927089
d:231:5.150026256117712e-06,3.2580749666394633,3.2580752323513633,6.516145048964571
d:232:4.87023699413669e-06,3.2580749665940383,3.2580752324897513,6.516145328846795
d:233:5.5895102750724845e-06,3.25807496662421,3.2580752324761044,6.5161446095900395
d:234:5.209974156983321e-06,3.258074966562507,3.258075232412958,6.516144989001308
d:235:5.2474860918749755e-06,3.2580749665926714,3.2580752323443734,6.516144951450952
d:236:5.258563028576191e-06,3.2580749665015816,3.2580752322926685,6.5161449402312215
d:237:5.266320695085369e-06,3.2580749664879547,3.258075232216143,6.516144932383403
d:238:4.923346494045688e-06,3.2580749664300113,3.25807523220249,6.516145275286007
d:239:5.3361147003272436e-06,3.2580749665684112,3.258075232144483,6.516144862598194
d:240:5.580161647422699e-06,3.258074966562501,3.258075232073764,6.516144618474617
d:241:5.32274716924519e-06,3.2580749665867126,3.2580752320678963,6.51614487590744
d:242:5.252000380373545e-06,3.2580749665159976,3.258075231989006,6.516144946504624
d:243:5.220569997632651e-06,3.2580749664249016,3.258075231953816,6.51614497780872
d:244:5.084538270416772e-06,3.258074966389731,3.258075232092199,6.51614511394366
d:245:5.5847951747622915e-06,3.2580749663443016,3.2580752320785415,6.516144613627668
d:246:5.439652690952812e-06,3.2580749662735804,3.258075232170697,6.516144758791587
d:247:5.472265521611064e-06,3.258074966411975,3.258075232200862,6.516144726347315
d:248:4.739043239609941e-06,3.2580749668301845,3.2580752323392392,6.516145460126184
d:249:4.952205902242213e-06,3.2580749668333713,3.2580752323564615,6.51614524698393
d:250:6.2986947391152626e-06,3.2580749667879365,3.2580752324486117,6.51614390054181
d:251:5.19454023706345e-06,3.258074966791116,3.2580752328668567,6.516145005117736
d:252:5.17772474140088e-06,3.2580749667942888,3.2580752328029217,6.516145021872469
d:253:5.879686467480383e-06,3.258074967212492,3.2580752327321987,6.516144320258223
d:254:5.015455901258292e-06,3.258074967438219,3.25807523265567,6.516145184637988
d:255:5.436795531110761e-06,3.2580749673765146,3.258075232579133,6.516144763160117
d:256:5.702165728038722e-06,3.2580749673148026,3.258075232997373,6.516144498146447
d:257:5.499794202279418e-06,3.2580749677330005,3.25807523298371,6.516144700922508
d:258:5.529933588377389e-06,3.25807496795872,3.2580752329048166,6.516144670929949
d:259:5.343950210345838e-06,3.2580749678948058,3.2580752328594422,6.516144856804038
d:260:5.346284302376603e-06,3.258074967815916,3.2580752328896034,6.516144854421217
d:261:4.897518458335526e-06,3.2580749677527803,3.258075232827875,6.516145303062197
d:262:5.293937157979656e-06,3.2580749676762797,3.2580752328628595,6.516144906601981
d:263:5.633086765044482e-06,3.2580749676794474,3.2580752328871503,6.516144567479833
d:264:5.495285930301463e-06,3.2580749676658205,3.2580752329043694,6.516144705284259
d:265:5.444210043670239e-06,3.258074967595097,3.2580752330427436,6.516144756427797
d:266:5.732177610795475e-06,3.258074967524366,3.258075232956654,6.516144468303409
d:267:5.12881988434799e-06,3.258074967447859,3.2580752328777556,6.51614507150573
d:268:5.403433805284408e-06,3.2580749678660528,3.258075232801215,6.516144797233462
d:269:5.182971014150439e-06,3.258074967901019,3.258075232795349,6.5161450177253535
d:270:5.407257117617803e-06,3.2580749678430783,3.258075232812562,6.516144793398523
d:271:5.363231614374797e-06,3.258074967786875,3.2580752328157594,6.51614483737102
d:272:5.8759426657672975e-06,3.2580749677079806,3.2580752327518225,6.516144324517137
d:273:5.733127133922267e-06,3.2580749678001553,3.2580752327819797,6.5161444674550015
d:274:5.196167917276284e-06,3.2580749679385503,3.2580752326909663,6.516145004461599
d:275:5.9185220173674224e-06,3.2580749679417145,3.2580752326144204,6.5161442820341176
d:276:5.788640786263954e-06,3.258074967877797,3.25807523256272,6.516144411799731
d:277:5.353896029625105e-06,3.2580749679127585,3.2580752324766267,6.516144846493355
d:278:5.506021402368333e-06,3.2580749678610315,3.258075232413484,6.5161446942531125
d:279:5.0712818033815665e-06,3.2580749677902965,3.2580752323495417,6.516145128858035
d:280:5.531820141513322e-06,3.258074968016016,3.258075232379693,6.516144668575567
d:281:5.2296208696844815e-06,3.25807496795807,3.2580752323029967,6.516144970640196
d:282:5.6514185651224125e-06,3.2580749679444416,3.2580752322576214,6.5161445487834975
d:283:5.338899336848613e-06,3.2580749679092738,3.2580752321666036,6.5161448611765405
d:284:5.626806445668819e-06,3.2580749680476644,3.2580752321148974,6.516144573356116
d:285:5.3133016759687735e-06,3.2580749684658556,3.258075232145043,6.516144887309222
d:286:5.527399230764729e-06,3.2580749684041446,3.2580752321098587,6.5161446731147725
d:287:5.337990407028315e-06,3.2580749684073043,3.258075232045911,6.516144862462808
d:288:5.188058676885987e-06,3.2580749684315227,3.258075231994199,6.516145012367045
d:289:5.5578847373283224e-06,3.2580749684557326,3.2580752319883297,6.5161446425593255
d:290:5.599533754008235e-06,3.258074968376837,3.258075232126704,6.5161446009697865
d:291:5.0612450683829024e-06,3.2580749683416643,3.258075232055985,6.516145139152581
d:292:5.135364613551019e-06,3.258074968306484,3.2580752320909703,6.516145065032841
d:293:5.611707235786412e-06,3.25807496844487,3.258075232077311,6.516144588814946
d:294:5.895590183158106e-06,3.2580749683683634,3.2580752320065844,6.516144304784765
d:295:5.253892295442597e-06,3.2580749683166337,3.258075231938011,6.516144946362349
d:296:4.778165022756298e-06,3.2580749682712047,3.258075231867277,6.516145421973459
d:297:5.800723209326009e-06,3.2580749682080716,3.2580752318155604,6.516144399300423
d:298:5.239440366899828e-06,3.2580749681944394,3.2580752317575628,6.516144960511635
d:299:5.51600198850366e-06,3.2580749681177354,3.2580752317607606,6.516144683876507
d:300:5.789551962287476e-06,3.2580749681118353,3.258075231704563,6.5161444102644355
d:301:5.2819608233889426e-06,3.258074968048696,3.2580752316359827,6.516144917723856
d:302:5.350488460287295e-06,3.258074968035057,3.2580752316223176,6.5161448491689145
d:303:5.673360964131291e-06,3.2580749680382137,3.258075231560594,6.516144526237844
d:304:5.794573688433502e-06,3.258074967952131,3.2580752317863175,6.51614440516476
d:305:5.755720451361412e-06,3.258074967861045,3.258075231728315,6.5161444438689085
d:306:5.678890261151537e-06,3.2580749678782572,3.2580752316517705,6.516144520639767
d:307:5.8141805938660696e-06,3.258074968016639,3.258075231686753,6.516144385522798
d:308:5.54401477170785e-06,3.2580749679401295,3.258075231641378,6.516144655566736
d:309:4.967579227965757e-06,3.2580749679703076,3.2580752320596247,6.516145232450704
d:310:5.616645804451537e-06,3.2580749678937906,3.2580752320768416,6.516144583324827
d:311:5.497135115994922e-06,3.258074967802699,3.2580752320188333,6.516144702686416
d:312:5.3530596115791695e-06,3.2580749677341636,3.2580752319836486,6.5161448466582
d:313:5.464703206392585e-06,3.2580749676634313,3.2580752319777795,6.516144734938004
d:314:4.993590773771928e-06,3.2580749676983958,3.258075232012756,6.516145206120378
d:315:5.5738033744034965e-06,3.258074967646664,3.2580752322384754,6.516144626081765
d:316:5.0884336957324194e-06,3.258074967663871,3.258075232161781,6.516145111391957
d:317:5.432409638572722e-06,3.258074967657968,3.2580752321164006,6.516144767364731
d:318:4.660136219136746e-06,3.2580749676125373,3.258075232054674,6.516145539530992
d:319:5.7676472344780905e-06,3.2580749676297382,3.2580752319779727,6.516144431960477
d:320:5.165763021786063e-06,3.2580749676646965,3.2580752320022732,6.516145033903948
d:321:5.825121757396801e-06,3.2580749676889087,3.2580752319442596,6.516144374511411
d:322:4.811380037494928e-06,3.258074967719084,3.258075231881123,6.51614538822017
d:323:5.616128730068226e-06,3.25807496764238,3.2580752318103907,6.51614458332404
d:324:5.617491597220692e-06,3.258074967636471,3.258075232228635,6.516144582373508
d:325:5.268170938599326e-06,3.258074967862196,3.258075232170615,6.516144931861873
d:326:5.186908947685254e-06,3.2580749678923646,3.258075232173813,6.51614501315723
d:327:5.204947675530036e-06,3.25807496783617,3.2580752321098694,6.516144994998364
d:328:5.678701103128958e-06,3.2580749677907352,3.2580752320481374,6.516144521137769
d:329:5.149660079695195e-06,3.2580749677268264,3.2580752319849955,6.516145050051742
d:330:5.6624996700449515e-06,3.258074967681384,3.258075232403234,6.516144537584948
d:331:5.34103436145017e-06,3.258074967619679,3.2580752323515196,6.516144858936837
d:332:5.478112996115669e-06,3.25807496754297,3.25807523228757,6.516144721717543
d:333:5.474224627377566e-06,3.25807496748677,3.258075232281698,6.516144725543841
d:334:5.42138314774121e-06,3.2580749675109786,3.2580752322236743,6.516144778351506
d:335:5.034579273477391e-06,3.2580749674342626,3.2580752321529367,6.516145165007926
d:336:5.226555866322258e-06,3.258074967526448,3.258075232089789,6.516144973060371
d:337:4.875634972201226e-06,3.258074967664832,3.2580752321140865,6.516145324143946
d:338:5.125484897838817e-06,3.258074967651196,3.2580752320280015,6.5161450741942994
d:339:5.477289294120169e-06,3.258074967574473,3.25807523204522,6.516144722330399
d:340:5.286804455550964e-06,3.2580749675165377,3.258075232137389,6.516144912849471
d:341:4.84364820785288e-06,3.258074967654915,3.2580752321675437,6.516145356174251
d:342:5.0544671221786075e-06,3.2580749675987097,3.2580752320968003,6.516145145228387
d:343:5.8673704534939475e-06,3.2580749676288754,3.2580752320514206,6.5161443323098425
d:344:5.678204546555321e-06,3.2580749676152343,3.2580752319933906,6.516144521404078
d:345:5.373387491403037e-06,3.2580749675385063,3.2580752319073008,6.516144826058316
d:346:5.468150218845835e-06,3.25807496776423,3.2580752318433475,6.516144731457358
d:347:5.574038293154615e-06,3.2580749677025214,3.2580752318465445,6.516144625510773
d:348:5.425264861358414e-06,3.2580749679282386,3.2580752318328856,6.516144774496263
d:349:5.360375489260605e-06,3.2580749679145904,3.2580752317689257,6.516144839308026
d:350:5.341139575953946e-06,3.2580749679447516,3.25807523179322,6.516144858598396
d:351:5.479653818696306e-06,3.2580749679479144,3.258075231729253,6.516144720023348
d:352:5.266954753224695e-06,3.258074967861837,3.2580752318676383,6.516144932774722
d:353:4.811119005410092e-06,3.2580749680002103,3.258075231805906,6.516145388687111
d:354:5.700255036877877e-06,3.2580749679316794,3.2580752318408868,6.516144499517529
d:355:5.467951108784064e-06,3.2580749678551677,3.258075232259125,6.516144732163184
d:356:5.542225708587978e-06,3.258074967798959,3.2580752322010915,6.516144657774341
d:357:5.668477481179934e-06,3.2580749677427425,3.2580752321303454,6.516144531395607
d:358:5.448124253071285e-06,3.258074967772897,3.258075232074157,6.516144751722801
d:359:5.2468604287980725e-06,3.2580749677274565,3.2580752320773505,6.516144952944378
d:360:4.529490324145513e-06,3.258074967650938,3.258075232042172,6.516145670202786
d:361:5.438161192472535e-06,3.2580749675648564,3.2580752319782,6.516144761381864
d:362:5.477585845348187e-06,3.258074967501727,3.2580752319164628,6.516144721832345
d:363:5.226942468183893e-06,3.2580749677274405,3.258075232142189,6.516144972927162
d:364:5.272743295314797e-06,3.2580749676757152,3.2580752320560964,6.516144926988516
d:365:5.1375702296851955e-06,3.258074967814085,3.2580752319980575,6.516145062241913
d:366:5.304795726246425e-06,3.2580749677686383,3.2580752319294883,6.5161448949024
d:367:5.546266259592869e-06,3.258074967762734,3.2580752318529544,6.516144653349429
d:368:5.293479007129065e-06,3.2580749676920098,3.258075231788977,6.51614490600198
d:369:5.229556688135517e-06,3.258074967686099,3.2580752317327843,6.516144969862195
d:370:5.360046293922949e-06,3.2580749677210648,3.258075231646686,6.5161448393214565
d:371:5.635487819510843e-06,3.2580749677151477,3.258075231578111,6.516144563805439
d:372:5.836535269310161e-06,3.2580749676386254,3.258075231514966,6.516144362618322
d:373:5.604551090776511e-06,3.258074967562096,3.2580752314587667,6.516144594469772
d:374:5.503944539242411e-06,3.258074967592248,3.2580752314759875,6.516144695123696
d:375:5.682099283532693e-06,3.2580749675570844,3.258075231510967,6.516144516968768
d:376:5.511194093976712e-06,3.258074967470999,3.258075231452924,6.516144687729829
d:377:5.756397658984724e-06,3.2580749674024667,3.258075231376233,6.516144442381041
d:378:5.557038502246314e-06,3.258074967339334,3.258075231324524,6.516144641625356
d:379:5.725296928993373e-06,3.2580749672627993,3.25807523124565,6.51614447321152
d:380:5.730316346763686e-06,3.258074967265963,3.2580752312488417,6.5161444681984575
d:381:5.315166159647333e-06,3.2580749673581546,3.2580752311723042,6.5161448833643
d:382:5.780572129410189e-06,3.258074967289616,3.2580752311142547,6.516144417831741
d:383:5.559414434586074e-06,3.2580749672836933,3.2580752310790757,6.516144638948335
d:384:5.461766956926795e-06,3.2580749672257627,3.258075231002531,6.516144736461337
d:385:6.083897870823307e-06,3.258074967364131,3.258075230931785,6.516144114398045
d:386:5.175829142167743e-06,3.25807496730023,3.25807523087373,6.516145022344818
d:387:5.4677455851859236e-06,3.2580749674385903,3.258075231012118,6.516144730705123
d:388:5.435668114728287e-06,3.258074967361867,3.258075231029336,6.516144762723089
d:389:5.4184590156936e-06,3.258074967386085,3.2580752312550616,6.516144780182131
d:390:5.553864165008804e-06,3.2580749673175413,3.2580752312033483,6.516144644656725
d:391:5.565902942095136e-06,3.2580749672410017,3.2580752311123535,6.516144632450413
d:392:5.36830650510467e-06,3.2580749672058356,3.2580752310358037,6.5161448299351346
d:393:5.754513829003827e-06,3.25807496711476,3.258075230984084,6.516144443585015
d:394:5.53272414194339e-06,3.258074967038031,3.258075230905207,6.516144665219096
d:395:5.9748523373315265e-06,3.2580749669612943,3.2580752309224192,6.516144223031376
d:396:5.299379553846961e-06,3.258074966955369,3.25807523085167,6.516144898427485
d:397:5.025965901239715e-06,3.2580749668846454,3.2580752308062975,6.516145171725041
d:398:5.6964644556956046e-06,3.2580749668229445,3.2580752307500975,6.516144501108586
d:399:5.417155795939266e-06,3.2580749668261064,3.2580752306815226,6.5161447803518335
d:400:5.569550848072424e-06,3.2580749672443248,3.2580752306107663,6.516144628304243
d:401:5.338693971346231e-06,3.2580749671735942,3.2580752306350673,6.51614485911469
d:402:5.11787432522226e-06,3.258074967197808,3.258075230571093,6.516145079894576
d:403:5.390023303242231e-06,3.2580749672279605,3.258075230525715,6.516144807730372
d:404:5.075856421399294e-06,3.2580749671512192,3.2580752304347156,6.516145121729513
d:405:5.6278699256395726e-06,3.258074967074676,3.258075230451923,6.5161445696566735
d:406:5.260291312758625e-06,3.258074966988592,3.258075230482089,6.5161449371793685
d:407:5.465886830258171e-06,3.258074967012799,3.258075230403209,6.516144731529177
d:408:5.546890264440663e-06,3.2580749669496676,3.25807523049539,6.516144650554793
d:409:5.064809098342948e-06,3.258074966886529,3.258075230721114,6.516145132798545
d:410:5.425970076800013e-06,3.2580749668097813,3.2580752306649097,6.516144771504614
d:411:4.874132660148689e-06,3.2580749668270013,3.2580752306195264,6.516145323313868
d:412:5.6080728914054134e-06,3.258074966965362,3.2580752305334335,6.516144589425904
d:413:5.816245260525932e-06,3.2580749668864932,3.258075230536626,6.516144381177859
d:414:5.331168274835818e-06,3.258074967304708,3.258075230491237,6.51614486662767
d:415:5.404309479040137e-06,3.258074967236164,3.2580752304458396,6.516144793372525
d:416:5.033853704539126e-06,3.2580749671730196,3.258075230381861,6.516145163701176
d:417:4.905314387571025e-06,3.258074967094145,3.258075230416845,6.516145292196603
d:418:6.0114633306795895e-06,3.2580749671183478,3.258075230451822,6.516144186106839
d:419:5.639491286402176e-06,3.258074967062142,3.2580752303886826,6.516144557959539
d:420:5.352052929730178e-06,3.2580749669710674,3.25807523048086,6.516144845398998
d:421:5.29481603805948e-06,3.258074966974229,3.2580752304122838,6.516144902570474
d:422:5.177230836039826e-06,3.2580749670092017,3.2580752303560763,6.5161450201344415
d:423:5.474044780129361e-06,3.258074966995568,3.2580752302650753,6.516144723215863
d:424:5.646028850669893e-06,3.258074966960404,3.258075230259223,6.516144551190776
d:425:4.882598410027583e-06,3.2580749669953706,3.258075230213821,6.516145314610782
d:426:5.624011910398963e-06,3.2580749669336706,3.2580752303522122,6.516144573273973
d:427:5.710746858511584e-06,3.258074966871963,3.258075230275528,6.516144486400632
d:428:5.691161351073504e-06,3.2580749667954194,3.258075230189431,6.516144505823499
d:429:5.506631515217464e-06,3.2580749667894957,3.25807523012085,6.51614469027883
d:430:5.086840237922274e-06,3.258074966806713,3.258075230056868,6.516145110023343
d:431:5.533866579199298e-06,3.2580749667206277,3.258075230000655,6.516144662854703
d:432:5.228767875564699e-06,3.2580749666574813,3.258075229921774,6.51614496781138
d:433:5.487098499123988e-06,3.2580749665995565,3.2580752300601605,6.516144709561218
d:434:5.351942133913212e-06,3.2580749666237567,3.258075230285885,6.516144844967508
d:435:5.677285876082294e-06,3.2580749665552107,3.258075230221896,6.51614451949123
d:436:5.3102402803872906e-06,3.2580749664691195,3.25807523021604,6.516144886444879
d:437:5.328001337900901e-06,3.2580749664992754,3.258075230251015,6.5161448687489525
d:438:5.863750206280827e-06,3.258074966516488,3.258075230215844,6.516144332982125
d:439:5.31160001493447e-06,3.258074966471055,3.258075230219037,6.5161448850900765
d:440:5.370568522344854e-06,3.2580749664025017,3.2580752302540055,6.516144826087985
d:441:5.134714493593151e-06,3.2580749668207174,3.2580752306722625,6.516145062778486
d:442:5.108919422625036e-06,3.2580749668070816,3.258075230586163,6.516145088473822
d:443:5.509578755891198e-06,3.258074966801155,3.2580752307245437,6.516144687946943
d:444:5.595690460324931e-06,3.258074966893357,3.2580752306893674,6.516144601892265
d:445:5.066448650836719e-06,3.2580749669855518,3.258075230654183,6.5161451311910845
d:446:5.961676032839591e-06,3.258074966921661,3.2580752305979663,6.516144235843594
d:447:5.2532814809325146e-06,3.2580749669518116,3.2580752305362464,6.516144944206577
d:448:5.653621360401928e-06,3.258074966981955,3.2580752304800233,6.5161445438406185
d:449:5.5969774788167115e-06,3.258074966890881,3.258075230389022,6.5161446003024235
d:450:5.278311883571973e-06,3.2580749668329543,3.2580752302980147,6.516144918819085
d:451:5.626189682139682e-06,3.25807496677502,3.258075230221474,6.516144570806812
d:452:5.21882698123477e-06,3.258074967000753,3.2580752301697635,6.516144978343535
d:453:5.069456031847608e-06,3.2580749669390445,3.2580752301561287,6.516145127639142
d:454:5.484455001258937e-06,3.2580749669254048,3.2580752301107267,6.51614471258113
d:455:5.1485199215051125e-06,3.258074966879969,3.2580752300197124,6.5161450483797605
d:456:4.908486173960114e-06,3.2580749668160736,3.258075229928691,6.51614528825859
d:457:5.245965551736731e-06,3.258074966745353,3.2580752298769746,6.516144950656775
d:458:5.58246117066119e-06,3.2580749666542737,3.2580752298207467,6.51614461401385
d:459:4.997373729942467e-06,3.2580749665911264,3.258075229752167,6.516145198969563
d:460:5.36611083301608e-06,3.258074966539422,3.2580752297764772,6.516144830205066
d:461:5.38886384937598e-06,3.2580749664483357,3.258075229811444,6.51614480739593
d:462:5.572493290806335e-06,3.2580749663717943,3.258075229814636,6.5161446236931395
d:463:5.35432213677467e-06,3.2580749665975226,3.2580752302328926,6.516144842508278
d:464:5.4061431100649315e-06,3.258074966545812,3.2580752302501095,6.516144790652811
d:465:5.306009249750332e-06,3.258074966638005,3.258075230253296,6.516144890882051
d:466:5.282244178062001e-06,3.2580749666028455,3.258075230197062,6.5161449145557295
d:467:5.216923126383222e-06,3.258074966606012,3.258075230145341,6.516144979828226
d:468:5.899207804915818e-06,3.2580749666091715,3.258075230074597,6.516144297475964
d:469:5.501778205463381e-06,3.2580749666441435,3.2580752304928473,6.516144695358785
d:470:4.934573152759469e-06,3.2580749666791085,3.2580752304311265,6.516145262537083
d:471:5.242692517448688e-06,3.258074966621172,3.2580752303679947,6.516144954296649
d:472:5.65296025278883e-06,3.258074966559462,3.2580752302818965,6.516144543881106
d:473:5.142327940355074e-06,3.258074966583666,3.258075230205217,6.516145054460943
d:474:5.1354269947623266e-06,3.2580749664925768,3.2580752301191107,6.516145061184693
d:475:5.240478166079754e-06,3.258074966406489,3.258075230122292,6.516144956050615
d:476:5.73467551223672e-06,3.2580749668247075,3.258075230139505,6.5161444622887
d:477:5.4582286956872395e-06,3.2580749667615585,3.258075230075522,6.516144738608385
d:478:5.623923387432228e-06,3.2580749666930098,3.258075230092728,6.51614457286235
d:479:5.20341757059839e-06,3.2580749666222872,3.2580752300066154,6.5161449932113324
d:480:5.271950640484135e-06,3.258074966531191,3.2580752300007645,6.516144924581315
d:481:5.373943348097043e-06,3.2580749664732505,3.2580752301391493,6.516144822669052
d:482:5.490683752107373e-06,3.258074966611624,3.258075230082913,6.5161447060107855
d:483:5.96186001455834e-06,3.2580749665661886,3.2580752300040396,6.516144234710214
d:484:5.748261154181478e-06,3.25807496655255,3.2580752299904048,6.516144448281801
d:485:4.807226584802038e-06,3.258074966461448,3.258075230014715,6.516145389249578
d:486:5.428858433909056e-06,3.2580749663703394,3.258075230039019,6.516144767550925
d:487:5.27013348872174e-06,3.258074966307185,3.258075230131208,6.5161449263049045
d:488:6.045731876902494e-06,3.2580749664455526,3.2580752300626283,6.516144150776304
d:489:5.76088381976092e-06,3.2580749663594624,3.258075230092811,6.516144435568453
d:490:5.778014495305683e-06,3.2580749662733637,3.258075230029678,6.516144418288546
d:491:5.800148368706459e-06,3.258074966499093,3.2580752300646454,6.51614439641537
d:492:5.244311619634345e-06,3.258074966437382,3.258075230019248,6.5161449521450105
d:493:5.7204352899020705e-06,3.2580749663811894,3.258075230054208,6.5161444760001075
d:494:5.0975581782353174e-06,3.2580749663357502,3.258075229977673,6.516145098755246
d:495:5.8400412230597e-06,3.2580749662778055,3.2580752300126266,6.516144356249209
d:496:5.123464951850565e-06,3.2580749662139143,3.2580752304308787,6.516145073179841
d:497:5.081737250556273e-06,3.2580749661622055,3.2580752303791582,6.516145114804114
d:498:5.538639696212044e-06,3.258074966165366,3.2580752303211282,6.516144657846798
d:499:5.15414353774446e-06,3.2580749663910895,3.2580752303560754,6.516145042603627
d:500:5.397244240867849e-06,3.258074966529454,3.2580752304482608,6.516144799733474
d:501:5.143608888147355e-06,3.258074966553658,3.2580752304654657,6.516145053410236
d:502:5.11629048105533e-06,3.2580749665708817,3.2580752303865896,6.51614508066699
d:503:5.448903859672782e-06,3.258074966605849,3.2580752303099114,6.5161447480119
d:504:5.103260986238922e-06,3.258074966529312,3.2580752302518756,6.516145093520201
d:505:5.676801442255908e-06,3.258074966564272,3.2580752302690743,6.5161445200319035
d:506:5.390050455744699e-06,3.2580749665125577,3.2580752301983336,6.516144806660435
d:507:6.025369046369633e-06,3.2580749664494015,3.2580752301275853,6.516144171207941
d:508:5.335748726409406e-06,3.258074966372675,3.2580752301139504,6.516144860737899
d:509:4.847363005211491e-06,3.2580749663898927,3.2580752300431954,6.516145349070083
d:510:5.208076580665022e-06,3.258074966615612,3.2580752300373454,6.516144988576377
d:511:5.425220785504337e-06,3.2580749665245032,3.258075229979304,6.516144771283021
d:512:5.600203658140401e-06,3.2580749664559567,3.258075229910723,6.516144596163022
d:513:5.163947410125047e-06,3.258074966369857,3.258075229846743,6.51614503226919
d:514:5.333858341671771e-06,3.258074966301304,3.25807522979502,6.516144862237983
d:515:4.984799357288239e-06,3.2580749663255046,3.2580752297183384,6.516145211244486
d:516:5.692218692843198e-06,3.258074966463866,3.258075229649752,6.516144503894925
d:517:5.218476810675554e-06,3.258074966372751,3.2580752295811575,6.516144977477098
d:518:5.8979590953356364e-06,3.2580749664077073,3.2580752295194424,6.516144297968054
d:519:5.443198928034576e-06,3.258074966410866,3.2580752294613955,6.516144752673334
d:520:5.5533474103697245e-06,3.2580749663247612,3.258075229382517,6.516144642359867
d:521:5.77224605802229e-06,3.2580749663279134,3.258075229305982,6.516144423387837
d:522:5.242099080149387e-06,3.2580749662640223,3.2580752292352235,6.516144953400166
d:523:5.800721538662401e-06,3.258074966206078,3.2580752292215855,6.516144394706124
d:524:5.147278339556749e-06,3.258074966344434,3.2580752291598647,6.516145048225959
d:525:4.90146823395321e-06,3.2580749662827246,3.2580752291540116,6.516145293968503
d:526:5.213054253161431e-06,3.2580749665084414,3.2580752290977806,6.516144982551969
d:527:5.033688249334034e-06,3.2580749664630044,3.2580752295160336,6.516145162290789
d:528:5.189602736876964e-06,3.258074966417559,3.258075229439348,6.51614500625417
d:529:5.405360140819937e-06,3.258074966434775,3.2580752296650926,6.516144790739727
d:530:5.766567765519426e-06,3.2580749663716184,3.258075229700041,6.516144429503894
d:531:5.3249062705873484e-06,3.2580749662948905,3.258075229638315,6.516144871026935
d:532:5.119822805710328e-06,3.2580749662369417,3.2580752296246724,6.516145076038809
d:533:5.367402684086642e-06,3.2580749664626536,3.2580752298504114,6.516144828910381
d:534:5.259090226417129e-06,3.2580749663861175,3.258075229771529,6.51614493706742
d:535:5.406818612385678e-06,3.25807496630727,3.258075229680523,6.51614478916918
d:536:5.321124666224364e-06,3.2580749663013617,3.258075229715466,6.516144874892161
d:537:5.274367582686068e-06,3.2580749662954465,3.258075229657416,6.51614492158528
d:538:5.272446429671618e-06,3.2580749662322845,3.258075229599359,6.516144923385214
d:539:5.339252069802569e-06,3.258074966256485,3.2580752295431243,6.516144856547539
d:540:5.459997062473576e-06,3.2580749662110353,3.258075229573314,6.516144735787287
d:541:5.889035820771937e-06,3.2580749662352293,3.258075229510188,6.516144306709597
d:542:5.7516007290203675e-06,3.2580749666534596,3.258075229928438,6.516144444981168
d:543:5.68296841674254e-06,3.258074966589567,3.258075229842337,6.516144513463487
d:544:5.8749085232179254e-06,3.2580749665263986,3.2580752298364817,6.516144321454357
d:545:5.678036720802027e-06,3.2580749669446227,3.2580752297725026,6.516144518680405
d:546:5.2685367331051225e-06,3.2580749668585183,3.258075229703909,6.516144928025694
d:547:5.531807531156119e-06,3.2580749667819786,3.2580752298423064,6.516144664816753
d:548:5.598042500665201e-06,3.2580749667188043,3.25807522985951,6.5161445985358135
d:549:4.963148183989574e-06,3.2580749666326922,3.25807522979091,6.516145233275418
d:550:5.073620942042112e-06,3.2580749665538415,3.2580752297455224,6.516145122678422
d:551:5.516306858410758e-06,3.2580749665083877,3.258075229837715,6.516144680039244
d:552:5.526181708681577e-06,3.2580749665256032,3.258075229779654,6.516144670123548
d:553:4.97699417145725e-06,3.258074966461706,3.25807522987184,6.516145219339375
d:554:4.858892602932485e-06,3.2580749664648603,3.2580752298264453,6.516145337398703
d:555:5.529972011864004e-06,3.2580749664086786,3.258075229829642,6.5161446662663085
d:556:5.015810576658453e-06,3.2580749663632185,3.2580752297944824,6.516145180347125
d:557:5.640866588940696e-06,3.2580749662843616,3.2580752299328752,6.516144555350648
d:558:5.584077309883639e-06,3.2580749662078174,3.2580752299360656,6.516144612066573
d:559:5.904767162334679e-06,3.2580749661312662,3.2580752299532656,6.516144291317369
d:560:5.5605971809313814e-06,3.258074966040155,3.258075229983453,6.516144635426427
d:561:5.690888038145658e-06,3.2580749659769777,3.2580752299194713,6.516144505008411
d:562:5.207364435655393e-06,3.258074966007146,3.258075229954414,6.516144988597124
d:563:5.2970881139202675e-06,3.2580749659364403,3.258075229896349,6.516144898744676
d:564:5.195478208541715e-06,3.258074965859883,3.2580752298323605,6.516145000214035
d:565:5.991276629480069e-06,3.2580749658247443,3.2580752300581013,6.516144204606216
d:566:5.310921751267017e-06,3.258074965963105,3.2580752300752946,6.516144885116648
d:567:5.3293318229563624e-06,3.258074965993268,3.2580752299964146,6.51614486665786
d:568:5.253489929302191e-06,3.2580749659021517,3.258075229944701,6.516144942356924
d:569:5.573174677309112e-06,3.2580749658459665,3.2580752298760984,6.516144622547388
d:570:5.6146834532810885e-06,3.258074965880931,3.2580752298792848,6.516144581076762
d:571:5.056810440606796e-06,3.2580749662991555,3.258075229802756,6.516145139291471
d:572:5.507823798822642e-06,3.258074966264012,3.2580752297573596,6.516144688197572
d:573:5.402346810789993e-06,3.258074966202308,3.258075229722197,6.516144793577694
d:574:5.387771982334755e-06,3.258074966146118,3.258075229658204,6.516144808032339
d:575:5.099601592561953e-06,3.258074966284473,3.2580752295793176,6.516145096262198
d:576:5.61962491829604e-06,3.258074966319431,3.258075229517597,6.51614457621211
d:577:5.163488595805177e-06,3.25807496645778,3.2580752295039597,6.516145032473144
d:578:5.404496413952131e-06,3.2580749663810584,3.2580752294250677,6.516144791309713
d:579:5.58462057487219e-06,3.258074966398274,3.2580752294600086,6.516144611237707
d:580:5.987678331820234e-06,3.258074966342077,3.2580752298782625,6.516144208542007
d:581:5.2538000057111844e-06,3.258074966377029,3.258075229881444,6.516144942458467
d:582:4.892471361372941e-06,3.2580749665153723,3.258075229875592,6.516145303919603
d:583:5.3533752373269294e-06,3.258074966438812,3.2580752298927833,6.516144842956358
d:584:5.148005837618541e-06,3.2580749664689725,3.258075229984971,6.516145048448106
d:585:5.116453353437578e-06,3.2580749664127695,3.258075229988146,6.516145079947562
d:586:5.34448629174733e-06,3.258074966326661,3.2580752298971474,6.516144851737517
d:587:5.275034996365946e-06,3.2580749662355433,3.258075229921472,6.516144921122019
d:588:5.295637120816821e-06,3.2580749662219275,3.258075229835377,6.5161449004201835
d:589:5.51844816953917e-06,3.258074966447648,3.2580752300611167,6.516144678060595
d:590:5.333236570592703e-06,3.258074966471848,3.2580752300960536,6.516144863331331
d:591:5.424116539032298e-06,3.2580749663807236,3.2580752300398252,6.51614477230401
d:592:5.372231083100587e-06,3.2580749664729467,3.2580752299835907,6.516144824225455
d:593:5.447862800878056e-06,3.2580749663963817,3.2580752299273485,6.516144748460929
d:594:4.767708081665489e-06,3.258074966305251,3.258075229841247,6.516145428438416
d:595:5.4888336515901415e-06,3.25807496644359,3.2580752297895326,6.516144707399471
d:596:5.316222250861813e-06,3.2580749665819217,3.2580752298244633,6.516144880184134
d:597:5.257971161576336e-06,3.2580749665051982,3.2580752298546547,6.516144938388691
d:598:4.862177127584744e-06,3.2580749664535027,3.258075229786054,6.516145334062429
d:599:5.03417071051615e-06,3.2580749665918276,3.2580752297243323,6.516145162145449
d:600:5.41765935135885e-06,3.2580749667301463,3.2580752298165168,6.516144778887312
d:601:5.5903417743863315e-06,3.2580749666512943,3.258075229764797,6.516144606074317
d:602:5.432265875349174e-06,3.258074966645391,3.2580752297030684,6.516144764082584
d:603:5.396301951954285e-06,3.2580749665815,3.2580752297952458,6.516144800074794
d:604:5.576164435083797e-06,3.2580749666116584,3.2580752297435187,6.516144620190742
d:605:5.2706633049126594e-06,3.25807496664661,3.2580752296525186,6.516144925635824
d:606:5.2196616584510025e-06,3.2580749665554753,3.2580752296388815,6.516144976532698
d:607:5.118353028521483e-06,3.2580749665418574,3.2580752297772815,6.51614507796611
d:608:4.976508307663607e-06,3.2580749664901574,3.2580752301955362,6.5161452201773855
d:609:5.379453067000384e-06,3.258074966582378,3.258075230225723,6.516144817355034
d:610:5.217384990707785e-06,3.2580749670006064,3.2580752301676648,6.51614497978328
d:611:5.0202654700015614e-06,3.2580749669489,3.258075230132506,6.516145176815937
d:612:5.472974777376294e-06,3.258074966952064,3.2580752300464018,6.516144724023688
d:613:5.357187868426649e-06,3.2580749673702862,3.2580752300765834,6.516144840259001
d:614:5.153524682555144e-06,3.258074967373443,3.2580752300079796,6.51614504385674
d:615:5.29675786253847e-06,3.258074967367535,3.258075230426229,6.516144901035902
d:616:5.415670351283097e-06,3.2580749673706846,3.258075230374498,6.516144782074831
d:617:5.107983560570517e-06,3.258074967509,3.2580752303393337,6.516145089864773
d:618:5.4603912245099195e-06,3.258074967539155,3.2580752303742626,6.516144737522193
d:619:4.908863325603363e-06,3.2580749675633567,3.258075230339091,6.516145289039122
d:620:5.508264827369658e-06,3.258074967528219,3.2580752303039127,6.516144689567304
d:621:5.074834345641932e-06,3.2580749674702885,3.258075230268726,6.5161451229046685
d:622:5.145487659952153e-06,3.2580749678885055,3.2580752306869702,6.516145053087816
d:623:5.132560892739946e-06,3.2580749683067163,3.2580752308253675,6.516145066571191
d:624:4.602750391491384e-06,3.258074968230153,3.2580752309637577,6.516145596443519
d:625:5.577191999783793e-06,3.258074968144048,3.2580752309020284,6.516144621854077
d:626:5.588260685307489e-06,3.2580749680923384,3.258075230838042,6.516144610669695
d:627:5.14034357745885e-06,3.258074968030644,3.258075230872967,6.516145058560033
d:628:5.547198147937138e-06,3.258074967939507,3.258075231098711,6.5161446518400705
d:629:5.590985979075924e-06,3.25807496787098,3.258075231092865,6.516144607977866
d:630:5.09816155691567e-06,3.2580749677921284,3.2580752311277825,6.516145100758354
d:631:5.607609270263936e-06,3.258074967740413,3.2580752312199612,6.516144591351104
d:632:5.183888449167284e-06,3.258074967669719,3.2580752311432986,6.516145014924568
d:633:5.2394606351313655e-06,3.258074967895446,3.2580752311734775,6.5161449596082885
d:634:5.026494850568497e-06,3.2580749678165883,3.2580752311906758,6.516145172512413
d:635:5.2609793739222255e-06,3.258074967739868,3.258075231155486,6.51614493791598
d:636:5.443992042941659e-06,3.2580749676691685,3.2580752310937524,6.5161447547708775
d:637:5.505462713273346e-06,3.2580749676129726,3.2580752310230197,6.516144693173279
d:638:5.168488765860957e-06,3.2580749676070644,3.2580752309649617,6.51614503008326
d:639:5.349751917904655e-06,3.258074967545365,3.258075230903221,6.516144848696667
d:640:5.5492951194224815e-06,3.258074967468799,3.258075230812222,6.516144648985902
d:641:5.148949373534606e-06,3.25807496769452,3.2580752307333407,6.516145049478487
d:642:5.896329918542165e-06,3.258074967729475,3.2580752307197067,6.5161443021192635
d:643:5.714340627349657e-06,3.2580749678216976,3.2580752306489678,6.516144484130038
d:644:5.483149026375145e-06,3.2580749677578114,3.258075230587222,6.516144715196007
d:645:5.023234242784724e-06,3.2580749677750385,3.2580752306793967,6.516145175220192
d:646:5.7511295779022475e-06,3.258074967867255,3.2580752306028824,6.51614444734056
d:647:5.440005327095321e-06,3.2580749678974112,3.258075230544819,6.516144758436903
d:648:5.941476170612248e-06,3.2580749678208396,3.2580752304994367,6.516144256844106
d:649:5.378392608612614e-06,3.2580749677442618,3.258075230422771,6.516144819774424
d:650:5.371936814491107e-06,3.2580749677614826,3.25807523033667,6.516144826161338
d:651:5.416978591910038e-06,3.258074967764635,3.2580752302749176,6.5161447810609605
d:652:5.414277801207845e-06,3.258074967701475,3.2580752302612788,6.516144783684952
d:653:5.4312313748638985e-06,3.2580749679271928,3.258075230184607,6.5161447668804255
d:654:5.4012987975582405e-06,3.258074967875476,3.2580752306028535,6.516144797179532
d:655:5.266437877793351e-06,3.2580749677988914,3.258075230606042,6.516144931967055
d:656:5.120347569942396e-06,3.258074967823095,3.2580752305271568,6.5161450780026815
d:657:5.244971260864872e-06,3.2580749677319596,3.258075230463172,6.51614495322387
d:658:4.973339422953416e-06,3.258074967762111,3.25807523039243,6.516145224815118
d:659:5.660367241588915e-06,3.2580749677562015,3.258075230306325,6.5161445376952845
d:660:5.632450475800965e-06,3.2580749678484144,3.258075230227434,6.516144565625373
d:661:5.779204975020491e-06,3.258074967757272,3.258075230148535,6.516144418700832
d:662:5.518632818279912e-06,3.2580749676887466,3.258075230286928,6.516144679342856
d:663:5.099628322291494e-06,3.2580749676098897,3.258075230210412,6.51614509819198
d:664:5.1594189489634346e-06,3.258074967596281,3.2580752306286542,6.516145038805986
d:665:5.325132475419991e-06,3.25807496762048,3.2580752306318375,6.516144873119842
d:666:5.260345647961628e-06,3.258074967568759,3.2580752307702245,6.516144937993336
d:667:5.776683583036402e-06,3.258074967500227,3.258075230684114,6.5161444215007585
d:668:5.453650578246538e-06,3.258074967423509,3.25807523110235,6.51614474487528
d:669:5.5198467947548124e-06,3.258074967409894,3.2580752310506265,6.516144678613726
d:670:5.462405903600143e-06,3.258074967346732,3.258075230971723,6.516144735912551
d:671:5.091801942747054e-06,3.258074967290539,3.2580752309086267,6.516145106397222
d:672:5.303070474305116e-06,3.258074967255409,3.258075230894987,6.516144895079921
d:673:5.5754739598512515e-06,3.2580749671693106,3.2580752309299092,6.51614462262526
d:674:5.460779657795456e-06,3.2580749671076137,3.2580752308845264,6.516144737212482
d:675:5.155095317732616e-06,3.2580749671107654,3.258075230901729,6.516145042917177
d:676:5.578754382007389e-06,3.2580749670545655,3.2580752308880823,6.516144619188266
d:677:5.094689710993805e-06,3.2580749670194296,3.2580752309182675,6.516145103247986
d:678:5.77425746772775e-06,3.2580749669577265,3.2580752308496743,6.516144423549933
d:679:5.190040378799665e-06,3.2580749669749487,3.258075231267907,6.516145008202477
d:680:5.318703648171663e-06,3.2580749668888447,3.258075231360084,6.51614487954528
d:681:5.525402789530176e-06,3.25807496690606,3.258075231283565,6.516144672786835
d:682:5.310732552388231e-06,3.2580749668199487,3.2580752312483816,6.516144887335778
d:683:5.484164437241645e-06,3.258074966850101,3.258075231184397,6.516144713870061
d:684:5.023730583531005e-06,3.258074966773379,3.2580752311136543,6.516145174156449
d:685:5.359573240326654e-06,3.2580749667048448,3.2580752311000025,6.516144838231607
d:686:6.033891710721662e-06,3.2580749668431728,3.258075231041944,6.516144163993406
d:687:5.217524464917744e-06,3.258074966779292,3.258075231045126,6.516144980299953
d:688:5.68189767324867e-06,3.258074966715403,3.258075231062325,6.516144515880055
d:689:5.322837417054416e-06,3.258074966701786,3.2580752309762127,6.516144874840581
d:690:5.180098060719729e-06,3.258074966688162,3.258075230919991,6.516145017510093
d:691:5.883456181798863e-06,3.2580749666114355,3.2580752308513947,6.516144314006648
d:692:5.395039108790911e-06,3.258074966614584,3.2580752308162064,6.516144802391682
d:693:5.857735149383814e-06,3.258074966546045,3.2580752307599785,6.516144339570874
d:694:5.743315281137029e-06,3.258074966489843,3.25807523079016,6.516144453964722
d:695:5.351023523836318e-06,3.258074966483936,3.258075230727064,6.516144846187476
d:696:5.560467288390214e-06,3.2580749665188993,3.2580752306630756,6.516144636714687
d:697:5.180413624294999e-06,3.2580749664423188,3.25807523062788,6.516145016656575
d:698:5.822298248858715e-06,3.2580749664364053,3.2580752306142258,6.516144374752383
d:699:6.0576715217308674e-06,3.258074966439549,3.258075230649148,6.516144139417175
d:700:5.769432965152532e-06,3.2580749663833406,3.258075230613947,6.516144427564322
d:701:5.471804991330487e-06,3.258074966327126,3.258075230617126,6.516144725139261
d:702:5.649628759485381e-06,3.2580749663134974,3.2580752305540233,6.516144547238762
d:703:5.79718184745559e-06,3.2580749662223596,3.258075230584201,6.516144399624713
d:704:5.5816084181259384e-06,3.258074966164446,3.2580752305224556,6.516144615078483
d:705:5.397499038828357e-06,3.2580749661190223,3.2580752305468086,6.516144799166792
d:706:5.4639976765358256e-06,3.2580749661221597,3.2580752304836995,6.516144732608183
d:707:5.589950203166438e-06,3.2580749661252897,3.2580752304151,6.516144606590187
d:708:4.8294180610142234e-06,3.2580749661554416,3.2580752303519844,6.516145367089365
d:709:5.305518319786984e-06,3.258074966069331,3.258075230287992,6.516144890839003
d:710:5.485967001561676e-06,3.25807496601311,3.2580752302262415,6.51614471027235
d:711:5.835095717721117e-06,3.2580749660432544,3.2580752301644837,6.51614436111202
d:712:5.47706930298375e-06,3.258074965980098,3.2580752301586546,6.51614471906945
d:713:5.890921139339866e-06,3.258074965901248,3.25807523012345,6.516144305103559
d:714:4.7061789700819645e-06,3.258074965830563,3.258075230071732,6.516145489723325
d:715:5.5297040191248925e-06,3.258074965854769,3.25807522998562,6.51614466613637
d:716:5.3676001163793785e-06,3.258074965841138,3.2580752299224987,6.51614482816352
d:717:5.6579519904786935e-06,3.258074965772598,3.2580752298607356,6.516144537681343
d:718:5.2664467782292945e-06,3.258074965789816,3.258075229877935,6.516144929220973
d:719:5.004452919621372e-06,3.258074965721269,3.2580752302961713,6.5161451915645205
d:720:5.051651564613735e-06,3.2580749656351533,3.258075230217275,6.5161451442008635
d:721:5.2687966940467845e-06,3.2580749655712666,3.258075230138371,6.5161449269129434
d:722:5.499514172058184e-06,3.25807496560623,3.258075230061856,6.516144696153914
d:723:5.4818200716511e-06,3.2580749656984533,3.2580752300862064,6.516144713964588
d:724:5.0563376081669276e-06,3.258074965646742,3.25807523004083,6.516145139349964
d:725:5.569618533485254e-06,3.258074965585045,3.2580752299619196,6.5161446259284315
d:726:5.3911963941999375e-06,3.258074965723377,3.2580752301876856,6.516144804714669
d:727:5.044029329326349e-06,3.2580749656445236,3.258075230605917,6.516145152221111
d:728:5.855713081537317e-06,3.2580749656746657,3.2580752306408405,6.516144340602424
d:729:5.648217527465249e-06,3.258074965603978,3.2580752306440197,6.51614454803047
d:730:5.741985150464757e-06,3.2580749660222126,3.258075230661216,6.516144454698278
d:731:5.653602034527694e-06,3.2580749659590533,3.25807523059048,6.516144542947499
d:732:5.799438378417676e-06,3.2580749660512724,3.25807523052188,6.516144397134774
d:733:5.4203230890337295e-06,3.2580749659745503,3.258075230614066,6.516144776265527
d:734:5.7909798565347614e-06,3.258074965916637,3.2580752305230867,6.516144405459867
d:735:5.807881396258097e-06,3.2580749659467734,3.25807523045448,6.516144388519858
d:736:5.7361321150750655e-06,3.25807496593314,3.25807523047167,6.516144460272695
d:737:5.5192910792811745e-06,3.2580749658877175,3.2580752304154474,6.516144677012086
d:738:5.509293554695205e-06,3.2580749658191683,3.258075230380242,6.5161446869058555
d:739:5.25236797432882e-06,3.2580749657574675,3.2580752306060043,6.5161449439954975
d:740:5.562301636174993e-06,3.258074965895797,3.258075230636184,6.516144634230345
d:741:6.110369104916913e-06,3.2580749658326322,3.2580752306225342,6.5161440860860615
d:742:5.5248905761473566e-06,3.2580749657809185,3.258075231040763,6.516144671931105
d:743:5.739603878396338e-06,3.258074965717031,3.2580752310055514,6.516144457118704
d:744:5.1289152986910835e-06,3.2580749656591133,3.2580752309369396,6.516145067680754
d:745:5.671323831002439e-06,3.2580749655974066,3.2580752308915626,6.516144525165138
d:746:5.4734067314043955e-06,3.258074965535693,3.2580752308857353,6.516144723014697
d:747:5.683373931475444e-06,3.2580749654650023,3.258075230827686,6.516144512918757
d:748:5.303053649541312e-06,3.25807496537387,3.258075230792468,6.516144893112688
d:749:5.455690405220537e-06,3.258074965303173,3.258075230736241,6.5161447403490085
d:750:5.5723931478013355e-06,3.2580749652392793,3.2580752306908574,6.516144623536989
d:751:5.916760906110596e-06,3.2580749651604246,3.2580752307257805,6.516144279125299
d:752:5.018233546039141e-06,3.2580749652526424,3.25807523068039,6.516145177699487
d:753:5.304875924316832e-06,3.258074965246737,3.258075230710567,6.516144891081379
d:754:5.664548811346037e-06,3.2580749653389476,3.2580752306525116,6.516144531442648
d:755:5.962866417519308e-06,3.258074965268244,3.258075230878271,6.516144233280098
d:756:5.675261798288034e-06,3.2580749652050764,3.2580752308165115,6.51614452075979
d:757:5.79750606100049e-06,3.2580749652082144,3.2580752307711145,6.516144398473267
d:758:5.449090125786427e-06,3.2580749651314918,3.2580752309095207,6.516144746950887
d:759:5.506001238941849e-06,3.2580749651346226,3.2580752309338736,6.516144690067257
d:760:5.205125706453373e-06,3.258074965082906,3.2580752308477665,6.516144990804966
d:761:5.260576871890521e-06,3.258074965107118,3.2580752308419374,6.516144935372184
d:762:5.342299058241906e-06,3.2580749651102416,3.258075230765289,6.516144853576472
d:763:5.260464699397005e-06,3.25807496552848,3.258075230709058,6.5161449357728385
d:764:5.307531940168531e-06,3.258074965483057,3.2580752307122407,6.516144888663358
d:765:5.654353371298271e-06,3.2580749653969474,3.258075230635731,6.5161445416793065
d:766:5.525586429300233e-06,3.2580749653390284,3.25807523062208,6.516144670374679
d:767:5.232313228908936e-06,3.258074965303911,3.258075230558096,6.516144963548778
d:768:5.798880129859185e-06,3.258074965307029,3.2580752305752885,6.516144397002188
d:769:4.884691583662004e-06,3.258074965230302,3.2580752305066767,6.516145311045395
d:770:6.050337622021118e-06,3.258074965172376,3.2580752304359444,6.516144145270698
d:771:5.328178213304113e-06,3.2580749651084817,3.2580752304391205,6.516144867369389
d:772:5.254749250838131e-06,3.258074965094851,3.258075230857351,6.516144941202951
d:773:5.359470939936273e-06,3.2580749650431304,3.2580752308011154,6.516144836373305
d:774:5.518584933028592e-06,3.2580749649724248,3.258075230722212,6.516144677109704
d:775:5.392979442575552e-06,3.2580749648935705,3.2580752306312366,6.516144802545364
d:776:5.19492408201927e-06,3.258074964923711,3.2580752306614116,6.516145000661041
d:777:5.186147415514597e-06,3.2580749649409393,3.258075230685763,6.5161450094792865
d:778:5.421123715265708e-06,3.258074965079272,3.25807523070295,6.516144774658507
d:779:5.816324313734356e-06,3.258074965497507,3.258075231121175,6.516144380294368
d:780:5.833614008743382e-06,3.2580749654412995,3.258075231124347,6.516144362951638
d:781:5.0481840627725205e-06,3.2580749654353953,3.2580752311275107,6.516145148378843
d:782:5.348301510998965e-06,3.258074965344265,3.258075231063524,6.516144848106278
d:783:5.366691691932601e-06,3.258074965253128,3.258075231155717,6.5161448297171525
d:784:5.358561224966252e-06,3.258074965283263,3.258075231087102,6.51614483780914
d:785:5.7632009431429765e-06,3.258074965509012,3.258075231505321,6.51614443381339
d:786:5.4094530961279474e-06,3.258074965451083,3.258075231535492,6.516144787533479
d:787:5.01154320708963e-06,3.2580749653745222,3.2580752315598382,6.516145185391153
d:788:5.541006306231111e-06,3.2580749653776384,3.2580752317855994,6.516144656156932
d:789:4.5623698019525705e-06,3.258074965515967,3.258075231723842,6.516145634870007
d:790:5.0337003276723635e-06,3.2580749655460965,3.258075231672139,6.516145163517908
d:791:5.940177418395365e-06,3.258074965454954,3.258075231620428,6.516144256897963
d:792:5.5399855796167685e-06,3.2580749654032313,3.258075231541522,6.516144656959174
d:793:5.104353544282958e-06,3.2580749653415237,3.258075231464875,6.516145092452854
d:794:5.28530314802822e-06,3.2580749652776273,3.2580752315570636,6.516144911531542
d:795:5.3125228980377415e-06,3.258074965213724,3.2580752314884442,6.516144884179271
d:796:5.4637824122849565e-06,3.2580749656319576,3.2580752314367274,6.516144733286272
d:797:5.622513309155863e-06,3.258074965618326,3.2580752313736228,6.5161445744786395
d:798:5.371373795526324e-06,3.258074965556612,3.258075231390808,6.516144825573624
d:799:5.398237642673109e-06,3.2580749655597243,3.258075231616565,6.5161447989386465
d:800:5.4647854801359586e-06,3.2580749655246084,3.2580752320347814,6.51614473277391
d:801:5.53630924038373e-06,3.2580749654560694,3.2580752319893906,6.51614466113622
d:802:5.49036103514311e-06,3.2580749654106516,3.2580752319186588,6.516144706968275
d:803:6.014788973551788e-06,3.2580749656363976,3.2580752319218225,6.516144182769247
d:804:5.605817000819968e-06,3.2580749655596732,3.258075231853198,6.516144591595871
d:805:4.773630796428563e-06,3.2580749654965127,3.2580752318775414,6.516145423743258
d:806:5.15436144876702e-06,3.2580749655314922,3.258075231894722,6.516145043064765
d:807:5.578024712349361e-06,3.2580749655255876,3.258075231831612,6.516144619332487
d:808:5.77701422166399e-06,3.258074965454885,3.258075231775379,6.516144420216042
d:809:5.331721292911595e-06,3.2580749654031598,3.258075231711393,6.51614486539326
d:810:5.764913731276522e-06,3.2580749654953784,3.2580752316659964,6.516144432247644
d:811:5.576069352031254e-06,3.258074965433661,3.258075231604238,6.5161446209685465
d:812:5.3384139366841055e-06,3.2580749653425167,3.2580752320224495,6.51614485895103
d:813:5.410226417090769e-06,3.258074965278611,3.258075232248204,6.516144787300398
d:814:5.27555476104169e-06,3.2580749652727006,3.2580752324739515,6.5161449221918915
d:815:6.224936159426875e-06,3.2580749652272787,3.258075232397448,6.5161439726885675
d:816:5.554824864972829e-06,3.258074965158736,3.258075232623188,6.516144642957059
d:817:5.977349085917183e-06,3.258074965123618,3.2580752326475273,6.516144220422059
d:818:5.611791827675461e-06,3.258074965078189,3.2580752325686206,6.516144585854982
d:819:5.707297162871328e-06,3.258074965014277,3.2580752327943543,6.5161444905114685
d:820:5.618968732967744e-06,3.2580749649625482,3.258075232886543,6.5161445788803585
d:821:6.535196368062657e-06,3.2580749649926792,3.258075232889704,6.516143662686015
d:822:5.292224054542771e-06,3.258074965009913,3.2580752328443032,6.516144905630162
d:823:5.00191355534696e-06,3.258074965428146,3.258075233262512,6.516145196777103
d:824:5.263658495735513e-06,3.2580749656538908,3.2580752332566925,6.516144935252088
d:825:5.7096799030986745e-06,3.2580749656711183,3.258075233185961,6.516144489177177
d:826:5.6746043384237055e-06,3.2580749656004127,3.258075233094994,6.516144524091068
d:827:5.595122383184048e-06,3.2580749655364962,3.2580752330318825,6.516144603445996
d:828:5.086995915171144e-06,3.2580749654503967,3.25807523299668,6.516145111451162
d:829:5.403205975085257e-06,3.2580749654676175,3.258075233135101,6.516144795396743
d:830:5.3335545695532005e-06,3.2580749653887717,3.2580752330584564,6.5161448648926585
d:831:5.793206759641123e-06,3.2580749653751426,3.258075233000416,6.5161444051688
d:832:5.099297980315498e-06,3.2580749652962893,3.2580752329487024,6.516145098947011
d:833:5.2897480653513185e-06,3.2580749652277445,3.2580752329032974,6.5161449083829766
d:834:5.0047020536680975e-06,3.2580749651365997,3.2580752328401803,6.516145193274726
d:835:5.4112838965281185e-06,3.2580749650804,3.258075232834357,6.516144786630861
d:836:5.568375671671788e-06,3.2580749651726193,3.2580752327578524,6.5161446295548
d:837:6.082247916872063e-06,3.2580749651040684,3.2580752328962674,6.516144115752419
d:838:5.131583779238724e-06,3.258074965134197,3.2580752330346745,6.516145066585092
d:839:5.403401910797356e-06,3.2580749650634875,3.258075233051857,6.516144794713433
d:840:5.520848215034846e-06,3.258074964984629,3.258075232995626,6.51614467713204
d:841:5.166736236184022e-06,3.258074964939199,3.258075232943908,6.516145031146871
d:842:5.134779723192651e-06,3.2580749648706417,3.25807523297885,6.516145063069768
d:843:5.358030233715283e-06,3.258074964905625,3.2580752329081153,6.5161448397835064
d:844:5.456347195398337e-06,3.2580749648195226,3.2580752328441323,6.5161447413164595
d:845:5.1376125540514295e-06,3.2580749647406577,3.258075232838304,6.516145059966408
d:846:5.7856473487660764e-06,3.2580749649664016,3.2580752328324687,6.5161444121515215
d:847:5.414254213853553e-06,3.2580749650586163,3.258075232761728,6.516144783566131
d:848:5.366012892693561e-06,3.2580749649725083,3.258075232703685,6.516144831663301
d:849:4.8926648190672495e-06,3.2580749649756267,3.258075232728026,6.516145305038833
d:850:5.5502269571405805e-06,3.258074964992846,3.258075232657279,6.516144647423168
d:851:5.566600793649457e-06,3.2580749649289285,3.2580752326010436,6.516144630929179
d:852:5.524127990597094e-06,3.2580749649531597,3.25807523254932,6.516144673374489
d:853:5.864307446756811e-06,3.2580749651788987,3.258075232573655,6.516144333445107
d:854:5.458437991379128e-06,3.2580749651729928,3.2580752325029008,6.516144739237902
d:855:5.771747264127214e-06,3.2580749651378778,3.2580752324239977,6.516144425814612
d:856:5.846892962679817e-06,3.2580749651319647,3.2580752323608797,6.516144350599882
d:857:5.382680417831409e-06,3.2580749650740493,3.258075232364044,6.516144814757675
d:858:5.41803839126942e-06,3.2580749649975007,3.258075232287537,6.5161447792466465
d:859:4.824920614154848e-06,3.258074964941301,3.2580752323047184,6.516145372325406
d:860:5.363386438972384e-06,3.2580749649444156,3.2580752322593134,6.51614483381729
d:861:5.037820960396289e-06,3.2580749649686425,3.2580752322139013,6.516145159361583
d:862:5.509942099912735e-06,3.25807496490472,3.2580752321373896,6.5161446871000095
d:863:5.026924158713086e-06,3.258074964928939,3.2580752322757967,6.516145170280577
d:864:5.051709474734878e-06,3.25807496485823,3.2580752322140456,6.516145145362801
d:865:4.885970546375518e-06,3.258074964996573,3.258075232168627,6.516145311194653
d:866:5.045184690466442e-06,3.2580749649511422,3.258075232154998,6.51614515192145
d:867:5.423656993741588e-06,3.258074964916023,3.2580752320784794,6.516144773337508
d:868:5.153058038942504e-06,3.258074964854315,3.258075232026753,6.516145043823029
d:869:5.264368446056267e-06,3.258074964798111,3.258075231968709,6.516144932398373
d:870:5.786183959521907e-06,3.258074964712001,3.258075231906952,6.516144410434994
d:871:5.180640840762862e-06,3.2580749646480736,3.2580752319312847,6.516145015938518
d:872:4.691541244383757e-06,3.258074964577359,3.258075231845203,6.516145504881317
d:873:5.665951414712822e-06,3.2580749644912417,3.258075231875391,6.516144530415218
d:874:5.810811893880441e-06,3.25807496450846,3.2580752317987525,6.516144385495318
d:875:5.415883757464712e-06,3.2580749644295968,3.258075231747021,6.51614478029286
d:876:5.714468310991094e-06,3.258074964367883,3.2580752319727635,6.5161444818723355
d:877:5.160800901293783e-06,3.258074964311673,3.258075232002947,6.516145035513718
d:878:5.231199741828618e-06,3.258074964298051,3.2580752319389648,6.516144965037274
d:879:5.126698568780341e-06,3.2580749642215006,3.2580752318528767,6.516145069375809
d:880:5.051902084218796e-06,3.2580749641575686,3.2580752317948285,6.516145144050313
d:881:5.311884700098801e-06,3.2580749641925553,3.258075231797991,6.516144884105846
d:882:5.428263138540501e-06,3.2580749643308957,3.258075231828168,6.516144767895925
d:883:5.0653533358868685e-06,3.258074964266957,3.258075231792975,6.5161451307065965
d:884:5.254617112981919e-06,3.258074964270071,3.2580752317577732,6.516144941410731
d:885:5.480594598594735e-06,3.258074964206926,3.2580752317225654,6.516144715334892
d:886:5.194219403037437e-06,3.258074964138374,3.2580752316873505,6.516145001606322
d:887:5.182853990426395e-06,3.2580749640752225,3.2580752316012576,6.51614501282249
d:888:5.768847800347032e-06,3.258074964300964,3.2580752315394985,6.516144426992662
d:889:5.21344971016191e-06,3.258074964255533,3.258075231448541,6.516144982254364
d:890:5.568472549732917e-06,3.258074964193815,3.2580752313718997,6.516144627093165
d:891:5.311834637922175e-06,3.2580749641171076,3.2580752312952503,6.51614488357772
d:892:5.640089481673272e-06,3.2580749640653917,3.2580752312435166,6.516144555219427
d:893:5.446203251935344e-06,3.2580749640014486,3.2580752311525525,6.516144748950749
d:894:5.355539484774852e-06,3.258074964419696,3.2580752310885686,6.51614483996878
d:895:5.303147373680872e-06,3.2580749643679723,3.2580752310268037,6.516144892247402
d:896:5.227991173306634e-06,3.2580749644601945,3.2580752310569765,6.516144967525998
d:897:5.7765057235315e-06,3.258074964397037,3.2580752310433483,6.516144418934662
d:898:5.627514803485667e-06,3.258074964305903,3.2580752310605336,6.516144567851633
d:899:5.607178895417064e-06,3.258074964219786,3.2580752309744367,6.516144588015328
d:900:5.2534440300178176e-06,3.2580749641286446,3.2580752308977825,6.516144941582397
d:901:6.132866801955572e-06,3.2580749640520934,3.258075230839732,6.516144062025023
d:902:5.491223622478003e-06,3.2580749639659694,3.258075230931937,6.516144703674284
d:903:5.414187402408288e-06,3.258074963960063,3.2580752308865217,6.516144780659182
d:904:5.628700327164893e-06,3.258074963924947,3.25807523091669,6.51614456614131
d:905:5.785488901288716e-06,3.2580749639421667,3.2580752308377936,6.516144409291059
d:906:5.11188935803375e-06,3.258074963966391,3.258075230779737,6.51614508285677
d:907:5.463164573171753e-06,3.2580749638752438,3.2580752307739123,6.516144731484583
d:908:4.941440137962161e-06,3.2580749642934874,3.2580752309996566,6.516145253853006
d:909:5.86885129294501e-06,3.2580749642417612,3.258075230937888,6.516144326328357
d:910:5.110290536514128e-06,3.2580749641710502,3.258075230972842,6.516145084853355
d:911:5.175126095657845e-06,3.258074964396791,3.258075230914779,6.5161450201854745
d:912:5.658401127206503e-06,3.258074964320082,3.2580752309179437,6.516144536836899
d:913:4.8812633988148946e-06,3.2580749643550706,3.2580752308827288,6.5161453139744
d:914:5.296813167632308e-06,3.2580749642762106,3.2580752307966288,6.516144898259672
d:915:5.388214796120394e-06,3.2580749642244786,3.2580752307335197,6.516144806743202
d:916:5.430296638131438e-06,3.258074964145612,3.258075230656863,6.516144764505837
d:917:5.891283382908341e-06,3.2580749641698312,3.258075230651033,6.516144303537482
d:918:5.803072563814737e-06,3.258074964083704,3.258075230574521,6.516144391585661
d:919:5.583642812112544e-06,3.2580749641079176,3.2580752305114062,6.516144610976512
d:920:5.560802286197486e-06,3.2580749645261577,3.25807523060361,6.516144634327482
d:921:5.400394234911232e-06,3.25807496451254,3.258075230551875,6.516144794670181
d:922:5.278777800654666e-06,3.2580749644264073,3.258075230475358,6.516144916123965
d:923:5.671251532390897e-06,3.2580749643646914,3.2580752304113743,6.516144523524533
d:924:5.231924007809141e-06,3.2580749643295737,3.2580752303977474,6.516144962803313
d:925:4.661632481806066e-06,3.25807496435972,3.258075230432698,6.5161455331599365
d:926:5.576729289913374e-06,3.258074964296564,3.258075230387282,6.516144617954556
d:927:5.45650378125373e-06,3.258074964331549,3.258075230335543,6.516144738163311
d:928:5.630487217800351e-06,3.2580749644698956,3.258075230271553,6.5161445642542315
d:929:5.382109591778317e-06,3.258074964608235,3.2580752302084326,6.516144812707076
d:930:5.832754426116082e-06,3.2580749645465144,3.258075230173215,6.516144361965304
d:931:5.548463551718896e-06,3.258074964488613,3.25807523013799,6.516144646163051
d:932:5.421337720967756e-06,3.2580749645235922,3.2580752301729357,6.516144773358807
d:933:5.424716401414287e-06,3.2580749644470424,3.2580752301275138,6.516144769858155
d:934:5.446520137120103e-06,3.258074964477184,3.2580752300508546,6.5161447480079016
d:935:5.286670033299856e-06,3.2580749644006275,3.2580752300450224,6.516144907775617
d:936:5.220948539275128e-06,3.2580749643947224,3.2580752300481866,6.51614497349437
d:937:5.687466931192375e-06,3.2580749643240106,3.2580752300513427,6.516144506908422
d:938:5.582798650038967e-06,3.258074964462345,3.2580752299806055,6.5161446116443
d:939:5.517253899078867e-06,3.2580749646880873,3.2580752299225435,6.516144677356732
d:940:5.015059963753288e-06,3.258074964611524,3.258075229916705,6.516145179468266
d:941:5.047825939463735e-06,3.2580749645764038,3.2580752298306055,6.51614514658107
d:942:5.11288454152492e-06,3.25807496460654,3.258075229753941,6.51614508147594
d:943:5.21642883732909e-06,3.2580749646006297,3.2580752296774214,6.516144977849214
d:944:5.676382048847017e-06,3.258074964565503,3.258075229694612,6.516144517878066
d:945:5.36569995990277e-06,3.2580749644889337,3.258075229603656,6.51614482839263
d:946:5.4434161231853295e-06,3.258074964412357,3.2580752295455877,6.516144750541821
d:947:5.996989059120494e-06,3.2580749643357736,3.2580752296377913,6.516144196984506
d:948:5.529656140979e-06,3.258074964365904,3.258075229776216,6.51614466448598
d:949:5.966172778038015e-06,3.258074964314174,3.258075229868413,6.516144228009809
d:950:4.944133082496194e-06,3.2580749643491504,3.258075229782308,6.5161452499983765
d:951:5.864350440809574e-06,3.258074964767393,3.2580752298124813,6.516144330229433
d:952:5.908178679625564e-06,3.2580749647056697,3.258075229735957,6.516144286262947
d:953:5.655773974488909e-06,3.2580749646371294,3.258075229671967,6.516144538535122
d:954:5.72550895139301e-06,3.2580749646721,3.258075229595436,6.5161444687585846
d:955:5.072007205342288e-06,3.2580749646893272,3.2580752297338553,6.516145122415978
d:956:5.172509255579882e-06,3.2580749647815583,3.258075229654966,6.516145021927269
d:957:5.1622194314759895e-06,3.2580749647049703,3.258075229689911,6.51614503217545
d:958:5.095327288984208e-06,3.2580749647399334,3.2580752296259146,6.5161450990385585
d:959:5.418384287025901e-06,3.25807496468374,3.258075229629071,6.516144775928524
d:960:5.603360488493081e-06,3.258074964607039,3.2580752298548235,6.516144591101374
d:961:5.446429781841289e-06,3.2580749646011253,3.2580752300805687,6.516144748251913
d:962:5.418674407842161e-06,3.2580749645875127,3.2580752300016735,6.516144775914778
d:963:5.385648010225452e-06,3.2580749645313127,3.2580752300366136,6.516144808919916
d:964:5.2849736498217226e-06,3.2580749645176925,3.2580752299911926,6.516144909535235
d:965:5.734130348322708e-06,3.258074964459794,3.258075229900235,6.516144460229681
d:966:5.721989502660563e-06,3.2580749643958637,3.2580752298362334,6.516144472242594
d:967:5.22543514591689e-06,3.258074964382237,3.258075229750126,6.516144968697217
d:968:5.529939796744543e-06,3.2580749642961093,3.258075229888542,6.516144664244854
d:969:4.817883771934817e-06,3.2580749642275664,3.2580752299234756,6.51614537626727
d:970:5.671555457276156e-06,3.2580749641487077,3.258075229909854,6.5161445225031045
d:971:5.759588725950948e-06,3.258074964090803,3.2580752298746325,6.516144434376709
d:972:5.557709681802692e-06,3.2580749643165468,3.258075229966828,6.516144636573693
d:973:5.853394430488379e-06,3.2580749642586344,3.2580752298758653,6.51614434074007
d:974:5.752081677634635e-06,3.2580749641946998,3.2580752298930564,6.516144442006079
d:975:4.882763398050827e-06,3.2580749641035647,3.2580752298368494,6.516145311177016
d:976:5.594310827916615e-06,3.2580749641336952,3.258075229778783,6.516144599601651
d:977:5.734186269812369e-06,3.258074964163819,3.2580752297333597,6.516144459710909
d:978:5.2551774309961274e-06,3.2580749641939355,3.258075229719733,6.516144938736238
d:979:5.603522287067619e-06,3.258074964107804,3.258075229945476,6.516144590530993
d:980:5.234367883133473e-06,3.2580749641427666,3.2580752298747435,6.516144959649627
d:981:5.20073732079851e-06,3.258074964234998,3.258075229823012,6.516144993320689
d:982:5.64732531849188e-06,3.2580749641582942,3.2580752297877864,6.516144546620762
d:983:5.428113816208224e-06,3.258074964102093,3.258075229711126,6.516144765699403
d:984:5.2164656709763335e-06,3.2580749640503663,3.258075229728313,6.516144977313009
d:985:5.3351471658302785e-06,3.258074964085322,3.258075229752671,6.516144858690827
d:986:5.508282628241545e-06,3.2580749641154334,3.258075229769851,6.516144685602656
d:987:5.824607013593663e-06,3.258074964038723,3.258075229908265,6.516144369339974
d:988:5.408813393614764e-06,3.2580749639933138,3.2580752298396867,6.516144785019607
d:989:5.17942355493517e-06,3.258074963979685,3.258075229864038,6.516145014420168
d:990:5.711327455415471e-06,3.2580749639165405,3.2580752298812117,6.516144482470297
d:991:5.3437322531380005e-06,3.258074963910629,3.2580752299161437,6.51614485009452
d:992:5.832558967355794e-06,3.258074964048972,3.258075229858074,6.516144361348079
d:993:5.47809805695465e-06,3.258074963972386,3.2580752298522437,6.516144715726573
d:994:5.191556359918081e-06,3.258074963920654,3.2580752297836586,6.516145002147953
d:995:5.163617915471264e-06,3.2580749638499524,3.258075229720551,6.516145029952588
d:996:5.399532998495715e-06,3.2580749638800586,3.258075229668816,6.516144794015876
d:997:5.957437169357149e-06,3.258074963834643,3.258075229607065,6.516144236004539
d:998:5.292211573859618e-06,3.2580749637579296,3.2580752295430653,6.516144901089421
d:999:5.406941647301267e-06,3.2580749637520126,3.258075229479058,6.516144786289423
d:1000:5.268786065215636e-06,3.2580749641702615,3.258075229400167,6.5161449247843635
