data: dataset/foma/
d:1:0.1629772533714018,1.0498083865134902,1.0498084256365061,1.9366395587785945
d:2:0.15213878993012742,1.0498083866142096,1.049808385315501,1.947477981999583
d:3:0.1457724425662299,1.049808386714929,1.049808344994478,1.953844289143177
d:4:0.14073698932405776,1.0498083868156485,1.0498083046734337,1.9588797021650244
d:5:0.136946251729281,1.0498083869163608,1.0498083047741495,1.9626704399612294
d:6:0.1337757096181562,1.0498083870170838,1.049808304874869,1.9658409822737966
d:7:0.13100403540547134,1.0498083902595639,1.0498083049755884,1.968612659829681
d:8:0.12851000935573254,1.049808393502044,1.04980826465453,1.9711066488008413
d:9:0.12615065497695,1.049808396744524,1.0498082678970029,1.9734660096645769
d:10:0.12392299316162436,1.049808399987004,1.0498082679977223,1.975693674823102
d:11:0.12182553048203815,1.0498084032294877,1.0498082712402024,1.9777911439876519
d:12:0.11973580829451436,1.049808403330207,1.0498082713409254,1.979880866376618
d:13:0.11774907877538254,1.049808403430923,1.0498082714416377,1.981867596097178
d:14:0.11581807956709511,1.0498084066734066,1.0498082746841177,1.9837986017904292
d:15:0.11390750751707657,1.049808406774126,1.0498082747848372,1.9857091740418866
d:16:0.11205423138954984,1.049808406874842,1.0498082780273208,1.9875624535126128
d:17:0.11018832498078979,1.0498084069755613,1.0498082812697973,1.9894283632645688
d:18:0.10839400162707236,1.0498084102180414,1.0498082845122774,1.9912226931032464
d:19:0.10668768609903978,1.0498084103187608,1.0498082846129968,1.9929290088327178
d:20:0.10494482862621979,1.0498084104194803,1.0498082847137127,1.9946718665069731
d:21:0.10323562187242885,1.0498084136619603,1.0498082879561927,1.9963810797457242
d:22:0.10163347268308698,1.049808416904444,1.0498082911986728,1.9979832354200298
d:23:0.09995348224988732,1.049808420146924,1.0498082944411529,1.9996632323381895
d:24:0.09838690383855209,1.0498084202476399,1.0498082976836365,2.0012298140927243
d:25:0.09674979813239659,1.0498084203483629,1.049808297784356,2.002866920000322
d:26:0.09528012833811061,1.049808423590843,1.0498082978850718,2.004336593137804
d:27:0.09371393341841383,1.0498084268333265,1.0498082979857912,2.005902791400704
d:28:0.09240031176128127,1.0498084300758066,1.0498083012282677,2.007216419542793
d:29:0.09075117219137852,1.049808430176526,1.0498083044707514,2.008865562455899
d:30:0.08935483852594928,1.049808430277242,1.0498083077132314,2.010261899464524
d:31:0.08793313761452382,1.0498084303779613,1.049808310955715,2.0116836037191526
d:32:0.08648752614864463,1.0498084304786772,1.049808311056431,2.0131292153864635
d:33:0.08509278472836712,1.0498084337211608,1.049808314298911,2.0145239632917047
d:34:0.08372804281944113,1.049808436963641,1.0498083143996269,2.0158887085438266
d:35:0.08237115191977651,1.0498084370643639,1.0498083145003463,2.0172455996449337
d:36:0.08107156210411048,1.0498084403068475,1.0498083146010693,2.0185451928038063
d:37:0.07971227143837467,1.0498084404075634,1.0498083178435458,2.0199044868127345
d:38:0.07844844562239928,1.049808443650047,1.0498083210860258,2.0211683191136736
d:39:0.07716305329211792,1.049808446892527,1.0498083243285024,2.0224537179289115
d:40:0.0758928003519479,1.049808446993243,1.0498083244292218,2.023723971070517
d:41:0.07463371480066527,1.0498084470939588,1.0498083245299412,2.0249830568232348
d:42:0.07341884103491836,1.049808450336446,1.0498083277724248,2.0261979370739525
d:43:0.0722000131951539,1.049808453578926,1.0498083278731407,2.027416768256913
d:44:0.0710227658461875,1.0498084568214097,1.0498083279738566,2.0285940189490788
d:45:0.06983867505354979,1.0498084600638933,1.0498083312163402,2.0297781162266837
d:46:0.06864642664893594,1.0498084601646127,1.0498083344588238,2.0309703679745006
d:47:0.06746487584307914,1.0498084634070928,1.0498083345595361,2.03215192212355
d:48:0.06637272872878697,1.0498084666495764,1.0498083346602556,2.033244072581045
d:49:0.06520154903253328,1.04980846989206,1.0498083379027392,2.034415258762266
d:50:0.06412873247358775,1.0498084699927723,1.0498083380034515,2.035488075522636
d:51:0.06300070040751393,1.0498084700934953,1.0498083412459387,2.03661611093192
d:52:0.061919004976587644,1.049808473335979,1.0498083444884188,2.03769781284781
d:53:0.06086042569891603,1.0498084734366913,1.0498083445891346,2.03875639232691
d:54:0.05980622972283811,1.0498084766791784,1.0498083478316182,2.0398105947879586
d:55:0.058764278303470974,1.0498084767799014,1.0498083510741019,2.0408525495505323
d:56:0.057706038003424,1.0498084768806173,1.049808354316582,2.041910793193775
d:57:0.05668899728883403,1.0498084769813367,1.0498083575590655,2.0429278372515682
d:58:0.05570411195465752,1.0498084770820526,1.0498083576597814,2.0439127227871765
d:59:0.054711653452041986,1.0498084803245362,1.049808360902265,2.0449051877747593
d:60:0.05370763774057963,1.0498084835670198,1.049808364144745,2.0459092099711853
d:61:0.05275664689511217,1.0498084868095,1.0498083673872252,2.046860207301613
d:62:0.05183408396163358,1.0498084869102193,1.0498083674879446,2.0477827704365303
d:63:0.05085271951114834,1.049808490152703,1.049808367588664,2.0487641382302186
d:64:0.04991104311840289,1.0498084933951866,1.049808370831144,2.0497058211079278
d:65:0.04898228350949552,1.049808493495906,1.0498083740736277,2.050634584060038
d:66:0.048094376496923275,1.0498084935966219,1.0498083773161078,2.0515224944158064
d:67:0.04716707287112598,1.049808496839102,1.0498083774168272,2.052449801384803
d:68:0.04626111054802351,1.049808500081589,1.0498083775175466,2.0533557670511122
d:69:0.045370026383000805,1.0498085001823085,1.0498083807600267,2.0542468545593344
d:70:0.04452413538984601,1.0498085034247886,1.0498083808607426,2.055092748895685
d:71:0.043660976744909874,1.0498085035255045,1.0498083841032262,2.055955910883821
d:72:0.04281045573228681,1.049808503626224,1.0498083873457063,2.0568064352396433
d:73:0.041957221595353644,1.0498085037269398,1.0498083874464257,2.057659669578012
d:74:0.041166815437431836,1.0498085038276592,1.0498083875471416,2.058450075937369
d:75:0.04034933625474579,1.0498085070701464,1.0498083876478645,2.059267558463265
d:76:0.039522163365536045,1.04980851031263,1.0498083877485769,2.060094734695671
d:77:0.03872172751203351,1.0498085135551136,1.0498083909910605,2.0608951770341406
d:78:0.037944860026325244,1.0498085136558295,1.0498083942335406,2.061672047863045
d:79:0.0371464140371387,1.049808513756549,1.0498083974760277,2.062470497195438
d:80:0.03641649383067147,1.049808516999029,1.0498084007185042,2.0632004238868618
d:81:0.035629974179062884,1.0498085202415126,1.0498084008192237,2.0639869468816734
d:82:0.03486203856761705,1.049808520342232,1.049808400919943,2.064754882694558
d:83:0.034130908267886895,1.0498085204429515,1.049808401020659,2.0654860131957236
d:84:0.03339922440475718,1.0498085205436674,1.0498084042631461,2.0662177004020563
d:85:0.03267766029148689,1.049808523786151,1.049808404363862,2.066939267858526
d:86:0.03195180198145309,1.0498085238868704,1.0498084044645815,2.0676651263699988
d:87:0.031245950819915436,1.0498085239875827,1.0498084045652973,2.0683709777329646
d:88:0.030572566390141276,1.0498085240883022,1.0498084046660132,2.069044362364174
d:89:0.02988619073758869,1.0498085241890216,1.049808404766729,2.069730738218162
d:90:0.029200030165998925,1.049808524289734,1.049808404867445,2.07041689899118
d:91:0.028531720938278937,1.049808527532221,1.0498084049681609,2.071085211562103
d:92:0.02788737172141964,1.0498085307747083,1.0498084050688803,2.071729564122169
d:93:0.027230663422745494,1.0498085340171883,1.0498084083113604,2.072386278905803
d:94:0.02658094982313486,1.0498085341179078,1.0498084115538475,2.0730359958486204
d:95:0.025948413193241038,1.0498085373603914,1.0498084116545598,2.07366853582171
d:96:0.025313789981627366,1.0498085374611108,1.0498084117552793,2.0743031592347627
d:97:0.024696048459432518,1.0498085407035944,1.049808414997763,2.074920907241925
d:98:0.024105065153747773,1.0498085408043103,1.0498084182402465,2.075511893890809
d:99:0.02350356411495369,1.0498085409050262,1.0498084214827301,2.0761133982728026
d:100:0.022912193502360623,1.0498085441475133,1.0498084215834496,2.0767047722286023
d:101:0.022330688883815952,1.0498085442482292,1.0498084216841654,2.0772862770485787
d:102:0.021761424207660696,1.0498085474907164,1.049808424926649,2.0778555482097048
d:103:0.021176485025740988,1.0498085475914287,1.049808425027365,2.0784404875930527
d:104:0.020615346872347118,1.0498085476921446,1.0498084282698485,2.079001629089646
d:105:0.02007957325625398,1.0498085509346353,1.0498084315123357,2.079537409190717
d:106:0.019537724319867777,1.0498085510353512,1.0498084347548158,2.080079261470299
d:107:0.01900155496622702,1.049808551136067,1.0498084348555317,2.0806154310253717
d:108:0.018477944403564095,1.0498085543785507,1.0498084380980188,2.0811390480730054
d:109:0.017973990237525328,1.0498085544792701,1.0498084413405024,2.0816430055822472
d:110:0.017482665621681548,1.0498085577217573,1.049808444582986,2.082134336683062
d:111:0.01698002436571855,1.049808560964241,1.0498084478254697,2.082636984423992
d:112:0.016477287025015386,1.0498085642067245,1.0498084510679533,2.0831397282496624
d:113:0.016010983009469015,1.0498085674492117,1.0498084511686692,2.083606035608412
d:114:0.015529367444059972,1.0498085706916953,1.049808451269385,2.0840876545170204
d:115:0.015039770582937706,1.0498085739341825,1.0498084545118687,2.0845772578631134
d:116:0.014573497641592326,1.0498085740348984,1.0498084577543558,2.085043534147662
d:117:0.014116665650380611,1.0498085772773855,1.0498084578550682,2.085500369482073
d:118:0.013702110501771614,1.0498085805198691,1.0498084579557876,2.085914927973885
d:119:0.013259526123754029,1.049808580620585,1.0498084611982712,2.086357515695102
d:120:0.012830965918102066,1.0498085838630722,1.0498084644407548,2.086786082385725
d:121:0.012404991572903867,1.0498085871055558,1.0498084645414743,2.087212060074126
d:122:0.011973594756089057,1.0498085872062752,1.0498084646421901,2.0876434570923763
d:123:0.011584008177450755,1.0498085904487624,1.049808464742906,2.0880330470142177
d:124:0.011180153714555274,1.0498085905494783,1.049808464843622,2.088436901678545
d:125:0.010810274360405714,1.0498085906501942,1.0498084680861055,2.088806784375894
d:126:0.010400610967270296,1.0498085938926813,1.0498084713285891,2.089216454254
d:127:0.01003590011541533,1.049808597135165,1.0498084745710763,2.089581171590826
d:128:0.009666689181191401,1.0498086003776557,1.0498084778135635,2.0899503890100277
d:129:0.009301966132643003,1.0498086036201357,1.049808481056047,2.09031511854354
d:130:0.008963701117586709,1.0498086037208552,1.0498084842985342,2.0906533869018027
d:131:0.008612606186101601,1.0498086038215746,1.0498084843992501,2.091004482034723
d:132:0.008274026640460619,1.0498086070640582,1.049808484499966,2.0913430649235636
d:133:0.007946387686004641,1.0498086071647776,1.0498084846006819,2.091670704079455
d:134:0.007615926542854368,1.0498086104072613,1.0498084878431655,2.0920011717075724
d:135:0.00730918980508477,1.0498086105079771,1.049808487943885,2.0923079086467773
d:136:0.006992588939283451,1.0498086137504608,1.0498084880445973,2.0926245128557746
d:137:0.006689641757393616,1.0498086169929515,1.0498084912870844,2.0929274665226423
d:138:0.006400544877806169,1.0498086170936674,1.049808494529568,2.093216566745429
d:139:0.006124935375300566,1.0498086203361545,1.0498084946302875,2.0934921795911414
d:140:0.005828955755195153,1.0498086235786417,1.0498084947309998,2.0937881625544463
d:141:0.00555900441634094,1.0498086236793576,1.049808497973487,2.0940581172365036
d:142:0.005282048100976766,1.0498086269218447,1.0498084980742028,2.094335076895071
d:143:0.005023778698358683,1.0498086301643283,1.0498084981749152,2.094593349640885
d:144:0.004763185400260994,1.0498086302650478,1.0498084982756346,2.0948539431404214
d:145:0.004512825457602787,1.0498086303657637,1.0498084983763505,2.0951043032845114
d:146:0.004263995850489977,1.0498086336082508,1.0498084984770664,2.095353136234827
d:147:0.004028340219612403,1.0498086337089667,1.0498085017195535,2.095588795208908
d:148:0.0037822255288872952,1.0498086369514539,1.0498085049620407,2.0958349163846073
d:149:0.0035563250893844156,1.0498086370521698,1.0498085050627566,2.096060817025542
d:150:0.0033557377277801947,1.049808640294657,1.0498085083052402,2.096261410872117
d:151:0.003153806052260677,1.049808643537144,1.0498085115477274,2.096463349032611
d:152:0.00290531898688684,1.04980864363786,1.049808514790211,2.096711839441184
d:153:0.0027193443772581816,1.0498086468803436,1.0498085148909233,2.0968978173940087
d:154:0.002533378686305099,1.0498086501228308,1.0498085149916392,2.097083786428165
d:155:0.00237066556697485,1.0498086502235502,1.049808515092355,2.0972464997489304
d:156:0.0021999334829345685,1.0498086503242696,1.0498085151930745,2.0974172320344096
d:157:0.0020547025115718043,1.0498086535667532,1.0498085152937868,2.0975624663489683
d:158:0.0019129361706973214,1.0498086536674691,1.049808518536274,2.097704236033046
d:159:0.001771498096491797,1.0498086537681885,1.0498085217787612,2.097845677450458
d:160:0.001643607572212602,1.0498086570106757,1.049808521879477,2.09797357131794
d:161:0.001522714970317196,1.0498086571113916,1.0498085251219642,2.0980944672630386
d:162:0.0014119085495494232,1.0498086572121075,1.04980852522268,2.098205273885238
d:163:0.0013088720104406093,1.0498086604545982,1.0498085284651673,2.098308316909325
d:164:0.0012075945659155707,1.049808660555314,1.0498085285658796,2.098409594555278
d:165:0.0011134642751962076,1.0498086215329572,1.0498085318083703,2.0985036890661313
d:166:0.0010274481244145761,1.0498086130364008,1.0498085319090826,2.098589696821069
d:167:0.0009498350613306172,1.0498086045398445,1.0498085351515698,2.0986673046300837
d:168:0.0008786026920617473,1.0498086077823316,1.049808538394057,2.098738543484327
d:169:0.0008086623759595568,1.0498085992857717,1.0498085384947693,2.0988084754045815
d:170:0.0007474781852074841,1.0498085907892154,1.0498085385954852,2.098869651199493
d:171:0.000689412903099651,1.0498085940317061,1.0498085386962046,2.098927719824811
d:172:0.0006414714135161148,1.0498085972741897,1.0498085419386847,2.0989756677993583
d:173:0.000589000586273869,1.0498085887776334,1.049808542039404,2.0990281302307636
d:174:0.000544412823654028,1.0498085920201206,1.0498085452818877,2.0990727244783542
d:175:0.00050524735747004,1.0498085952626148,1.0498085453826,2.099111893287745
d:176:0.0004721941191263568,1.049808586766055,1.0498085486250908,2.0991449412720193
d:177:0.00044195662007950887,1.049808578269495,1.049808551867578,2.0991751735169935
d:178:0.000415168507949204,1.0498085697729351,1.0498085519682938,2.0992019532332797
d:179:0.0003856888131785752,1.0498085612763752,1.0498085129459511,2.0992313854091478
d:180:0.0003646789304241338,1.0498085527798118,1.049808513046667,2.0992523868960546
d:181:0.0003433993982220329,1.0498085560223025,1.0498085162891542,2.0992736729132346
d:182:0.0003222458831473318,1.049808547525739,1.0498085195316413,2.099294821174233
d:183:0.0003055338608994873,1.0498085507682262,1.049808522774125,2.0993115396814517
d:184:0.0002916173293172619,1.0498085422716628,1.0498085228748444,2.09932544781719
d:185:0.00027674863110860315,1.0498085455141535,1.0498085229755567,2.0993403198586016
d:186:0.00026293752741324283,1.04980853701759,1.049808523076269,2.099354122566446
d:187:0.00025511302294489724,1.0498085402600772,1.0498085231769814,2.0993619504141137
d:188:0.00024684295571120174,1.0498085317635137,1.0498085264194756,2.099370215227278
d:189:0.00023621835972065242,1.0498085232669503,1.049808526520188,2.0993808314274176
d:190:0.00023214737994692314,1.0498085147703833,1.0498085266209003,2.0993848940113367
d:191:0.0002244814529070993,1.0498085180128705,1.049808529863384,2.0993925664233473
d:192:0.00021768257286680637,1.0498085095163034,1.0498085331058746,2.0993993600493113
d:193:0.00021728852236435614,1.0498085010197364,1.049808533206587,2.099399745703959
d:194:0.00021124059399113548,1.0498085042622272,1.0498085333073028,2.099405796975539
d:195:0.00020302003259686785,1.0498085075047143,1.04980853654979,2.0994140240219075
d:196:0.0001931824727456899,1.0498084990081473,1.0498085397922772,2.099423856327679
d:197:0.00018434674676370832,1.0498085022506345,1.049808539892993,2.099432695396864
d:198:0.00017460844038907908,1.0498084937540675,1.0498085431354802,2.0994424284491586
d:199:0.0001559463836358077,1.0498084969965547,1.0498085432361925,2.0994610938491114
d:200:0.00013753839221664066,1.0498085002390454,1.0498085433369084,2.099479505183737
d:201:0.00015326068416499083,1.0498084917424748,1.0498085465793991,2.099463777637709
d:202:0.00011469348271830881,1.049808494984962,1.0498085498218863,2.09950235132413
d:203:7.865050156397047e-05,1.0498084982274527,1.0498085530643735,2.099538400790262
d:204:6.62393813186668e-05,1.0498085014699399,1.0498085531650894,2.0995508152537106
d:205:6.542602006121001e-05,1.0498084929733693,1.049808556407573,2.099551623360881
d:206:7.001816105400849e-05,1.0498084962158565,1.0498085565082889,2.0995470345630913
d:207:7.62535318337143e-05,1.0498084994583436,1.0498085566090047,2.0995408025355147
d:208:8.28687662739469e-05,1.0498085027008273,1.0498085598514884,2.0995341937860417
d:209:8.848795848948043e-05,1.0498084942042603,1.049808563093979,2.09952856933975
d:210:9.387841556218746e-05,1.049808497446751,1.049808563194695,2.0995231822258837
d:211:9.836035029664458e-05,1.0498085006892381,1.0498085664371821,2.0995187067761236
d:212:0.00010119073626668751,1.0498084921926711,1.0498085665378944,2.099515867994299
d:213:0.000104207004376633,1.049808483696097,1.0498085666386103,2.0995128433303307
d:214:0.00010631107099356996,1.0498084751995265,1.0498085698810975,2.0995107340096304
d:215:0.00010810181627718407,1.0498084784420172,1.0498085731235882,2.0995089497493282
d:216:0.00010942573519656662,1.0498084816845008,1.0498085763660754,2.0995076323153796
d:217:0.00011089468875979946,1.0498084849269915,1.0498085764667913,2.099506166705023
d:218:0.00011168215124612857,1.0498084764304174,1.0498085797092784,2.0995053739884497
d:219:0.0001126139409741711,1.0498084679338469,1.0498085829517692,2.099504436944642
d:220:0.000112843934061857,1.049808471176334,1.0498085861942563,2.0995042134365285
d:221:0.00011291132859270192,1.0498084744188176,1.0498085862949686,2.0995041493851936
d:222:0.00011323321084333315,1.0498084776613084,1.049808586395688,2.099503830846153
d:223:0.00011365623009496062,1.049808480903792,1.0498085896381752,2.0995034143118723
d:224:0.00011396709593114451,1.0498084841462791,1.0498085928806624,2.0995031099310104
d:225:0.00011431728681543518,1.0498084873887699,1.0498085961231567,2.099502766225111
d:226:0.0001143737963360536,1.0498084788921958,1.049808596223869,2.0995027013197287
d:227:0.0001142837026790744,1.0498084703956216,1.0498085994663562,2.0995027861592988
d:228:0.00011457732313502333,1.0498084736381088,1.0498085995670685,2.0995024958820423
d:229:0.00011449510855854328,1.0498084768805924,1.0498085996677808,2.0995025814398147
d:230:0.00011451697999831367,1.0498084683840219,1.0498085997684967,2.0995025511725203
d:231:0.0001147037154005659,1.0498084716265126,1.0498085998692126,2.0995023677803246
d:232:0.00011457405650361352,1.049808463129935,1.049808599969925,2.0995024890433562
d:233:0.00011454235654539957,1.0498084546333608,1.049808603212412,2.0995025154892275
d:234:0.00011468684060389478,1.0498084578758444,1.049808603313128,2.0995023743483685
d:235:0.00011475572153329949,1.0498084611183351,1.0498086065556151,2.099502311952417
d:236:0.00011466059241627136,1.0498084526217575,1.0498086097981059,2.099502401827447
d:237:0.00011470057693330205,1.0498084441251798,1.0498086098988182,2.0995023534470647
d:238:0.00011462518062899107,1.049808447367667,1.049808609999534,2.099502432186572
d:239:0.00011466713727159572,1.0498084388710929,1.0498086101002464,2.0995023818340677
d:240:0.00011475995600562783,1.0498084303745152,1.0498086102009587,2.0995022806194683
d:241:0.0001148286674030885,1.0498084336169988,1.049808613443446,2.0995022183930416
d:242:0.0001146789144534921,1.0498084251204176,1.0498086135441618,2.099502359750126
d:243:0.00011477330603071323,1.04980841662384,1.0498086167866525,2.0995022601044617
d:244:0.00011489008434040215,1.0498084081272623,1.0498086168873648,2.0995021349302867
d:245:0.00011471092416215356,1.0498084113697495,1.0498086169880771,2.0995023174336644
d:246:0.00011476788274222827,1.0498084028731647,1.049808617088786,2.0995022520792084
d:247:0.0001146599821026939,1.0498083943765835,1.0498086171895018,2.0995023515839826
d:248:0.00011479129540603594,1.0498083976190742,1.0498086172902141,2.0995022236138823
d:249:0.00011462578100562837,1.049808389122493,1.04980861739093,2.0995023807324174
d:250:0.0001147628568567427,1.0498083806259046,1.0498086206334172,2.099502238402465
d:251:0.0001147023285774651,1.0498083721293234,1.0498086207341295,2.0995022905348755
d:252:0.00011472692850134081,1.049808363632735,1.0498086239766202,2.099502260680854
d:253:0.00011469887709125715,1.0498083668752258,1.0498086240773326,2.099502292075467
d:254:0.00011486119963777242,1.0498083583786375,1.0498086273198197,2.0995021244988195
d:255:0.0001147944735073736,1.0498083498820563,1.049808630562314,2.099502185970863
d:256:0.00011482165987075632,1.04980835312454,1.0498086306630228,2.099502162127692
d:257:0.00011478102760165143,1.0498083446279551,1.0498086307637386,2.099502194364092
d:258:0.00011487120066533407,1.0498083361313668,1.0498086340062294,2.099502098936931
d:259:0.00011472118944055865,1.0498083393738575,1.04980863724872,2.099502255433137
d:260:0.00011481936157053951,1.0498083426163447,1.0498086404912108,2.099502163745985
d:261:0.00011486587791154079,1.0498083458588319,1.049808643733705,2.0995021237146254
d:262:0.00011480916306538802,1.049808349101319,1.0498086438344174,2.099502183772671
d:263:0.00011475115224612864,1.0498083406047307,1.0498086470769081,2.0995022365293927
d:264:0.0001147592225620997,1.0498083438472214,1.0498086503193989,2.099502234944058
d:265:0.00011491206434044443,1.0498083470897086,1.0498086504201112,2.0995020854454793
d:266:0.00011486844733354928,1.0498083503321958,1.049808653662602,2.099502135547464
d:267:0.00011500953527843194,1.0498083418356075,1.0498086569050926,2.0995019892054216
d:268:0.00011498073169136092,1.0498083450780946,1.0498086601475833,2.0995020244939866
d:269:0.00011500402115416364,1.0498083365815098,1.0498086633900776,2.0995019959504333
d:270:0.00011493617961377822,1.0498083398239935,1.04980866349079,2.0995020671351696
d:271:0.00011486952765338287,1.0498083430664842,1.0498086635914987,2.0995021371303295
d:272:0.00011475652027215233,1.0498083345698923,1.0498086668339894,2.0995022448836096
d:273:0.00011471620493708201,1.049808326073304,1.0498086700764837,2.0995022799448506
d:274:0.00011468331325303893,1.0498083175767086,1.0498086733189744,2.09950230758243
d:275:0.0001147547603217447,1.0498083090801167,1.0498086765614651,2.09950223088126
d:276:0.00011453628098934132,1.0498083123226039,1.0498086798039559,2.0995024558455704
d:277:0.00011448804847091765,1.0498083155650946,1.0498086799046717,2.0995025074212954
d:278:0.00011440436062315484,1.0498083188075817,1.049808680005384,2.0995025944523427
d:279:0.00011441936691980459,1.0498083103109863,1.0498086801060964,2.099502571050163
d:280:0.00011444635835999861,1.0498083018143944,1.0498086833485907,2.099502538804625
d:281:0.00011431460191246856,1.0498082933178026,1.0498086834492995,2.0995026621651895
d:282:0.00011411514663706157,1.0498082965602897,1.0498086866917902,2.099502868105443
d:283:0.00011405218893045799,1.049808299802777,1.0498086899342844,2.099502937548131
d:284:0.00011421602295413891,1.049808303045264,1.0498086931767752,2.099502780199085
d:285:0.00011415637503731091,1.0498083062877548,1.0498086964192694,2.099502846331987
d:286:0.00011404203231535348,1.049808309530242,1.0498086996617602,2.0995029671596868
d:287:0.00011385764253546427,1.0498083127727291,1.0498086997624725,2.099503154892666
d:288:0.00011359483842809937,1.0498083160152163,1.0498086998631848,2.099503421039973
d:289:0.00011319392123709804,1.0498083075186244,1.0498087031056755,2.099503816703063
d:290:0.00011274182606868521,1.0498083107611116,1.0498087063481698,2.0995042752832127
d:291:0.00011289126969415975,1.0498083022645162,1.0498087095906605,2.0995041205854825
d:292:0.00011228289232434463,1.0498082937679172,1.0498087128331512,2.099504723708744
d:293:0.00011164766204885268,1.0498082852713218,1.0498087129338671,2.09950535054314
d:294:0.00011086393124770666,1.0498082767747228,1.0498087161763578,2.099506129019833
d:295:0.00011026051100060386,1.0498082682781273,1.0498087194188521,2.099506727185979
d:296:0.0001084803758750752,1.049808271520618,1.0498087226613428,2.099508513806086
d:297:0.00010620270718675329,1.0498082747631052,1.0498087259038336,2.099510797959752
d:298:0.00010416151766889925,1.0498082662665063,1.049808726004546,2.0995128307533832
d:299:0.00010168259548137826,1.0498082577699073,1.0498087292470402,2.099515304421466
d:300:9.74794116963551e-05,1.049808261012398,1.0498087324895273,2.099519514090229
d:301:9.25706786958358e-05,1.0498082525157955,1.0498087357320216,2.0995244175691212
d:302:7.865600804279893e-05,1.0498082440192,1.0498087389745159,2.099538326985673
d:303:6.651131247892295e-05,1.0498082472616836,1.0498087390752282,2.099550475024433
d:304:5.61033258605903e-05,1.0498082387650811,1.049808739175937,2.0995608746151575
d:305:4.590036558127508e-05,1.0498082302684821,1.0498087424184313,2.099571072321332
d:306:3.753651963123161e-05,1.0498082217718796,1.0498087425191471,2.0995794277713955
d:307:3.004439805920356e-05,1.049808213275277,1.0498087426198595,2.0995869114970773
d:308:2.282841983713979e-05,1.049808204778671,1.0498087427205753,2.099594119079409
d:309:1.6730215289584294e-05,1.049808196282065,1.049808745963066,2.0996002120298414
d:310:1.1897504734292852e-05,1.0498081877854588,1.0498087492055568,2.0996050394862813
d:311:8.56591218223457e-06,1.0498081792888563,1.0498087493062727,2.0996083626829467
d:312:6.089855155266832e-06,1.0498081707922502,1.0498087525487634,2.0996108334858583
d:313:3.848152488217238e-06,1.0498081622956406,1.0498087557912577,2.09961306993441
d:314:2.2351458497382737e-06,1.0498081655381313,1.04980875589197,2.0996146862842515
d:315:1.4438024251717252e-06,1.0498081570415216,1.0498087591344643,2.0996154723735607
d:316:1.454808135292751e-06,1.0498081602840124,1.0498087592351766,2.0996154647110536
d:317:2.153690687123344e-06,1.049808121261595,1.049808759335889,2.099614726906797
d:318:2.911427209539852e-06,1.049808121362318,1.0498087625783832,2.0996139725134917
d:319:4.556891891382975e-06,1.049808121463041,1.0498087658208775,2.099612330392027
d:320:6.286906987895691e-06,1.049808121563764,1.0498087659215827,2.099610600578359
d:321:8.278629568536644e-06,1.0498081248062547,1.0498087691640805,2.0996086153407667
d:322:1.0990805712651763e-05,1.049808128048742,1.0498087724065712,2.0996059096496005
d:323:1.3588056898328205e-05,1.049808131291229,1.0498087756490655,2.0996033188833962
d:324:1.6034268028874976e-05,1.0498081313919592,1.0498087757497814,2.0996008728737117
d:325:2.0543278729689973e-05,1.0498081346344463,1.0498087789922685,2.099596370347985
d:326:2.3906774952564547e-05,1.0498081378769335,1.0498087822347628,2.0995930133367438
d:327:2.7956179838639628e-05,1.0498081411194207,1.049808785477257,2.099588970416839
d:328:3.30789069948878e-05,1.0498081443619078,1.0498087855779694,2.0995838510328824
d:329:3.9622631284430554e-05,1.0498081444626344,1.0498087856786817,2.0995773075100317
d:330:4.47081601286925e-05,1.049808144563361,1.049808788921176,2.0995722253244082
d:331:4.9578383883641663e-05,1.0498081478058445,1.049808789021892,2.099567358443853
d:332:5.647929144458885e-05,1.0498081479065746,1.0498087922643862,2.099560460879516
d:333:6.29591816085906e-05,1.0498081480072976,1.049808795506877,2.099553984332566
d:334:6.842525896644247e-05,1.0498081481080241,1.0498087987493712,2.099548521598429
d:335:7.503444550849281e-05,1.0498081513505113,1.0498087988500835,2.0995419157550863
d:336:7.970011070312921e-05,1.049808154593002,1.0498088020925778,2.0995372565748767
d:337:8.488126783845473e-05,1.049808154693725,1.04980880219329,2.0995320756191767
d:338:9.255801915486472e-05,1.0498081579362193,1.0498088054357844,2.099524405352849
d:339:0.00010047562971848834,1.0498081580369423,1.0498088055364967,2.0995164879437205
d:340:0.0001102776913448622,1.049808161279433,1.049808808778991,2.099506692367079
d:341:0.00011805323983438143,1.0498081645219202,1.0498088120214852,2.099498923303571
d:342:0.00012198320834855281,1.0498081677644073,1.049808815263976,2.0994949998200347
d:343:0.00013369460285872492,1.049808171006898,1.0498088185064702,2.0994832949105096
d:344:0.00013938433742666234,1.0498081742493852,1.049808821748961,2.0994776116609195
d:345:0.0001474567751778011,1.049808177491876,1.0498088218496768,2.099469542566375
d:346:0.00015634079196047423,1.049808180734363,1.049808825092171,2.0994606650345737
d:347:0.00016634668325465896,1.0498081839768503,1.0498088251928799,2.0994506624864755
d:348:0.00017544582556894284,1.0498081872193445,1.0498087861704768,2.0994415275642524
d:349:0.00018129439864367214,1.0498081904618317,1.049808745849301,2.099435641912489
d:350:0.00018906903277837728,1.0498081905625583,1.0498087459500134,2.0994278674797933
d:351:0.00019528018653502954,1.0498081906632812,1.0498087056288163,2.0994216161055625
d:352:0.0001973145319169589,1.0498081907640042,1.049808665307605,2.0994195415396923
d:353:0.00019253880546798996,1.049808194006495,1.0498086654083139,2.099424320609341
d:354:0.00018424281437390277,1.0498081972489857,1.0498086655090297,2.0994326199436415
d:355:0.00018055570292219159,1.0498082004914728,1.0498086687515205,2.099436313540071
d:356:0.00016744404666724222,1.0498082005921958,1.0498086688522328,2.0994494253977614
d:357:0.00015984718248773788,1.0498082038346865,1.049808672094727,2.099457028746926
d:358:0.0001603071875777573,1.0498082039354166,1.0498086753372178,2.0994565720850566
d:359:0.0001475822043168762,1.0498082071779002,1.0498086754379337,2.099469300411517
d:360:0.00013967381025636882,1.049808210420391,1.049808675538646,2.0994772121487806
d:361:0.00012950083624829745,1.049808210521121,1.0498086787811367,2.0994873884660095
d:362:0.00012196401431907589,1.0498082137636047,1.049808678881849,2.0994949286311346
d:363:0.00011476932192877598,1.0498082170060954,1.0498086789825614,2.099502126666728
d:364:0.00010704915693438011,1.0498082171068255,1.0498086822250556,2.0995098501749467
d:365:0.00010070310018406303,1.0498082203493162,1.04980868546755,2.099516202716682
d:366:9.203478480657168e-05,1.0498082235917998,1.0498086855682587,2.099524874375252
d:367:8.554686415251922e-05,1.049808226834294,1.049808685668971,2.0995313656391126
d:368:8.173586147819378e-05,1.049808226935017,1.0498086857696833,2.099535176843222
d:369:7.323177246831847e-05,1.0498082301775042,1.049808685870392,2.099543684275428
d:370:6.596610622011667e-05,1.0498082302782308,1.04980868911289,2.0995509532849006
d:371:5.846025839062463e-05,1.0498082335207215,1.0498086923553807,2.0995584656177115
d:372:5.321096143617865e-05,1.0498082367632087,1.049808692456093,2.0995637182578655
d:373:4.89208135689978e-05,1.0498082368639388,1.0498086925568018,2.0995680086071715
d:374:4.413091629018595e-05,1.049808240106426,1.0498086957992996,2.0995728049894353
d:375:3.801400074721073e-05,1.0498082402071525,1.0498086990417939,2.099578925248199
d:376:3.2630012771761585e-05,1.0498082434496432,1.0498087022842846,2.099584315721156
d:377:2.895841005567945e-05,1.0498082435503697,1.0498087055267789,2.099587990667093
d:378:2.4018557517990757e-05,1.0498082436510963,1.0498087056274912,2.0995929307210695
d:379:2.0215384818556004e-05,1.0498082437518192,1.0498087088699855,2.099596737236986
d:380:1.5838370835297155e-05,1.0498082438525458,1.0498087089707013,2.099601114452412
d:381:1.3268717328429602e-05,1.0498082470950365,1.04980870907141,2.099603687449118
d:382:1.0260823074759173e-05,1.0498082503375237,1.0498087123139008,2.0996067018283497
d:383:7.78204191220766e-06,1.0498082504382538,1.0498087124146167,2.0996091808109583
d:384:5.2927358886734055e-06,1.0498082505389768,1.0498087125153255,2.0996116703184136
d:385:3.9178396349370814e-06,1.049808253781464,1.0498087126160378,2.099613048557867
d:386:2.5441342721421734e-06,1.0498082538821905,1.0498087158585285,2.099614425606447
d:387:1.6072166069136529e-06,1.049808253982917,1.0498087191010228,2.099615365867333
d:388:1.3162223808649287e-06,1.0498082572254077,1.0498087192017387,2.0996156602047655
d:389:1.6644468132653856e-06,1.0498082604678984,1.0498087193024475,2.0996153153235326
d:390:2.46230792910751e-06,1.0498082637103892,1.0498087194031598,2.09961452080562
d:391:3.286331253349317e-06,1.0498082669528763,1.0498087195038686,2.0996137001254915
d:392:5.624061294895455e-06,1.049808270195367,1.0498087196045809,2.099611365738653
d:393:8.259088993156638e-06,1.0498082734378578,1.0498087228470752,2.0996087371959398
d:394:1.1613550054079269e-05,1.0498082766803485,1.0498087260895694,2.099605389219864
d:395:1.6171851068946808e-05,1.049808276781075,1.0498087261902782,2.0996008311202843
d:396:2.1137160317152848e-05,1.0498082768818016,1.049808729432776,2.0995958691542604
d:397:2.756897639244471e-05,1.0498082801242923,1.0498087295334884,2.099589440681388
d:398:3.583323746170208e-05,1.0498082802250153,1.0498087296341971,2.0995811766217507
d:399:4.443891766214847e-05,1.0498082803257418,1.0498087328766914,2.099572574284771
d:400:5.448866220092441e-05,1.0498082804264683,1.0498087361191892,2.0995625278834567
d:401:6.545842962779602e-05,1.049808283668959,1.049808736219898,2.0995515614592293
d:402:7.760577242166278e-05,1.049808283769682,1.0498087394623923,2.0995394174596527
d:403:9.113289484474763e-05,1.0498082838704121,1.0498087395631046,2.099525890538672
d:404:9.585349544138921e-05,1.0498082839711387,1.0498087428055989,2.099521173281296
d:405:9.955423803731378e-05,1.049808284071858,1.0498087429063112,2.099517472740132
d:406:0.00010302908101067487,1.0498082873143488,1.049808746148802,2.09951400438214
d:407:0.00010609815393891608,1.0498082905568396,1.0498087493912998,2.0995109417942004
d:408:0.00010818762056175046,1.0498082937993338,1.049808749492012,2.099508855670784
d:409:0.00010936171340247824,1.0498082939000568,1.0498087495927209,2.099507681779375
d:410:0.00011053054164733567,1.0498082940007798,1.0498087496934332,2.0995065131525656
d:411:0.00011116314886550072,1.0498082972432705,1.0498087529359275,2.0995058870303325
d:412:0.00011187612632568289,1.0498082973440006,1.0498087561784217,2.0995051773960967
d:413:0.00011245571094775642,1.0498083005864878,1.049808756279134,2.099504601154674
d:414:0.00011296230708879307,1.0498083038289856,1.0498087563798428,2.0995040979017396
d:415:0.00011313913527644104,1.0498083070714728,1.049808759622337,2.0995039275585334
d:416:0.00011351772777956626,1.0498083103139635,1.049808762864835,2.099503555451019
d:417:0.000113859817474804,1.0498083104146865,1.0498087661073292,2.099503216704541
d:418:0.00011377654705313489,1.0498083105154166,1.049808769349827,2.0995033033181905
d:419:0.00011403038733703852,1.0498083137579037,1.0498087694505358,2.0995030528211025
d:420:0.00011427917305795177,1.0498083170003945,1.0498087695512446,2.099502807378581
d:421:0.00011456916764274183,1.0498083171011245,1.0498087727937424,2.099502520727224
d:422:0.00011443357620066763,1.0498083172018475,1.0498087760362402,2.099502659661887
d:423:0.00011459539530989105,1.0498083173025705,1.0498087792787345,2.099502501185995
d:424:0.00011470531913104764,1.049808317403297,1.0498087825212288,2.099502394605395
d:425:0.00011464087631907205,1.0498083206457878,1.0498087857637302,2.099502465533199
d:426:0.00011461055519745855,1.049808323888282,1.0498087890062209,2.0995025023393055
d:427:0.00011464419294071604,1.0498083271307728,1.0498087891069332,2.0995024720447653
d:428:0.00011465977807390004,1.0498083303732635,1.049808789207642,2.0995024598028316
d:429:0.00011469009899300886,1.0498083304739865,1.0498087893083508,2.099502429683344
d:430:0.00011474684550805136,1.049808330574713,1.049808789409063,2.099502373138268
d:431:0.00011454661513710107,1.0498083338172073,1.0498087895097754,2.0995025767118456
d:432:0.00011465187727210946,1.049808337059698,1.0498087927522732,2.099502477934699
d:433:0.00011463684742807345,1.0498083403021887,1.0498087928529785,2.099502496307739
d:434:0.00011470454536421926,1.0498083404029153,1.0498087929536943,2.0995024288112454
d:435:0.00011468342342979554,1.0498083405036418,1.0498087961961886,2.0995024532764006
d:436:0.00011460618460645833,1.049808343746136,1.04980879943869,2.0995025370002196
d:437:0.00011463962691138363,1.0498083438468555,1.0498087995393952,2.0995025037593393
d:438:0.00011461572627879946,1.0498083439475785,1.049808802781893,2.0995025310031927
d:439:0.000114581157614424,1.0498083471900728,1.0498088028826018,2.09950256891506
d:440:0.0001146661876632038,1.0498083472907993,1.0498088061250996,2.0995024872282357
d:441:0.00011464101900671153,1.0498083505332936,1.0498088062258084,2.0995025157400953
d:442:0.00011454653113318614,1.0498083537757843,1.0498088063265172,2.0995026135711683
d:443:0.00011442050285026539,1.0498083538765073,1.0498088095690115,2.0995027429426685
d:444:0.0001142958616107137,1.0498083571190016,1.0498088128115093,2.0995028740689
d:445:0.00011438910537719948,1.049808357219728,1.0498088129122216,2.0995027810265725
d:446:0.00011440997277745169,1.049808357320451,1.0498088161547194,2.099502763502393
d:447:0.00011416294269750438,1.0498083605629418,1.0498088193972137,2.099503017017458
d:448:0.00011399298809777747,1.0498083606636683,1.049808819497926,2.0995031871734966
d:449:0.00011360336012344874,1.0498083607643913,1.0498088195986384,2.0995035770029062
d:450:0.0001131589133578359,1.049808364006882,1.0498088228411326,2.099504027934657
d:451:0.00011251409724621908,1.0498083641076086,1.049808826083634,2.0995046760939964
d:452:0.00011168607419875798,1.0498083673500993,1.0498088261843392,2.09950550746024
d:453:0.00011059889468612027,1.0498083674508258,1.049808829426837,2.099506597982977
d:454:0.00010905159535568032,1.0498083675515488,1.0498088326693313,2.0995081486255245
d:455:0.0001068898337486246,1.0498083676522754,1.0498088327700472,2.099510310588574
d:456:0.00010512367458304084,1.0498083708947625,1.049808832870756,2.0995120800909355
d:457:0.00010108773022921014,1.049808370995489,1.0498088361132574,2.0995161193785172
d:458:9.802404205316861e-05,1.0498083742379833,1.049808839355748,2.0995191895516783
d:459:9.36577840562336e-05,1.0498083774804776,1.049808842598246,2.0995235622946673
d:460:8.957963628120069e-05,1.0498083807229754,1.0498088426989618,2.099527643785656
d:461:8.54967671166662e-05,1.0498083808236984,1.049808842799667,2.099531726856249
d:462:8.179384555973002e-05,1.0498083809244179,1.0498088460421648,2.099535433121023
d:463:7.789251908363326e-05,1.0498083810251444,1.0498088461428772,2.099539334648938
d:464:7.222333895029465e-05,1.0498083842676387,1.049808846243586,2.0995450071722743
d:465:6.941629669299232e-05,1.0498083875101294,1.0498088463442947,2.099547817557731
d:466:6.493747794067417e-05,1.049808387610856,1.0498088464450035,2.0995522965779188
d:467:6.143611141240513e-05,1.0498083908533467,1.0498088465457123,2.0995558012876465
d:468:5.756857986582986e-05,1.0498083909540732,1.0498088497882136,2.099559672162421
d:469:5.370639523150089e-05,1.0498083910547962,1.049808853030708,2.0995635376902726
d:470:4.9109983478956565e-05,1.0498083942972904,1.0498088531314167,2.099568137445228
d:471:4.541962188753246e-05,1.0498083975397847,1.0498088563739145,2.0995718342918117
d:472:4.1277583189724965e-05,1.049808400782279,1.0498088564746233,2.0995759796737126
d:473:3.72500598260217e-05,1.049808400883002,1.0498088597171247,2.0995800105403006
d:474:3.448374983250346e-05,1.0498084041254963,1.0498088629596225,2.0995827833352863
d:475:3.080721021930799e-05,1.0498084073679905,1.0498088662021239,2.099586466359895
d:476:2.7014000686165218e-05,1.0498084106104848,1.0498088663028327,2.0995902629126313
d:477:2.2699498952505337e-05,1.0498084107112078,1.049808866403545,2.0995945776158003
d:478:1.9683590096519765e-05,1.0498084108119343,1.0498088696460428,2.0995975968678806
d:479:1.715849329642083e-05,1.0498084140544286,1.049808872888537,2.0996001284496693
d:480:1.461412120917771e-05,1.0498084141551516,1.049808876131035,2.0996026761649773
d:481:1.279072659343683e-05,1.0498084142558746,1.0498088793735327,2.099604502902814
d:482:1.0671478008816848e-05,1.0498084174983724,1.0498088826160306,2.099606628636394
d:483:8.2676006343263e-06,1.0498084207408667,1.0498088827167429,2.0996090358569752
d:484:6.350864559578895e-06,1.049808420841586,1.0498088828174517,2.099610952794478
d:485:5.145633501513203e-06,1.049808424084084,1.0498088829181604,2.099612161368743
d:486:3.6109267895767516e-06,1.049808424184807,1.0498088861606618,2.099613699418679
d:487:2.4136403915520077e-06,1.0498084274272976,1.0498088894031596,2.0996149031900657
d:488:1.5501322216948665e-06,1.0498084306697955,1.0498088895038684,2.099615770041442
d:489:8.956363082290864e-07,1.0498084307705184,1.0498088896045772,2.0996164247387874
d:490:7.393231342689432e-07,1.0498084340130127,1.049808892847075,2.0996165875369535
d:491:7.809596525021334e-07,1.0498084341137393,1.0498088929477873,2.099616546101874
d:492:1.178233080878499e-06,1.0498084342144587,1.0498088961902852,2.099616152171663
d:493:1.9051488315824372e-06,1.0498084343151852,1.049808899432783,2.0996154285991366
d:494:3.0252194846980274e-06,1.049808437557676,1.0498089026752808,2.099614315013472
d:495:4.298551303349996e-06,1.0498084408001738,1.0498089027759896,2.09961304502486
d:496:6.0008723679061404e-06,1.049808444042668,1.049808902876702,2.099611346047002
d:497:8.529679444535532e-06,1.0498084472851659,1.0498089061192033,2.0996088237249246
d:498:1.0787284715263468e-05,1.0498084473858853,1.0498089062199085,2.0996065663210786
d:499:1.4217460009291472e-05,1.0498084474866083,1.0498089063206173,2.0996031363472163
d:500:1.6608080439795003e-05,1.0498084475873348,1.0498089095631187,2.0996007490700137
d:501:2.0744314880971615e-05,1.0498084476880578,1.04980891280562,2.099596616178797
d:502:2.445449249321996e-05,1.0498084477887808,1.0498089129063253,2.099592906202613
d:503:2.8199123640604284e-05,1.0498084478895002,1.049808913007034,2.0995891617728937
d:504:3.169022100379948e-05,1.0498084479902268,1.0498089162495354,2.0995856740187584
d:505:3.5955088439010296e-05,1.0498084480909498,1.0498089194920368,2.0995814124945475
d:506:4.129976748501463e-05,1.0498084481916692,1.049808919592742,2.099576068016926
d:507:4.635299548283456e-05,1.0498084514341635,1.0498089228352434,2.099571021273924
d:508:4.964092077130999e-05,1.0498084546766577,1.0498089229359486,2.099567736691835
d:509:5.5038750168989736e-05,1.049808457919152,1.04980892617845,2.099562345347433
d:510:5.917140361333395e-05,1.0498084611616534,1.049808929420955,2.099558219178995
d:511:6.406664384073224e-05,1.0498084612623764,1.0498089295216637,2.0995533241401994
d:512:6.683184169631318e-05,1.0498084645048742,1.0498089327641615,2.0995505654273394
d:513:7.133835450545689e-05,1.0498084254823858,1.0498089328648739,2.0995460199927543
d:514:7.292471195086137e-05,1.0498084169857798,1.0498089361073717,2.0995444283812006
d:515:7.79817893707957e-05,1.0498084084891772,1.049808936208077,2.0995393629078833
d:516:8.124828597644296e-05,1.049808411731675,1.0498089394505818,2.0995361028962805
d:517:8.475791019080248e-05,1.0498084032350654,1.0498089426930761,2.0995325880179507
d:518:8.62007700774825e-05,1.0498083947384593,1.0498089427937884,2.0995311367621703
d:519:8.895870798397709e-05,1.0498083862418532,1.0498089428944972,2.0995283704283665
d:520:9.204819424013522e-05,1.0498083777452472,1.049808942995206,2.099525272546213
d:521:9.423224000926211e-05,1.0498083809877414,1.0498089462377074,2.0995230949854395
d:522:9.746946133759593e-05,1.0498083724911318,1.0498089494802088,2.099519852510003
d:523:9.705844572849287e-05,1.049808375733626,1.0498089527227066,2.099520270010604
d:524:9.927103440787732e-05,1.049808378976124,1.049808955965208,2.099518063906924
d:525:9.985097716125324e-05,1.0498083704795178,1.0498089560659167,2.0995174755682733
d:526:0.00010061884164969115,1.0498083737220085,1.0498089561666255,2.0995167110469843
d:527:0.0001022807902977263,1.0498083652254024,1.0498089594091269,2.0995150438442316
d:528:0.00010246828682269893,1.0498083567287928,1.0498089595098357,2.0995148479518058
d:529:9.847569560506031e-05,1.0498083482321796,1.0498089596105444,2.099518832147119
d:530:9.731209491192772e-05,1.0498083397355664,1.0498089597112532,2.0995199873519077
d:531:9.83645678829248e-05,1.0498083312389532,1.049808920688779,2.0995188873598494
d:532:9.825159846599263e-05,1.04980832274234,1.0498089207894878,2.099518991933362
d:533:9.754051898980265e-05,1.0498083142457233,1.0498089240319857,2.099519697758719
d:534:9.710898431336545e-05,1.0498083057491137,1.049808927274487,2.0995201240392873
d:535:9.54443546632433e-05,1.049808308991608,1.0498089305169849,2.0995217951539296
d:536:9.192757989495703e-05,1.0498083004949947,1.0498089306176972,2.099525303532797
d:537:8.829002613452985e-05,1.0498083037374926,1.049808930718406,2.099528944429764
d:538:8.514527666392269e-05,1.0498082952408758,1.049808933960911,2.099532083925123
d:539:8.138256216483342e-05,1.049808286744259,1.0498089340616126,2.099535838243707
d:540:7.960815083052353e-05,1.049808289986757,1.0498089341623213,2.0995376159982477
d:541:7.699621253465239e-05,1.0498082814901366,1.0498089374048227,2.0995402226824247
d:542:7.24362877377871e-05,1.0498082729935234,1.049808937505535,2.0995447742113207
d:543:6.821082895669406e-05,1.0498082644969031,1.0498089376062403,2.0995489912741867
d:544:6.472202084495393e-05,1.0498082560002793,1.049808940848738,2.0995524748281724
d:545:6.105825389468578e-05,1.0498082592427735,1.0498089440912395,2.0995561450801183
d:546:5.606285806081246e-05,1.049808262485275,1.0498089441919518,2.099561143819166
d:547:5.362712738588016e-05,1.0498082539886546,1.049808944292657,2.099563571153926
d:548:4.8189656805419645e-05,1.049808257231149,1.0498089475351584,2.099569015109502
d:549:4.43498981823609e-05,1.0498082487345286,1.0498089507776598,2.099572849614006
d:550:4.0396069994841355e-05,1.0498082402379083,1.0498089508783686,2.099576795046282
d:551:3.581519892037477e-05,1.0498082434804061,1.04980895412087,2.0995813824023557
d:552:3.146382911722867e-05,1.049808246722904,1.0498089573633713,2.099585740257158
d:553:2.714994326780129e-05,1.0498082499653982,1.0498089606058727,2.099590060628003
d:554:2.2556331966683274e-05,1.049808253207896,1.049808963848374,2.0995946607243035
d:555:2.049894120759177e-05,1.0498082447112722,1.0498089639490793,2.099596709719144
d:556:1.6828820253778076e-05,1.04980824795377,1.049808964049788,2.0996003831833043
d:557:1.2944182913088298e-05,1.0498082394571462,1.0498089641504968,2.09960425942473
d:558:1.068986374619385e-05,1.049808242699644,1.0498089673930018,2.0996065202288996
d:559:7.1995448394091e-06,1.0498082342030202,1.0498089674937106,2.0996100021518913
d:560:5.486185273184674e-06,1.0498082257063928,1.0498089675944193,2.099611707115539
d:561:4.251018463463652e-06,1.049808217209769,1.0498089676951246,2.09961293388643
d:562:3.2039727031474285e-06,1.0498082204522703,1.0498089677958298,2.099613984275397
d:563:2.2646789012981117e-06,1.049808211955643,1.0498089710383347,2.0996149183150763
d:564:1.4460648500858042e-06,1.0498082151981372,1.0498089711390364,2.0996157402723234
d:565:7.20928976960522e-07,1.0498082067015133,1.0498089712397451,2.0996164570122815
d:566:7.027294586237076e-07,1.0498082099440111,1.049808971340454,2.0996164785550064
d:567:8.233101560506384e-07,1.0498082014473802,1.0498089745829517,2.099616352720176
d:568:1.1875431766839029e-06,1.049808204689878,1.049808974683664,2.0996159918303654
d:569:1.9854273425323754e-06,1.0498082079323758,1.0498089747843729,2.099615197289406
d:570:2.996751057082747e-06,1.04980821117487,1.049808974885078,2.099614189308891
d:571:4.342654747802044e-06,1.0498082144173715,1.0498089781275795,2.099612849890203
d:572:5.74686909615707e-06,1.0498082176598658,1.0498089813700808,2.0996114521608504
d:573:7.3756394876056675e-06,1.0498082209023636,1.0498089814707896,2.0996098267336656
d:574:9.433548139980985e-06,1.0498082124057326,1.049808984713291,2.0996077635708836
d:575:1.1740905318191608e-05,1.049808215648234,1.049808987955796,2.0996054626987117
d:576:1.5178714033226015e-05,1.0498082188907283,1.0498089880565011,2.099602028233196
d:577:1.6708360341510797e-05,1.0498082103940973,1.0498089881572064,2.099600490190962
d:578:2.0384252930938374e-05,1.0498082018974735,1.0498089882579151,2.0995968059024577
d:579:2.4075200343531833e-05,1.0498082051399678,1.0498089883586168,2.099593118298241
d:580:2.722524211051791e-05,1.049808208382462,1.0498089884593256,2.099589971599677
d:581:3.0836294804714726e-05,1.0498081998858346,1.0498089917018305,2.0995863552928604
d:582:3.454003911684822e-05,1.0498082031283325,1.0498089949443319,2.0995826580335475
d:583:3.771887559977927e-05,1.0498081946317015,1.049808995045037,2.099579470801139
d:584:4.1869146112816225e-05,1.0498081861350705,1.049808998287542,2.0995753152764998
d:585:4.547451306535777e-05,1.0498081893775684,1.049809001530047,2.09957171639455
d:586:4.933891817771041e-05,1.0498081808809374,1.0498090047725483,2.099567846735308
d:587:5.4685770148665824e-05,1.0498081723843065,1.0498090080150533,2.099562494629211
d:588:5.8541034711367956e-05,1.0498081756268007,1.0498090081157585,2.099558642707848
d:589:6.129965601076037e-05,1.049808178869295,1.0498090082164637,2.099555887429748
d:590:6.503807135516126e-05,1.049808170372664,1.049809008317169,2.099552140618478
d:591:6.877567368590576e-05,1.0498081736151619,1.0498090084178777,2.0995484063593537
d:592:7.228178930418494e-05,1.0498081651185274,1.049809011660379,2.0995448949896023
d:593:7.658560031842399e-05,1.0498081566218929,1.049809014902884,2.0995405859244585
d:594:8.244088914466374e-05,1.049808148125262,1.0498090150035893,2.0995347222397065
d:595:8.569839762628817e-05,1.0498081396286274,1.049809015104298,2.099531456335299
d:596:8.963179686460876e-05,1.0498081311319893,1.049809018346803,2.0995275176819277
d:597:9.264734009306608e-05,1.0498081343744872,1.0498090215893043,2.0995245086236984
d:598:9.700636374532223e-05,1.049808125877849,1.0498090248318093,2.099520144345913
d:599:0.00010070264886152813,1.049808117381211,1.0498090249325145,2.099516439664864
d:600:0.0001031856411266574,1.0498081206237089,1.0498090281750159,2.099513963157598
d:601:0.00010542965415893946,1.0498081238662067,1.0498090282757246,2.0995117224877724
d:602:0.00010814619070131926,1.0498081153695686,1.0498090283764334,2.0995089975553007
d:603:0.00010980527445525468,1.0498081068729306,1.0498090316189383,2.0995073332174137
d:604:0.00011061594923589269,1.0498081101154249,1.0498090348614397,2.0995065290276287
d:605:0.00011170191897846848,1.0498081016187868,1.049809034962145,2.0995054346619533
d:606:0.00011160909363283622,1.0498080931221487,1.0498090382046499,2.0995055222331658
d:607:0.00011229974304072243,1.049808096364643,1.0498090414471513,2.0995048380687535
d:608:0.00011240497215680989,1.049808087868005,1.0498090446896562,2.0995047275855043
d:609:0.00011182809579679542,1.0498080911104992,1.0498090479321576,2.09950531094686
d:610:0.00011108516682512004,1.0498080826138612,1.0498090480328663,2.0995060454799024
d:611:0.00011079545476633257,1.049808074117216,1.0498090512753713,2.099506329937821
d:612:0.00011002510606417104,1.0498080773597174,1.0498090545178762,2.0995071067715294
d:613:0.0001081509054827734,1.0498080806022116,1.0498090546185779,2.0995089843153067
d:614:0.00010776840123227771,1.0498080838447095,1.0498090547192866,2.099509370162764
d:615:0.00010654567800116865,1.0498080870872037,1.0498090548199954,2.099510596229198
d:616:0.00010482521217269891,1.0498080903297051,1.0498090580625004,2.099512323180033
d:617:0.00010272286038315315,1.0498080935721994,1.0498090613050053,2.0995144320168215
d:618:0.00010208199626404735,1.0498080968146937,1.0498090614057105,2.09951507622414
d:619:0.00010044433237155204,1.0498081000571915,1.0498090615064157,2.0995167172312357
d:620:9.896940744980043e-05,1.0498080915605463,1.049809061607121,2.0995181837602175
d:621:9.700495786191254e-05,1.0498080830639047,1.0498090648496259,2.0995201429556687
d:622:9.46475342686881e-05,1.049808074567263,1.0498090680921344,2.099522495125129
d:623:9.279886303659168e-05,1.0498080778097574,1.049809068192836,2.099524347139557
d:624:9.090003673861702e-05,1.0498080810522552,1.049809071435341,2.0995262524508576
d:625:8.793704017762138e-05,1.0498080842947495,1.049809074677846,2.0995292219324178
d:626:8.667526239491963e-05,1.0498080875372473,1.0498090747785511,2.0995304870534035
d:627:8.281468680948478e-05,1.0498080790406057,1.0498090780210596,2.099534342374856
d:628:8.068482482315176e-05,1.0498080822831035,1.049809081263561,2.0995364787218413
d:629:7.83850409824538e-05,1.0498080737864584,1.0498090813642698,2.0995387701097457
d:630:7.536129479746023e-05,1.0498080770289526,1.049809081464975,2.09954179719913
d:631:7.353219282535406e-05,1.0498080802714505,1.0498090847074835,2.0995436327861086
d:632:7.063813977481459e-05,1.0498080717748053,1.0498090879499884,2.099546521585019
d:633:6.747400324513819e-05,1.049808075017303,1.0498090880506936,2.0995496890647516
d:634:6.562584409053329e-05,1.0498080782597974,1.0498090912931985,2.0995515437089054
d:635:6.1814927502013e-05,1.0498080815022952,1.0498090913939073,2.0995553579687005
d:636:5.9096327596819265e-05,1.049808084744793,1.0498090946364087,2.099558083053605
d:637:5.739650576686017e-05,1.0498080762481443,1.049809094737114,2.0995597744794914
d:638:5.391969073187397e-05,1.0498080794906386,1.0498090948378191,2.099563254637726
d:639:5.000196124171907e-05,1.04980808273314,1.0498090949385244,2.0995671757104226
d:640:4.681013018270619e-05,1.0498080859756378,1.0498090950392331,2.0995703708846882
d:641:4.4294412411716166e-05,1.0498080774789926,1.0498090982817416,2.0995728813483225
d:642:4.158399560338921e-05,1.049808080721487,1.0498090983824397,2.0995755951083233
d:643:3.823312560058412e-05,1.0498080722248382,1.0498090984831485,2.099578937582386
d:644:3.600595882957691e-05,1.049808063728193,1.04980910172565,2.0995811594950133
d:645:3.333735185151454e-05,1.0498080669706837,1.0498091049681548,2.099583834586987
d:646:3.0058340609429024e-05,1.0498080702131851,1.0498091082106633,2.099587120083239
d:647:2.7626585424656014e-05,1.0498080734556794,1.0498091114531718,2.0995895583234265
d:648:2.560501719273134e-05,1.0498080649590271,1.0498091146956767,2.099591574637511
d:649:2.3344918187007124e-05,1.049808068201525,1.049809114796382,2.09959383807972
d:650:1.9612501237276092e-05,1.0498080597048762,1.0498091148970872,2.099597562100726
d:651:1.7102875997210276e-05,1.0498080512082275,1.0498091149977924,2.0996000633300227
d:652:1.5276534604424796e-05,1.0498080427115752,1.0498091150984976,2.0996018812754684
d:653:1.259051730784222e-05,1.049808045954073,1.049809118341006,2.0996045737777713
d:654:1.0692445428617248e-05,1.049808049196571,1.0498091184417113,2.0996064751928536
d:655:8.415426126617831e-06,1.0498080406999186,1.0498091216842163,2.0996087469580083
d:656:7.045915584313889e-06,1.0498080439424164,1.0498091249267212,2.0996101229535533
d:657:5.691734646262603e-06,1.0498080354457642,1.0498091281692332,2.099611471880351
d:658:3.937557796263036e-06,1.049808026949112,1.0498091314117346,2.0996132208030502
d:659:3.1693540769595074e-06,1.0498080301916062,1.0498091346542395,2.0996139954917687
d:660:2.1268681820174606e-06,1.049808021694954,1.0498091347549483,2.09961502958172
d:661:1.4278572173509474e-06,1.0498080249374517,1.0498091379974497,2.099615735077684
d:662:8.450736750376109e-07,1.049808028179946,1.049809138098155,2.099616321204426
d:663:6.21127696831536e-07,1.0498080196832902,1.0498091381988637,2.099616536754457
d:664:5.293185871835249e-07,1.0498080111866344,1.0498091382995653,2.0996166201676125
d:665:9.255903066218707e-07,1.049808002689982,1.0498091384002741,2.0996162154999496
d:666:1.094916086685771e-06,1.04980800593248,1.0498091416427826,2.099616052659176
d:667:1.755720401064309e-06,1.0498080091749777,1.0498091417434878,2.0996153951980645
d:668:2.295046947153878e-06,1.049808000678322,1.0498091449859928,2.0996148506173675
d:669:3.609770406143298e-06,1.049807992181666,1.049809145086698,2.099613527497958
d:670:4.8672003281069465e-06,1.0498079836850067,1.0498091483292065,2.099612264813885
d:671:6.109669243414828e-06,1.049807986927501,1.0498091484299117,2.0996110256881693
d:672:8.074741192132251e-06,1.0498079901699988,1.0498091516724166,2.0996090671012233
d:673:9.861004862443679e-06,1.0498079934124966,1.0498091517731254,2.0996072841807596
d:674:1.1841470453077818e-05,1.0498079849158373,1.049809151873827,2.0996052953192113
d:675:1.4296850160633312e-05,1.049807976419178,1.0498091551163355,2.099602834685353
d:676:1.630538002217463e-05,1.049807967922522,1.049809158358844,2.099600820901344
d:677:1.8129237997044356e-05,1.04980797116502,1.0498091584595493,2.099599000386572
d:678:1.9988191453990112e-05,1.049807962668357,1.0498091617020542,2.099597136178957
d:679:2.2609434747522528e-05,1.0498079541716976,1.0498091649445627,2.0995945096815127
d:680:2.479204331962137e-05,1.0498079456750382,1.049809165045268,2.0995923186769865
d:681:2.705331555219459e-05,1.049807948917536,1.0498091651459696,2.0995900607479534
d:682:2.9622057539313573e-05,1.049807940420873,1.049809168388478,2.099587486751812
d:683:3.18898819635649e-05,1.049807943663371,1.0498091716309865,2.099585225412394
d:684:3.449130371180331e-05,1.0498079469058652,1.0498091717316917,2.099582627333845
d:685:3.7706772914702924e-05,1.0498079384092058,1.049809171832397,2.099579403468688
d:686:4.065756281690369e-05,1.0498079299125394,1.049809175074902,2.0995764474246243
d:687:4.3482191202315335e-05,1.0498079331550372,1.0498091751756071,2.099573626139442
d:688:4.6977909299528164e-05,1.0498079246583707,1.0498091752763123,2.0995701220253835
d:689:4.718612400367306e-05,1.0498079279008685,1.049809175377014,2.099569917153879
d:690:4.9751369292749814e-05,1.0498079194042056,1.049809178619526,2.099567346654439
d:691:5.3677827974496495e-05,1.049807910907539,1.0498091818620345,2.099563414941599
d:692:5.454569684815169e-05,1.0498079024108762,1.0498091819627398,2.099562538676768
d:693:5.764003890362801e-05,1.0498078633883168,1.049809182063445,2.099559405412858
d:694:5.989670195560848e-05,1.0498078548916467,1.0498091821641466,2.099557140353838
d:695:6.281601282509541e-05,1.0498078581341446,1.0498091854066551,2.0995542275279746
d:696:6.524545312913688e-05,1.0498078613766424,1.0498091886491636,2.099551804572677
d:697:6.699984092506384e-05,1.0498078646191402,1.0498091887498688,2.099550053528084
d:698:6.735302185134628e-05,1.0498078678616345,1.0498091919923738,2.099549706832157
d:699:6.778608192803404e-05,1.0498078593649645,1.0498091952348823,2.0995492685179187
d:700:6.743862182290172e-05,1.0498078626074658,1.0498091953355875,2.0995496193212304
d:701:6.912151502191932e-05,1.0498078541107958,1.049809198578096,2.09954793117387
d:702:6.999280553898757e-05,1.0498078456141293,1.0498092018206044,2.0995470546291948
d:703:7.100488218014789e-05,1.0498078488566236,1.04980916279807,2.0995460067725134
d:704:7.331401424792716e-05,1.0498078520991179,1.0498091628987716,2.0995437009836415
d:705:7.288532674110115e-05,1.0498078553416192,1.0498091225774466,2.0995440925923248
d:706:7.125102717964182e-05,1.0498078468449492,1.0498091258199551,2.0995457216377247
d:707:7.06465322934946e-05,1.0498078383482756,1.04980912906246,2.099546320878442
d:708:6.718315523102092e-05,1.0498078415907734,1.0498091291631653,2.0995497875987077
d:709:6.662178939365049e-05,1.0498078448332713,1.049809129263867,2.0995503523077446
d:710:6.640543757541195e-05,1.0498078363365977,1.0498091325063754,2.0995505634053977
d:711:6.451097913284798e-05,1.0498078278399277,1.0498091326070806,2.0995524494678754
d:712:6.130763526712713e-05,1.049807831082422,1.0498091327077859,2.0995556561549407
d:713:6.0341544649844536e-05,1.049807822585752,1.0498091359502908,2.099556616991393
d:714:5.865513053393556e-05,1.0498078258282497,1.0498091391927993,2.099558309890515
d:715:5.637694622251388e-05,1.0498078173315761,1.049809139293508,2.0995605796788617
d:716:5.5142869733515454e-05,1.0498078088349025,1.0498091425360165,2.0995618085011856
d:717:5.1249567597722034e-05,1.0498078003382254,1.0498091457785215,2.099565696549149
d:718:4.842840719021524e-05,1.0498078035807197,1.0498091458792231,2.0995685210527526
d:719:4.641230504986993e-05,1.049807806823221,1.0498091459799284,2.0995705404980995
d:720:4.279163949405529e-05,1.0498077983265475,1.0498091492224368,2.0995741559094903
d:721:4.191849041390583e-05,1.0498078015690453,1.0498091524649453,2.0995750355435767
d:722:3.8900855464873985e-05,1.0498078048115396,1.049809152565647,2.0995780565217217
d:723:3.6154197925242215e-05,1.0498078080540374,1.0498091558081555,2.0995808096642676
d:724:3.3969130210920184e-05,1.0498078112965352,1.049809159050664,2.0995830012169883
d:725:3.331610543355623e-05,1.049807802799858,1.049809162293169,2.0995836489875934
d:726:2.9717204160562005e-05,1.049807806042356,1.049809165535681,2.0995872543738763
d:727:2.65256119647006e-05,1.0498077975456788,1.0498091656363862,2.0995904375701
d:728:2.4776999396181054e-05,1.0498078007881766,1.0498091688788946,2.099592192667675
d:729:2.1249594958305806e-05,1.0498077922914995,1.0498091721214031,2.0995957148179443
d:730:1.8314813921449513e-05,1.0498077837948223,1.0498091753639116,2.0995986443448125
d:731:1.578863117401852e-05,1.0498077870373201,1.0498091754646168,2.099601173870763
d:732:1.3835829303587843e-05,1.0498077902798144,1.0498091787071253,2.099603133157636
d:733:1.3093172970712885e-05,1.0498077817831373,1.0498091819496338,2.0996038705598004
d:734:1.0979045896419848e-05,1.0498077850256315,1.0498091820503355,2.0996059880300706
d:735:9.54187381552174e-06,1.0498077765289509,1.0498091821510407,2.099607416806176
d:736:7.919701065617346e-06,1.0498077680322737,1.0498091853935492,2.0996090337247573
d:737:6.6866448769076214e-06,1.049807759535593,1.0498091854942544,2.0996102583849705
d:738:5.167285088703011e-06,1.0498077627780944,1.0498091855949596,2.0996117810879653
d:739:4.13844825075671e-06,1.0498077542814137,1.0498091856956648,2.099612801528828
d:740:3.0969446029871506e-06,1.049807757523908,1.0498091889381733,2.0996138495174783
d:741:2.0083325722453083e-06,1.0498077607664023,1.0498091921806818,2.099614944614512
d:742:1.5393032377630789e-06,1.0498077522697216,1.049809192281387,2.099615405247871
d:743:7.958465069179965e-07,1.0498077555122194,1.0498091923820887,2.099616152047801
d:744:6.794708760082813e-07,1.0498077587547172,1.0498091956246007,2.099616274908442
d:745:7.230418397341509e-07,1.049807750258033,1.0498091957253024,2.0996162229414956
d:746:8.105386690715477e-07,1.0498077417613523,1.0498091989678073,2.0996161301904905
d:747:1.0760328663650398e-06,1.0498077450038465,1.0498092022103194,2.0996158711812996
d:748:1.940242025710859e-06,1.0498077482463444,1.0498092054528279,2.0996150134571465
d:749:2.886711378380369e-06,1.0498077514888422,1.0498092055535295,2.0996140703309933
d:750:3.702046623033084e-06,1.0498077547313365,1.0498092056542347,2.099613258338948
d:751:5.205729657120628e-06,1.0498077462346558,1.0498092088967432,2.099611749401742
d:752:6.69678248854666e-06,1.0498077377379715,1.0498092089974485,2.0996102499529314
d:753:8.928831121579606e-06,1.0498077292412837,1.0498092090981537,2.099608009508316
d:754:1.0208382612120204e-05,1.0498077324837816,1.0498092123406622,2.0996067364418316
d:755:1.2527411403340238e-05,1.0498077239870973,1.0498092155831742,2.099604412158868
d:756:1.4376654764447494e-05,1.049807715490413,1.0498092156838759,2.0996025545195245
d:757:1.7326153106012043e-05,1.049807718732911,1.049809215784581,2.099599608364386
d:758:1.9253149140752157e-05,1.0498077219754087,1.0498092158852863,2.0995976847115543
d:759:2.1221042842967108e-05,1.0498077134787174,1.0498092159859844,2.099595708421859
d:760:2.4333677817622856e-05,1.0498077049820331,1.0498092160866896,2.099592587390905
d:761:2.697285636088509e-05,1.0498077082245274,1.0498092161873913,2.099589951555558
d:762:3.0192749623125792e-05,1.0498077114670252,1.0498092194299034,2.0995867381473055
d:763:3.283346591942404e-05,1.0498077029703374,1.049809219530605,2.099584089035023
d:764:3.580880221321081e-05,1.0498077062128353,1.0498092227731135,2.0995811201837355
d:765:3.7848941762064214e-05,1.0498076977161475,1.0498092260156255,2.099579074790011
d:766:4.07459714111269e-05,1.049807689219456,1.049809229258134,2.099576172506179
d:767:4.47444028566224e-05,1.049807692461954,1.049809232500646,2.0995721805597434
d:768:4.7697610671804114e-05,1.0498076957044482,1.0498092326013477,2.099569230695124
d:769:5.137584627590286e-05,1.0498076989469496,1.0498092358438598,2.0995655589445334
d:770:5.4485715207164276e-05,1.0498077021894439,1.049809235944565,2.0995624524188017
d:771:5.6731981445068413e-05,1.0498077054319417,1.049809236045263,2.0995602094957597
d:772:5.9592040688727366e-05,1.0498076969352539,1.0498092392877787,2.099557344182344
d:773:6.164890616133789e-05,1.0498077001777482,1.0498092425302872,2.099555293801874
d:774:6.569937204758958e-05,1.0498076916810533,1.0498092457727957,2.0995512380818013
d:775:6.754277522347252e-05,1.0498076949235546,1.0498092490153077,2.099549401163639
d:776:6.897424059104651e-05,1.0498076864268668,1.0498092522578162,2.099547964444092
d:777:7.030448199785155e-05,1.049807689669361,1.0498092555003282,2.0995466406876915
d:778:7.428631885986192e-05,1.0498076929118554,1.0498092587428403,2.099542665335836
d:779:7.596760216088683e-05,1.0498076961543568,1.0498092619853487,2.0995409905375446
d:780:7.724902442518555e-05,1.0498076876576619,1.0498092652278608,2.0995397038610975
d:781:7.943766370743788e-05,1.0498076791609705,1.049809265328566,2.099537506825829
d:782:8.085303249671938e-05,1.0498076706642756,1.0498092685710745,2.0995360862028534
d:783:8.266791707356447e-05,1.0498076739067734,1.0498092686717797,2.0995342746614796
d:784:8.338015842213053e-05,1.0498076654100785,1.0498092719142882,2.0995335571659446
d:785:8.470888074185723e-05,1.0498076569133836,1.0498092751568002,2.099532223189442
d:786:8.650926536901693e-05,1.0498076484166887,1.049809275257502,2.0995304144088216
d:787:8.59211385524361e-05,1.049807651659183,1.0498092753582071,2.0995310058788377
d:788:8.664693809734558e-05,1.0498076431624916,1.049809275458916,2.09953027168331
d:789:8.6140310575189e-05,1.0498076464049895,1.0498092755596176,2.099530781654032
d:790:8.532970485930491e-05,1.0498076379082946,1.0498092756603192,2.0995315838637545
d:791:8.519791498073914e-05,1.049807629411596,1.0498092757610245,2.09953170725764
d:792:8.512014395734013e-05,1.049807632654094,1.049809279003533,2.0995317915136695
d:793:8.218437836404746e-05,1.0498076358965882,1.049809279104231,2.099534730622455
d:794:8.183664531813406e-05,1.049807639139086,1.0498092823467466,2.0995350848405145
d:795:8.025729793814662e-05,1.0498076306423876,1.0498092855892587,2.099536658933708
d:796:7.913165200434946e-05,1.0498076221456891,1.0498092856899603,2.099537776183645
d:797:7.776325035635523e-05,1.0498076136489907,1.0498092857906656,2.0995391361893
d:798:7.709246662557234e-05,1.0498076168914885,1.0498092890331776,2.0995398134580405
d:799:7.521606537252978e-05,1.0498076201339863,1.0498092922756896,2.0995416963443034
d:800:7.279418052164033e-05,1.0498076233764806,1.0498092923763913,2.0995441215723503
d:801:7.092059152569163e-05,1.0498076266189784,1.0498092956189033,2.099546001646356
d:802:6.772655580178366e-05,1.0498076298614762,1.049809295719605,2.0995491990252795
d:803:6.702253800838776e-05,1.0498076213647742,1.0498092958203067,2.0995498946470725
d:804:6.437518127810904e-05,1.0498076128680758,1.0498092990628187,2.0995525367496164
d:805:6.137596255584299e-05,1.0498076043713738,1.049809299163524,2.099555527572342
d:806:5.880722705597918e-05,1.0498075958746718,1.049809299264222,2.099558087911838
d:807:5.6198991995159986e-05,1.0498075991171731,1.049809302506734,2.099560702631912
d:808:5.365499159992737e-05,1.0498075906204676,1.0498093057492461,2.099563241378114
d:809:5.1860169328676875e-05,1.0498075821237656,1.0498093058499478,2.0995650278043847
d:810:4.922508595583963e-05,1.04980757362706,1.0498093090924598,2.099567657633564
d:811:4.676493542632443e-05,1.0498075768695578,1.0498093123349719,2.0995701242691034
d:812:4.500438074828139e-05,1.0498075683728523,1.049809315577484,2.099571879569588
d:813:4.079625028907685e-05,1.04980757161535,1.0498093188199995,2.0995760941850605
d:814:3.796479782280926e-05,1.0498075631186445,1.0498093189207012,2.099578917241523
d:815:3.5923081568967064e-05,1.049807554621939,1.0498093190214028,2.099580950561773
d:816:3.3009706619679946e-05,1.0498075578644332,1.0498093191221045,2.099583867279918
d:817:3.04552403491698e-05,1.0498075493677277,1.0498093192228062,2.0995864133501847
d:818:2.848079511608148e-05,1.049807552610229,1.0498093224653218,2.0995883942804348
d:819:2.6288851977085415e-05,1.0498075558527233,1.0498093257078374,2.0995905927085836
d:820:2.34102793257307e-05,1.0498075590952212,1.0498093289503458,2.0995934777662413
d:821:2.214847781445428e-05,1.049807550598512,1.0498093290510475,2.099594731171745
d:822:1.945697791327916e-05,1.0498075421018065,1.0498093291517563,2.0995974142756495
d:823:1.6080900564929834e-05,1.0498075453443043,1.0498093323942648,2.099600796838004
d:824:1.440949074194009e-05,1.0498075368475952,1.04980933249497,2.0996024598518233
d:825:1.260722751794674e-05,1.049807528350886,1.049809335737482,2.09960425686085
d:826:1.0528002615473042e-05,1.0498075198541734,1.0498093358381837,2.0996063276897416
d:827:9.579532640913158e-06,1.0498075230966712,1.0498093390806957,2.099607282644726
d:828:7.249277540921639e-06,1.049807526339169,1.0498093391813974,2.0996096162430256
d:829:6.072533839329708e-06,1.049807529581667,1.049809339282099,2.0996107963299266
d:830:4.573248368444638e-06,1.0498075328241612,1.0498093393828007,2.0996122989585935
d:831:3.816029035874635e-06,1.049807524327452,1.0498093426253163,2.0996130509237325
d:832:3.0097732377498687e-06,1.0498075158307394,1.0498093427260144,2.099613848783516
d:833:2.4987237274842755e-06,1.0498075073340267,1.04980934596853,2.0996143545788293
d:834:1.6855140394511636e-06,1.0498075105765245,1.0498093460692317,2.099615171131717
d:835:1.0195118704814377e-06,1.0498075138190224,1.0498093493117437,2.0996158436188956
d:836:7.587722912205663e-07,1.0498075053223133,1.0498093525542593,2.0996160991042814
d:837:3.7965381949334187e-07,1.0498075085648146,1.049809355796775,2.09961648470777
d:838:3.989793206926606e-07,1.0498075000680949,1.0498093590392834,2.0996164601280576
d:839:5.615830538374667e-07,1.0498074915713858,1.0498093622817954,2.0996162922701274
d:840:6.447315961111144e-07,1.04980749481388,1.0498093623825042,2.099616212464788
d:841:1.009373566063232e-06,1.0498074863171674,1.0498093624832059,2.099615839426807
d:842:1.3515516847917297e-06,1.0498074778204476,1.049809365725718,2.0996154919944807
d:843:1.9807677134053847e-06,1.049807481062949,1.0498093658264196,2.099614866121655
d:844:3.0332119536069513e-06,1.0498074843054468,1.0498093659271248,2.099613817020618
d:845:3.8098934673769236e-06,1.049807487547941,1.0498093660278194,2.099613043682293
d:846:4.606137942175792e-06,1.0498074790512284,1.049809369270335,2.099612242183621
d:847:5.262292887664444e-06,1.0498074822937227,1.0498093725128506,2.0996115925136856
d:848:7.201369051301754e-06,1.0498074737970065,1.0498093757553626,2.0996096481833177
d:849:8.429277531973867e-06,1.0498074653002902,1.0498093758560678,2.099608411878826
d:850:9.99188445049981e-06,1.0498074568035705,1.049809375956766,2.099606840875886
d:851:1.102710216827063e-05,1.0498074483068507,1.049809379199278,2.0996058004039604
d:852:1.2282815994524299e-05,1.0498074398101345,1.0498093824417971,2.099604539435937
d:853:1.3241004321429273e-05,1.0498074313134147,1.0498093856843091,2.0996035759934024
d:854:1.5223332823666169e-05,1.049807422816695,1.0498093857850108,2.099601585268882
d:855:1.7643323758420593e-05,1.0498074143199716,1.0498093858857125,2.0995991568819257
d:856:1.932378328817208e-05,1.0498074058232483,1.0498093891282245,2.0995974711681846
d:857:2.0743511090159927e-05,1.0498074090657497,1.0498093923707437,2.099596057925403
d:858:2.258408370536813e-05,1.0498074123082475,1.0498093956132557,2.099594223837798
d:859:2.441853081336376e-05,1.0498074038115242,1.0498093957139574,2.099592380994668
d:860:2.5422174594780245e-05,1.0498073953148008,1.0498093958146626,2.0995913689548686
d:861:2.7008754678092828e-05,1.0498073985572987,1.0498093959153643,2.099589785717985
d:862:2.979461492458313e-05,1.0498073900605718,1.0498093960160624,2.0995869914617096
d:863:3.111718325499169e-05,1.0498073933030696,1.0498093961167676,2.099585672236582
d:864:3.380126132057626e-05,1.0498073965455674,1.0498093962174657,2.0995829915017126
d:865:3.514736262388851e-05,1.0498073997880653,1.0498093994599813,2.0995816518854227
d:866:3.5742587293441375e-05,1.0498073912913455,1.049809399560683,2.099581048264735
d:867:3.848701575037694e-05,1.0498073945338398,1.0498093996613846,2.099578307179474
d:868:4.016234666437413e-05,1.0498073977763376,1.0498094029039002,2.0995766383335734
d:869:4.238152051172506e-05,1.0498073892796107,1.049809403004602,2.099574410763701
d:870:4.418408874684587e-05,1.049807392522112,1.0498094031053036,2.099572611538669
d:871:4.477141747116775e-05,1.0498073534994816,1.0498094032060017,2.099571985288012
d:872:4.6356716943307674e-05,1.049807356741976,1.0498094064485173,2.09957040647355
d:873:4.466078028642073e-05,1.0498073568427202,1.0498094065492154,2.099572102611649
d:874:4.5506380285331716e-05,1.049807360085218,1.049809406649917,2.0995712603548498
d:875:4.675581121205141e-05,1.0498073601859623,1.0498094098924327,2.099570014267183
d:876:4.7477958212027715e-05,1.0498073602867066,1.0498094099931343,2.099569292321629
d:877:4.979495287216196e-05,1.0498073635292045,1.049809410093836,2.0995669786701683
d:878:4.936714347181237e-05,1.0498073636299523,1.0498094133363516,2.099567409822832
d:879:5.002610826565501e-05,1.0498073668724466,1.0498094134370461,2.099566754201227
d:880:5.005155568582609e-05,1.0498073701149444,1.0498094166795653,2.099566735238824
d:881:4.978018102974602e-05,1.0498073733574458,1.049809416780267,2.099567009956683
d:882:4.859242833177291e-05,1.0498073765999436,1.0498094200227825,2.0995682041943944
d:883:4.946670405914233e-05,1.0498073767006844,1.0498094201234807,2.099567330120106
d:884:4.898387417995309e-05,1.0498073768014322,1.0498094233659963,2.0995678162932485
d:885:4.8396569418684976e-05,1.0498073800439265,1.0498094234666944,2.099568406941202
d:886:4.7358232162508784e-05,1.0498073832864243,1.0498094267092135,2.0995694517634753
d:887:4.5888736707411226e-05,1.0498073865289257,1.0498094299517327,2.099570927743951
d:888:4.517583047913831e-05,1.04980738977142,1.0498094300524308,2.0995716439933716
d:889:4.384024569148437e-05,1.0498073898721678,1.0498094332949464,2.0995729829214227
d:890:4.206085995761555e-05,1.049807393114662,1.049809436537462,2.0995747687921664
d:891:4.116750845994943e-05,1.04980739321541,1.049809439779981,2.099575665486931
d:892:3.995427455549816e-05,1.0498073933161542,1.0498094398806792,2.099576878922278
d:893:3.88785826750393e-05,1.0498073965586485,1.0498094399813773,2.099577957957351
d:894:3.764488896251805e-05,1.0498073966593964,1.049809440082079,2.099579191852513
d:895:3.56134068084657e-05,1.0498073967601407,1.049809440182777,2.0995812235361093
d:896:3.417432168362211e-05,1.0498074000026385,1.0498094434252963,2.099582669106251
d:897:3.119748465607586e-05,1.0498074032451363,1.0498094466678154,2.0995856524282956
d:898:2.976709807711586e-05,1.0498074064876342,1.049809449910331,2.099587089299888
d:899:2.8556093017328976e-05,1.0498074065883785,1.0498094531528466,2.0995883036482077
d:900:2.6670449166488197e-05,1.0498074066891263,1.0498094563953657,2.0995901926353255
d:901:2.4373416877665477e-05,1.0498074067898706,1.0498094596378778,2.0995924930108707
d:902:2.2356943905066373e-05,1.0498074068906114,1.049809462880397,2.099594512827103
d:903:2.0862233739649128e-05,1.0498074069913557,1.0498094238577949,2.099595968615411
d:904:1.8452811200830865e-05,1.0498074102338535,1.0498094239584894,2.099598381381142
d:905:1.7675458362731433e-05,1.0498074103345978,1.0498093836370899,2.099599118513325
d:906:1.4975767822278385e-05,1.0498074135771027,1.0498093433156654,2.099601781124946
d:907:1.4424586080252766e-05,1.0498074168196005,1.0498093029942268,2.099602295227747
d:908:1.2601644527876488e-05,1.0498074200620984,1.049809303094925,2.0996041215124954
d:909:1.0412005515547662e-05,1.0498074201628391,1.0498093063374405,2.099606314494764
d:910:9.623602576169787e-06,1.0498074234053405,1.0498093064381422,2.0996071062409065
d:911:8.339435911608462e-06,1.0498074235060848,1.0498093065388403,2.0996083906090135
d:912:7.540740678990687e-06,1.0498074236068256,1.0498093066395349,2.0996091895056814
d:913:5.919398507359119e-06,1.0498074268493234,1.049809306740233,2.099610814191049
d:914:4.499732252583044e-06,1.0498074269500677,1.0498093099827486,2.0996122372005637
d:915:3.4506807793377448e-06,1.049807427050812,1.0498093100834502,2.099613286453483
d:916:2.8451827169817534e-06,1.0498074271515563,1.0498093133259658,2.099613895294805
d:917:2.1979587998544048e-06,1.0498074272523006,1.049809313426664,2.0996145427201647
d:918:1.3661639499673583e-06,1.0498074273530449,1.0498093135273656,2.0996153747164605
d:919:7.361292908569794e-07,1.0498074274537856,1.0498093136280637,2.0996160049525585
d:920:6.790412925283817e-07,1.049807430696287,1.0498093168705793,2.099616068525574
d:921:5.111589658213234e-07,1.049807433938792,1.049809320113095,2.099616242892921
d:922:4.897496062028495e-07,1.0498074340395327,1.049809320213793,2.0996162645037195
d:923:6.507339271877299e-07,1.049807434140277,1.0498093234563086,2.0996161068626584
d:924:9.248501342540294e-07,1.0498074373827748,1.0498093235570103,2.099615836089651
d:925:1.2293216364867021e-06,1.0498074374835156,1.0498093267995223,2.0996155349614014
d:926:1.628844657375339e-06,1.0498074375842599,1.0498093300420415,2.099615138781644
d:927:2.730627503666483e-06,1.0498074408267577,1.049809333284557,2.099614043483811
d:928:3.2834177794427433e-06,1.049807440927502,1.0498093365270726,2.099613494036795
d:929:4.160061966018702e-06,1.0498074410282427,1.0498093366277708,2.0996126175940475
d:930:5.194897262583709e-06,1.0498074442707477,1.04980933987029,2.099611589243775
d:931:6.482275306751717e-06,1.0498074475132455,1.049809343112802,2.0996103083507407
d:932:8.168981647571627e-06,1.0498074476139863,1.0498093432135036,2.0996086218458423
d:933:9.08006791888738e-06,1.0498074508564876,1.0498093433142053,2.099607714102774
d:934:1.0680993760558977e-05,1.0498074509572355,1.0498093434148998,2.0996061133783748
d:935:1.2304630971016195e-05,1.0498074541997369,1.0498093466574154,2.0996044962261813
d:936:1.4680992887150524e-05,1.0498074574422311,1.0498093498999346,2.0996021263492786
d:937:1.6842463043786893e-05,1.049807460684736,1.0498093531424537,2.099599971364146
d:938:1.91396974464908e-05,1.049807463927234,1.0498093532431518,2.0995976774729392
d:939:2.0352391505440437e-05,1.0498074640279782,1.0498093564856674,2.09959646812214
d:940:2.277284586327255e-05,1.049807467270476,1.0498093597281866,2.0995940541527993
d:941:2.5431200693759592e-05,1.0498074705129774,1.0498093629707022,2.099591402282986
d:942:2.7665551829869628e-05,1.0498074737554823,1.0498093630714038,2.0995891712750563
d:943:3.0196385594649655e-05,1.0498074769979802,1.049809363172102,2.0995866437844874
d:944:3.2690177246053054e-05,1.0498074802404815,1.0498093664146175,2.099584156477853
d:945:3.3746604714224304e-05,1.0498074834829794,1.0498093665153156,2.099583103393581
d:946:3.497976969057959e-05,1.0498074835837237,1.0498093666160138,2.099581870430047
d:947:3.791152231613637e-05,1.049807486826225,1.0498093698585294,2.0995789451624383
d:948:3.994910435878296e-05,1.0498074900687264,1.0498093731010485,2.099576914065416
d:949:4.102623721280452e-05,1.0498074901694672,1.0498093763435676,2.099575840275822
d:950:4.37891504176946e-05,1.0498074934119686,1.0498093795860797,2.0995730838476305
d:951:4.675171043544424e-05,1.0498074935127129,1.0498093796867813,2.0995701214890587
d:952:4.898203869885265e-05,1.0498074967552142,1.049809382929297,2.0995678976458123
d:953:5.101573548316196e-05,1.0498074999977156,1.0498093830299986,2.099565867292231
d:954:5.282189063748888e-05,1.049807503240217,1.0498093831306967,2.099564064480276
d:955:5.3466646921407346e-05,1.0498075033409613,1.0498093832313984,2.0995634199254383
d:956:5.551829886130122e-05,1.0498075065834591,1.049809383332093,2.0995613716166908
d:957:5.6499449261337986e-05,1.0498075098259605,1.049809383432791,2.09956039380949
d:958:5.8382265734735483e-05,1.0498075130684619,1.0498093835334892,2.0995585143362163
d:959:5.975204632591158e-05,1.0498075131692062,1.0498093836341873,2.0995571447570676
d:960:6.085145410139603e-05,1.049807516411704,1.0498093837348854,2.099556048692488
d:961:6.203585762420971e-05,1.0498075165124483,1.04980938383558,2.099554864490404
d:962:6.306353171581236e-05,1.0498075197549497,1.0498093870780991,2.099553843301333
d:963:6.413469368027336e-05,1.049807519855694,1.0498093903206183,2.099552775482632
d:964:6.420171138898922e-05,1.0498075230981954,1.04980939042132,2.0995527118081263
d:965:6.511477189619086e-05,1.0498075231989432,1.0498093905220145,2.0995517989490615
d:966:6.493774687399423e-05,1.0498075264414375,1.0498093937645336,2.099551982459097
d:967:6.448911761225418e-05,1.0498075265421853,1.0498093938652318,2.099552431289805
d:968:6.423694989265982e-05,1.0498075297846867,1.0498093939659263,2.0995526868007204
d:969:6.396105260719764e-05,1.049807529885431,1.0498093972084455,2.0995529660412693
d:970:6.355571240135305e-05,1.0498075299861718,1.04980939730914,2.0995533715829104
d:971:6.17475804780554e-05,1.0498075300869196,1.0498093974098417,2.0995551799162833
d:972:6.10471832160897e-05,1.049807533329414,1.0498094006523573,2.099555886798555
d:973:5.918115203940033e-05,1.0498075365719224,1.04980940389488,2.099557759314763
d:974:5.8376552772188006e-05,1.0498075366726631,1.0498094039955745,2.0995585641154655
d:975:5.6754983063456166e-05,1.0498075399151645,1.0498094072380901,2.099560192170191
d:976:5.537773409614033e-05,1.0498075400159088,1.0498094104806164,2.099561572762429
d:977:5.325733949490541e-05,1.0498075432584102,1.049809413723132,2.0995636996420473
d:978:5.188230695551965e-05,1.049807546500908,1.04980941382383,2.0995650780177826
d:979:5.095834631063667e-05,1.0498075466016523,1.0498094170663492,2.099566005321691
d:980:4.9060582330895386e-05,1.0498075498441573,1.0498094203088684,2.0995679095706947
d:981:4.7484332515779215e-05,1.049807549944898,1.049809420409563,2.099569486021945
d:982:4.5021508281450906e-05,1.0498075531873994,1.049809420510261,2.099571952189379
d:983:4.3542580044686474e-05,1.0498075532881437,1.0498094206109592,2.099573431319058
d:984:4.12111967413864e-05,1.049807556530645,1.0498094238534783,2.099575769187382
d:985:3.891503043718103e-05,1.04980755977315,1.0498094239541764,2.0995780686968892
d:986:3.628221548979127e-05,1.0498075598738907,1.0498094271966956,2.0995807048550965
d:987:3.274734952185554e-05,1.049807559974635,1.0498094272973901,2.0995842399225033
d:988:3.1140580063038215e-05,1.0498075632171364,1.0498094305399093,2.0995858531769827
d:989:2.991620608128187e-05,1.0498075633178807,1.049809433782432,2.0995870808942314
d:990:2.7368821793771758e-05,1.049807566560382,1.04980943388313,2.0995896316217184
d:991:2.5480752704254428e-05,1.0498075666611264,1.0498094339838246,2.099591519892247
d:992:2.3599526599582532e-05,1.0498075667618672,1.0498094340845228,2.0995934013197903
d:993:2.168378636469015e-05,1.0498075668626115,1.0498094341852209,2.0995953172614676
d:994:2.0052928036307094e-05,1.0498075669633558,1.049809434285919,2.0995969483212384
d:995:1.8397149005977553e-05,1.0498075670641,1.0498094375284381,2.099598607443532
d:996:1.5665295148181713e-05,1.049807570306605,1.0498094407709608,2.0996013457824176
d:997:1.4034903482951222e-05,1.0498075735490993,1.0498094440134764,2.0996029826590927
d:998:1.2612776046694307e-05,1.0498075736498436,1.0498094472559956,2.0996044081297924
d:999:1.1340378602398005e-05,1.0498075737505879,1.0498094473566937,2.099605680728679
d:1000:1.0095884832139745e-05,1.0498075738513322,1.0498094505992128,2.099606928565713
d:1001:8.368817621118296e-06,1.049807573952073,1.049809450699911,2.0996086558343627
d:1002:6.786118618151704e-06,1.0498075771945778,1.0498094508006055,2.099610241876565
