data: dataset/foma/
d:1:0.015937436425378593,4.086681640082601,4.086681559885543,8.157425763542765
d:2:0.00672712117751928,4.0866816349786,4.086681557248328,8.166636071049409
d:3:0.006318249408503007,4.086681630588441,4.086681559800077,8.167044940980015
d:4:0.005899776912761112,4.086681628196155,4.086681554995156,8.16746340627855
d:5:0.005543535134206579,4.08668162059014,4.086681550551807,8.16781963600774
d:6:0.00525326488155109,4.086681610240824,4.086681547914404,8.168109893273677
d:7:0.005058458149186151,4.08668160521438,4.086681543109288,8.168304690174482
d:8:0.004857146136872714,4.086681604072314,4.086681538054487,8.168505995989928
d:9:0.0047046434023272354,4.086681598750902,4.086681534001196,8.16865848934977
d:10:0.004507048880871167,4.086681593537678,4.08668152834591,8.168856073002717
d:11:0.0006478978467381324,4.086681588324248,4.086681523024501,8.172715213502011
d:12:0.0005635899087064189,4.086681583880928,4.0866815126512055,8.172799506623427
d:13:0.0005166568818815165,4.086681573454545,4.08668150736715,8.172846423939813
d:14:0.0004999802798000275,4.086681568057099,4.08668150211726,8.172863089894559
d:15:0.0004645649090342374,4.086681564137036,4.0866814967198195,8.172898495947821
d:16:0.0004435165257721252,4.08668156174458,4.08668149184879,8.172919537067598
d:17:0.00043948476122146474,4.086681556346935,4.08668149141425,8.172923562999964
d:18:0.0004411234968344502,4.086681551416616,4.086681486970727,8.172921914890509
d:19:0.00044231588858778537,4.086681546927775,4.086681561635205,8.172920792674391
d:20:0.0004405892798953204,4.086681621592209,4.086681557191488,8.172922589503802
d:21:0.00044875386602427625,4.0866816241440205,4.086681552136515,8.172914422414511
d:22:0.0025804553757140525,4.086681623152032,4.086681550869816,8.170782718646134
d:23:0.0017252470198432235,4.086681619685532,4.086681553421444,8.171637926087133
d:24:0.0010828294165516894,4.086681615895712,4.086681542995089,8.17228032947425
d:25:0.0006139133018319143,4.086681610682117,4.086681540243665,8.17274923762395
d:26:0.0003064977797890833,4.086681605675253,4.086681534846042,8.173056642741505
d:27:0.00011950259877302472,4.08668159561423,4.086681532208502,8.173243625223959
d:28:1.5794612306052613e-05,4.086681585264737,4.086681527818408,8.173347318470839
d:29:1.4297267252771917e-05,4.086681580839544,4.086681522744543,8.173348806316834
d:30:9.084572924678014e-05,4.086681568637079,4.086681517718164,8.173272240625996
d:31:0.00024164932967707387,4.086681563832242,4.086681505515694,8.173121420018258
d:32:0.0004208336010620428,4.086681553597495,4.0866815005088455,8.172942220505279
d:33:0.00024171312417209379,4.086681543407151,4.086681575173378,8.173121405456357
d:34:0.00011817999346597219,4.086681539016867,4.086681570368128,8.17324492939153
d:35:3.643667966102271e-05,4.086681533990291,4.086681566314715,8.173326663625344
d:36:4.764305012727732e-06,4.086681608654793,4.086681558708783,8.173358403058563
d:37:2.4375545741861515e-06,4.086681606361566,4.086681551102638,8.17336071990963
d:38:2.3894359495457707e-05,4.086681602250124,4.086681546677468,8.173339254568097
d:39:4.459825552416419e-05,4.086681596943997,4.0866815492289685,8.173318547917441
d:40:7.367640800559627e-05,4.086681591870171,4.086681545439195,8.17328946090136
d:41:8.810561874028622e-05,4.086681587426723,4.086681541013823,8.173275022821805
d:42:9.999291673246091e-05,4.086681581317659,4.086681535616039,8.173263124016966
d:43:9.796478150292387e-05,4.08668157892509,4.086681530218044,8.17326514436163
d:44:2.267961245827621e-05,4.086681575004906,4.086681529783396,8.173340425175844
d:45:4.4652285069446407e-07,4.086681569698587,4.08668152500265,8.173362648178387
d:46:5.88433207049377e-06,4.086681559508049,4.086681520131503,8.173357195307482
d:47:2.7238063699641657e-05,4.086681634172583,4.086681515556553,8.173335911665436
d:48:3.585027501706861e-05,4.0866816331804845,4.086681511502972,8.17332729440844
d:49:4.4633117708414716e-05,4.086681629260108,4.086681506946565,8.173318503088964
d:50:4.498311786527154e-05,4.086681627993503,4.086681496520047,8.173318141395685
d:51:2.671183634816998e-05,4.086681623768332,4.086681571184657,8.17333648311664
d:52:1.350175514325258e-05,4.086681617659087,4.086681566028416,8.17334968193236
d:53:-1.710937965526682e-06,4.086681611549631,4.086681561539674,8.17336488402727
d:54:-2.119282347834428e-06,4.086681607876493,4.086681556383226,8.173365283542067
d:55:1.2467601719023946e-05,4.086681603651128,4.086681555948422,8.17335069199783
d:56:1.62266225220975e-05,4.08668159840137,4.086681550874427,8.173346922653275
d:57:2.1416996089484996e-05,4.0866815943482315,4.086681546299305,8.173341723651447
d:58:2.052120250262135e-05,4.086681589477333,4.086681536238359,8.17334260451319
d:59:1.0163998748424774e-05,4.0866815792866,4.0866815325652315,8.173352947853083
d:60:9.462801896731321e-06,4.086681568936962,4.08668152992759,8.173353636062656
d:61:1.0417967821751972e-06,4.086681643601553,4.086681526007661,8.173362127812432
d:62:1.4934661933807547e-06,4.086681646153316,4.086681520794585,8.173361673481708
d:63:4.73769800102275e-06,4.086681642363409,4.086681515923281,8.17335842058869
d:64:7.804255037768826e-07,4.086681637938117,4.086681505549889,8.173362363062502
d:65:5.702202125590361e-06,4.086681634148011,4.08668150061971,8.173357432565595
d:66:8.836423187830178e-06,4.08668162914106,4.086681495515888,8.17335428823376
d:67:6.823630654295698e-06,4.086681623485944,4.086681491090387,8.173356290945677
d:68:1.7755051828771684e-07,4.086681612530716,4.086681490655426,8.173362925635624
d:69:-2.1932596361295964e-06,4.086681608305188,4.086681489663581,8.173365291228405
d:70:3.7724797508076335e-07,4.086681603298036,4.086681564328282,8.173362790378343
d:71:2.33812194494476e-07,4.086681598723164,4.0866815606076035,8.173362925518573
d:72:1.272061835422278e-06,4.086681593619156,4.086681555759355,8.173361877316676
d:73:4.067245450656287e-06,4.0866815908678795,4.086681551333669,8.173359074956098
d:74:4.646621365012038e-06,4.086681588116406,4.086681546907778,8.173358488402819
d:75:5.482297867231978e-06,4.086681583268172,4.086681541751183,8.173357642721488
d:76:3.787198288307536e-08,4.086681578112001,4.086681538999711,8.17336307923973
d:77:-2.0760228203187125e-06,4.086681652776656,4.08668153394469,8.173365262744166
d:78:1.3799793219249068e-06,4.086681650139683,4.08668152878789,8.173361798948251
d:79:-1.1229972525228504e-06,4.0866816463494136,4.086681523630881,8.173364292977547
d:80:8.091128265164116e-07,4.0866816412452245,4.086681518575663,8.17336235070806
d:81:-1.3122404762810902e-06,4.086681636854877,4.086681515937881,8.173364465033234
d:82:3.0200506966338025e-06,4.086681631479406,4.086681510616467,8.173360122045176
d:83:2.7011932370868408e-06,4.086681625369819,4.0866815096244675,8.173360433801049
d:84:-1.8251054267892641e-06,4.086681620048417,4.086681506158149,8.173364951311992
d:85:1.5142494014241947e-07,4.08668161741126,4.08668150100095,8.17336296698727
d:86:2.525322143398512e-06,4.086681608237855,4.086681495602866,8.173360578518578
d:87:2.773481746487505e-07,4.086681598046969,4.086681494610685,8.17336281530948
d:88:-8.820152466171294e-07,4.086681591937182,4.086681494175595,8.173363968128024
d:89:2.5363466580330396e-06,4.086681587156567,4.086681568840387,8.173360619650296
d:90:-5.853275943934477e-07,4.0866816618212685,4.086681556637833,8.173363803786696
d:91:-3.674261503050502e-06,4.086681657040458,4.086681553999888,8.17336688530185
d:92:9.60199683319729e-07,4.086681655898461,4.086681550533388,8.173362246232166
d:93:3.507500569099875e-06,4.08668164829248,4.086681553084889,8.1733596938768
d:94:-2.220403619190847e-06,4.086681643078871,4.086681550692875,8.173365414175365
d:95:1.278252369729671e-06,4.086681640686267,4.0866815502576195,8.173361912691517
d:96:1.5278548382013923e-06,4.086681635379888,4.086681546536806,8.173361654061855
d:97:-2.9928391676037336e-06,4.086681624953501,4.086681541510414,8.173366159303082
d:98:1.4274187147833572e-06,4.086681620082512,4.086681536729614,8.173361729393411
d:99:-1.4524904941026762e-06,4.086681615211317,4.086681532240799,8.17336459994261
d:100:1.0029744466066859e-06,4.086681611538113,4.086681526842547,8.173362135406213
d:101:-2.0564628897545845e-06,4.086681606216759,4.086681522788917,8.173365185468565
d:102:7.625348708018009e-07,4.086681597043171,4.086681597453758,8.173362431962058
d:103:-9.636780244903775e-07,4.086681591721609,4.086681592169759,8.173364147569393
d:104:5.035895345173458e-07,4.0866815860663905,4.086681586863822,8.173362669340678
d:105:-9.609768980567424e-08,4.08668166073115,4.086681581557675,8.173363338386515
d:106:-4.212340085629762e-06,4.086681657264702,4.086681571131075,8.173367440735863
d:107:1.9377330282566163e-06,4.086681646914963,4.086681565809737,8.173361274991672
d:108:-2.8677429355639106e-06,4.086681642563519,4.086681565374331,8.173366075680786
d:109:7.808834627809347e-07,4.086681638510333,4.086681560483264,8.173362418110134
d:110:5.699322862540157e-07,4.086681632854921,4.086681550109766,8.1733626130324
d:111:2.5037673037076047e-06,4.086681627357905,4.086681537907024,8.173360661497625
d:112:-4.70775406036239e-06,4.086681622427658,4.086681533101796,8.173367863283515
d:113:-7.799449548429038e-07,4.0866816176467005,4.0866815319600605,8.173363929551716
d:114:-1.8515191531065511e-06,4.086681612324963,4.086681527848841,8.173364991692956
d:115:1.3144259902730937e-06,4.086681608099365,4.086681522774814,8.173361816448189
d:116:3.895875451576103e-06,4.086681603318199,4.086681518663394,8.173359226106141
d:117:-1.1620716229288064e-06,4.08668159851341,4.086681517396796,8.173364277981829
d:118:-9.506368456868586e-07,4.086681594287612,4.08668151229292,8.173364057217377
d:119:-6.062283667063184e-06,4.086681668952428,4.086681507803958,8.173369239040053
d:120:-3.732973341996626e-06,4.086681663796181,4.086681582468879,8.173366979238402
d:121:1.5495815954835734e-06,4.086681658420611,4.086681577893733,8.173361686732749
d:122:-1.3733871107035611e-06,4.086681653490187,4.086681572643954,8.173364599521252
d:123:3.635524112866051e-07,4.086681647992997,4.086681567322451,8.173362851763036
d:124:6.65570953017891e-07,4.086681643436824,4.086681561947099,8.17336253981297
d:125:1.4038096303181646e-06,4.086681638504311,4.086681556940315,8.173361791634996
d:126:-6.723068928238263e-07,4.0866816345839645,4.086681553020377,8.173363859911234
d:127:-6.350237899965805e-07,4.086681629778994,4.0866815525848335,8.173363817387617
d:128:8.481768851709148e-07,4.08668162493071,4.086681542350341,8.173362319104166
d:129:-2.7275712870533653e-06,4.0866816147397085,4.086681538883749,8.173365881194744
d:130:-6.545449888761823e-07,4.086681610819165,4.0866815285100735,8.173363793874227
d:131:-2.637842245079014e-06,4.0866816071458505,4.086681523618859,8.173365768606955
d:132:3.182197737316983e-06,4.086681681810713,4.086681518461585,8.173360018074561
d:133:4.4647796748620294e-07,4.086681676434967,4.086681514017993,8.173362743974993
d:134:4.955215668900337e-07,4.086681672009675,4.086681503957019,8.173362680445127
d:135:-6.667828280626509e-07,4.086681666759944,4.0866814995311,8.173363833073871
d:136:4.5908279311390743e-07,4.086681661546251,4.086681494524136,8.173362696987594
d:137:4.167741526117652e-06,4.086681659153578,4.08668148920246,8.173358980614513
d:138:3.094800504754858e-08,4.086681654305114,4.086681483880573,8.173363107237682
d:139:2.1003034547106836e-06,4.086681648998649,4.086681479960463,8.173361028655657
d:140:-3.5034552112733763e-06,4.086681636796227,4.08668147604015,8.173366616291588
d:141:1.4637658853899893e-06,4.086681631582339,4.086681550705174,8.173361718521628
d:142:1.8228064551095713e-06,4.086681626050041,4.086681546279069,8.173361349522654
d:143:-2.02307622743092e-06,4.0866816249080085,4.086681538672996,8.173365186657232
d:144:-2.0884718470171038e-06,4.086681620333145,4.086681533781613,8.173365242586605
d:145:8.906047082035684e-07,4.086681615026487,4.086681533345935,8.173362257767714
d:146:5.293945459783345e-07,4.086681610583145,4.0866815279704305,8.17336260915903
d:147:4.252831411477587e-06,4.086681606157681,4.086681522473514,8.173358875799783
d:148:-3.695937673242611e-06,4.086681601286422,4.086681517097805,8.1733668143219
d:149:3.6333455355475053e-07,4.086681596002773,4.086681511940371,8.17336274460859
d:150:-5.573924912738448e-07,4.086681591131308,4.0866815066341395,8.173363655157939
d:151:-5.214299893196994e-06,4.0866815906972,4.086681502522618,8.173368307519711
d:152:4.5521325908737253e-07,4.086681588742353,4.086681497124307,8.1733626306534
d:153:-1.3637024842694245e-07,4.086681663407319,4.086681492069088,8.173363291846655
d:154:1.7049034894967008e-07,4.086681665959212,4.086681487061966,8.17336298253083
d:155:1.428473870745961e-06,4.086681658353186,4.08668147700082,8.173361706880135
d:156:-3.8766710730442355e-07,4.086681657918904,4.086681471945399,8.17336351753141
d:157:-7.107283130025621e-06,4.086681651809107,4.086681466290322,8.173370225382559
d:158:-9.589275364874084e-07,4.086681641748205,4.086681460914431,8.173364061590172
d:159:2.254671256807228e-06,4.086681636250905,4.086681450540592,8.17336083212024
d:160:-2.5920353685648934e-07,4.08668163202503,4.086681450104766,8.173363341333333
d:161:-2.1704465247296412e-07,4.086681627673537,4.086681524769888,8.173363369488078
d:162:-1.4303498261369896e-06,4.086681622801896,4.08668152034363,8.173364573495352
d:163:-7.744072938464797e-08,4.086681617518078,4.086681515022242,8.17336320998105
d:164:-2.615861076193937e-06,4.086681616251633,4.086681512729401,8.17336574484211
d:165:7.336078695630022e-07,4.0866816135002395,4.086681502668052,8.173362382560422
d:166:2.428334866522164e-07,4.086681608445907,4.0866814976607575,8.173362863273178
d:167:3.679499563702393e-06,4.086681604979436,4.086681492262274,8.173359417742146
d:168:6.712790629137544e-06,4.086681594629621,4.0866814820722865,8.173356363911278
d:169:-3.0228201062243443e-06,4.0866815892537645,4.086681477645843,8.173366089719714
d:170:-4.049634261704682e-06,4.086681583946966,4.086681473089589,8.173367106670817
d:171:9.546665431514612e-07,4.086681574773333,4.0866814720974745,8.173362092204265
d:172:3.692566203028491e-06,4.0866816494383915,4.086681468376684,8.173359425248872
d:173:1.5338652943341913e-06,4.086681648171782,4.086681462844254,8.173361577150741
d:174:4.4829497536369445e-06,4.086681643299972,4.086681451889294,8.173358612239513
d:175:2.364924664988166e-07,4.086681632927114,4.086681447314097,8.173362843748745
d:176:1.2411283289992525e-06,4.086681627529723,4.086681442258522,8.173361828659916
d:177:-2.7773503319394877e-07,4.0866816225033595,4.086681441116783,8.173363341355175
d:178:-1.0177550926471213e-06,4.086681617399243,4.086681515781979,8.173364150936315
d:179:9.402242184819443e-08,4.086681607164662,4.0866815109338415,8.173363024076082
d:180:3.5976037864315913e-06,4.0866816020083725,4.086681500872299,8.173359505276885
d:181:-2.5840093709206258e-06,4.086681599256824,4.086681497151332,8.173365680417527
d:182:-5.571661738201783e-06,4.086681593601403,4.086681486777325,8.173368652040466
d:183:-1.0192233368400139e-06,4.08668158879639,4.086681482220902,8.173364090240629
d:184:-6.732075021886885e-07,4.086681583991169,4.086681477165143,8.173363734363814
d:185:5.5299057777347116e-08,4.086681582724395,4.0866814797167645,8.173363007142102
d:186:3.510631287895194e-07,4.086681577875861,4.086681474340741,8.173362701153474
d:187:-1.5449840091719125e-06,4.086681572868843,4.086681473904804,8.173364591757656
d:188:2.479316449921498e-07,4.086681567764543,4.0866814686550015,8.1733627884879
d:189:4.6148141485957694e-07,4.086681562232171,4.0866814564522205,8.173362557202976
d:190:1.7667961760281514e-06,4.086681561090087,4.086681451130271,8.173361245424182
d:191:-2.4887014742347446e-06,4.086681555768363,4.086681443524112,8.17336548799395
d:192:2.1154962990266313e-06,4.086681630433512,4.086681438675795,8.173360953613008
d:193:2.9315774057181443e-06,4.086681624900942,4.0866814352091865,8.173360128532723
d:194:3.927361259314921e-06,4.086681623634005,4.0866815098744524,8.173359206147198
d:195:3.428495560342526e-06,4.086681613399227,4.086681505069258,8.173359689972925
d:196:7.027582906715679e-07,4.0866816029728685,4.0866814948347105,8.173362395049288
d:197:3.590114056706284e-06,4.0866815926229005,4.08668149254177,8.173359495050613
d:198:1.436221033657148e-06,4.086681588511736,4.086681490248635,8.173361642539337
d:199:2.3867747493966363e-06,4.086681578085152,4.086681480186915,8.173360671497317
d:200:3.327840090605605e-06,4.086681565882637,4.086681474689938,8.173359712732484
d:201:1.153448065949192e-06,4.086681560560731,4.086681464499808,8.173361871612473
d:202:-5.097194470948807e-07,4.08668155688742,4.086681459628698,8.173363526235566
d:203:3.7811645245966474e-06,4.086681551637669,4.086681452022351,8.173359222495495
d:204:-1.7146167294868064e-06,4.086681547062769,4.086681449729028,8.173364711408526
d:205:3.2129109364120723e-06,4.08668154221408,4.086681445339249,8.173359774642392
d:206:-1.417128872915896e-06,4.086681536681331,4.0866814399406675,8.173364393750871
d:207:-1.4397171739233272e-06,4.086681526254534,4.086681435384106,8.173364401355814
d:208:-8.089044989390004e-07,4.08668160091975,4.086681510049422,8.17336391987367
d:209:1.3558357991882986e-06,4.086681590546748,4.0866815045522635,8.173361739263212
d:210:-9.66626334530929e-07,4.086681586156576,4.0866814944903425,8.173364047273253
d:211:-6.742186258179572e-07,4.086681582366499,4.086681484300012,8.173363740885137
d:212:-6.756012211894813e-07,4.086681572175483,4.086681480510544,8.173363728287248
d:213:2.0657493315923148e-07,4.086681569423828,4.086681479368725,8.17336284221762
d:214:5.402402972976006e-06,4.086681567130945,4.086681469178169,8.173357633906141
d:215:1.0514962074381629e-06,4.086681556939707,4.086681466426921,8.17336197187042
d:216:-2.2588807837564673e-06,4.086681552292088,4.086681465434756,8.173365276607628
d:217:1.1837155184935e-06,4.0866815431183525,4.0866814602773065,8.17336181968014
d:218:3.511809966383339e-06,4.086681537462821,4.086681456487652,8.173359482140507
d:219:5.721461175056675e-06,4.086681533236909,4.086681445532575,8.173357257308309
d:220:4.631802976717836e-07,4.0866815319698535,4.08668144278114,8.173362511570696
d:221:-7.077496686491713e-07,4.0866815268134715,4.086681438292267,8.173363672855407
d:222:-2.272271640180179e-06,4.0866815216568835,4.086681434619418,8.173365228547942
d:223:-3.7853700032286497e-06,4.0866815167661485,4.086681434183403,8.173366736319554
d:224:6.246215461302995e-06,4.086681514129214,4.086681429626681,8.173356697540434
d:225:-2.0170208845371462e-06,4.0866815887945105,4.0866814246004495,8.173365030415845
d:226:3.866922838824394e-06,4.086681591346455,4.086681419350544,8.17335914377416
d:227:1.6075767010903519e-06,4.086681587235169,4.086681414137738,8.173361393796206
d:228:-1.0690631029319775e-06,4.086681585967941,4.086681412871288,8.173364067902332
d:229:-2.5207740570465376e-06,4.086681573765265,4.086681487536708,8.17336558207603
d:230:-2.1208078138101882e-06,4.086681573331022,4.086681482979799,8.173365177118635
d:231:4.686427992339759e-07,4.08668156986454,4.086681478332219,8.17336257955396
d:232:-4.866653178225988e-07,4.0866815661443425,4.086681467958114,8.173363520767774
d:233:3.428077473444091e-06,4.086681561253435,4.086681465320401,8.173359598496363
d:234:-1.2881656825669552e-06,4.086681558860853,4.086681460014201,8.173364307040737
d:235:1.7672258678658181e-06,4.086681554285841,4.086681449823471,8.173361236883444
d:236:-3.98640977472553e-06,4.086681549129084,4.086681445598845,8.173366981137704
d:237:-1.5197693929991374e-06,4.0866815387559186,4.086681440818241,8.173364499343553
d:238:-1.3232472895197134e-08,4.086681531149896,4.08668143553442,8.173362979916789
d:239:-9.20767940115752e-07,4.08668152584308,4.086681431107969,8.17336387771899
d:240:3.748270552605959e-06,4.086681525408675,4.086681425894991,8.173359203033113
d:241:-6.763947091315003e-07,4.086681514981734,4.086681423601583,8.173363614978026
d:242:1.307430791186448e-06,4.086681510049354,4.086681419044499,8.173361621663062
d:243:-3.7833676405085725e-06,4.086681509057666,4.086681414239232,8.173366706664538
d:244:1.0562895322863142e-06,4.086681583723047,4.086681488904711,8.173362016338226
d:245:-1.5213946404912804e-06,4.086681578942059,4.086681476701834,8.173364577038534
d:246:-1.8624136171041528e-06,4.086681573544659,4.086681471451779,8.173364907410056
d:247:2.7101173039056903e-07,4.086681576096497,4.0866814660531094,8.173362771137876
d:248:4.736074535216517e-06,4.0866815708127096,4.0866814612723275,8.173358296010502
d:249:-3.0721885551088235e-06,4.086681560577846,4.086681456697143,8.173366089463544
d:250:5.69835754937742e-06,4.086681548374983,4.0866814518259655,8.1733573018434
d:251:-4.332189888600624e-06,4.086681537947843,4.086681446170953,8.173367316308685
d:252:-2.820864459351924e-06,4.08668153352248,4.086681443877376,8.173365798264316
d:253:2.4181180133808766e-06,4.086681529849116,4.086681438945231,8.173360550676334
d:254:-1.394702476176235e-06,4.086681519657748,4.0866814348338085,8.173364349194033
d:255:-3.705925857744319e-06,4.0866815157373715,4.086681429730122,8.173366651393351
d:256:-1.1711725083074498e-06,4.086681506563515,4.08668142467436,8.173364102410384
d:257:-5.765555545877987e-06,4.086681509115197,4.0866814142479235,8.173368688918666
d:258:5.895115506859838e-09,4.086681498923607,4.086681404057018,8.173362897085509
d:259:-2.6784642077615217e-06,4.086681495003036,4.086681478722561,8.173365652189805
d:260:-2.184127129822855e-06,4.086681489996019,4.0866814682959,8.17336514241905
d:261:2.2355584263777928e-06,4.086681479645984,4.08668146385248,8.173360707940038
d:262:-4.347099258339426e-06,4.086681475090002,4.086681461214651,8.17336728340391
d:263:1.5482297737179351e-06,4.0866814710370605,4.086681455908325,8.173361378715612
d:264:-1.088317176822784e-06,4.08668154570254,4.086681445534074,8.17336407955379
d:265:-1.8465122959554492e-06,4.086681541591156,4.086681441480723,8.173364829584175
d:266:2.2005840669692134e-06,4.086681531240906,4.086681438729224,8.173360769386063
d:267:3.1958396391473798e-06,4.0866815274507875,4.086681433571714,8.173359765182862
d:268:3.9070950030861695e-07,4.0866815233392035,4.086681429460125,8.173362562089828
d:269:2.329730689254461e-06,4.086681519548884,4.086681417257063,8.173360607075258
d:270:-9.733891914720516e-09,4.086681514151341,4.086681406908433,8.173362930793665
d:271:3.615633595188683e-06,4.086681509125038,4.08668140212751,8.173359295618953
d:272:5.1184251166347394e-06,4.086681503968174,4.086681396728695,8.173357782271752
d:273:1.9472804702047597e-06,4.086681491765125,4.086681391624847,8.173360936109502
d:274:-1.161826984841241e-06,4.086681486660865,4.0866813867765615,8.173364035264411
d:275:-1.6987779716259865e-07,4.086681482870361,4.086681381400583,8.17336303414874
d:276:-3.1824841961736183e-07,4.086681477656645,4.086681379446109,8.173363175351174
d:277:-5.075557700351396e-06,4.08668147260242,4.086681374597621,8.173367922757741
d:278:-1.7645684149414365e-06,4.086681469965448,4.086681449263253,8.173364683797116
d:279:-3.3143603133112265e-06,4.086681544630986,4.08668144433349,8.173366303324789
d:280:1.3392860775951476e-06,4.086681539698507,4.086681441581835,8.173361641994264
d:281:2.3701560643019093e-06,4.0866815351423735,4.0866814362056605,8.17336060119197
d:282:1.3799538844949666e-06,4.08668153049474,4.0866814321521545,8.17336158269301
d:283:5.262152459550862e-06,4.086681529227487,4.086681428685617,8.173357695760645
d:284:1.3985914630865182e-06,4.086681524652411,4.0866814236784545,8.173361549739402
d:285:-7.852071899350221e-07,4.086681520004575,4.086681417570082,8.173363722781847
d:286:-1.4798458636278156e-06,4.08668151771171,4.086681412037768,8.173364409595342
d:287:-8.155816892951862e-07,4.086681512779045,4.086681404431436,8.17336373279217
d:288:-9.312886657397712e-07,4.0866815088583515,4.086681400080513,8.17336384022753
d:289:-7.409860192097995e-07,4.086681503325627,4.086681394830368,8.173363639142014
d:290:-4.714734682664812e-06,4.086681498882504,4.0866813872238215,8.173367600841008
d:291:2.2329008775301418e-06,4.086681493575632,4.086681381917366,8.17336064259212
d:292:-8.076985604787978e-07,4.086681487465997,4.086681377805638,8.173363672970195
d:293:2.857583755400128e-06,4.0866815621315915,4.086681367431227,8.173360071979063
d:294:1.2748080653324223e-06,4.0866815572406505,4.086681358258371,8.173361640690956
d:295:-1.6844975423424557e-06,4.086681555973241,4.086681353387116,8.1733645938579
d:296:-2.3172736796084337e-06,4.086681550317726,4.086681428052824,8.17336529564423
d:297:3.0067294591873406e-06,4.086681539362857,4.086681423701723,8.173359956335121
d:298:1.1171204103987975e-06,4.086681534787612,4.086681418694392,8.173361836361593
d:299:-3.6092722766056795e-07,4.086681529480556,4.08668140649117,8.173363296898954
d:300:-6.755754071718911e-07,4.0866815249051065,4.086681401934044,8.173363602414558
d:301:-2.715293359045745e-07,4.086681519850748,4.086681400941954,8.173363192322038
d:302:-1.205806119841668e-06,4.086681515275094,4.086681396050814,8.173364117132028
d:303:-4.108416389314584e-06,4.086681514283404,4.086681395058532,8.173367017758325
d:304:9.433865315600087e-07,4.086681508627699,4.086681390483298,8.173361955724465
d:305:-1.2814891334755885e-06,4.086681583293332,4.086681386039796,8.173364250822262
d:306:6.702364547805928e-07,4.086681578737071,4.086681381986152,8.173362290486768
d:307:-1.3019694495852718e-06,4.086681573239989,4.086681376930329,8.173364252139768
d:308:9.61027083690169e-07,4.086681567707112,4.086681373140733,8.173361979820761
d:309:4.528713365203885e-06,4.086681562816006,4.086681362713966,8.173358396816607
d:310:-4.377545678835304e-06,4.086681552755277,4.086681357842545,8.1733672881435
d:311:-1.0496463840325987e-06,4.08668154232806,4.086681432508316,8.17336402448276
d:312:-1.3219984396073414e-07,4.086681537223704,4.0866814279328985,8.173363097356447
d:313:3.3302580000338367e-06,4.0866815319398935,4.086681422876884,8.173359624558778
d:314:1.91868877763568e-06,4.086681527886904,4.086681418319596,8.173361027517723
d:315:-8.903128456694276e-07,4.08668152513536,4.0866814133874225,8.173363828835628
d:316:-3.483372085000269e-06,4.086681520202568,4.086681409920779,8.173366413495431
d:317:-2.5284737805719715e-06,4.08668151014162,4.0866814049132945,8.173365443528695
d:318:3.1242205160708636e-06,4.0866815848073,4.086681399887123,8.173359860473907
d:319:-1.6527782022990323e-06,4.08668158134088,4.0866813947832,8.173364628902283
d:320:-3.91103184860242e-06,4.086681576236337,4.086681389756823,8.173366877025009
d:321:2.9292050758300547e-06,4.086681571793102,4.086681379522371,8.173360022110398
d:322:5.284438806540948e-07,4.086681569041378,4.086681379086475,8.173362419683972
d:323:-4.092773364661184e-06,4.086681563827598,4.086681377820128,8.17336703442109
d:324:-2.9707446866922282e-06,4.08668155904663,4.086681372763932,8.173365902555249
d:325:2.47923262186589e-06,4.086681554039597,4.086681367108918,8.173360441915893
d:326:-2.759285825604252e-06,4.086681544865709,4.086681365967257,8.173365670118791
d:327:7.493124272173191e-07,4.086681540812551,4.086681440633097,8.17336223213322
d:328:1.3659238096153103e-06,4.086681530462233,4.086681436144332,8.173361600682755
d:329:1.737771924581466e-06,4.086681525681069,4.086681431363374,8.173361219272518
d:330:-2.9436068746946376e-06,4.086681520373888,4.08668142769065,8.173365891671413
d:331:1.603775533709495e-06,4.0866815151242974,4.086681422193628,8.173361333542392
d:332:-3.334424398815372e-07,4.08668150488942,4.086681417704666,8.173363256036525
d:333:2.6218271642619584e-07,4.086681499513828,4.086681407330136,8.173362644661248
d:334:1.732966076417597e-06,4.086681489163293,4.086681402008395,8.173361158205612
d:335:1.1964893040783409e-06,4.086681563829046,4.086681398541604,8.173361765881346
d:336:1.372387737674785e-06,4.0866815663808165,4.086681393693086,8.173361587686164
d:337:2.8798072371216676e-06,4.086681561575835,4.086681390941399,8.173360072709997
d:338:1.1834378792485722e-06,4.086681556684606,4.086681385885036,8.173361759131764
d:339:-6.092826616566072e-07,4.0866815516301465,4.086681381831287,8.173363542744095
d:340:-8.224706871118315e-07,4.0866815471420495,4.086681377777333,8.17336374739007
d:341:-2.2887965442919267e-06,4.086681546707775,4.0866813724554,8.17336520795972
d:342:-1.8549171265647146e-07,4.0866815457160115,4.08668136787986,8.173363099087585
d:343:2.673888397808355e-06,4.086681540340239,4.086681367443836,8.173360233895677
d:344:-1.3384856405451728e-06,4.086681539905779,4.086681362122759,8.173364240514179
d:345:2.1945002011136694e-06,4.086681535124454,4.086681361686546,8.173360702310799
d:346:2.36869114544902e-07,4.086681530319291,4.086681436352478,8.173362729802655
d:347:-2.7827943558378365e-06,4.086681525513921,4.086681430244072,8.173365738552349
d:348:-1.216280438143258e-06,4.086681520357072,4.086681419289098,8.173364155926608
d:349:5.6970824431346045e-06,4.086681515252403,4.086681418147316,8.173357236317276
d:350:2.5295805681224692e-06,4.086681509876438,4.086681412038704,8.173360392334574
d:351:2.337868849622282e-06,4.086681504985034,4.086681405929879,8.173360573046063
d:352:-2.531421060325556e-06,4.086681494793465,4.086681405493499,8.173365431708024
d:353:2.6393442169592163e-06,4.086681487187537,4.086681401067182,8.173360248910502
d:354:1.0461197064159933e-07,4.0866814767602,4.086681396419754,8.173362768567983
d:355:1.34162059239884e-07,4.08668155142605,4.086681391043587,8.173362808307578
d:356:4.273940810151089e-07,4.0866815539777015,4.086681381870674,8.173362508454295
d:357:-1.6471596708811376e-06,4.086681549421378,4.0866813770655295,8.173364573646579
d:358:-3.9068189483515425e-06,4.086681545070261,4.08668137213327,8.17336682402248
d:359:-5.768565554120642e-07,4.086681539537322,4.086681367352188,8.173363483746066
d:360:-3.936248784697227e-06,4.086681529164252,4.086681362776492,8.173366828189529
d:361:-2.833122380252462e-06,4.086681523054606,4.086681361634547,8.173365717811533
d:362:1.440213672765367e-06,4.086681516944749,4.0866813512859235,8.173361428017
d:363:4.132154607816574e-06,4.086681511918506,4.086681346278361,8.17335872604226
d:364:5.106519859410241e-06,4.086681506421375,4.086681341630751,8.173357741532266
d:365:-3.3085286563760974e-06,4.086681496229611,4.08668133652675,8.173366141285017
d:366:3.2555466837891345e-06,4.086681498781106,4.086681331678102,8.173359574912524
d:367:1.4162833519293372e-06,4.086681573446997,4.086681406344139,8.173361563507784
d:368:3.549639693289919e-07,4.086681575998318,4.086681408896187,8.173362629930535
d:369:1.881688376670354e-06,4.086681570943741,4.086681406144397,8.17336109539976
d:370:1.0455859555946745e-06,4.086681560570469,4.086681400035413,8.173361915019926
d:371:-4.457911746413856e-07,4.086681559303102,4.086681396568526,8.173363401662803
d:372:-6.740068165811408e-07,4.086681554198293,4.086681390459333,8.173363618664442
d:373:-3.2575640762644298e-06,4.086681549041309,4.086681381286239,8.173366187891624
d:374:5.3669225863473e-07,4.086681542931274,4.086681376353818,8.173362382592833
d:375:2.64601302291112e-06,4.086681539140862,4.086681373601843,8.173360266729683
d:376:3.0696260289175825e-06,4.086681537873316,4.086681368575423,8.17335983682271
d:377:-1.1578697893810386e-06,4.086681527499827,4.08668135851371,8.173364043883327
d:378:-7.364786451802274e-07,4.086681523579204,4.086681355046638,8.173363615104487
d:379:-3.917314561618923e-07,4.086681518258445,4.086681344984697,8.173363254974598
d:380:2.765748023492165e-06,4.08668159292438,4.086681419650779,8.173360246827135
d:381:1.070835441652207e-06,4.08668158760279,4.0866814155391165,8.173361932306465
d:382:2.203559494873275e-06,4.08668158235314,4.086681410733844,8.17336078952749
d:383:-6.373897374345461e-07,4.086681577461627,4.086681406944271,8.173363621795636
d:384:-2.2549655476211683e-07,4.0866815713514075,4.086681402072859,8.173363198920821
d:385:-5.269182921097126e-07,4.086681565818331,4.08668139164606,8.173363484382683
d:386:-4.596488240693475e-06,4.086681561242724,4.086681386362459,8.173367544093423
d:387:-5.262288604868104e-06,4.086681556799476,4.08668138135476,8.173368200442841
d:388:2.2334760494402417e-06,4.086681546738491,4.086681376865753,8.173360690128195
d:389:2.452441746569889e-06,4.086681542313331,4.086681373075994,8.173360462947578
d:390:-2.468770240682261e-06,4.086681537156185,4.08668136264898,8.173365368575405
d:391:2.2280776352801013e-06,4.086681611822149,4.086681358729205,8.173360742473719
d:392:-8.621564955291205e-07,4.086681606446101,4.086681357587162,8.173363826189759
d:393:-2.635537423856249e-07,4.086681601516265,4.086681355632855,8.173363220702862
d:394:-2.1036320063672065e-07,4.086681596734879,4.086681344677762,8.173363151775842
d:395:3.59055158938304e-07,4.0866815940980725,4.086681337071285,8.173362572114199
d:396:-3.8710284755438806e-08,4.086681589292638,4.08668133339855,8.173362961401473
d:397:-2.420898345789624e-06,4.0866815837954,4.086681329725616,8.173365334419362
d:398:-6.992862537913425e-07,4.08668158104371,4.086681324404479,8.173363604734442
d:399:2.060743433673906e-07,4.086681579776039,4.086681312201266,8.173362685902962
d:400:-7.444448399951398e-07,4.0866815749046825,4.086681311764842,8.173363631114364
d:401:3.1112287146584094e-07,4.086681570416561,4.086681386431026,8.173362645724715
d:402:-4.6615740600941535e-08,4.086681560065982,4.086681383678934,8.173362990360657
d:403:3.5101390896130624e-06,4.086681554568541,4.08668137874932,8.173359423178772
d:404:-2.0677655161449593e-06,4.086681545394637,4.086681374101623,8.173364987261776
d:405:-1.001148649315553e-05,4.086681535159723,4.086681368702985,8.173372915349201
d:406:1.9526449452911265e-06,4.0866815313692015,4.08668136498248,8.173360943706736
d:407:-3.7585200516332407e-06,4.0866816060352384,4.0866813546079115,8.173366719163202
d:408:1.7376139940239455e-06,4.086681595800107,4.086681349581372,8.173361207767485
d:409:8.143898551082884e-07,4.086681590994504,4.086681343472069,8.173362120076717
d:410:4.652738191168737e-06,4.086681587203792,4.086681339082688,8.173358273548288
d:411:1.306745200935211e-06,4.0866815897550754,4.086681334593539,8.173361617603414
d:412:-4.530972567806657e-06,4.086681584863438,4.086681332300257,8.173367448136263
d:413:1.731208286059882e-06,4.086681580810334,4.086681328246311,8.173361177848358
d:414:-1.5152613421776095e-06,4.086681575312719,4.086681402912543,8.173364493486604
d:415:2.393706903802695e-07,4.086681570098998,4.086681398355344,8.173362729083651
d:416:-2.8669641451983807e-06,4.086681565747844,4.086681395964121,8.17336582867611
d:417:-1.3329226895564261e-06,4.0866815608178655,4.0866813918523555,8.17336428559291
d:418:3.6047962286289703e-06,4.086681557098027,4.086681386568637,8.173359338870435
d:419:-1.4639589736020753e-06,4.086681547923936,4.086681381560819,8.173364393443729
d:420:-3.657228905495913e-06,4.086681622590017,4.08668137650449,8.173366656323413
d:421:-1.7714903446375274e-06,4.086681617659844,4.086681371574722,8.17336476072491
d:422:5.2664372720556685e-06,4.086681615705643,4.0866813662684365,8.173357715536808
d:423:5.22822407589274e-08,4.086681610775264,4.086681361111163,8.173362919604186
d:424:-3.273576609785778e-08,4.086681600583432,4.0866813565354505,8.173362989854649
d:425:-9.612891123111922e-07,4.086681590232683,4.086681351285494,8.173363902807289
d:426:1.366185268025788e-06,4.086681586007185,4.0866813538375535,8.17336157365947
d:427:3.108718543032296e-06,4.086681575771873,4.086681351200026,8.173359818253356
d:428:1.0267079098014165e-07,4.086681565420898,4.0866813500579,8.173362812808007
d:429:6.171328550408361e-07,4.086681560113798,4.086681344525786,8.173362287506729
d:430:2.407611040311508e-06,4.086681554616018,4.086681339313152,8.17336048631813
d:431:-1.0889068420283365e-06,4.086681547010091,4.086681334464489,8.173363970381422
d:432:-1.8161497639113122e-06,4.086681542079527,4.086681331712281,8.173364689941572
d:433:-3.9156967091003025e-07,4.086681537006642,4.086681327600358,8.173363256176671
d:434:-2.46938054004886e-07,4.086681526655454,4.086681402266686,8.173363175860194
d:435:1.9513041138452536e-07,4.086681522304145,4.086681396960225,8.173362724133959
d:436:-5.246764960276096e-07,4.086681518078464,4.0866813928481065,8.173363435603067
d:437:1.836370877583704e-08,4.086681592744618,4.086681383674961,8.17336295805587
d:438:3.950249023887409e-06,4.086681591603126,4.086681379620888,8.17335902097499
d:439:-4.235230584015426e-07,4.086681582428868,4.086681375231388,8.173363381183314
d:440:4.271293700952583e-06,4.086681578375641,4.086681371007163,8.173358678089103
d:441:2.6097028005267475e-07,4.086681573819362,4.086681369864882,8.173362682713964
d:442:-2.7982200361265086e-06,4.086681569765931,4.086681359490173,8.17336572747614
d:443:-5.75723094087266e-07,4.0866815647397186,4.086681354557745,8.173363495020558
d:444:6.006727080176688e-07,4.08668155467865,4.086681349236535,8.173362303242477
d:445:-9.043998776547824e-07,4.086681549671761,4.086681339174543,8.173363793246182
d:446:4.066984915951366e-06,4.086681547034907,4.086681334325718,8.173358814375709
d:447:-1.691827590022399e-06,4.086681540924655,4.086681330858649,8.173364563610894
d:448:-2.7770639832169763e-07,4.086681536871033,4.086681325701239,8.17336314027867
d:449:1.1903695167347905e-06,4.086681532950417,4.0866814003676275,8.173361742948527
d:450:2.84608772460615e-06,4.086681527643165,4.08668139508379,8.17336007663923
d:451:1.8463385309530622e-06,4.086681602309371,4.086681385910456,8.173361141881296
d:452:-4.138693675770355e-06,4.086681592073896,4.086681381019551,8.173367111787122
d:453:2.856226458902711e-06,4.086681587648721,4.08668137722978,8.173360108652043
d:454:-3.373455630395483e-07,4.086681583537493,4.086681372424506,8.173363293307562
d:455:-2.5494442077445e-06,4.086681578287848,4.0866813674165865,8.173365495148643
d:456:-2.8912601912622904e-07,4.086681577020164,4.08668136238998,8.173363228536163
d:457:8.561535480566818e-07,4.08668157191539,4.086681358335754,8.173362074097597
d:458:-3.4430986453060086e-06,4.086681567994596,4.086681353984924,8.173366365078165
d:459:5.558593718646421e-06,4.086681562889623,4.0866813487348566,8.173357353030761
d:460:-2.3313086714438214e-06,4.086681558314027,4.0866813474687405,8.173365237091438
d:461:1.8104358900927764e-07,4.086681553924393,4.086681422135168,8.173362795015972
d:462:1.0801287508854784e-07,4.086681547813972,4.086681414528666,8.173362854329763
d:463:1.493225088466943e-06,4.086681545062278,4.086681410608904,8.173361462446094
d:464:-4.0916337695762195e-07,4.086681540280885,4.0866814050766855,8.173363354520948
d:465:1.784473226962291e-07,4.086681534170257,4.086681402685414,8.173362758408349
d:466:-3.4671056958757163e-07,4.086681608836523,4.086681397188572,8.173363352735665
d:467:-3.0011221152648204e-06,4.086681605116631,4.086681391881999,8.173365998120746
d:468:3.256132920625987e-06,4.086681600335046,4.086681386724443,8.173359730926569
d:469:-7.854874617407859e-07,4.086681596281284,4.086681376297403,8.173363758066149
d:470:-1.7069239159894778e-06,4.086681591226796,4.086681370764989,8.173364668915701
d:471:1.7953865931730206e-06,4.086681585906101,4.0866813696226085,8.173361160142116
d:472:5.273118990345438e-06,4.086681581554702,4.0866813639678075,8.173357672403519
d:473:-1.1606922889484395e-06,4.086681577633746,4.0866814386342725,8.173364176960307
d:474:1.809018723264444e-06,4.086681565430972,4.086681437368009,8.173361193780257
d:475:-8.054712044014423e-07,4.086681561041177,4.086681426940762,8.173363793453143
d:476:-2.1657397120122823e-06,4.086681556615858,4.086681422383535,8.173365144739105
d:477:-2.7822848736036576e-07,4.086681555474291,4.086681414776855,8.173363248479633
d:478:1.8198471529728977e-07,4.086681551362927,4.086681407169955,8.173362776548167
d:479:1.1134779480670431e-06,4.086681626029241,4.08668140227892,8.173361914830213
d:480:1.8461771187361364e-06,4.08668162118116,4.086681396781911,8.173361171785952
d:481:-2.4717415865183057e-06,4.086681610829867,4.086681392206161,8.173365474777615
d:482:8.464206491254345e-07,4.086681600478347,4.086681387855194,8.173362141912891
d:483:-8.762825078889591e-07,4.086681597726514,4.086681382571239,8.173363856580261
d:484:-4.744303589987453e-06,4.0866815924056485,4.086681377249517,8.173367713958756
d:485:8.4779160403059e-07,4.0866815878299185,4.086681373529048,8.173362113567363
d:486:-2.474042455347103e-06,4.086681583775999,4.086681368222315,8.17336542604077
d:487:2.622030818244525e-06,4.086681578994263,4.0866813662681025,8.173360323231547
d:488:1.7136891585778358e-06,4.086681576242242,4.086681356033859,8.173361218586942
d:489:1.4929425358189974e-06,4.086681570709258,4.086681354079452,8.173361431846175
d:490:2.465716571364851e-06,4.086681645375606,4.086681428745994,8.173360608405028
d:491:2.1284560247636364e-06,4.08668164792698,4.086681423461858,8.173360942932813
d:492:-2.745806892079372e-06,4.086681637691386,4.0866814224699795,8.173365805968258
d:493:-4.511181895594518e-06,4.086681632843133,4.086681418680122,8.17336756270515
d:494:6.340418874373199e-07,4.086681630550718,4.086681413672109,8.173362410180939
d:495:-1.9784803484412805e-06,4.086681625496093,4.0866814132358,8.173365017212241
d:496:3.9582138100513475e-07,4.086681620212618,4.086681401032601,8.173362625423838
d:497:-1.0829153751501508e-07,4.086681615430699,4.086681395959474,8.17336311968171
d:498:-3.075600055524319e-06,4.086681610357797,4.086681394004895,8.173366079962747
d:499:1.8570219300073632e-06,4.0866816062462945,4.086681389428991,8.173361138653355
d:500:-1.773021425677257e-06,4.0866816020206045,4.086681384499249,8.173364759541279
d:501:1.6469308583566544e-06,4.086681597464297,4.086681383507202,8.17336133404064
d:502:-8.053637888139065e-06,4.086681587037123,4.086681382364722,8.173371023039733
d:503:-4.4897210038641333e-07,4.086681581787408,4.086681378897621,8.17336340965713
d:504:-6.856503045327145e-07,4.086681579395465,4.086681376506267,8.173363641552037
d:505:1.5916905891089073e-06,4.086681569043776,4.086681451172872,8.173361428526059
d:506:6.85527545840614e-08,4.08668164371019,4.086681441999463,8.173363017156898
d:507:8.289029000962955e-07,4.086681639358689,4.086681437442122,8.173362247897911
d:508:-3.2903114046689552e-06,4.086681634782824,4.086681433721521,8.17336635881575
d:509:-1.8950927707095389e-06,4.086681631110036,4.086681430000716,8.173364956203523
d:510:2.639604083753966e-06,4.086681625454723,4.086681424896938,8.173360410747577
d:511:-2.8124375148763647e-06,4.086681621734755,4.086681423630591,8.17336585780286
d:512:-1.4545833426637955e-06,4.086681617291674,4.086681413440132,8.17336448531515
d:513:-3.7322952017859734e-06,4.086681607055901,4.086681409089051,8.173366748440154
d:514:-4.2630409353705545e-06,4.086681602049007,4.086681404512982,8.173367269602924
d:515:-8.034104403975562e-08,4.08668159740165,4.086681401875525,8.17336307961822
d:516:3.9730552394701135e-06,4.086681592151761,4.086681396378408,8.17335901547493
d:517:-1.300322621133887e-06,4.086681587219353,4.0866813872047985,8.173364274746772
d:518:-2.132814017841156e-06,4.08668158232782,4.0866813768300645,8.173365091971903
d:519:-2.7129392243807615e-07,4.08668165699428,4.086681375837875,8.173363304126077
d:520:-3.6359580235512112e-06,4.086681646802477,4.086681371057061,8.173366653817562
d:521:1.8848293272810679e-06,4.086681641871971,4.086681366667593,8.173361123710237
d:522:-8.516806371261509e-07,4.086681640730355,4.086681364712893,8.173363857123885
d:523:-5.006918808447836e-07,4.08668163583863,4.0866813623213964,8.173363498851907
d:524:-1.1671902839793802e-06,4.086681625602656,4.086681436988091,8.173364229781031
d:525:-3.3886674799532557e-07,4.086681620731465,4.086681432116885,8.173363391715098
d:526:-4.785388014738601e-06,4.0866816105394435,4.086681430974291,8.17336782690175
d:527:4.129789138218598e-06,4.086681605668046,4.086681425761732,8.17335890164064
d:528:-2.4689280397893754e-06,4.086681600563065,4.086681421272729,8.173365490763834
d:529:-2.4234289401903197e-06,4.086681596842949,4.086681416168796,8.173365436440685
d:530:2.1700916263966974e-07,4.08668159239971,4.086681410513954,8.173362785904501
d:531:2.1424664140567984e-06,4.086681587392656,4.086681406594193,8.173360851520435
d:532:1.6765453025868737e-06,4.086681586401303,4.086681396532205,8.173361306388205
d:533:2.500189905774164e-06,4.086681576340247,4.086681392811267,8.173360468961608
d:534:6.397137184421808e-07,4.086681571914895,4.086681391818933,8.17336232402011
d:535:3.689737248180336e-06,4.086681566631318,4.086681386512135,8.173359263406205
d:536:-3.0065626432929093e-07,4.086681561983809,4.086681381504031,8.173363244144104
d:537:-1.3274174097688274e-06,4.086681636650354,4.086681376477456,8.17336434054522
d:538:-4.1284060827706526e-06,4.086681633898289,4.086681370822422,8.173367133126794
d:539:3.5997856748792856e-06,4.086681628741374,4.086681365501278,8.173359394456977
d:540:-1.0274657462616688e-06,4.086681619567164,4.086681361780151,8.173364008813062
d:541:-2.0511990808103064e-06,4.08668161467528,4.086681351405245,8.173365017279606
d:542:-7.324844712996992e-07,4.086681604302001,4.086681350968888,8.17336368775536
d:543:-1.1046273886705649e-06,4.086681600581722,4.086681345960596,8.173364051169706
d:544:-5.327420637968316e-07,4.086681594926295,4.086681420627388,8.173363548295747
d:545:-4.504291572615671e-06,4.086681589605391,4.08668141525156,8.173367509148523
d:546:-3.400465899972005e-06,4.086681585551448,4.086681413296738,8.173366399314085
d:547:-4.299796222184682e-06,4.08668158047848,4.086681410905117,8.173367291179819
d:548:-2.266147037133237e-06,4.086681570104986,4.086681405878364,8.173365242130387
d:549:-3.199109464446792e-06,4.086681566314487,4.086681400556623,8.173366165980575
d:550:8.95725396077296e-08,4.086681562202925,4.086681396502472,8.173362869132857
d:551:-3.597866539806205e-06,4.086681558281997,4.086681391344948,8.173366547493485
d:552:-2.252615091791199e-06,4.086681553389933,4.086681386037991,8.173365192043017
d:553:8.262890780486032e-07,4.086681548459305,4.086681384082988,8.173362106253215
d:554:1.688256972443014e-06,4.086681543653922,4.08668138144545,8.1733612368424
d:555:-2.3362512440172623e-06,4.086681618320542,4.086681377724165,8.173365332295951
d:556:2.8379895518071407e-06,4.086681613877177,4.086681367533588,8.173360143421213
d:557:4.1478028123265176e-08,4.0866816088699895,4.086681355330301,8.173362922722262
d:558:-2.7217809837054574e-06,4.086681606478015,4.086681351608817,8.173365679867816
d:559:2.4115199348528904e-06,4.086681601194298,4.0866813470326715,8.173360536707035
d:560:1.2667552944378713e-06,4.086681596261808,4.086681342808593,8.173361672315107
d:561:1.1318859556297411e-06,4.086681594307841,4.086681340170875,8.17336180259276
d:562:7.785175171193259e-08,4.086681589281769,4.086681414837745,8.173362926267762
d:563:-2.900201236499811e-06,4.086681586889602,4.08668140930539,8.173365896396229
d:564:3.6190594858709346e-06,4.086681581605692,4.086681404434094,8.1733593669803
d:565:1.0202681668403102e-06,4.0866815772159555,4.086681394199829,8.173361951147617
d:566:9.871751167622733e-07,4.086681572002465,4.086681390732712,8.173361975560061
d:567:6.308450384295838e-07,4.086681565891917,4.086681385425585,8.173362320472464
d:568:-6.88818380112366e-07,4.086681563937768,4.086681380141462,8.17336363289761
d:569:1.2219106082511644e-07,4.0866816386044444,4.086681378875102,8.173362895288486
d:570:-6.6528315496583446e-06,4.086681637462785,4.086681375202485,8.17336966549682
d:571:7.733155982236894e-08,4.0866816332371005,4.086681369952535,8.173362925858076
d:572:3.132734839539353e-06,4.086681632095253,4.0866813644553694,8.173359863815783
d:573:2.3204368986284862e-06,4.086681628629398,4.086681359674499,8.173360667866998
d:574:-6.68581451535033e-07,4.0866816242778885,4.086681355284982,8.173363648144322
d:575:-2.621672681613063e-06,4.086681619472362,4.086681344330129,8.173365585475173
d:576:-1.629180506057537e-06,4.08668161512065,4.086681336723277,8.173364581024433
d:577:9.376971767949271e-07,4.086681609963637,4.0866813315106505,8.173362003777111
d:578:1.8919219257895747e-07,4.086681599536437,4.086681329555526,8.17336273989977
d:579:-4.554676600321272e-06,4.086681589184712,4.086681319364779,8.173367463226091
d:580:3.0478405150802246e-06,4.086681588193315,4.086681310191112,8.173359850543912
d:581:1.4155082688205312e-06,4.086681584402706,4.086681304869245,8.173361473763682
d:582:4.9480614006114365e-06,4.086681578869783,4.086681303602726,8.173357934411108
d:583:6.248804638175898e-07,4.086681573548569,4.086681378269699,8.173362326937804
d:584:-4.333129142608527e-06,4.086681563121154,4.0866813727371945,8.17336726898749
d:585:-1.4766894125273211e-06,4.086681637787898,4.086681369269934,8.173364483747244
d:586:-6.393658651404621e-07,4.0866816326828825,4.08668136548015,8.173363637528897
d:587:3.4721805057813526e-06,4.086681627185348,4.086681364213453,8.173359519218295
d:588:-1.251322171214042e-06,4.086681622028157,4.086681354022501,8.17336422737283
d:589:6.208320808553935e-07,4.0866816183078125,4.086681349090293,8.173362346566025
d:590:5.986608346830735e-07,4.086681614386798,4.086681347135007,8.17336236286097
d:591:-3.529162579951617e-07,4.086681609996933,4.08668134264598,8.173363305559171
d:592:-4.912414290458855e-06,4.08668160607572,4.08668133777455,8.17336785626456
d:593:-4.810838607482992e-07,4.086681601293877,4.086681332766192,8.17336341514393
d:594:-9.720765579146473e-07,4.08668159718224,4.086681328323339,8.173363897582137
d:595:-1.6719945836740635e-06,4.0866815923765625,4.086681323542324,8.17336458791347
d:596:1.2642224564984872e-06,4.086681589624472,4.08668131975236,8.173361645154376
d:597:6.050587479933256e-07,4.086681586987883,4.086681314431178,8.173362296360313
d:598:2.5060733523929457e-06,4.086681661654675,4.086681309422621,8.173360465003944
d:599:-1.8106776309423367e-06,4.086681657264631,4.086681298995462,8.173364766937723
d:600:-3.600806380177346e-06,4.0866816524826035,4.086681294883622,8.173366548172606
d:601:5.118709163198787e-06,4.08668165204878,4.08668129374106,8.173357827080677
d:602:5.611960501639146e-06,4.086681647472984,4.086681289251855,8.173357324764337
d:603:3.4414488681022704e-07,4.086681643082741,4.086681363918926,8.17336266285678
d:604:8.870840400021507e-07,4.086681637798735,4.08668135913773,8.173362109852425
d:605:-4.854658648412169e-07,4.086681632693562,4.086681355025702,8.173363473185129
d:606:5.019351132062866e-06,4.086681622265978,4.086681349649842,8.173357952564688
d:607:-1.109198670690148e-06,4.08668161821201,4.086681345092584,8.173364072503265
d:608:-2.544238467905302e-06,4.086681613986229,4.086681340244029,8.173365498468726
d:609:-7.737671745999819e-06,4.086681608772656,4.086681335188038,8.17337068163244
d:610:-2.4927618849091004e-06,4.086681603699665,4.086681329655393,8.173365426116943
d:611:1.3427383311892527e-06,4.0866816783665065,4.086681325097938,8.173361660726114
d:612:-2.017084838712435e-06,4.0866816734358515,4.086681320249184,8.173365010769874
d:613:3.2896984372143834e-06,4.086681672168467,4.08668131898237,8.1733597014524
d:614:1.4828452936654912e-06,4.086681668495794,4.086681393649474,8.173361579299975
d:615:1.3264791096645467e-06,4.086681665029866,4.086681388844468,8.173361727395225
d:616:-2.8250229711090924e-07,4.086681660158524,4.086681378496285,8.173363321157106
d:617:2.310491677093296e-06,4.086681655001213,4.08668137317432,8.173360717683856
d:618:-1.231961501702017e-07,4.086681650070361,4.086681360970946,8.173363134237457
d:619:1.2163301352785538e-06,4.086681646149028,4.0866813561657445,8.173361785984637
d:620:1.701549750876552e-06,4.0866816408281395,4.086681351109581,8.17336129038797
d:621:3.900942910917138e-07,4.086681640394183,4.08668134578741,8.173362596087301
d:622:2.9242701931053716e-06,4.086681635463137,4.086681340132406,8.17336005132535
d:623:-9.60811963324204e-07,4.086681630178978,4.08668133898972,8.173363929980662
d:624:4.525096741758716e-08,4.086681625531529,4.086681333777021,8.173362914057583
d:625:-3.2824663840358426e-06,4.0866816211411425,4.086681323349698,8.173366226957224
d:626:1.3216705720964228e-06,4.086681620149697,4.0866813980168395,8.173361696495965
d:627:-1.1266869108794708e-06,4.086681615706338,4.086681392484037,8.173364134877286
d:628:-1.8468253646375388e-06,4.086681613314177,4.086681388133089,8.17336484827263
d:629:1.723285921073625e-06,4.086681687981098,4.086681384665759,8.173361349360937
d:630:5.302433692122577e-07,4.086681685228918,4.086681379794236,8.173362534779784
d:631:-1.2984227772960821e-06,4.086681681174822,4.086681375351288,8.173364354948887
d:632:-1.3117558648190197e-06,4.086681676069519,4.086681371678649,8.173364359504033
d:633:1.2888141309730372e-06,4.08668167149361,4.086681361303752,8.17336174398323
d:634:5.467923601898406e-06,4.08668166656239,4.08668135672762,8.173357555366408
d:635:-8.792529317958042e-07,4.086681664270216,4.086681351654686,8.173363895177834
d:636:-1.6460836249621025e-08,4.086681658948953,4.0866813470971,8.173363022506889
d:637:5.389788544363228e-07,4.086681654392844,4.0866813417758205,8.17336245718981
d:638:-2.6839852722559954e-06,4.08668164952136,4.086681340508896,8.173365674015528
d:639:-1.8917106938687311e-06,4.086681645096117,4.086681337757122,8.173364874563934
d:640:1.2889892335721242e-06,4.0866816410418405,4.086681333703035,8.173361685755642
d:641:1.6115965841834168e-06,4.086681630980841,4.086681322748117,8.173361342132374
d:642:-1.1066046692320697e-06,4.086681705647811,4.086681317815854,8.173364130068334
d:643:-2.0008612207078613e-06,4.0866817008657055,4.0866813155230854,8.173365017250012
d:644:3.7550157117038907e-07,4.086681697192917,4.086681310238966,8.173362631930312
d:645:4.448181327276757e-06,4.0866816927674865,4.086681384906196,8.173358629492355
d:646:2.217707283591608e-06,4.086681687391973,4.086681380986574,8.173360850671264
d:647:9.114799173204347e-07,4.0866816825439685,4.086681375773734,8.173362146837786
d:648:-3.09024645162026e-06,4.086681677896388,4.086681371284465,8.173366139427305
d:649:9.556946629629692e-07,4.08668167422341,4.086681367494458,8.173362086023205
d:650:-3.447692964897442e-06,4.086681669292027,4.086681362438172,8.173366479423164
d:651:-8.438240826080801e-07,4.086681664715963,4.08668135738168,8.173363865921726
d:652:-2.535798049763116e-06,4.086681659844308,4.0866813550887375,8.173365550731095
d:653:-2.0562054690032028e-06,4.086681649492549,4.086681349433615,8.173365055131633
d:654:-1.1143117450984619e-06,4.08668163911911,4.086681348166541,8.173364101597397
d:655:1.848956086902831e-06,4.08668163379769,4.086681344246738,8.173361129088342
d:656:-1.1902616261494359e-06,4.08668170846471,4.086681340134652,8.173364238860987
d:657:-1.1271357251985137e-06,4.086681711016469,4.086681334921629,8.173364173073823
d:658:3.7600413271832167e-07,4.086681706234197,4.0866813337788575,8.173362664008922
d:659:3.5390821810921125e-06,4.086681701302632,4.086681408446143,8.173359570666594
d:660:3.2002782823781217e-07,4.086681696454457,4.086681404391909,8.173362780818538
d:661:-1.6151551065490821e-06,4.0866816925330465,4.0866813982831225,8.173364705971276
d:662:-3.5658710650920966e-07,4.086681688181386,4.086681393725405,8.173363438493897
d:663:2.3499943058169492e-06,4.086681682683869,4.086681388834709,8.173360721524272
d:664:-7.095699938730604e-07,4.08668167737704,4.086681383513298,8.173363770460332
d:665:2.0689621020864024e-06,4.086681672304005,4.086681378664492,8.173360982006395
d:666:-1.3393351032675582e-06,4.086681668078192,4.0866813684302645,8.17336437584356
d:667:-9.22900445843311e-07,4.086681663295737,4.086681359256611,8.173363945452794
d:668:3.3419732829997884e-06,4.086681657899151,4.086681353147625,8.173359669073493
d:669:1.843529219058837e-06,4.08668165334293,4.08668134836641,8.173361158180121
d:670:-2.9686952984775417e-07,4.086681642990985,4.086681346073325,8.17336328593384
d:671:-8.897482857150862e-07,4.086681638936591,4.086681339964134,8.17336386864901
d:672:1.3773642848491363e-06,4.08668162874473,4.086681338821213,8.173361590201658
d:673:-4.674262470416579e-07,4.086681626352508,4.086681334708972,8.173363428487727
d:674:8.444584125300025e-07,4.086681621569861,4.08668133059653,8.173362107707979
d:675:1.8452120009726514e-06,4.086681616698062,4.0866813279589564,8.173361099445017
d:676:-2.4689822932799643e-06,4.0866816116248454,4.086681322709101,8.17336540331624
d:677:1.1315049093241214e-06,4.086681686291973,4.08668131763608,8.173361872423143
d:678:-2.338836491588836e-06,4.086681681419979,4.086681313078202,8.173365333334672
d:679:-1.481936807934403e-06,4.086681677746887,4.086681311935102,8.173364471618797
d:680:-3.05124337707241e-06,4.086681672497274,4.086681386602493,8.173366110343144
d:681:3.7504634100571366e-06,4.086681668271298,4.086681380493117,8.173359298301005
d:682:-8.34302895214023e-07,4.086681664480794,4.086681374996061,8.173363873779751
d:683:-1.7315005429452412e-06,4.086681658983119,4.08668137043799,8.173364760921652
d:684:-1.2649027105737787e-06,4.086681649809076,4.08668136621408,8.173364280925867
d:685:-1.06996453830277e-06,4.086681645418659,4.086681361824686,8.173364077207884
d:686:-9.240998721793403e-08,4.086681643126443,4.086681358357323,8.173363093893753
d:687:-1.938984626193019e-06,4.086681635521019,4.086681348009099,8.173364922514745
d:688:-6.983761338119621e-07,4.086681630236837,4.086681342476256,8.173363671089227
d:689:-1.1803348520800228e-07,4.086681625454025,4.086681332285339,8.17336307577285
d:690:-2.9260577676382127e-06,4.086681620399762,4.08668132772708,8.17336587418461
d:691:-3.7884441699276294e-06,4.0866816099721675,4.086681322229833,8.17336672064617
d:692:1.8533561085831707e-06,4.086681599544347,4.086681316854012,8.17336106304225
d:693:1.9902624242007505e-06,4.086681674211539,4.0866813115470375,8.173360995496152
d:694:-6.398247016647929e-07,4.086681669820942,4.086681309155665,8.173363618801309
d:695:-7.935790815594146e-07,4.086681666030273,4.086681383823116,8.17336384343247
d:696:-4.4186096559428734e-08,4.086681655794527,4.08668137889374,8.173363078874363
d:697:-1.0348720991260052e-07,4.086681651682998,4.086681373586572,8.17336312875678
d:698:-3.7095760596628224e-07,4.086681646307424,4.086681363352197,8.173363380617227
d:699:4.168509249780072e-06,4.0866816418199825,4.086681355745473,8.173358829056205
d:700:-1.695336994345098e-06,4.086681640552678,4.086681350815898,8.17336468670557
d:701:2.4768313693357413e-06,4.086681635621025,4.086681345508527,8.173360504298183
d:702:-1.8684829541371073e-06,4.08668163024525,4.086681335160108,8.173364833888312
d:703:-1.8945803326175792e-07,4.086681620184187,4.086681330227815,8.173363139870036
d:704:3.1836969860421505e-07,4.086681614529013,4.086681325124177,8.173362621283491
d:705:-9.227930704014398e-07,4.0866816103029,4.086681323169049,8.17336385626502
d:706:1.696276518359241e-06,4.0866816098690215,4.08668131949643,8.173361233088933
d:707:-1.0964037890914824e-06,4.086681605757315,4.086681315272376,8.17336401743348
d:708:1.052062239992324e-06,4.086681600702896,4.086681309617198,8.173361858257854
d:709:4.612264820735845e-06,4.086681588500481,4.086681384284697,8.173358360520357
d:710:2.1279375577165638e-06,4.0866816631677505,4.0866813794132,8.173360914643393
d:711:2.813571660098546e-06,4.086681661900283,4.086681374309377,8.173360222638
d:712:1.5424022450361008e-06,4.08668165094627,4.086681369025252,8.173361477569276
d:713:2.0667596931644994e-06,4.086681646298667,4.086681363703141,8.173360943242114
d:714:9.133002976113858e-07,4.086681641366848,4.0866813662559895,8.17336209432254
d:715:5.0265368756186035e-08,4.08668163376128,4.08668136186648,8.173362945362392
d:716:-4.6546718834861167e-07,4.086681628687968,4.086681358399,8.173363452554156
d:717:-1.941898617019433e-06,4.086681623633369,4.086681353752022,8.173364919284008
d:718:-6.133517924666876e-07,4.086681618528104,4.0866813489707425,8.173363580850639
d:719:3.2761246178125702e-06,4.0866816134732975,4.086681346219015,8.173359683567694
d:720:-4.3292651241699787e-08,4.086681608541072,4.086681420886551,8.173363072720274
d:721:2.5760540030006496e-06,4.086681683208372,4.0866814160814435,8.173360523235813
d:722:4.377333961969043e-06,4.086681680456271,4.086681414938292,8.173358718060602
d:723:-6.5289958701697515e-06,4.086681675523849,4.086681404703754,8.173369609223473
d:724:-2.5914980561481116e-07,4.08668167020242,4.086681392500415,8.17336332185264
d:725:1.1882296035992113e-07,4.08668166581171,4.086681387942054,8.173362934930804
d:726:3.034020721770503e-06,4.086681663059416,4.0866813834991795,8.173360012537874
d:727:2.413622626207257e-06,4.086681658253923,4.086681379274983,8.17336062390628
d:728:8.882120479114519e-07,4.086681652932294,4.086681374025071,8.173362138745317
d:729:-6.025794487385383e-06,4.08668164854139,4.0866813618215065,8.173369036157384
d:730:-4.09897232778178e-06,4.086681642886079,4.08668135086659,8.173367092724996
d:731:4.349314691509676e-06,4.086681640249704,4.0866813489113465,8.17335863984636
d:732:1.682412904102648e-06,4.08668163005777,4.086681343589923,8.173361291234789
d:733:1.9637271062578066e-06,4.08668162548174,4.086681338268294,8.173361000022927
d:734:3.6412380328698646e-06,4.08668162019748,4.086681334800664,8.17335931376011
d:735:2.1757504136132866e-06,4.086681615265508,4.086681329995383,8.173360769510477
d:736:-2.6384478708507686e-06,4.086681609732821,4.086681324673124,8.173365572853816
d:737:-2.488327735861162e-06,4.086681607096265,4.08668131982432,8.173365415248321
d:738:-1.1981500804836287e-06,4.086681681763636,4.0866813944919365,8.173364274405653
d:739:2.2150619614080824e-06,4.086681676606473,4.0866813868851075,8.173360848429619
d:740:-3.978977444418774e-06,4.0866816753389,4.086681382079632,8.173367036395977
d:741:-1.6205049231388102e-06,4.086681672702156,4.086681371652389,8.173364664859468
d:742:-1.1064681260108955e-07,4.086681667452513,4.086681366846712,8.173363144946038
d:743:-1.0516139159477689e-06,4.086681657024597,4.086681365703429,8.173364074341942
d:744:2.788582792234706e-06,4.086681649418894,4.086681360831818,8.17336022166792
d:745:-1.4945753274986373e-06,4.086681644570758,4.086681359688344,8.17336449883443
d:746:-1.4672198815901538e-06,4.086681639923045,4.086681355298717,8.173364462441643
d:747:2.2032269484384415e-06,4.086681636001682,4.086681353343323,8.173360786118057
d:748:-1.8677194120186869e-06,4.086681631196035,4.086681348186163,8.17336484710161
d:749:3.5452130973112617e-06,4.086681626263477,4.086681342863738,8.173359423914118
d:750:-4.045455932910613e-06,4.086681628815356,4.086681338438389,8.173367012709678
d:751:4.801985530988873e-06,4.086681624893799,4.086681413106055,8.173358236014323
d:752:-1.6666274849086449e-06,4.086681617287898,4.086681409384957,8.17336469330034
d:753:5.670951622960274e-06,4.086681606935937,4.086681411937752,8.173357347922066
d:754:7.248843463258936e-07,4.086681601614172,4.086681407825347,8.173362284555173
d:755:-2.5972626733761217e-06,4.086681592440092,4.086681397397907,8.173365587100673
d:756:-1.4591537293995316e-06,4.086681589687688,4.086681392616537,8.173364441457954
d:757:-1.9827083264090106e-06,4.086681584632778,4.086681387810694,8.173364955151799
d:758:-9.103434805979305e-07,4.086681659300252,4.086681382434861,8.173363952078594
d:759:3.8600934022525735e-06,4.086681655378513,4.086681376937603,8.173359172222714
d:760:-9.78689829622681e-07,4.086681652741623,4.086681373469849,8.173364004901302
d:761:-2.511891095124952e-06,4.086681647345099,4.086681370718054,8.173365529954248
d:762:-2.3527153523161815e-06,4.086681642023146,4.086681365396297,8.173365360134795
d:763:-3.7483052359732483e-06,4.08668163699746,4.086681364960459,8.173366750263154
d:764:1.313301826399993e-06,4.086681631713082,4.086681361492515,8.17336167990377
d:765:6.286260649801534e-07,4.086681626180271,4.086681356934063,8.173362354488269
d:766:3.6924252277970027e-07,4.086681620682626,4.086681352062309,8.173362603502412
d:767:2.814095189762611e-06,4.086681608480122,4.086681346849396,8.173360141234328
d:768:-2.4502067041964892e-06,4.086681606526398,4.086681345857604,8.173365402590706
d:769:-1.4002958614867111e-07,4.086681601594316,4.086681340202391,8.173363081826293
d:770:-4.008181317516346e-06,4.086681596273655,4.086681331028791,8.173366935483763
d:771:4.3165309193682333e-07,4.086681590951514,4.086681405696549,8.17336256499497
d:772:4.676686705451516e-06,4.086681587160864,4.086681394741509,8.173358305215668
d:773:-3.0421093555332845e-06,4.086681581838519,4.086681392104046,8.17336601605192
d:774:-4.127781462415214e-06,4.086681576340684,4.086681387457027,8.173367091579173
d:775:-1.596790204061449e-06,4.086681651008231,4.086681382809806,8.17336463060824
d:776:-4.1959309449168813e-07,4.086681640054149,4.086681378251175,8.173363437898418
d:777:-5.230227399621867e-06,4.086681629626089,4.086681373861435,8.173368233714923
d:778:-1.4659712022080384e-07,4.086681624734485,4.086681368929156,8.173363140260761
d:779:1.3234879556733858e-06,4.086681619661153,4.086681363431749,8.173361659604947
d:780:1.6390279906630667e-06,4.0866816147892475,4.086681359377666,8.173361335138923
d:781:-9.92335589700133e-07,4.08668161364786,4.086681349002928,8.173363954986378
d:782:-1.912005826554264e-06,4.086681610182234,4.086681347047447,8.173364869235508
d:783:-3.0131751991291367e-06,4.086681601008001,4.086681341890175,8.173365956073376
d:784:7.91639825692414e-07,4.086681598715886,4.086681336863904,8.173362143939965
d:785:2.9099866054593804e-06,4.08668159499592,4.086681332082405,8.173360017091719
d:786:-4.17060869217778e-06,4.086681590147695,4.0866813275235945,8.173367088279981
d:787:7.335945007014288e-07,4.086681585255906,4.086681322717631,8.173362174379037
d:788:-2.5503957488126616e-06,4.086681584822097,4.086681397385467,8.173365532603313
d:789:1.6398580804377616e-07,4.086681659489695,4.086681387323933,8.17336288282782
d:790:2.3740028787244682e-07,4.086681649137606,4.086681376896355,8.173362788633673
d:791:2.2903760363846004e-06,4.086681643740961,4.086681372407302,8.173360725772227
d:792:-5.208107900500636e-07,4.086681641348909,4.086681367759917,8.173363529919616
d:793:4.286799176966838e-06,4.0866816385964135,4.086681362830406,8.173358714627643
d:794:2.3073168620157958e-07,4.086681628244106,4.086681358776163,8.173362756288583
d:795:3.2494582615782974e-06,4.086681623756741,4.086681353278584,8.173359727577063
d:796:5.005609793329313e-07,4.086681621464464,4.086681352135075,8.17336247303856
d:797:5.65819014752833e-07,4.086681619510635,4.086681349383186,8.173362403074806
d:798:-1.8516808282242891e-06,4.086681615067574,4.086681347090298,8.1733648138387
d:799:-1.702605345599295e-06,4.086681612430601,4.086681344338212,8.173364659374158
d:800:2.4244445757659605e-06,4.0866816072734,4.086681339281947,8.173360522110771
d:801:-4.377207662997762e-07,4.086681602199917,4.08668133420908,8.173363374129764
d:802:-1.0051566778912502e-06,4.086681597643878,4.0866813298192035,8.17336393261976
d:803:-5.970098904128918e-08,4.086681597209926,4.086681324163878,8.173362981074794
d:804:-1.7442894417740717e-07,4.086681592203254,4.0866813988317805,8.173363165463979
d:805:2.7916853682086185e-06,4.086681666870923,4.086681392722552,8.173360267908107
d:806:8.816887913098981e-07,4.086681669422809,4.086681388075,8.173362175809018
d:807:1.3906218914172541e-06,4.086681664775071,4.086681385781944,8.173361659935123
d:808:5.3407459787990774e-08,4.086681659992404,4.086681381862396,8.17336298844734
d:809:1.2219008223013361e-06,4.086681655416392,4.086681376932727,8.173361810448297
d:810:-3.179764368255178e-06,4.086681650109782,4.086681370823296,8.173366200697446
d:811:6.212252792181516e-07,4.086681639917826,4.086681365290605,8.173362383983152
d:812:3.712773377628764e-07,4.086681634595388,4.086681360714792,8.173362624032842
d:813:-3.779504796241895e-06,4.086681630369391,4.086681355392338,8.173366765266525
d:814:1.0702049255684187e-06,4.086681628415414,4.086681350179353,8.173361908389841
d:815:-2.255075937540596e-06,4.08668161822324,4.0866813440697225,8.1733652173689
d:816:1.7129092775292065e-06,4.086681692890938,4.086681418737664,8.173361398719324
d:817:-2.9130963312695712e-06,4.086681688243024,4.086681413415862,8.173366014755217
d:818:-1.1474339558503743e-06,4.086681685850852,4.08668140856709,8.173364241851898
d:819:2.0680095680347677e-07,4.086681688402601,4.086681404512712,8.173362886114356
d:820:-1.3325012471199216e-06,4.086681684682544,4.086681400069914,8.173364417253705
d:821:-1.2314021091697214e-06,4.086681681009676,4.086681387866344,8.173364300278129
d:822:-3.5727463210122323e-06,4.086681676522186,4.0866813828099335,8.17336663207844
d:823:-4.527295036638179e-07,4.0866816714485665,4.086681377277069,8.173363501455139
d:824:2.0232658499708123e-06,4.0866816690562136,4.0866813733573615,8.173361019147725
d:825:4.812347196292421e-07,4.086681667102075,4.086681369302797,8.173362555170153
d:826:-1.4838713298104267e-06,4.086681665147744,4.086681360129122,8.173364509148195
d:827:7.328970692555004e-07,4.086681661682048,4.086681355905013,8.173362284689992
d:828:4.404182403661139e-06,4.086681651329599,4.086681353267512,8.173358600414707
d:829:3.0052407460345876e-06,4.086681647275473,4.08668134106372,8.173359983098447
d:830:-3.7375930457272943e-06,4.086681721943227,4.0866813366737205,8.173366796209994
d:831:1.636237740854085e-07,4.086681711590558,4.086681339226592,8.173362887193376
d:832:3.1064083891862992e-06,4.0866817078703335,4.086681413894603,8.173360015356547
d:833:-2.5173942930223348e-09,4.086681703022041,4.086681412751016,8.173363118290451
d:834:-3.1864890992494566e-06,4.086681698216443,4.086681408400478,8.173366293106021
d:835:-2.875696209159173e-06,4.0866816962619446,4.086681404010292,8.173365975968446
d:836:-2.795899227692189e-06,4.086681691705804,4.08668140028924,8.173365887894272
d:837:1.6437143433023493e-06,4.0866816795032435,4.0866813960649555,8.173361431853856
d:838:-1.8007665651964544e-06,4.086681669442317,4.0866813949211895,8.173364865130072
d:839:-3.5773464954758083e-06,4.086681664794256,4.086681392169028,8.17336663430978
d:840:-1.0489452773043695e-06,4.086681659636961,4.086681381820744,8.173364090402982
d:841:-3.810202466425494e-06,4.086681655846318,4.086681377395465,8.17336684344425
d:842:3.175199610794266e-06,4.086681644892179,4.0866813727478135,8.173359842440382
d:843:-1.390942147239116e-06,4.086681639585452,4.086681361792726,8.173364392320325
d:844:-2.582100378845098e-06,4.086681631979587,4.0866814364607755,8.173365650540742
d:845:1.8133245713869428e-06,4.086681627925303,4.086681431084985,8.173361245685717
d:846:4.443007020071832e-06,4.0866817025931255,4.086681425429578,8.173358685015684
d:847:3.319168477844414e-07,4.086681696483177,4.0866814201076505,8.17336278467398
d:848:3.5923012937644216e-06,4.086681695215752,4.086681409732861,8.17335951264732
d:849:-1.972783747916651e-06,4.086681690409993,4.086681404356872,8.173365067550613
d:850:-2.1525820947942975e-07,4.086681685922377,4.086681399709036,8.173363300889623
d:851:4.157317352593282e-06,4.086681680389608,4.086681395987824,8.17335891906008
d:852:2.263145596259619e-06,4.086681675741374,4.086681391562369,8.173360804158147
d:853:-4.102352464840919e-06,4.0866816720684,4.08668139029573,8.173367164716595
d:854:5.758514838305473e-07,4.086681667643381,4.08668137934044,8.173362471132338
d:855:-7.973284166240546e-07,4.086681662145576,4.0866813754206195,8.173363834894612
d:856:-3.403151023206874e-06,4.086681657589285,4.086681370317011,8.17336643105732
d:857:1.527032683412699e-06,4.086681652091267,4.086681365535515,8.173361490594099
d:858:-1.001214720020016e-06,4.086681647700541,4.086681440203622,8.173364089118882
d:859:3.372584828298386e-06,4.086681643144049,4.086681435046373,8.173359705605593
d:860:-3.7976564399855306e-06,4.086681639222409,4.086681427439665,8.173366864318513
d:861:-1.05622939727823e-07,4.086681633846883,4.086681422226608,8.17336316169643
d:862:2.3006520795121332e-06,4.086681624672643,4.086681419835562,8.173360743856126
d:863:-2.654832838899779e-06,4.086681619275993,4.0866814149638895,8.173365689072721
d:864:-4.3670065075218645e-06,4.086681693943898,4.086681409466305,8.17336747041671
d:865:1.1430207056406516e-06,4.086681691306932,4.086681405744931,8.173361954031158
d:866:-2.139199100525957e-06,4.086681685986344,4.086681402277094,8.173365227462538
d:867:1.6402186808761599e-07,4.086681675633537,4.086681396955015,8.173362908566684
d:868:1.1836596911507513e-06,4.08668167070112,4.086681394317436,8.173361881358865
d:869:-1.7428736587277172e-06,4.086681660465604,4.0866813938817454,8.173364797221009
d:870:-1.608018145304868e-07,4.086681655144812,4.086681388226191,8.173363204172817
d:871:9.624745711533933e-07,4.086681654153955,4.086681383783333,8.173362075462716
d:872:-1.074066149797659e-06,4.086681649128376,4.086681379393045,8.173364102587572
d:873:-3.250409434940593e-07,4.086681644345694,4.086681374745067,8.173363344131705
d:874:-1.4762919064992275e-06,4.08668163978904,4.0866813699391535,8.1733644860201
d:875:-2.9186603374142805e-06,4.086681629553306,4.086681367983763,8.173365916197406
d:876:3.593154174197366e-06,4.086681623898206,4.086681442651949,8.173359473395982
d:877:-1.3067132940136617e-06,4.086681622907168,4.086681442216092,8.173364371836554
d:878:-1.01539282404417e-06,4.086681619441423,4.086681436893624,8.173364071727871
d:879:-1.3504334006597674e-06,4.0866816941093855,4.086681435749792,8.173364480292578
d:880:-8.251302165973584e-07,4.086681692154826,4.086681433358603,8.173363950643646
d:881:5.79777230669265e-07,4.086681682093781,4.086681430606369,8.17336253292292
d:882:8.953348462625854e-07,4.08668167770292,4.086681418402481,8.173362200770555
d:883:-5.027998447815207e-06,4.0866816731460816,4.08668141329874,8.173368114443269
d:884:1.0188823704737615e-06,4.08668166922431,4.08668140287118,8.17336205321312
d:885:-2.4887857819066994e-06,4.086681658871321,4.08668139776724,8.173365545424343
d:886:-9.377963472445572e-07,4.086681653658355,4.086681393119093,8.173363984573795
d:887:3.0258630623336558e-06,4.086681646052391,4.086681467787312,8.17336008797664
d:888:4.875047425301204e-06,4.086681642261681,4.086681455583202,8.173358222797457
d:889:-5.905397628680475e-07,4.0866816318336845,4.086681453627657,8.173363676001104
d:890:2.410824393450639e-07,4.086681621460638,4.086681451671923,8.173362832050122
d:891:1.6226689414367002e-06,4.0866816163556745,4.086681446295843,8.173361439982576
d:892:9.592071137376479e-09,4.086681691023683,4.086681441514248,8.17336312294586
d:893:4.574979630689313e-07,4.086681684913653,4.086681436264614,8.173362663680305
d:894:-4.039218394424893e-06,4.086681682276575,4.086681431051449,8.173367152546419
d:895:-2.6420775078861425e-07,4.086681677833596,4.0866814260435635,8.17336336808491
d:896:1.6787073455759582e-06,4.086681674113358,4.0866814216930045,8.173361417099017
d:897:-1.1272879429924387e-06,4.0866816695563575,4.086681417302586,8.173364214146886
d:898:1.572729999566036e-06,4.086681664530648,4.086681413513128,8.173361505313776
d:899:7.2269752848797e-07,4.08668165952405,4.086681408864813,8.173362345691334
d:900:4.606392121075942e-07,4.086681654948098,4.0866814033671215,8.173362597676007
d:901:-7.533469119636038e-07,4.086681650165289,4.086681398340989,8.17336380185319
d:902:4.154631470854042e-06,4.086681644858524,4.0866813861366715,8.173358876363725
d:903:3.905103824308753e-06,4.086681719526565,4.0866814608049555,8.173359275227696
d:904:-8.340556103547669e-07,4.086681718535422,4.086681455482353,8.173364008073385
d:905:-5.395109550221378e-07,4.086681714424108,4.086681451692716,8.173363705627779
d:906:4.400204939969399e-06,4.0866817103698025,4.086681446408948,8.17335875657381
d:907:-4.819813916867588e-07,4.086681706903946,4.086681441304863,8.1733636301902
d:908:5.575170815674824e-06,4.086681695949748,4.0866814367291315,8.173357557508064
d:909:-4.116234803674956e-06,4.086681691723832,4.086681426380805,8.173367234339441
d:910:4.088094103238404e-06,4.086681686940842,4.08668141600595,8.17335901485269
d:911:-9.909577389777269e-07,4.086681683018945,4.08668141233375,8.173364086310434
d:912:-5.160755129907102e-07,4.0866816795529,4.086681408279242,8.173363603907655
d:913:8.598456258113174e-07,4.086681669124735,4.086681403928523,8.173362213207632
d:914:-2.7873051937632454e-06,4.08668166813343,4.08668140117619,8.173365856614813
d:915:-3.612013927067892e-06,4.086681657941288,4.086681396750713,8.173366666705927
d:916:4.437075117991185e-06,4.086681646986877,4.0866813865601745,8.173358596471934
d:917:-3.3842698190511555e-06,4.086681645845724,4.086681381533873,8.173366411649416
d:918:2.393190273508594e-06,4.0866816336431295,4.086681373927103,8.173360614379959
d:919:1.1341193566494212e-06,4.086681631250869,4.086681368900598,8.17336186603211
d:920:-1.5129459072227291e-06,4.086681705918984,4.086681443568958,8.17336466243385
d:921:-2.5269916985593e-06,4.086681705485221,4.086681438246828,8.173365670723747
d:922:-5.883204821088839e-07,4.086681701694415,4.086681433398159,8.173363723413056
d:923:-7.995269495353341e-07,4.086681696410293,4.086681423023107,8.17336391896035
d:924:-5.260876413615279e-06,4.086681686217949,4.08668141259542,8.173368359689782
d:925:6.731764443657084e-07,4.086681681792937,4.086681402534021,8.173362411150514
d:926:-6.905018423708498e-07,4.086681679400497,4.086681397227098,8.173363767129437
d:927:-3.136883918841704e-06,4.086681670226209,4.086681392122859,8.173366199232987
d:928:-1.4793824814063328e-06,4.086681660165061,4.086681386746676,8.173364526294218
d:929:1.4518141231434356e-06,4.086681650990547,4.086681381874984,8.173361581051408
d:930:-7.015160239376428e-07,4.0866816460581035,4.086681377955184,8.173363725529311
d:931:-1.8572581712561487e-06,4.086681641500993,4.086681373396601,8.173364872155766
d:932:2.7269392166573425e-06,4.086681636717859,4.086681368369929,8.173360278148571
d:933:1.6335871428907467e-06,4.08668163171115,4.086681357414609,8.173361355538615
d:934:5.189234961733291e-07,4.086681627320228,4.086681352971729,8.17336246136846
d:935:3.989530116044193e-06,4.086681623529248,4.086681348546101,8.173358982545233
d:936:1.5576573364484148e-06,4.086681621237204,4.0866813433888645,8.173361406968732
d:937:-1.4021740621927847e-06,4.086681617771024,4.086681418057298,8.173364438002384
d:938:-1.926684472408624e-06,4.086681613544986,4.086681407682056,8.173364947911514
d:939:-1.0308325926189355e-07,4.086681608046996,4.086681404214236,8.173363115344491
d:940:2.2551572751439153e-06,4.086681682715211,4.086681399206276,8.173360826764211
d:941:1.960813374779491e-06,4.086681679248844,4.0866813944246125,8.173361112860082
d:942:1.4302491155859798e-06,4.086681673852214,4.086681389935801,8.1733616335389
d:943:-3.2038675357171087e-06,4.086681671559994,4.086681379745102,8.173366255172631
d:944:2.560827113029518e-06,4.086681666911826,4.086681375354612,8.173360481439325
d:945:2.646924841087639e-06,4.086681663445262,4.086681370963918,8.173360387484339
d:946:5.7913986655222516e-06,4.086681658513498,4.086681365566651,8.173357232681484
d:947:-1.1649301789873334e-07,4.086681654025959,4.086681355505073,8.17336312602405
d:948:-4.6167561542631574e-06,4.086681649177796,4.086681350615006,8.173367616548957
d:949:-1.1494065130790432e-06,4.086681644752643,4.086681345685532,8.173364139844688
d:950:4.47923194535349e-06,4.086681643611401,4.086681341573504,8.17335850595296
d:951:-5.051870335393005e-07,4.086681638604537,4.086681336197174,8.173363479988744
d:952:4.563107651733844e-07,4.086681638170674,4.086681410865667,8.173362592725576
d:953:6.599655668182436e-06,4.086681636903382,4.086681406306942,8.173356443554656
d:954:5.560775871771284e-06,4.086681632415658,4.0866814007742445,8.17335747241403
d:955:1.2141473710869377e-06,4.086681631274235,4.086681398818506,8.17336181594537
d:956:-1.860242672790946e-06,4.086681626490961,4.086681393285604,8.173364880019237
d:957:7.662678456199501e-07,4.086681621599464,4.0866813879090795,8.173362243240698
d:958:-8.300955158802026e-07,4.086681616350239,4.086681378735536,8.17336382518129
d:959:2.6790820228939083e-08,4.0866816112957185,4.086681373451713,8.173362957956611
d:960:-1.6776774938165318e-06,4.086681685964031,4.0866813630238905,8.173364726665415
d:961:-3.013746916025184e-06,4.086681684696567,4.086681358799767,8.17336605724325
d:962:3.212089421111841e-06,4.086681684262544,4.086681355010089,8.173359827183212
d:963:7.74677891612896e-07,4.086681679414218,4.086681350204227,8.173362254940553
d:964:-2.412882272651018e-06,4.0866816743092595,4.0866813401424675,8.173365427334
d:965:-8.066996031175222e-07,4.08668166937734,4.086681332535605,8.173363808612548
d:966:-2.3684151067016046e-06,4.086681664729033,4.086681407204155,8.173365440348295
d:967:-4.346636544028115e-07,4.086681660617693,4.086681394999763,8.17336349028111
d:968:-4.438398448769476e-08,4.08668165822518,4.086681393856013,8.173363096465177
d:969:1.4992633037280712e-06,4.0866816529184025,4.086681386248946,8.173361539904045
d:970:-8.00089612340571e-07,4.086681647420292,4.086681382459085,8.17336382996899
d:971:3.688887080244285e-07,4.08668164209811,4.086681381315151,8.173362654524553
d:972:2.110597552729132e-06,4.086681716766462,4.0866813769644,8.173360983133309
d:973:-1.526407263696683e-06,4.086681711111437,4.086681371891833,8.173364609410534
d:974:2.913463660547677e-06,4.086681700875737,4.0866813609363835,8.17336014834846
d:975:3.4844392704513893e-06,4.086681696227249,4.08668135600448,8.173359567792458
d:976:-5.71827733608643e-07,4.086681692760578,4.086681350720493,8.173363615308805
d:977:1.653747450092169e-07,4.086681687705903,4.086681340529651,8.17336286286081
d:978:2.474028054422206e-06,4.086681682814264,4.086681334874193,8.173360543660403
d:979:6.306673485667602e-06,4.086681675208343,4.086681329551595,8.173356698086453
d:980:4.511530491413396e-06,4.086681670402756,4.086681324661406,8.17335848353367
d:981:-1.950015420248974e-07,4.086681665006031,4.086681319163738,8.17336317917131
d:982:9.400547238413992e-07,4.086681659683666,4.0866813137870714,8.173362033416014
d:983:-1.1503408305912899e-06,4.086681655892631,4.086681308854976,8.173364115088438
d:984:8.492225038736478e-07,4.086681651467375,4.086681383523604,8.173362185768475
d:985:1.5558692521011608e-06,4.08668165019979,4.086681382257183,8.17336147658772
d:986:3.987493277790577e-06,4.086681645192817,4.086681370052601,8.17335902775214
d:987:1.9589883848425416e-07,4.086681639660229,4.086681372605819,8.17336281636721
d:988:-4.071507207825675e-06,4.086681634811761,4.086681366496471,8.17336707281544
d:989:9.68903801634724e-08,4.0866816300059945,4.086681361099117,8.173362894214732
d:990:1.9136921007856245e-06,4.086681624350801,4.086681360663421,8.173361071322121
d:991:-1.223450702525497e-06,4.086681699019239,4.086681355356477,8.173364277826419
d:992:1.8090791318314814e-06,4.086681693964401,4.0866813501991945,8.173361235084464
d:993:-1.3508195735312256e-06,4.086681688641864,4.086681345350518,8.173364384811956
d:994:2.2961408543409334e-06,4.086681679467301,4.086681341126285,8.173360724452731
d:995:3.1306565109190387e-06,4.086681674091965,4.086681335628446,8.1733598790639
d:996:1.119337204258386e-06,4.08668166648587,4.086681332991057,8.173361880139723
d:997:-6.795475151477604e-07,4.086681655531432,4.086681331724474,8.173363666803422
d:998:-1.0688532263714023e-06,4.086681651180568,4.086681334277541,8.173364054311335
d:999:4.701903970172339e-06,4.086681645647806,4.086681329173302,8.173358272917138
d:1000:3.861293867757354e-06,4.0866816436934155,4.0866813243916,8.173359106791148
