data: dataset/foma/
d:1:0.16371425636715387,1.1760923004799086,1.1760937499357138,2.1884717940484686
d:2:0.12590098108019943,1.176092220157452,1.1760937865474925,2.2262850256247453
d:3:0.10122860558843838,1.1760921398349158,1.1760938007973145,2.250957335043792
d:4:0.08253301870753704,1.1760921764465595,1.176093815047121,2.2696529727861434
d:5:0.0687882674790754,1.1760922130581979,1.1760938292969116,2.283397774876034
d:6:0.05772612631848739,1.1760922496698307,1.1760938659087308,2.294459989260074
d:7:0.0482295299233777,1.176092286281458,1.176093880158521,2.303956636516601
d:8:0.03989860888931718,1.1760922059588659,1.1760939167703506,2.3122875138398995
d:9:0.0323807239343874,1.1760922425704936,1.1760939533821744,2.3198054720182806
d:10:0.025638428425077464,1.1760921622478278,1.17609396763198,2.3265477014547304
d:11:0.019465403674070902,1.1760921988594562,1.1760939818817697,2.332720777067155
d:12:0.014157079527212346,1.1760922354710788,1.1760940184936186,2.338029174437485
d:13:0.009738101439912494,1.1760922720826958,1.1760940551054622,2.3424482257482455
d:14:0.006263246923048804,1.176092191759968,1.176094069355267,2.345923014192186
d:15:0.00378995583918762,1.1760922283715856,1.1760940836050562,2.348396356137454
d:16:0.002141671665592426,1.1760922649831977,1.1760941202169253,2.3500447135345306
d:17:0.0011537344576666442,1.1760923015948044,1.176094039894684,2.3510326070318217
d:18:0.0006627613862550952,1.1760923382064057,1.1760940765065535,2.351523653326704
d:19:0.0003810296478237163,1.1760923748180014,1.1760939961842387,2.3518053413544164
d:20:0.00017447126315994765,1.1760922944952232,1.1760940327961085,2.3520118560281715
d:21:4.37056184514617e-05,1.1760922141723658,1.1760940694079727,2.352142577961887
d:22:0.00016339081847815962,1.1760922284222504,1.1760941060198316,2.3520229436236035
d:23:0.0002891104648212739,1.1760922426721194,1.176094025697455,2.351897157904753
d:24:0.000384377439162531,1.176092256921973,1.1760940623093141,2.3518019417921248
d:25:0.00037774612555852016,1.1760922711718105,1.1760940989211677,2.3518086239674196
d:26:0.0003018245483308313,1.1760922854216327,1.176094135533016,2.3518845964063178
d:27:0.0001961439003612675,1.1760923220333113,1.1760941721448588,2.351990350277809
d:28:8.977362035755831e-05,1.1760923586449847,1.1760942087566961,2.3520967937813233
d:29:2.520902100044964e-05,1.1760923728948216,1.1760941284342692,2.3521612923080903
d:30:2.1118786150964297e-05,1.1760923871446431,1.176094048111763,2.352165316470255
d:31:5.9035077137448155e-05,1.1760924237563417,1.1760940847236065,2.352127473402811
d:32:0.00012984349872047218,1.1760924380061626,1.1760940044010262,2.3520565989084683
d:33:0.0001764131138126679,1.176092452255968,1.176093924078367,2.3520099632205222
d:34:0.00019777455222724782,1.1760924665057577,1.1760938437556283,2.351988535709159
d:35:0.00016439636869769458,1.1760925031174967,1.1760937634328104,2.352021870181609
d:36:0.00011780312717579733,1.1760925173672863,1.1760936831099131,2.3520683973500236
d:37:5.743296227400663e-05,1.1760925539790354,1.17609371972178,2.3521288407385414
d:38:1.713211395726333e-05,1.1760925682288244,1.1760937563336415,2.3521691924485086
d:39:2.7548010949729473e-05,1.1760926048405835,1.1760937929454978,2.3521588497751313
d:40:8.004124481697517e-05,1.1760926414523374,1.1760938295573486,2.352106429764869
d:41:0.00015516422002193053,1.1760926557021412,1.176093866169194,2.352031357651313
d:42:0.0001679808369590141,1.1760925753792912,1.1760937858462461,2.352018380388578
d:43:0.00013466936726258538,1.1760924950563614,1.1760938224580917,2.3520516481471905
d:44:9.094677699117426e-05,1.1760924147333527,1.1760938590699317,2.3520953270262934
d:45:4.1853013794668215e-05,1.1760924513451338,1.1760937787469163,2.3521443770782553
d:46:1.462725163836609e-05,1.1760923710220512,1.176093815358757,2.35217155912917
d:47:9.149120464790883e-06,1.1760922906988895,1.176093851970592,2.3521769935490164
d:48:2.3544204335035346e-05,1.1760922103756482,1.1760937716475086,2.3521624378188215
d:49:5.0535049347821825e-05,1.1760921300523275,1.1760936913243458,2.3521352863273255
d:50:7.255724145682763e-05,1.1760921666641262,1.1760936110011038,2.352113220423773
d:51:8.028658504555253e-05,1.1760922032759198,1.1760936252512377,2.352105541942112
d:52:7.30050237494062e-05,1.1760922398877076,1.1760934636003686,2.352112698464327
d:53:4.580999260195284e-05,1.176092159564325,1.1760933019493134,2.3521396515210364
d:54:2.136191569590551e-05,1.176092079240863,1.1760931402980717,2.3521638576232387
d:55:5.547631219737781e-06,1.1760921158526572,1.1760929786466434,2.3521795468680806
d:56:1.036200480486471e-05,1.1760921301025542,1.176093015258496,2.3521747833562454
d:57:2.666505163828603e-05,1.1760921443524357,1.1760930518703434,2.3521585311711406
d:58:5.0483757397135065e-05,1.176092180964255,1.1760930661204738,2.352134763327332
d:59:6.24297882834135e-05,1.1760922175760689,1.1760930803705885,2.3521228681583737
d:60:5.625446190160588e-05,1.1760922318259652,1.1760930946206873,2.3521290719847507
d:61:4.5504897973280833e-05,1.1760922684377892,1.1760931088707707,2.3521398724105866
d:62:2.650290462646865e-05,1.1760922826876854,1.1760931231208385,2.3521589029038976
d:63:8.083467566422087e-06,1.1760923192995192,1.1760931373708903,2.352177373202843
d:64:3.97829439835462e-06,1.176092333549415,1.1760930570475479,2.3521814123025644
d:65:1.3402698508802047e-05,1.1760923477992953,1.176093093659488,2.3521720387602745
d:66:2.546735899144892e-05,1.1760923844111542,1.1760930133360723,2.3521599303882352
d:67:3.6250596653797373e-05,1.176092398661034,1.1760930499480127,2.352149198012393
d:68:3.919383967598833e-05,1.176092435272903,1.1760929696245235,2.3521462110577502
d:69:3.2186214002027924e-05,1.1760924495227827,1.1760930062364643,2.3521532695452447
d:70:1.892426814320558e-05,1.1760922878718485,1.1760929259129014,2.3521662895166067
d:71:8.977448258118415e-06,1.1760923021217078,1.176092845589259,2.3521761702627084
d:72:3.2141998196344446e-06,1.1760923387335995,1.1760928822012058,2.3521820067349855
d:73:4.281652323356866e-06,1.1760923529834584,1.17609280187749,2.352180873208625
d:74:8.839883530065151e-06,1.17609238959536,1.1760928384894374,2.3521763882012676
d:75:1.7421319344013142e-05,1.1760924038452187,1.176092875101379,2.3521678576272538
d:76:2.275547491237262e-05,1.1760924180950616,1.1760927947775957,2.352162457397745
d:77:2.3135422902775815e-05,1.1760924547069886,1.1760928313895374,2.352162150673623
d:78:2.0218385650139226e-05,1.1760924913189101,1.1760927510656805,2.3521650239989405
d:79:9.198200337401374e-06,1.1760925055687683,1.1760927876776228,2.3521760950460537
d:80:4.521104841170853e-06,1.1760925421806996,1.1760927073536922,2.3521807284295506
d:81:2.8217874015190603e-06,1.1760925787926255,1.176092627029682,2.352182384034906
d:82:4.891236636606067e-06,1.1760926154045463,1.176092465377873,2.352180189545783
d:83:1.1518393014497974e-05,1.1760926296544345,1.176092303725877,2.352173414987297
d:84:1.4171279453467633e-05,1.1760926439043073,1.1760921420736947,2.3521706146985486
d:85:1.3807688644007499e-05,1.1760926581541642,1.1760921563238755,2.352171006789396
d:86:1.2735766187876862e-05,1.1760924965029893,1.1760921705740404,2.3521719313108416
d:87:9.555117064241614e-06,1.1760923348516281,1.1760921848241896,2.3521749645587535
d:88:4.426984983485482e-06,1.1760921732000804,1.1760921990743232,2.35217994528942
d:89:2.3811345966073816e-06,1.1760920115483462,1.176092235686326,2.3521818661000755
d:90:3.630594433978729e-06,1.1760920481602977,1.1760922722983234,2.352180689864187
d:91:5.632318020420968e-06,1.1760920624101359,1.1760922865484718,2.352178716640587
d:92:9.328042657852365e-06,1.176092076659958,1.176092323160479,2.352175071777779
d:93:1.1184984964884848e-05,1.1760921132719349,1.1760923597724808,2.3521732880594506
d:94:9.760055237784115e-06,1.1760921498839063,1.1760923963844772,2.352174786213146
d:95:8.944773051577926e-06,1.1760921864958722,1.1760924106346562,2.352175652357477
d:96:5.128874580595522e-06,1.1760922231078328,1.1760924248848195,2.3521795191180717
d:97:2.2382240203455694e-06,1.1760922597197878,1.1760922632324062,2.3521822847281735
d:98:8.651868190767686e-07,1.1760922963317373,1.176092101579806,2.352183532724724
d:99:2.923340631344473e-06,1.1760923329436817,1.1760919399270198,2.35218134953007
d:100:4.8040833009466155e-06,1.1760923695556205,1.1760919541771533,2.352179519649473
d:101:7.427639504342665e-06,1.17609238380555,1.1760919684272715,2.352176924593317
d:102:7.19392543402364e-06,1.1760923980554636,1.1760918067742894,2.352177010904319
d:103:7.051859839179997e-06,1.176092412305362,1.176091821024387,2.3521771814699095
d:104:6.082898042603091e-06,1.1760924265552444,1.1760918352744687,2.3521781789316702
d:105:3.0574844624986497e-06,1.1760924408051112,1.1760916736212907,2.3521810569419395
d:106:2.1943115129374746e-06,1.1760924550549623,1.1760917102333617,2.352181970976811
d:107:1.2464832312986118e-06,1.1760924916669877,1.1760917468454273,2.3521829920291837
d:108:2.8687819768613565e-06,1.1760925059168386,1.1760917834574875,2.3521814205923492
d:109:3.753774798553877e-06,1.1760925201666739,1.1760918200695423,2.352180586461418
d:110:6.806271266590613e-06,1.1760925344164932,1.1760918566815914,2.3521775848268183
d:111:7.396678567861414e-06,1.1760925710285592,1.176091893293635,2.3521770676436264
d:112:5.122023964521105e-06,1.1760926076406197,1.1760919075437888,2.3521793931604438
d:113:3.6473437106110396e-06,1.1760926218904544,1.1760919441558426,2.3521809187025866
d:114:1.1918337388117095e-06,1.176092636140273,1.1760919584059961,2.3521834027125306
d:115:1.1710453815538813e-06,1.1760926503900762,1.1760919950180597,2.3521834743627545
d:116:1.8777498822508676e-06,1.1760926870021775,1.1760920092682128,2.352182818520508
d:117:2.4777300078326903e-06,1.17609252535016,1.1760920235183503,2.352182071138502
d:118:3.4614491890572197e-06,1.1760923636979563,1.1760920377684716,2.352180940017239
d:119:2.6277269884467103e-06,1.1760922020455657,1.176092074380576,2.3521816486991534
d:120:3.3096254425935e-06,1.1760922162953547,1.1760919940565109,2.352180900726423
d:121:2.423967402354066e-06,1.1760922305451276,1.1760920306686153,2.3521818372463406
d:122:1.6068169577110325e-06,1.176092244794885,1.1760919503444767,2.352182588322404
d:123:1.4234095280230008e-06,1.1760922590446268,1.1760918700202583,2.3521827056553573
d:124:8.312826240697291e-07,1.1760922956567768,1.176091906632369,2.3521833710065216
d:125:7.80855535786884e-07,1.1760923322689214,1.1760919432444743,2.3521834946578597
d:126:1.3436688148793507e-06,1.176092368881061,1.1760918629201882,2.3521828881324343
d:127:2.3902743246928537e-06,1.1760924054931945,1.1760918995322942,2.352181914751164
d:128:2.826044618320367e-06,1.1760924197429818,1.1760919361443942,2.3521815298427575
d:129:1.3927697231075342e-06,1.176092258090372,1.1760918558200404,2.3521827211406894
d:130:1.3647718271059261e-06,1.1760920964375758,1.1760917754956073,2.352182507161356
d:131:7.317735151168847e-07,1.1760919347845933,1.1760916951710947,2.3521828981821726
d:132:1.1374827821875044e-06,1.1760919490343509,1.1760917317832065,2.352182543334775
d:133:7.487337185807519e-07,1.1760918687109605,1.1760916514586204,2.3521827714358623
d:134:8.15943668630581e-07,1.1760917883874908,1.176091571133955,2.352182543577777
d:135:1.5300550937347168e-06,1.1760918249996541,1.1760916077460735,2.3521819026906337
d:136:1.3119242523451646e-06,1.1760918616118121,1.1760916443581861,2.352182194045746
d:137:8.002853708610758e-07,1.1760917812882745,1.1760916586084627,2.352182639611366
d:138:1.9128153865288766e-06,1.1760917009646579,1.1760916728587234,2.3521814610079947
d:139:7.660039678114572e-07,1.1760917375768218,1.1760917094708612,2.352182681043715
d:140:9.195147061547004e-07,1.1760917741889805,1.1760917237211217,2.352182578395396
d:141:1.1781703102009544e-06,1.1760916938652959,1.1760917603332697,2.3521822760282554
d:142:1.4907222127824582e-06,1.176091730477455,1.1760917969454125,2.3521820367006545
d:143:1.7890579524504346e-06,1.1760916501536967,1.1760918335575499,2.352181694653294
d:144:2.1937061966958993e-06,1.176091569829859,1.1760918478078406,2.352181223931503
d:145:2.5494563722361363e-06,1.1760916064420242,1.1760918844199877,2.3521809414056394
d:146:2.8392147184419514e-06,1.176091526118113,1.176091898670278,2.352180585573673
d:147:8.943594855814752e-07,1.1760915627302786,1.1760919129205527,2.3521825812913457
d:148:1.213881144490614e-06,1.1760915993424388,1.1760919495327251,2.3521823349940196
d:149:1.2213987372611257e-06,1.1760916359545934,1.1760919637829996,2.352182378338856
d:150:1.0379492469958507e-06,1.1760915556306202,1.1760919780332584,2.3521824957146316
d:151:8.846466856837765e-07,1.1760915698805325,1.176092014645456,2.352182699879303
d:152:1.060437537780956e-06,1.1760915841304291,1.1760920512576485,2.3521825749505396
d:153:2.374601857813019e-06,1.17609159838031,1.1760920655079221,2.3521812892863743
d:154:1.501439841344876e-06,1.1760916126301755,1.176092102120124,2.352182213310458
d:155:1.0595759527554094e-06,1.1760916492423918,1.1760921387323209,2.35218272839876
d:156:7.082876840591723e-07,1.1760916634922567,1.1760921529826098,2.3521831081871825
d:157:4.877812305181806e-07,1.176091677742106,1.176092167232883,2.3521833571937583
d:158:4.79149807386392e-07,1.1760916919919397,1.1760921814831404,2.3521833943252726
d:159:2.912316947600857e-07,1.1760917062417575,1.1760921957333823,2.3521836107434453
d:160:7.81269754224212e-07,1.1760917204915597,1.176092232345635,2.352183171567441
d:161:5.316770241847735e-07,1.1760917571038476,1.1760922465958763,2.3521834720226997
d:162:6.102822354137061e-07,1.17609179371613,1.176092283208139,2.3521834666420336
d:163:7.694955610482168e-07,1.1760918079659473,1.1760923198203963,2.3521833582907825
d:164:6.21985069226838e-07,1.1760918222157488,1.176092334070653,2.3521835343013326
d:165:5.115546457545861e-07,1.1760918364655346,1.17609237068292,2.352183695593809
d:166:4.2142660339195004e-07,1.1760918507153049,1.1760924072951817,2.352183836583883
d:167:4.948934586579412e-07,1.1760918873276434,1.1760924215454533,2.352183813979638
d:168:7.063227758230539e-07,1.1760919239399763,1.176092458157725,2.3521836757749255
d:169:1.0787873820916616e-06,1.1760919381897617,1.1760924724079962,2.3521833318103758
d:170:2.247643926533982e-06,1.1760919748021046,1.1760925090202778,2.352182236178456
d:171:6.056220276384749e-07,1.1760919890518895,1.1760924286957035,2.3521838121255656
d:172:8.031100531269431e-07,1.1760920033016586,1.1760924653079854,2.3521836654995907
d:173:7.921253049048005e-07,1.176092039914027,1.176092501920262,2.352183749708984
d:174:6.517519191007182e-07,1.1760920541637958,1.1760924215956199,2.3521838240074966
d:175:9.410588490688099e-07,1.1760918925103756,1.1760924582078964,2.352183409659423
d:176:7.52050089758427e-07,1.1760919067601243,1.1760924948201679,2.352183649530202
d:177:1.4483512584817504e-06,1.176091745106513,1.1760924144954579,2.3521827112507125
d:178:1.012725398652492e-06,1.176091583452715,1.1760924511077295,2.352183021835046
d:179:1.5776183799331989e-06,1.1760915977024387,1.1760923707829463,2.352182390867005
d:180:1.897023270913678e-06,1.1760914360484498,1.1760922904580835,2.3521818294832624
d:181:9.366537696564592e-07,1.1760912743942744,1.1760922101331412,2.352182547873646
d:182:8.797241655145172e-07,1.1760912886439727,1.1760921298081197,2.352182538727927
d:183:7.580700187581613e-07,1.1760913028936555,1.1760920494830185,2.352182594306655
d:184:9.430803245003005e-07,1.1760913171433225,1.176092086095314,2.352182460158312
d:185:8.820183641233825e-07,1.176091331392974,1.1760921227076035,2.3521825720822136
d:186:7.958190546553112e-07,1.1760913680054323,1.1760920423824348,2.3521826145688123
d:187:1.4502975429486753e-06,1.176091404617885,1.1760919620571868,2.352181916377529
d:188:1.7134875567315078e-06,1.1760914188675515,1.1760918817318593,2.352181587111854
d:189:1.4482633514667498e-06,1.1760914554800144,1.1760918014064525,2.3521818086231154
d:190:1.1764933067759387e-06,1.1760914697296805,1.1760916397525867,2.35218193298896
d:191:1.567628445720004e-06,1.1760914839793308,1.1760916763648919,2.3521815927157768
d:192:1.4396033916064255e-06,1.176091520591819,1.1760917129771917,2.352181793965619
d:193:1.6178889814533193e-06,1.176091534841469,1.176091727227639,2.3521816441801264
d:194:1.0492284814311859e-06,1.1760915714539673,1.1760917638399486,2.3521822860654344
d:195:1.631556133752099e-06,1.1760915857036167,1.1760918004522527,2.3521817545997354
d:196:1.1628492377901978e-06,1.1760916223161249,1.1760918370645517,2.352182296531439
d:197:7.424752213047725e-07,1.1760916365657743,1.1760918736768449,2.3521827677673977
d:198:1.1653573519510019e-06,1.1760916508154082,1.1760919102891325,2.352182395747189
d:199:1.0077535264052528e-06,1.1760916650650262,1.176091924539641,2.352182581851141
d:200:9.452118558961331e-07,1.1760917016775747,1.176091961151939,2.3521827176176577
d:201:5.505969906671737e-07,1.1760917159271926,1.1760919977642312,2.352183163094433
d:202:8.8003339371312e-07,1.176091752539751,1.176092034376518,2.3521829068828755
d:203:5.39035980295921e-07,1.1760917667893684,1.176092048627057,2.352183276380445
d:204:7.511864725806561e-07,1.1760917810389704,1.17609206287758,2.3521830927300775
d:205:8.34072114930251e-07,1.1760917952885563,1.1760920771280872,2.3521830383445286
d:206:7.266403097005991e-07,1.1760918095381268,1.1760920913785788,2.352183174276396
d:207:9.271125089860277e-07,1.1760918237876816,1.176092105629055,2.3521830023042276
d:208:8.54653649184911e-07,1.1760918380372205,1.1760921198795153,2.3521831032630867
d:209:8.46242424135113e-07,1.1760918746498659,1.1760921341299597,2.3521831625374015
d:210:8.159971041088454e-07,1.1760918888994045,1.1760921483803888,2.352183221282689
d:211:8.291896738121807e-07,1.1760919255120599,1.1760921626308019,2.352183258953188
d:212:1.2236390634079441e-06,1.1760919397615983,1.1760920009766744,2.3521827170992093
d:213:7.413235687536712e-07,1.1760919763742632,1.17609183932236,2.3521830743730545
d:214:6.586013503451227e-07,1.1760919906238014,1.1760916776678596,2.352183009690311
d:215:1.111532520248204e-06,1.176092004873324,1.1760917142802723,2.352182607621076
d:216:5.560613662858316e-07,1.1760920191228306,1.1760917508926794,2.352183213954144
d:217:5.903599533674253e-07,1.1760920333723215,1.1760917651430938,2.352183208155462
d:218:8.940192466333485e-07,1.1760920699850428,1.1760917793934922,2.352182955359288
d:219:9.525212658623161e-07,1.1760921065977583,1.176091793643875,2.3521829477203675
d:220:6.991626864127909e-07,1.1760921208472643,1.1760918302563226,2.3521832519409007
d:221:1.2013991974590965e-06,1.17609215745999,1.1760918445067052,2.352182800567498
d:222:1.0833313583979987e-06,1.176092171709496,1.176091881119163,2.3521829694973007
d:223:1.0181315004409441e-06,1.176092185958986,1.1760919177316151,2.352183085559101
d:224:6.600124802247365e-07,1.176092222571737,1.176091931982013,2.3521834945412694
d:225:7.467989067144742e-07,1.1760922591844825,1.1760919462323949,2.352183458617971
d:226:5.370542965899006e-07,1.1760922734339876,1.1760917845776677,2.3521835209573587
d:227:6.067288356170764e-07,1.176092287683477,1.176091821190143,2.352183502144784
d:228:7.219778477285388e-07,1.1760923242962478,1.176091857802612,2.352183460121012
d:229:8.934695192586162e-07,1.1760923385457367,1.1760918720530047,2.352183317129222
d:230:3.7635329697138786e-07,1.1760923527952103,1.1760918863033811,2.3521838627452945
d:231:9.431662451042655e-07,1.1760923670446681,1.176091922915876,2.3521833467942987
d:232:6.141172033125031e-07,1.1760923812941102,1.1760919371662526,2.3521837043431595
d:233:3.1907827580113235e-07,1.1760923955435365,1.1760919737787574,2.352184050244018
d:234:6.177949658514592e-07,1.176092409792947,1.1760920103912569,2.3521838023892383
d:235:4.52306655240875e-07,1.176092424042342,1.1760920470037508,2.352184018739438
d:236:1.0997620658592666e-06,1.176092460655215,1.176092083616239,2.352183444509388
d:237:5.376978409188382e-07,1.1760924972680824,1.1760920978666611,2.3521840574369026
d:238:5.765655934908409e-07,1.1760925338809445,1.1760921121170675,2.3521840694324183
d:239:8.3055760846662e-07,1.176092570493801,1.1760921487295815,2.352183888665774
d:240:7.770565533249396e-07,1.1760926071066522,1.1760921629799874,2.3521839930300863
d:241:4.0402710022036104e-07,1.1760926213561085,1.176092177230378,2.3521843945593863
d:242:5.002643730378509e-07,1.1760926579689694,1.1760921914807527,2.3521843491853494
d:243:9.843742776460829e-07,1.176092672218425,1.1760922057311118,2.3521838935752593
d:244:1.4242947647957749e-06,1.1760926864678654,1.176092219981455,2.3521834821545555
d:245:9.12488196114225e-07,1.1760927007172899,1.1760920583264753,2.352183846555569
d:246:1.041546673796745e-06,1.1760927149666984,1.1760920949390583,2.352183768359083
d:247:7.594010260625339e-07,1.1760927292160916,1.1760921091893966,2.3521840790044624
d:248:1.2687160171331868e-06,1.1760927658290241,1.1760921234397193,2.3521836205527262
d:249:7.006836879597245e-07,1.1760928024419512,1.1760921600523273,2.3521842618105904
d:250:1.3802419842612323e-06,1.1760928166913593,1.1760921743026496,2.3521836107520246
d:251:1.3716988167544741e-06,1.1760928533042962,1.1760922109152676,2.352183692520747
d:252:1.1121081437970304e-06,1.176092867553704,1.1760922475278799,2.35218400297344
d:253:1.0883902064051654e-06,1.176092904166651,1.1760922841404868,2.3521840999169314
d:254:9.431739100840275e-07,1.1760929184160582,1.17609229839084,2.352184273632988
d:255:5.746357558678028e-07,1.1760929326654501,1.1760923350034571,2.352184693033151
d:256:8.483410574022798e-07,1.176092969278422,1.1760923492538093,2.352184470191174
d:257:6.318543648298203e-07,1.1760929835278138,1.176092363504146,2.352184715177595
d:258:8.198034051609682e-07,1.1760930201407958,1.1760923777544672,2.3521845780918578
d:259:5.525085011726105e-07,1.1760930567537724,1.1760923920047728,2.3521848962500442
d:260:9.666445919265243e-07,1.176093071003179,1.1760924286174457,2.3521845329760325
d:261:8.557970603284559e-07,1.1760930852525697,1.1760924428677508,2.35218467232326
d:262:1.1969257802668665e-06,1.1760931218655717,1.17609245711804,2.3521843820578314
d:263:4.732624785397377e-07,1.176093158478568,1.1760924713683139,2.352185156584403
d:264:3.788629552303746e-07,1.176093172727974,1.176092485618572,2.3521852794835905
d:265:4.7320823082230845e-07,1.1760932093409804,1.1760924052933126,2.3521851414260624
d:266:6.206648155426819e-07,1.176093223590386,1.1760924419060477,2.352185044831618
d:267:8.613590409822791e-07,1.176093237839776,1.176092478518777,2.352184854999512
d:268:7.018657424140429e-07,1.17609325208915,1.1760925151315007,2.3521850653549086
d:269:4.2173708569848145e-07,1.176093288702197,1.1760924348061796,2.352185301771291
d:270:4.22185994608526e-07,1.1760933253152388,1.176092471418904,2.3521853745481485
d:271:7.490533446841141e-07,1.176093339564628,1.176092508031623,2.3521850985429062
d:272:6.901881861587356e-07,1.1760933761776795,1.1760924277062337,2.352185113695727
d:273:8.26140937881803e-07,1.1760933904270683,1.1760924643189532,2.3521850286050836
d:274:1.0303199786676487e-06,1.1760934270401298,1.176092500931667,2.352184897651818
d:275:6.398152603281915e-07,1.1760933467165275,1.17609242060621,2.352185127507477
d:276:6.523554532122944e-07,1.1760933833295892,1.1760923402806738,2.3521850712548096
d:277:6.839465278574153e-07,1.1760934199426456,1.1760922599550583,2.352184995951176
d:278:4.3333617183449746e-07,1.1760933396189754,1.176092296567784,2.352185202850588
d:279:5.230475199624607e-07,1.176093259295226,1.1760923331805042,2.3521850694282103
d:280:5.378784595500008e-07,1.1760932959082884,1.176092369793219,2.352185127823048
d:281:3.585931427352307e-07,1.1760932155844652,1.1760923840436366,2.352185241034959
d:282:7.148938609979893e-07,1.176093252197528,1.1760924206563612,2.3521849579600285
d:283:4.70352369941196e-07,1.1760931718736316,1.1760924349067785,2.3521851364280404
d:284:7.569360511716638e-07,1.1760932084866946,1.1760924491571796,2.352184900707823
d:285:7.911893917800228e-07,1.1760931281627247,1.1760924857699295,2.3521848227432627
d:286:7.596806406162671e-07,1.1760930478386749,1.1760925000203306,2.352184788178365
d:287:8.706641119182734e-07,1.176093084451744,1.1760925366330905,2.3521847504207227
d:288:5.164440812777116e-07,1.176093121064808,1.1760925732458452,2.3521851778665717
d:289:8.042269681318714e-07,1.1760931353143291,1.1760925874962613,2.3521849185836223
d:290:5.14185491962138e-07,1.1760931495638345,1.1760926017466615,2.352185237125004
d:291:4.136973896784468e-07,1.176093186176924,1.1760926383594414,2.3521854108389757
d:292:1.2313289956544793e-06,1.1760932227900076,1.1760926526098412,2.3521846440708534
d:293:4.5830463202278793e-07,1.1760932370395278,1.176092689222631,2.352185467957527
d:294:2.726154577636919e-07,1.1760932512890327,1.1760927034730309,2.352185682146606
d:295:4.774019761732973e-07,1.1760932655385217,1.1760927400858305,2.352185528222376
d:296:5.862141243540009e-07,1.1760932797879953,1.1760927766986249,2.352185470272496
d:297:6.46291752115502e-07,1.1760932940374527,1.1760927909490395,2.35218543869474
d:298:1.0476599503483897e-06,1.176093330650608,1.1760928051994388,2.3521850881900965
d:299:5.780172194214117e-07,1.1760933672637577,1.1760928194498221,2.3521856086963604
d:300:8.706668288560593e-07,1.1760933815132304,1.1760927391242302,2.3521852499706317
d:301:7.121907827922769e-07,1.1760933957626876,1.1760927757370707,2.3521854593089753
d:302:4.101056951810733e-07,1.176093410012129,1.176092812349906,2.35218581225634
d:303:4.4898755113820243e-07,1.1760934242615546,1.1760927320242462,2.3521857072982497
d:304:5.781551908334848e-07,1.1760934608747602,1.1760927686370817,2.3521856513566513
d:305:6.077621934608146e-07,1.1760934974879604,1.1760926883113483,2.3521855780371155
d:306:3.332930411659163e-07,1.1760933358330647,1.1760927249241842,2.3521857274642075
d:307:2.787017816530124e-07,1.1760933500825006,1.1760927615370147,2.3521858329177334
d:308:3.2145999107058287e-07,1.1760933866957084,1.1760926812112136,2.352185746446931
d:309:3.827689751823016e-07,1.1760934233089109,1.1760927178240443,2.35218575836398
d:310:4.166939984173723e-07,1.1760934375583618,1.1760927544368698,2.3521857753012334
d:311:2.5812472381758766e-07,1.176093474171574,1.1760926741110007,2.352185890157851
d:312:4.947393241749865e-07,1.176093488421025,1.1760925937850524,2.352185587466753
d:313:4.069442827159264e-07,1.17609350267046,1.176092630397884,2.3521857261240613
d:314:7.100174213015009e-07,1.1760935169198794,1.1760926670107101,2.3521854739131682
d:315:4.007090304014582e-07,1.1760935311692833,1.176092586684694,2.352185717144947
d:316:5.323638312404455e-07,1.1760935677825515,1.1760925063585985,2.3521855417773185
d:317:6.005635424521927e-07,1.176093582031955,1.1760924260324235,2.3521854075008357
d:318:6.799236591525926e-07,1.1760935962813426,1.1760923457061692,2.3521852620638524
d:319:6.485201944350649e-07,1.1760936328946363,1.1760922653798356,2.3521852497542777
d:320:8.239272379917395e-07,1.1760936471440235,1.1760923019926852,2.3521851252094708
d:321:5.499712742995655e-07,1.1760936613933954,1.1760923162432455,2.3521854276653666
d:322:1.2926226977683086e-06,1.1760936756427514,1.1760923528561054,2.352184735876159
d:323:1.074326787975366e-06,1.1760936898920917,1.1760923671066654,2.3521849826719694
d:324:5.816872441499754e-07,1.1760937041414163,1.176092403719535,2.3521855261737072
d:325:1.0689336433777896e-06,1.1760937407547813,1.1760924403323991,2.352185112153537
d:326:5.770656925641049e-07,1.176093777368141,1.176092454582974,2.3521856548854223
d:327:9.542939372053638e-07,1.1760937916174807,1.1760924688335337,2.352185306157077
d:328:6.887191479343358e-07,1.1760938058668045,1.1760925054464229,2.3521856225940794
d:329:4.3394169857435827e-07,1.176093820116113,1.1760925420593071,2.3521859282337214
d:330:3.109038928528207e-07,1.1760938567295132,1.1760925563098816,2.352186102135502
d:331:3.6680541670719435e-07,1.176093893342908,1.1760925705604406,2.3521860970979316
d:332:8.476881760977051e-07,1.1760939075922312,1.1760925848109836,2.3521856447150387
d:333:4.5016660266128383e-07,1.176093944205636,1.1760926214239085,2.352186115462942
d:334:4.1642087600379796e-07,1.176093958454959,1.1760926356744512,2.352186177708534
d:335:4.847934693685829e-07,1.1760939950683735,1.1760926499249782,2.3521861601998824
d:336:7.157421459957902e-07,1.1760940316817825,1.176092686537928,2.3521860024775645
d:337:5.433055929593422e-07,1.176093870026587,1.1760925248822687,2.3521858516032625
d:338:6.878568372670202e-07,1.176093708371205,1.1760923632264224,2.3521853837407902
d:339:6.512649521894787e-07,1.176093722620534,1.17609237747694,2.352185448832522
d:340:7.902402767712147e-07,1.176093736869847,1.1760923917274417,2.352185338357012
d:341:7.015758325401578e-07,1.1760937511191443,1.1760922300714,2.352185279614712
d:342:1.1247270843561807e-06,1.176093765368426,1.176092266684368,2.3521849073257095
d:343:4.822132990689454e-07,1.176093779617692,1.1760922809348648,2.352185578339258
d:344:3.4320840525126073e-07,1.1760937938669422,1.1760923175478426,2.3521857682063794
d:345:5.080775826726835e-07,1.176093808116177,1.1760923541608148,2.352185654199409
d:346:3.2862220278317977e-07,1.176093822365396,1.1760923684113267,2.35218586215452
d:347:6.281757460868675e-07,1.1760938366145992,1.1760924050243091,2.3521856134631625
d:348:4.2520253762390325e-07,1.1760938732281363,1.1760924416372862,2.3521858896628847
d:349:1.1424286543437745e-06,1.176093909841668,1.1760924782502575,2.352185245663271
d:350:3.251044762286881e-07,1.1760939240908863,1.1760924925007998,2.35218609148721
d:351:9.08370181296192e-07,1.1760939607044278,1.1760925067513266,2.3521855590855734
d:352:5.46862548134186e-07,1.1760939973179643,1.176092543364323,2.352185993819739
d:353:6.069182294510256e-07,1.1760940115671976,1.1760925576148493,2.3521859622638175
d:354:1.1515302227316226e-06,1.1760940258164154,1.1760925718653596,2.352185446151552
d:355:7.495657099454434e-07,1.1760940624299767,1.176092608478382,2.352185921342649
d:356:1.1701603037650443e-06,1.176094099043533,1.1760926227288921,2.3521855516121213
d:357:6.411879880374727e-07,1.1760941132927656,1.176092461072612,2.3521859331773896
d:358:1.4065437889954069e-06,1.1760941499063318,1.176092475323102,2.3521852186856447
d:359:1.148947648133003e-06,1.1760940695824655,1.1760924895735763,2.352185410208394
d:360:1.101112526935566e-06,1.1760939892585203,1.1760925261866364,2.3521854143326295
d:361:8.864029892308167e-07,1.1760939089344953,1.1760925627996912,2.3521855853311973
d:362:9.965644216514136e-07,1.1760939455480734,1.1760925994127402,2.3521855483963923
d:363:5.971008132377165e-07,1.1760939821616456,1.176092613663245,2.352185998724077
d:364:1.2381880822864844e-06,1.1760939018375534,1.1760926502763045,2.3521853139257756
d:365:9.080426139895792e-07,1.1760939384511262,1.1760926645268086,2.352185694935321
d:366:7.764729681447591e-07,1.17609385812696,1.1760926787772972,2.352185760431289
d:367:8.026603128818977e-07,1.1760937778027145,1.1760926930277702,2.3521856681701716
d:368:1.0708597839581557e-06,1.1760938144162936,1.1760927296408703,2.35218547319738
d:369:6.681763702331978e-07,1.176093851029867,1.1760927662539646,2.3521859491074615
d:370:1.0858445214090295e-06,1.1760938876434353,1.1760928028670539,2.352185604665968
d:371:8.857946225404589e-07,1.1760938073191278,1.176092817117557,2.3521857386420626
d:372:8.851829731426619e-07,1.176093726994741,1.1760928313680448,2.3521856731798128
d:373:6.144484969716757e-07,1.176093763608315,1.176092867981159,2.352186017140977
d:374:3.7793168283783984e-07,1.1760938002218841,1.1760927876549205,2.352186209945122
d:375:8.409310070511822e-07,1.1760938368354474,1.1760927073286027,2.3521857032330433
d:376:4.464768252887552e-07,1.1760937565109986,1.1760927439417233,2.3521860539758963
d:377:9.677023031784415e-07,1.176093793124562,1.1760926636153317,2.3521854890375904
d:378:8.074292456861087e-07,1.1760937128000397,1.1760925832888611,2.352185488659655
d:379:9.662817710420768e-07,1.176093632475438,1.1760926199019877,2.3521852860956547
d:380:8.716349597648332e-07,1.176093552150757,1.176092539575443,2.35218522009124
d:381:1.229014028769626e-06,1.1760934718259963,1.1760924592488193,2.352184702060787
d:382:8.774813213818788e-07,1.1760933915011564,1.176092495861952,2.3521850098817874
d:383:4.772599231372965e-07,1.1760934281147437,1.1760925324750795,2.3521854833299
d:384:4.794525225726431e-07,1.1760934647283257,1.1760924521483878,2.352185437424191
d:385:4.5112572122363304e-07,1.1760933844034178,1.1760924887615156,2.3521854220392124
d:386:5.273188485865887e-07,1.1760933040784307,1.1760924084347504,2.3521851851943327
d:387:9.486040135620044e-07,1.1760932237533641,1.1760924450478785,2.352184720197229
d:388:9.275501975380962e-07,1.176093260366958,1.1760923647210397,2.3521846975378002
d:389:7.509926294169134e-07,1.176093180041818,1.1760922843941213,2.3521847134433096
d:390:7.592987758542336e-07,1.176093216655412,1.1760923210072556,2.352184778363892
d:391:8.618614004696212e-07,1.176093253269001,1.176092240680264,2.3521846320878645
d:392:1.2427931479486176e-06,1.176093289882584,1.176092160353193,2.352184207442629
d:393:5.645037961521382e-07,1.1760932095573822,1.1760921969663332,2.3521848420199194
d:394:1.02485459185786e-06,1.176093223806928,1.1760922112169863,2.3521844101693223
d:395:4.4049356295872144e-07,1.176093238056458,1.1760922254676236,2.352185023030519
d:396:3.10368034384112e-07,1.1760932523059724,1.1760922620807892,2.352185204018727
d:397:5.491266725776711e-07,1.176093288919602,1.176092276331426,2.3521850161243556
d:398:4.756231839486702e-07,1.176093303169116,1.1760923129446015,2.352185140490534
d:399:5.293994029820226e-07,1.1760933397827558,1.1760923271952382,2.352185137578591
d:400:5.102222617736629e-07,1.1760933763963901,1.1760923638084235,2.3521852299825516
d:401:5.806112404194153e-07,1.1760932147404084,1.17609237805906,2.352185012188228
d:402:9.412407959707991e-07,1.176093228989933,1.1760923923096807,2.352184680058818
d:403:1.1804483572852575e-06,1.1760930673337602,1.1760924065602854,2.352184293445688
d:404:1.1573642724194144e-06,1.1760929056774012,1.1760924208108747,2.3521841691240035
d:405:5.477877103032824e-07,1.1760929199269006,1.1760924574241163,2.3521848295633063
d:406:7.720465866611903e-07,1.1760929341763844,1.1760924940373525,2.3521846561671502
d:407:6.096720275294842e-07,1.176092970790052,1.1760925306505832,2.3521848917686077
d:408:5.100950564163043e-07,1.1760929850395352,1.1760925449012025,2.3521850198456815
d:409:6.871217790305195e-07,1.1760930216532128,1.1760925591518068,2.3521848936832406
d:410:8.209948605397699e-07,1.1760930359026958,1.1760925957650625,2.352184810672898
d:411:8.250191370073878e-07,1.1760930725163834,1.1760926100156661,2.3521848575129125
d:412:9.572617227782132e-07,1.1760930867658659,1.1760925296886011,2.352184659192744
d:413:5.245007530518819e-07,1.1760931233795635,1.1760924493614568,2.3521850482402673
d:414:5.308328807629437e-07,1.176093137629046,1.1760924859747344,2.3521850927709
d:415:4.68155336275089e-07,1.1760931518785127,1.1760925225880063,2.3521852063111828
d:416:2.5140845183457827e-07,1.1760931661279637,1.176092559201273,2.352185473920785
d:417:2.2540914557112046e-07,1.176093180377399,1.1760924788740665,2.35218543384232
d:418:3.208395615850179e-07,1.1760932169911524,1.1760923985467806,2.3521852946983715
d:419:6.856494620954834e-07,1.1760932536049005,1.1760923182194154,2.3521848861748538
d:420:5.752155738392162e-07,1.1760930919482984,1.1760923548326938,2.3521848715654183
d:421:5.637058428931141e-07,1.1760929302915097,1.1760923914459671,2.352184758031634
d:422:4.4188523640187327e-07,1.1760929445409507,1.1760923111185342,2.3521848137742487
d:423:6.983875420196739e-07,1.1760929587903761,1.176092230791022,2.352184491193856
d:424:5.902671240676227e-07,1.1760929730397858,1.176092267404301,2.3521846501769628
d:425:5.58109338300028e-07,1.1760930096535696,1.1760921870767151,2.3521846386209466
d:426:4.024153485993054e-07,1.176093023902979,1.1760922013274238,2.352184822815054
d:427:2.8994661427361734e-07,1.1760930381523726,1.1760920396705083,2.3521847878762667
d:428:5.62967141792825e-07,1.1760930747661817,1.1760918780134064,2.352184389812446
d:429:2.185464214043975e-07,1.176093089015575,1.17609189226409,2.3521847627332435
d:430:5.151043112050502e-07,1.176093125629394,1.176091730606797,2.35218434113188
d:431:6.900287874422872e-07,1.176093139878787,1.1760917672201001,2.3521842170700995
d:432:4.3127681514931737e-07,1.1760931541281645,1.1760918038333978,2.352184526684747
d:433:3.228323008919176e-07,1.176093168377526,1.17609184044669,2.352184685991915
d:434:2.4251821084675385e-07,1.1760931826268721,1.1760918546973993,2.3521847948060604
d:435:3.200354621313295e-07,1.1760932192407472,1.1760918689480928,2.3521847681533776
d:436:2.990624294874067e-07,1.1760932558546169,1.1760918831987708,2.3521848399909584
d:437:7.948457971806988e-07,1.1760932924684808,1.1760919198121034,2.352184417434787
d:438:3.6869729624910974e-07,1.1760931308114446,1.1760919340627811,2.3521846961769293
d:439:4.6232452577399386e-07,1.1760930504862501,1.1760919706761241,2.3521845588378487
d:440:6.300836732364701e-07,1.176092970160976,1.1760918090186137,2.3521841490959163
d:441:5.903127520134888e-07,1.1760928898356224,1.1760918232692863,2.3521841227921567
d:442:8.170487189040898e-07,1.1760929264494961,1.1760918598826366,2.352183969283414
d:443:5.866942567323008e-07,1.1760929630633643,1.1760918741333088,2.3521842505024164
d:444:1.0976352440295045e-06,1.1760929996772271,1.176091910746669,2.352183812788652
d:445:8.673253510949053e-07,1.1760929193518117,1.1760919249973412,2.3521839770238016
d:446:8.851342316873456e-07,1.176092955965675,1.1760919392479974,2.3521840100794407
d:447:7.052569270804554e-07,1.1760929925795325,1.1760919758613826,2.352184263183988
d:448:4.944900156012011e-07,1.1760930291933849,1.1760919901120386,2.352184524815408
d:449:5.595143610648279e-07,1.1760930658072317,1.1760920043626788,2.3521845106555492
d:450:6.573927300301818e-07,1.176093102421073,1.1760920409760898,2.352184486004433
d:451:5.421630389079723e-07,1.1760930220956074,1.1760920552267295,2.352184535159298
d:452:5.974528485275243e-07,1.176092941770062,1.1760920918401505,2.3521844361573643
d:453:6.492222652809687e-07,1.1760929783839096,1.17609210609079,2.3521844352524344
d:454:8.131246524989422e-07,1.1760930149977515,1.176092120341414,2.352184322214513
d:455:9.56088233028396e-07,1.1760930516115884,1.176092134592022,2.3521842301153773
d:456:7.900277112504739e-07,1.1760930882254195,1.1760919729342667,2.352184271131975
d:457:3.8498621490745677e-07,1.1760930078998182,1.1760918112763246,2.352184434189928
d:458:7.495221034936606e-07,1.1760929275741376,1.1760918255269077,2.352184003578942
d:459:1.1755618438691329e-06,1.1760929641879747,1.1760918397774753,2.352183628403606
d:460:1.1922936513641957e-06,1.1760930008018067,1.1760916781193376,2.352183486627493
d:461:1.1105582973236494e-06,1.1760929204760582,1.1760917147328225,2.352183524650583
d:462:1.4116266902064467e-06,1.1760928401502304,1.176091728983385,2.352183157506925
d:463:9.359983468293365e-07,1.1760928767640684,1.17609176559688,2.3521837063626014
d:464:1.088073803057199e-06,1.176092913377901,1.176091802210369,2.3521836275144667
d:465:1.5986307189130855e-06,1.176092949991728,1.1760918164609466,2.352183167821956
d:466:1.0120694495796556e-06,1.1760928696658381,1.1760918307115087,2.352183688307897
d:467:8.918493867859922e-07,1.1760929062796657,1.1760918673250231,2.3521838817553022
d:468:8.415878958167866e-07,1.1760928259537022,1.1760918815755845,2.352183865941391
d:469:5.58319434684762e-07,1.1760927456276593,1.1760918958261306,2.3521840831343552
d:470:6.850841374195227e-07,1.176092782241493,1.1760919324396704,2.352184029597026
d:471:1.4786901867402946e-06,1.1760928188553212,1.176091969053205,2.3521833092183395
d:472:9.582200917179762e-07,1.1760927385292108,1.1760920056667339,2.352183785975853
d:473:1.3171299975134332e-06,1.176092658203021,1.1760920199173102,2.3521833609903333
d:474:1.0790920677017368e-06,1.1760926948168553,1.176092034167871,2.3521836498926585
d:475:7.655898248692949e-07,1.1760927314306842,1.1760920484184159,2.3521840142592754
d:476:8.633313495209904e-07,1.1760927680445075,1.176092062668945,2.352183967382103
d:477:1.0076549874504792e-06,1.1760926877182556,1.1760920992825301,2.3521837793457983
d:478:9.11334715691936e-07,1.1760926073919242,1.1760921358961096,2.3521838319533184
d:479:1.0602875772924847e-06,1.1760926440057538,1.1760921501466537,2.35218373386483
d:480:5.145384291971311e-07,1.1760925636793491,1.1760921867602434,2.3521842359011633
d:481:4.769726626996373e-07,1.176092483352865,1.1760922233738276,2.35218422975403
d:482:5.574559618359842e-07,1.176092403026301,1.176092237624387,2.352184083194726
d:483:4.0350751051576594e-07,1.176092322699658,1.176092274237981,2.3521841934301286
d:484:5.442058714777431e-07,1.1760922423729356,1.17609228848854,2.3521839866556045
d:485:6.504647682703535e-07,1.1760921620461338,1.176092325102144,2.3521838366835093
d:486:4.92476989411017e-07,1.1760920817192524,1.1760923617157424,2.3521839509580054
d:487:5.345807334578012e-07,1.1760921183331172,1.1760923759663167,2.3521839597187
d:488:4.6708343592882784e-07,1.1760920380061626,1.1760924125799248,2.3521839835026515
d:489:4.053700379813563e-07,1.1760920746200276,1.1760924268304986,2.3521840960804883
d:490:7.679599098864287e-07,1.1760921112338873,1.176092463444117,2.3521838067180942
d:491:3.204451042293499e-07,1.1760921254837629,1.1760924776946902,2.352184282733349
d:492:3.9440128229983884e-07,1.1760921397336226,1.1760925143083185,2.3521842596406586
d:493:1.6059325780304334e-07,1.1760921539834666,1.1760925509219413,2.3521845443121503
d:494:2.679903445823584e-07,1.176092190597367,1.1760925875355586,2.352184510142581
d:495:3.936512706914641e-07,1.176092227211262,1.1760926017861626,2.352184435346154
d:496:8.040567927025677e-07,1.1760922638251512,1.1760924401277175,2.352183899896076
d:497:6.601863686839238e-07,1.176092102167486,1.1760922784690861,2.3521837204502036
d:498:5.452377092041161e-07,1.1760921164173557,1.1760921168102683,2.352183687989915
d:499:6.548923048299571e-07,1.1760921306672099,1.1760921310608423,2.352183606835747
d:500:6.196747222020349e-07,1.1760919690093485,1.1760919694018332,2.3521833187364596
d:501:4.051706814500733e-07,1.1760919832591823,1.1760918077426377,2.3521833858311383
d:502:3.6775261902377565e-07,1.1760920198731077,1.1760916460832558,2.3521832982037445
d:503:7.540131061745114e-07,1.176092034122941,1.1760916603338,2.352182940443635
d:504:4.987197099737273e-07,1.1760920483727588,1.1760916969474438,2.3521832466004926
d:505:6.036179800439356e-07,1.1760920626225608,1.1760917111979878,2.3521831702025686
d:506:5.857677396470251e-07,1.1760920992365267,1.1760917478116413,2.352183261280428
d:507:1.9255773464621484e-07,1.1760921358504874,1.1760917620621851,2.3521837053549377
d:508:4.111453799637843e-07,1.1760921724644424,1.1760917763127132,2.3521835376317757
d:509:2.8769355475688485e-07,1.176092209078392,1.1760917905632258,2.352183711948063
d:510:5.087146122129127e-07,1.1760922456923362,1.1760918048137223,2.352183541791446
d:511:2.6569442601598325e-07,1.176092282306275,1.1760918414274317,2.3521838580392807
d:512:2.701441563779383e-07,1.1760922965561535,1.176091855677928,2.3521838820899252
d:513:3.2791493298489627e-07,1.1760923108060164,1.1760917753504123,2.352183758241496
d:514:4.166223748214293e-07,1.1760923250558637,1.1760918119641375,2.352183720397626
d:515:3.822168213041266e-07,1.1760923393056952,1.1760917316365482,2.352183688725422
d:516:6.182074643312774e-07,1.17609237591969,1.1760916513088797,2.3521834090211056
d:517:3.638471532951826e-07,1.1760924125336791,1.1760915709811315,2.3521836196676573
d:518:8.443738104269016e-07,1.1760924491476632,1.1760916075948686,2.3521832123687214
d:519:7.52654603086711e-07,1.176092463397525,1.1760916442086005,2.352183354951522
d:520:1.0210552261469275e-06,1.1760924776473713,1.1760916808223265,2.352183137414472
d:521:8.720937874073798e-07,1.1760924918972018,1.1760916004945166,2.352183220297931
d:522:7.466486491303215e-07,1.1760925061470169,1.1760916371082428,2.3521833966066104
d:523:8.302743172983185e-07,1.1760925427610567,1.1760915567803594,2.352183269267099
d:524:4.892385043753222e-07,1.1760925793750912,1.1760914764523964,2.3521835665889834
d:525:5.804281433263725e-07,1.1760925936249211,1.176091513066129,2.3521835262629067
d:526:7.845176077658778e-07,1.1760926078747351,1.1760914327380922,2.3521832560952194
d:527:7.517789302191602e-07,1.176092644488795,1.1760914693518254,2.35218336206169
d:528:9.167477110771927e-07,1.1760926587386091,1.1760913890237152,2.352183131014613
d:529:8.204749670781553e-07,1.1760924970804596,1.1760914256374488,2.3521831022429414
d:530:5.105122737880663e-07,1.1760923354221238,1.1760914622511767,2.3521832871610266
d:531:4.1456114008298073e-07,1.1760923720361887,1.1760914988648994,2.352183456339948
d:532:1.1429868012058364e-06,1.176092386285993,1.1760914185367273,2.3521826618359194
d:533:8.731942373607637e-07,1.1760924005357816,1.176091432787397,2.3521829601289412
d:534:1.477039390795909e-06,1.1760924147855545,1.1760914694011353,2.352182407147299
d:535:1.302845701101063e-06,1.17609245139966,1.1760915060148682,2.352182654568827
d:536:1.1945829765380722e-06,1.1760924656494325,1.1760915426285956,2.3521828136950518
d:537:8.927564905114593e-07,1.1760924798991894,1.1760915792423174,2.3521831663850166
d:538:1.6518648116026213e-06,1.1760925165133203,1.1760915934930334,2.352182458141542
d:539:1.216092124334267e-06,1.1760925307630767,1.176091630106765,2.3521829447777174
d:540:8.745945114796427e-07,1.1760925673772173,1.1760916667204915,2.352183359503197
d:541:9.338610675868608e-07,1.1760926039913526,1.1760917033342124,2.3521833734644977
d:542:9.124978870289624e-07,1.1760926406054824,1.1760917175849586,2.352183445692554
d:543:5.955485562481044e-07,1.1760926772196068,1.1760917541986893,2.35218383586974
d:544:1.4109654831173657e-06,1.1760927138337256,1.1760917908124147,2.352183093680657
d:545:1.282756294074261e-06,1.1760927280835434,1.176091805063176,2.352183250390425
d:546:1.518669227706937e-06,1.176092566424969,1.1760918416769113,2.352182889432653
d:547:1.497661749283452e-06,1.1760925806747664,1.176091878290641,2.352182961303658
d:548:1.1891885742798536e-06,1.176092594924548,1.1760919149043656,2.3521833206403393
d:549:8.42106337106685e-07,1.1760926315387052,1.1760919515180845,2.3521837409504527
d:550:5.156806612838238e-07,1.1760926457884866,1.1760919657688917,2.352184095876717
d:551:9.076553664222331e-07,1.1760926600382522,1.176091980019683,2.3521837324025685
d:552:6.818526938623393e-07,1.1760926966524348,1.1760919942704586,2.3521840090701995
d:553:7.130283399270354e-07,1.1760927109022001,1.1760920308842182,2.3521840287580784
d:554:4.996809042090433e-07,1.1760927251519495,1.1760920451349934,2.3521842706060387
d:555:7.775070827165109e-07,1.1760927617661574,1.1760920593857531,2.3521840436448276
d:556:8.500221597707025e-07,1.1760927983803597,1.176092073636497,2.352184021994697
d:557:6.939489578527969e-07,1.1760928126301242,1.1760920878872252,2.3521842065683916
d:558:6.461329356000078e-07,1.1760928268798734,1.176092124501041,2.3521843052479787
d:559:8.930030688247825e-07,1.1760928411296068,1.1760921611148512,2.352184109241389
d:560:3.5220198979502015e-07,1.1760928553793244,1.1760921753655944,2.3521846785429292
d:561:3.7050098544710863e-07,1.1760928919935827,1.176092189616322,2.352184711108919
d:562:4.906948802840816e-07,1.1760929286078357,1.1760922262301579,2.3521846641431132
d:563:6.020811524898306e-07,1.1760927669490135,1.1760922628439878,2.352184427711849
d:564:2.682193236402952e-07,1.1760927811987416,1.1760922770947304,2.352184790074148
d:565:3.177832952339088e-07,1.176092795448454,1.1760923137085704,2.352184791373729
d:566:6.073697633723896e-07,1.1760928096981504,1.1760923279593127,2.3521845302877
d:567:6.277779167618291e-07,1.1760928239478314,1.1760923422100396,2.3521845383799542
d:568:8.31183260885382e-07,1.1760928381974969,1.1760923564607502,2.3521843634749864
d:569:6.608740590330342e-07,1.1760928524471461,1.1760923707114455,2.3521845622845325
d:570:8.945341849475597e-07,1.1760928890614837,1.1760923849621252,2.3521843794894237
d:571:8.551260681777251e-07,1.1760929033111327,1.1760922233022153,2.3521842714872796
d:572:9.216414404988882e-07,1.17609293992548,1.1760922375528744,2.3521842558369137
d:573:9.824629501054005e-07,1.1760929765398216,1.1760920758927735,2.352184069969645
d:574:6.103199527984771e-07,1.176093013154158,1.1760919142324862,2.3521843170666914
d:575:8.79206545789657e-07,1.1760930497684887,1.176091752572012,2.352183923133955
d:576:6.14013565325422e-07,1.176093064018184,1.1760917891859293,2.3521842391905476
d:577:1.0025380148270813e-06,1.1760930782678631,1.1760918034365744,2.352183879166423
d:578:1.0827511793820577e-06,1.1760931148822191,1.1760918176872035,2.3521838498182435
d:579:1.4686130551666565e-06,1.1760931514965698,1.1760918319378169,2.3521835148213315
d:580:1.3078326857041134e-06,1.1760931881109151,1.1760918461884147,2.3521837264666443
d:581:1.067342421112727e-06,1.1760932023606248,1.1760918604389967,2.3521839954572004
d:582:8.686468220275856e-07,1.176093216610319,1.1760918970529852,2.352184245016482
d:583:5.293692466601385e-07,1.1760932532246895,1.1760919113035673,2.35218463515901
d:584:8.606581722858664e-07,1.1760932898390546,1.1760919479175655,2.352184377098448
d:585:5.637755560172764e-07,1.1760933264534141,1.1760919845315585,2.3521847472094164
d:586:8.912702988972399e-07,1.1760933407031386,1.1760919987821554,2.352184448214995
d:587:9.943314460691965e-07,1.1760933773175082,1.1760920353961584,2.3521844183822203
d:588:5.659316668626957e-07,1.1760933915672322,1.1760920720101558,2.352184897645721
d:589:5.987925177919351e-07,1.1760934281816118,1.1760921086241476,2.3521849380132416
d:590:9.11802053416011e-07,1.1760934424313356,1.1760921452381343,2.3521846758674165
d:591:1.6755233973597683e-06,1.1760934790457251,1.1760920649100783,2.352183868432406
d:592:1.0947688711127057e-06,1.1760934932954485,1.176091984581943,2.3521843831085203
d:593:6.829698300236942e-07,1.1760935299098478,1.1760920211959356,2.3521848681359536
d:594:8.69199800135334e-07,1.1760935665242416,1.1760920578099228,2.352184755134364
d:595:7.121261758058495e-07,1.1760935807739803,1.1760919774817198,2.352184846129524
d:596:8.422923043482911e-07,1.1760936173883842,1.1760920140957072,2.352184789191787
d:597:5.853105671249637e-07,1.1760936540027824,1.1760919337674307,2.3521850024596462
d:598:1.1986822174847589e-06,1.1760936906171753,1.1760919703814185,2.3521844623163766
d:599:7.537109398825237e-07,1.1760937048669442,1.176092006995401,2.3521849581514056
d:600:4.813545477766468e-07,1.1760935432078103,1.1760919266670564,2.3521849885203188
d:601:9.370674169950632e-07,1.176093557457559,1.1760919632810394,2.3521845836711814
d:602:6.223358819390512e-07,1.176093571707292,1.1760919775317922,2.352184926903202
d:603:6.928300106956442e-07,1.1760935859570092,1.1760918158709892,2.3521847089979877
d:604:4.5071325338597035e-07,1.1760936002067108,1.1760918524849795,2.352185001978437
d:605:7.690038850149961e-07,1.176093614456397,1.1760918890989647,2.3521847345514764
d:606:9.462811134675064e-07,1.176093651070874,1.1760919257129439,2.352184630502704
d:607:6.518098780716741e-07,1.1760936653205596,1.1760919623269177,2.3521849758375994
d:608:5.863856982202265e-07,1.1760937019350468,1.1760919989408865,2.352185114490235
d:609:8.527922341627914e-07,1.1760937385495285,1.1760920355548496,2.352184921312144
d:610:1.0562703161021147e-06,1.1760937751640046,1.1760920721688073,2.352184791062496
d:611:9.388686454947504e-07,1.1760937894137207,1.1760920864196471,2.3521849369647225
d:612:5.208555671210036e-07,1.176093826028207,1.1760921006704712,2.352185405843111
d:613:8.774208573036901e-07,1.1760938402779226,1.1760921372844544,2.35218510014152
d:614:8.19723227518665e-07,1.1760938768924187,1.1760921515352782,2.3521852087044697
d:615:1.2798129733759822e-06,1.1760939135069093,1.1760921657860863,2.3521847994800225
d:616:9.425383136196785e-07,1.1760937518475345,1.1760921800368789,2.3521849893461
d:617:4.86668752852637e-07,1.1760935901879732,1.1760922166509025,2.352185320170123
d:618:4.121223926567552e-07,1.1760936044376946,1.1760922532649207,2.3521854455802225
d:619:8.714712751434206e-07,1.1760936186874003,1.1760922675157282,2.352185014731853
d:620:6.062966715347784e-07,1.1760935383608018,1.17609228176652,2.3521852138306505
d:621:8.165929341608091e-07,1.1760935749753187,1.176092201438174,2.352184959820559
d:622:6.943474271103867e-07,1.1760936115898302,1.1760922380522234,2.3521851552946265
d:623:9.676158829741155e-07,1.1760935312631637,1.176092157723804,2.3521847213710845
d:624:4.904473196454262e-07,1.1760934509364178,1.176092077395305,2.352185037884403
d:625:6.596983732620743e-07,1.1760934875509355,1.1760919970667267,2.3521848249192887
d:626:5.166759953212363e-07,1.176093407224116,1.1760919167380692,2.35218480728619
d:627:7.194075983818493e-07,1.1760934438386341,1.176091836409332,2.3521845608403678
d:628:5.601517463205141e-07,1.176093363511741,1.176091873023405,2.3521846763833993
d:629:3.4734638454381184e-07,1.1760932831847688,1.1760919096374722,2.3521848454758567
d:630:6.70103059263738e-07,1.1760933197992927,1.1760919462515342,2.352184595947768
d:631:4.343185517896586e-07,1.1760933564138114,1.176091865922735,2.3521847880179947
d:632:3.854449501794477e-07,1.1760933930283246,1.1760919025367973,2.352184910120172
d:633:8.378732863079108e-07,1.1760933127012902,1.176091939150854,2.3521844139788577
d:634:8.577261745301712e-07,1.176093349315804,1.1760919757649055,2.352184467354535
d:635:7.452867034629662e-07,1.176093268988696,1.1760920123789516,2.3521845360809444
d:636:3.870442828457499e-07,1.1760933056032097,1.1760920489929922,2.352184967551919
d:637:1.1459013480319413e-06,1.1760932252760286,1.1760919686641427,2.352184048038823
d:638:5.880493123555652e-07,1.1760931449487677,1.1760920052781836,2.352184562177639
d:639:9.471316824161136e-07,1.1760931815632876,1.1760920418922192,2.3521842763238245
d:640:1.1052290700419576e-06,1.176093101235953,1.1760920785062488,2.352184074513132
d:641:9.570289729587955e-07,1.1760931378504735,1.1760919981773377,2.3521841789988382
d:642:7.417102407814014e-07,1.1760930575230657,1.1760919178483469,2.3521842336611716
d:643:8.963081423729591e-07,1.176092977195578,1.176091954462383,2.3521840353498185
d:644:1.0880946446079065e-06,1.176092896868011,1.1760919910764136,2.3521837998497803
d:645:1.0725417887158528e-06,1.176092816540365,1.176091910747355,2.3521836547459314
d:646:9.073517706070788e-07,1.1760927362126394,1.1760919473613858,2.3521837762222546
d:647:1.2263740925000377e-06,1.1760926558848344,1.1760918670322538,2.3521832965429956
d:648:1.0165722028609991e-06,1.1760926924993842,1.1760919036462851,2.3521835795734662
d:649:9.766708766179022e-07,1.1760927291139285,1.1760918233170794,2.3521835757601313
d:650:1.5028552327045475e-06,1.1760927657284674,1.1760917429877946,2.3521830058610296
d:651:6.807640628991862e-07,1.1760926854006006,1.17609166265843,2.352183667294968
d:652:1.0217352048869088e-06,1.1760926050726541,1.1760915823289861,2.3521831656664354
d:653:7.585118910746758e-07,1.176092641687199,1.1760915019994629,2.352183385174771
d:654:5.438542083346931e-07,1.1760925613591793,1.1760915386135176,2.3521835561184887
d:655:3.943107276249691e-07,1.17609248103108,1.1760914582839208,2.3521835450042734
d:656:5.043631210455146e-07,1.1760925176456312,1.1760913779542446,2.3521833912367547
d:657:3.8687277958970867e-07,1.1760924373174584,1.1760913922053498,2.3521834426500283
d:658:4.7056078988916283e-07,1.17609247393201,1.176091428819426,2.352183432190646
d:659:3.3308304336898686e-07,1.1760923936037635,1.1760914430705307,2.352183503591251
d:660:2.3436452867287016e-07,1.1760924302183153,1.1760914573216195,2.3521836531754063
d:661:5.409613899054477e-07,1.1760924668328618,1.1760914715726924,2.3521833974441644
d:662:5.602410864113949e-07,1.1760923865045476,1.1760915081868095,2.3521833344502707
d:663:6.257395708253455e-07,1.1760923061761537,1.1760915224378825,2.3521832028744654
d:664:4.0924055833002626e-07,1.1760923427907066,1.1760915590520096,2.352183492602158
d:665:4.270642390835633e-07,1.1760923794052538,1.1760915956661313,2.352183548007146
d:666:3.4449904218192273e-07,1.1760922990767924,1.1760916099172192,2.3521835644949696
d:667:6.662194445006264e-07,1.1760923133268975,1.1760916465313507,2.3521832936388036
d:668:4.050963289259357e-07,1.176092327576987,1.1760916607824385,2.3521835832630966
d:669:3.3888220629663124e-07,1.1760923418270606,1.1760916750335104,2.3521836779783647
d:670:2.8606744217896107e-07,1.1760923560771186,1.1760917116476672,2.352183781657344
d:671:3.2278441786104395e-07,1.176092370327161,1.176091725898739,2.352183773441482
d:672:5.802731668502759e-07,1.1760924069417853,1.1760917625129057,2.352183589181524
d:673:3.8568859261900457e-07,1.1760924211918273,1.176091799127067,2.3521838346303015
d:674:6.25967300660335e-07,1.1760924354418536,1.1760918357412227,2.3521836452157756
d:675:6.047871545789008e-07,1.1760924496918643,1.176091872355373,2.3521837172600826
d:676:8.306593435314369e-07,1.1760924639418593,1.176091908969518,2.352183542252034
d:677:1.2861535778618816e-06,1.1760925005565397,1.1760918286398583,2.35218304304282
d:678:1.5610766506135576e-06,1.1760925371712148,1.176091748310119,2.3521827244046833
d:679:1.1299491329275213e-06,1.1760925514212248,1.17609178492427,2.352183206396362
d:680:1.822641393367519e-06,1.1760925656712191,1.1760917045944572,2.352182447624283
d:681:1.5726918740632811e-06,1.1760925799211976,1.1760916242645651,2.3521826314938887
d:682:1.2419621477910425e-06,1.1760926165359136,1.1760916608787224,2.352183035452488
d:683:1.9223075242713605e-06,1.1760926307858917,1.1760915805487566,2.352182289027124
d:684:1.6620045641957404e-06,1.1760926450358544,1.1760915002187113,2.352182483250002
d:685:1.7630735280604881e-06,1.1760926592858012,1.1760914198885868,2.35218231610086
d:686:1.6662340955875266e-06,1.1760926735357324,1.1760913395583825,2.3521823468600194
d:687:1.7612440359471293e-06,1.1760926877856481,1.1760913761725578,2.35218230271417
d:688:1.6073589130805033e-06,1.1760927020355478,1.1760912958422802,2.352182390518915
d:689:1.5419356467205603e-06,1.176092716285432,1.176091215511923,2.3521823898617082
d:690:2.1950325987951658e-06,1.17609275290025,1.1760912521261042,2.3521818099937555
d:691:1.2531698336815111e-06,1.1760927895150624,1.1760911717956737,2.3521827081409024
d:692:1.0939437702361943e-06,1.1760928037649616,1.1760912084098551,2.3521829182310467
d:693:9.833508833878568e-07,1.176092818014845,1.1760912450240313,2.3521830796879932
d:694:1.0508432723987937e-06,1.1760928546296827,1.176091281638202,2.3521830854246124
d:695:8.292119701991396e-07,1.1760928688795662,1.1760913182523671,2.352183357919963
d:696:1.0761469533271395e-06,1.1760929054944138,1.1760912379218804,2.352183067269341
d:697:8.79721551605428e-07,1.1760929421092559,1.1760911575913144,2.3521832199790187
d:698:1.1887366775376051e-06,1.176092956359154,1.1760911942054857,2.352182961827962
d:699:8.49287768556195e-07,1.1760927946988464,1.1760912308196518,2.3521831762307297
d:700:1.0334682527535222e-06,1.1760928089487244,1.176091150489018,2.3521829259694895
d:701:6.769329869982244e-07,1.1760928231985865,1.176091187103184,2.3521833333687834
d:702:8.098023123181974e-07,1.1760928374484332,1.176091223717345,2.352183251363466
d:703:5.952721187085785e-07,1.176092874063329,1.1760911433866432,2.3521834221778537
d:704:6.894817214941895e-07,1.1760928883131752,1.1760911800008043,2.352183378832258
d:705:8.200295389393375e-07,1.176092924928081,1.1760910996700291,2.352183204568571
d:706:8.897852126210637e-07,1.1760929615429812,1.1760910193391743,2.3521830910969426
d:707:9.434133780850118e-07,1.1760929757928422,1.1760909390082401,2.352182971387704
d:708:9.398438187702141e-07,1.176092990042688,1.1760909756224136,2.352183025821283
d:709:9.89488812663808e-07,1.176093004292518,1.1760908952914058,2.3521829100951113
d:710:9.891655032845392e-07,1.176093018542332,1.1760909319055795,2.3521829612824083
d:711:4.861918658782827e-07,1.1760930327921304,1.1760909685197474,2.352183515120012
d:712:5.013517183627414e-07,1.1760930470419133,1.176090888188672,2.352183433878867
d:713:9.132138143463919e-07,1.1760930836569006,1.1760908078575172,2.3521829783006036
d:714:6.755549284420681e-07,1.176093120271882,1.1760907275262829,2.3521831722432367
d:715:3.679695925740134e-07,1.1760931345216799,1.1760906471949693,2.3521834137470563
d:716:7.686820793217919e-07,1.1760931711366713,1.1760906838091552,2.352183086263747
d:717:1.3048971228002415e-06,1.1760930094761113,1.1760907204233355,2.352182425002324
d:718:7.19287783557121e-07,1.1760930237259042,1.1760906400919542,2.352182944530075
d:719:5.347290192858623e-07,1.1760928620651532,1.176090676706135,2.352183004042269
d:720:1.1169730593785232e-06,1.1760928763149257,1.17609071332031,2.3521824726621765
d:721:7.347493458098597e-07,1.1760929129299373,1.1760906329888607,2.3521828111694525
d:722:7.140410196448954e-07,1.1760929271797096,1.1760905526573322,2.352182765796022
d:723:4.5592454211984546e-07,1.1760929637947315,1.1760904723257242,2.3521829801959133
d:724:4.3396948390395096e-07,1.176093000409748,1.1760903919940369,2.3521829584343013
d:725:5.653435621866265e-07,1.1760930146595354,1.17609031166227,2.352182760978243
d:726:3.314114724872752e-07,1.1760930289093068,1.1760903482764689,2.352183045774303
d:727:5.212379381447363e-07,1.1760930431590628,1.1760902679446286,2.3521827898657532
d:728:2.2107483843569753e-07,1.1760930574088029,1.1760901876127088,2.3521830239466732
d:729:2.709479574036777e-07,1.1760930940238752,1.1760902242269138,2.3521830473028316
d:730:3.6045092333125694e-07,1.1760931082736152,1.1760901438949205,2.3521828917176126
d:731:4.469582002286643e-07,1.1760931448886978,1.1760901805091257,2.3521828784396233
d:732:9.091153470031088e-07,1.1760931815037745,1.1760902171233256,2.3521824895117533
d:733:8.909219642028177e-07,1.1760932181188462,1.1760901367912646,2.3521824639881466
d:734:7.491622135979981e-07,1.1760932323686162,1.17608997512931,2.3521824583357125
d:735:9.427660878635891e-07,1.1760932689836976,1.1760898134671685,2.352182139684778
d:736:1.2350607163646998e-06,1.1760933055987737,1.176089827718778,2.3521818982568354
d:737:7.238082586624728e-07,1.176093319848559,1.1760898419703716,2.352182438010672
d:738:5.537257368182225e-07,1.176093356463645,1.1760898785845977,2.352182681322506
d:739:9.089183374832999e-07,1.17609337071343,1.1760899151988184,2.352182376993911
d:740:6.413081377054652e-07,1.1760933849631994,1.1760899294504272,2.352182673105489
d:741:6.241982677401836e-07,1.1760934215783108,1.1760899437020205,2.3521827410820637
d:742:5.285818636124873e-07,1.1760934358280797,1.1760899803162665,2.3521828875624826
d:743:5.591075442623605e-07,1.1760934724432006,1.1760900169305069,2.352182930266163
d:744:6.579889682001294e-07,1.1760934866929693,1.1760900311821152,2.352182859886116
d:745:3.0881059753795626e-07,1.1760935009427225,1.1760900677963657,2.3521832599284904
d:746:6.887575398906165e-07,1.1760935151924596,1.1760899061340024,2.352182732568922
d:747:6.77379202063122e-07,1.1760935518076214,1.1760899203856054,2.352182794814025
d:748:1.149764645269613e-06,1.1760935660573586,1.176089934637193,2.3521823509299065
d:749:1.0367037677205815e-06,1.1760934043963145,1.1760899488887648,2.352182316581312
d:750:7.519658558052811e-07,1.176093242735084,1.176089963140321,2.352182453909549
d:751:7.066798866084412e-07,1.1760930810736672,1.1760899773918614,2.352182351785642
d:752:1.0008879658407466e-06,1.176092919412064,1.1760898157292883,2.3521817342533864
d:753:9.180688969046003e-07,1.176092956027226,1.1760898299808082,2.3521818679391373
d:754:7.358319069616925e-07,1.1760929926423827,1.1760898442323124,2.352182101042788
d:755:8.801521040879834e-07,1.1760930292575336,1.1760898808466602,2.3521820299520897
d:756:1.2195085314914422e-06,1.1760930658726794,1.1760898950981642,2.352181741462312
d:757:1.3149477555707278e-06,1.1760929855444056,1.1760899093496526,2.352181579946303
d:758:1.195037284240641e-06,1.1760930221595516,1.1760899459640257,2.352181773086293
d:759:1.2495912833365708e-06,1.1760930587746923,1.176089960215514,2.3521817693989227
d:760:1.1227768075272593e-06,1.1760930953898272,1.176089996829897,2.352181969442917
d:761:1.2532723911995447e-06,1.1760930150614912,1.1760900110813846,2.3521817728704844
d:762:6.852616407648782e-07,1.1760929347330762,1.1760900253328566,2.3521822748042918
d:763:7.87419879078044e-07,1.1760928544045814,1.176090061947265,2.3521821289319673
d:764:7.799778303230198e-07,1.1760927740760074,1.176090098561668,2.352182092659845
d:765:7.71152078193893e-07,1.1760928106911603,1.1760901351760655,2.3521821747151477
d:766:7.339010670293078e-07,1.1760927303625126,1.176090149427568,2.3521821458890138
d:767:7.145467586511245e-07,1.176092766977666,1.176090186041975,2.3521822384728823
d:768:5.907939142346663e-07,1.1760927812275281,1.1760902226563772,2.352182413089991
d:769:7.1672886559071e-07,1.1760927954773748,1.1760902369078947,2.352182315656404
d:770:8.447141803813452e-07,1.1760928320925534,1.1760902511593967,2.35218223853777
d:771:9.766331028338016e-07,1.1760928463423996,1.1760902877738235,2.3521821574831203
d:772:9.569564225486715e-07,1.176092882957588,1.1760903243882452,2.3521822503894105
d:773:1.2190604516959525e-06,1.176092897207434,1.176090338639762,2.3521820167867444
d:774:5.184544806802194e-07,1.1760929338226322,1.176090375254194,2.352182790622346
d:775:4.103874622352066e-07,1.1760929704378253,1.1760904118686202,2.352182971918983
d:776:4.7537292946486787e-07,1.1760929846876862,1.176090448483041,2.3521829577977975
d:777:6.471482887349111e-07,1.176093021302889,1.1760904850974563,2.3521828592520566
d:778:7.056046813502803e-07,1.1760930355527497,1.176090521711866,2.3521828516599346
d:779:7.111216935307141e-07,1.176093049802595,1.1760905359634442,2.352182874644346
d:780:1.338071365264426e-06,1.176093064052424,1.1760905502150063,2.352182276196065
d:781:6.459432899674766e-07,1.1760931006676676,1.1760905644665531,2.3521830191909308
d:782:5.657768160638454e-07,1.1760931372829058,1.1760904028036918,2.3521829743097817
d:783:2.728922425809799e-07,1.1760931738981384,1.176090241140644,2.3521831421465396
d:784:5.664940307958943e-07,1.176093188147998,1.1760902777550897,2.352182899409057
d:785:3.025693060543233e-07,1.1760932247632405,1.1760902920066267,2.352183214200561
d:786:3.0950905172133503e-07,1.1760932390130998,1.176090306258148,2.352183235762196
d:787:1.6082982368104126e-07,1.1760932532629436,1.176090342872619,2.3521834353057387
d:788:5.939921270403659e-07,1.1760932898782115,1.1760903794870845,2.3521830753731687
d:789:5.42344082976598e-07,1.176093304128055,1.1760904161015449,2.3521831778855167
d:790:5.904866475781034e-07,1.1760933407433327,1.176090452715999,2.352183202972684
d:791:7.967706348033232e-07,1.1760933549931756,1.1760904893304482,2.352183047552989
d:792:6.250053652401277e-07,1.1760933916084635,1.1760905035820308,2.352183270185129
d:793:5.573822994264788e-07,1.1760934058583061,1.1760905178335976,2.352183366309604
d:794:7.184079504618524e-07,1.1760934424736038,1.1760903561703302,2.3521830802359838
d:795:5.848132822450225e-07,1.176093456723446,1.176090392784802,2.3521832646949656
d:796:4.2357582019647566e-07,1.1760934709732729,1.1760904293992689,2.352183476796722
d:797:4.5193435171952956e-07,1.1760935075885957,1.1760904436508461,2.3521834993050903
d:798:4.90618390358577e-07,1.1760935218384223,1.1760904579024074,2.3521834891224396
d:799:5.466273833576452e-07,1.176093536088233,1.1760904721539533,2.352183461614803
d:800:2.9083149177822065e-07,1.1760935503380279,1.1760904864054835,2.35218374591202
d:801:2.2977536628943085e-07,1.1760935869533915,1.1760905230200058,2.352183880198031
d:802:3.7273320829811496e-07,1.1760936012031862,1.1760905596345235,2.3521837881045013
d:803:4.596904559228676e-07,1.1760936378185598,1.1760905962490351,2.352183774377139
d:804:3.64980083933375e-07,1.1760936520683543,1.1760906105005957,2.352183897588866
d:805:3.536199311149346e-07,1.176093666318133,1.1760906471151171,2.352183959813319
d:806:2.428581797886409e-07,1.1760937029335317,1.1760906837296337,2.3521841438049855
d:807:3.748065244835175e-07,1.1760937395489248,1.1760907203441444,2.3521840850865448
d:808:8.876299899540641e-07,1.1760937761643129,1.1760907569586496,2.3521836454929725
d:809:7.064121096966858e-07,1.176093790414122,1.1760907935731493,2.3521838775751616
d:810:5.305567651880949e-07,1.1760938046639153,1.1760908301876438,2.352184104294794
d:811:8.958032315931064e-07,1.1760938189136931,1.1760908444392806,2.352183767549742
d:812:8.488306209031293e-07,1.1760938331634554,1.1760908586909022,2.3521838430237367
d:813:1.0811733628379727e-06,1.1760938474132017,1.1760907783590009,2.3521835445988395
d:814:7.815030684810154e-07,1.1760938616629324,1.1760908149735265,2.3521838951333907
d:815:2.0696783562534904e-06,1.1760938759126474,1.1760908515880464,2.3521826578223375
d:816:1.5455067501335407e-06,1.1760939125281373,1.1760907712560775,2.3521831382774647
d:817:2.2325303734582747e-06,1.1760938321996353,1.1760906909240292,2.352182290593291
d:818:1.2711008077204156e-06,1.1760938688151257,1.1760907275385553,2.352183325252873
d:819:8.059536651394694e-07,1.1760939054306105,1.1760906472064332,2.352183746683379
d:820:1.5994145425857198e-06,1.17609394204609,1.1760905668742319,2.3521829095057796
d:821:1.3144799817510489e-06,1.176093978661564,1.1760906034887644,2.3521832676703465
d:822:8.683462446867907e-07,1.1760938983330056,1.1760905231564893,2.3521835531432504
d:823:5.673336200828771e-07,1.176093818004368,1.1760904428241348,2.352183693494883
d:824:4.2252416987409447e-07,1.1760938546198483,1.176090362491701,2.3521837945873796
d:825:4.7050397933290355e-07,1.1760938912353232,1.1760902821591879,2.3521837028905317
d:826:1.4380821378168207e-07,1.1760939278507923,1.176090201826595,2.3521839858691735
d:827:4.6000839093451873e-07,1.176093964466256,1.1760901214939232,2.3521836259517883
d:828:7.235947139250243e-07,1.1760940010817147,1.176090158108485,2.352183435595486
d:829:5.823231452595223e-07,1.1760939207530265,1.1760901947230413,2.352183533152923
d:830:4.298636522293009e-07,1.176093840424259,1.1760901143903013,2.3521835249509078
d:831:4.6943110643127284e-07,1.1760938770397236,1.176090034057482,2.3521834416660994
d:832:3.490225051194784e-07,1.1760939136551827,1.1760900706720445,2.352183635304722
d:833:4.883756186124799e-07,1.1760939502706362,1.1760899903391517,2.3521834522341694
d:834:7.969717321643088e-07,1.1760938699418069,1.1760899100061797,2.352182982976254
d:835:6.440620299308364e-07,1.1760939065572609,1.1760898296731281,2.352183092168359
d:836:1.1663383960858198e-06,1.1760938262283578,1.176089749339997,2.352182409229959
d:837:1.147524303135583e-06,1.1760938628438122,1.1760897859545774,2.3521825012740862
d:838:1.185217127996907e-06,1.1760937825148354,1.1760897056213726,2.35218230291908
d:839:8.909630353493014e-07,1.1760937021857794,1.1760896252880888,2.352182436510833
d:840:1.275847413051423e-06,1.1760936218566442,1.1760896619026753,2.3521820079119062
d:841:1.0081189381061506e-06,1.1760936584721104,1.1760896985172562,2.3521823488704285
d:842:8.403427398384622e-07,1.1760936950875713,1.1760897351318316,2.352182589876663
d:843:1.1586617811865096e-06,1.176093614758368,1.1760896547984858,2.3521821108950727
d:844:9.1364484866574e-07,1.1760935344290855,1.1760895744650606,2.3521821952492976
d:845:1.32356415916135e-06,1.1760935710445524,1.176089611079642,2.352181858560035
d:846:1.0849580851512997e-06,1.1760934907151963,1.1760896476942184,2.3521820534513296
d:847:8.861187383857327e-07,1.1760934103857608,1.1760895673607255,2.352182091627748
d:848:7.800346804032188e-07,1.176093447001234,1.1760896039753017,2.3521822709418556
d:849:8.229687318284107e-07,1.1760934836167016,1.1760896182272007,2.3521822788751705
d:850:7.952619056617038e-07,1.1760934032871984,1.1760896548417874,2.35218226286708
d:851:7.057852653424845e-07,1.1760934399026666,1.176089669093686,2.352182403211087
d:852:7.51953365796254e-07,1.1760933595730896,1.1760897057082824,2.352182313328006
d:853:5.301666745616274e-07,1.176093396188558,1.1760897199601805,2.352182585982064
d:854:8.555121313591485e-07,1.176093432804021,1.1760897565747868,2.3521823338666765
d:855:9.190741145914672e-07,1.1760933524743762,1.1760897931893879,2.3521822265896493
d:856:7.159429324943289e-07,1.1760932721446522,1.1760898298039832,2.352182386005703
d:857:1.1007718372368913e-06,1.1760933087601213,1.1760898664185733,2.3521820744068576
d:858:1.2832722200428748e-06,1.176093345375585,1.1760898806705173,2.3521819427738824
d:859:4.338533550196644e-07,1.1760932650457931,1.1760898949224459,2.3521827261148838
d:860:9.588384424219498e-07,1.1760933016612571,1.1760899091743584,2.3521822519971733
d:861:1.2091788272883264e-06,1.176093338276716,1.1760899457889893,2.352182074886878
d:862:8.102878581439654e-07,1.1760932579468562,1.1760899824036146,2.3521824300626126
d:863:1.0053996182257663e-06,1.1760932945623153,1.1760899966555423,2.3521822858182393
d:864:1.6967311107229932e-06,1.176093214232382,1.1760900332701774,2.3521815507714483
d:865:1.1086715723251928e-06,1.1760931339023692,1.176090047522105,2.352182072752902
d:866:1.987899158617523e-06,1.1760931705178346,1.1760900617740169,2.352181244392693
d:867:1.7548418798085663e-06,1.1760930901877482,1.1760900760259128,2.352181411371781
d:868:1.5015018210995379e-06,1.1760930098575826,1.1760900902777933,2.3521815986335546
d:869:1.6615524427443518e-06,1.1760929295273377,1.176090009944318,2.352181277919213
d:870:1.4770335159397519e-06,1.1760929661428146,1.176090046559015,2.3521815356683136
d:871:1.4747865582087627e-06,1.176092885812496,1.1760900831737062,2.352181494199644
d:872:1.59310412506386e-06,1.1760929224279735,1.176090002840163,2.3521813321640117
d:873:8.245696170305905e-07,1.1760929590434455,1.1760899225065404,2.352182056980369
d:874:1.1747986978782876e-06,1.1760929956589121,1.1760899591212381,2.352181779981452
d:875:7.653072766622415e-07,1.1760930322743732,1.1760899957359303,2.352182262703027
d:876:1.0292928696031822e-06,1.1760930465246875,1.17608991540224,2.352181932634058
d:877:4.4307658209064016e-07,1.176093060774986,1.17608983506847,2.352182452766874
d:878:6.328183959070088e-07,1.1760930973904724,1.1760897547346207,2.3521822193066972
d:879:8.133266722332166e-07,1.1760929357279293,1.1760896744006923,2.352181796801949
d:880:9.565664722543943e-07,1.176092949978223,1.1760897110154023,2.352181704427153
d:881:1.085686667234853e-06,1.1760927883154886,1.1760896306814002,2.3521813333102215
d:882:9.192620522568973e-07,1.1760928025657618,1.1760896672961103,2.35218155059982
d:883:8.641813877829918e-07,1.1760928168160194,1.1760895869620345,2.352181539596666
d:884:6.656311963837425e-07,1.176092831066261,1.1760895066278794,2.352181672062944
d:885:6.963997014608481e-07,1.1760928453164872,1.1760894262936448,2.3521815752104303
d:886:3.5778980977951846e-07,1.1760928595666977,1.1760894405456408,2.3521819423225288
d:887:4.1351169910441854e-07,1.1760928738168923,1.1760894771603785,2.3521819374655717
d:888:6.472936138202101e-07,1.1760928880670714,1.176089491412374,2.3521817321858314
d:889:7.731749751549444e-07,1.1760929246826706,1.176089505664354,2.3521816571720495
d:890:5.876171447205536e-07,1.1760928443523142,1.1760895199163184,2.352181776651488
d:891:6.139446533381943e-07,1.1760927640218786,1.1760895341682671,2.352181684245492
d:892:4.187655866516593e-07,1.1760926836913637,1.1760895484202,2.352181813345977
d:893:2.819603559522932e-07,1.1760927203069746,1.1760895850350093,2.3521820233816277
d:894:5.315255453552936e-07,1.1760927569225803,1.1760895992869418,2.352181824683977
d:895:5.844707353652723e-07,1.1760927935381806,1.1760896135388588,2.3521818226063043
d:896:4.1155516816715476e-07,1.1760927132076038,1.1760896501536933,2.352181951806129
d:897:3.702869606492243e-07,1.1760926328769472,1.1760896867685222,2.3521819493585086
d:898:4.509708300126647e-07,1.1760925525462116,1.176089701020454,2.3521818025958354
d:899:5.157668074851074e-07,1.1760925891618235,1.1760895393562971,2.352181612751313
d:900:5.283465052130509e-07,1.1760925088310143,1.1760895536082088,2.352181534092718
d:901:5.131151126214206e-07,1.1760924285001255,1.1760895678601044,2.352181483245117
d:902:8.884453537305603e-07,1.1760924651157438,1.1760895821119848,2.3521811587823747
d:903:8.893088172534647e-07,1.1760925017313566,1.1760896187268672,2.3521812311494066
d:904:6.278004347493038e-07,1.176092538346964,1.1760896553417444,2.352181565888274
d:905:7.064378841903363e-07,1.1760925749625661,1.1760896919566162,2.352181560481298
d:906:8.146766066197131e-07,1.1760924946316211,1.176089706208527,2.3521813861635414
d:907:9.772829279164341e-07,1.1760924143005966,1.1760897204604217,2.3521811574780904
d:908:3.912418016227548e-07,1.176092450916205,1.1760897570753188,2.352181816749722
d:909:5.990439193581665e-07,1.1760924651665574,1.1760897936902104,2.3521816598128487
d:910:5.991011788886169e-07,1.1760925017821753,1.1760898303050964,2.3521817329860926
d:911:1.1296569124574773e-06,1.176092538397788,1.176089866919977,2.3521812756608527
d:912:5.215000045133422e-07,1.1760925750133953,1.1760899035348522,2.3521819570482427
d:913:6.416996716218648e-07,1.1760926116289971,1.176089940149722,2.3521819100790475
d:914:6.189057315530988e-07,1.1760926482445933,1.1760899544016934,2.352181983740555
d:915:6.505959366798209e-07,1.176092684860184,1.1760899686536495,2.3521820029178966
d:916:1.1246291644617656e-06,1.1760927214757695,1.1760900052685443,2.352181602115149
d:917:9.110725818217702e-07,1.1760927357262139,1.1760898436041443,2.352181668257776
d:918:1.3755308643226272e-06,1.176092772341809,1.1760896819395574,2.352181078750502
d:919:8.029876861215257e-07,1.1760927865922532,1.1760895202747843,2.3521815038793514
d:920:8.292129676235049e-07,1.1760928008426816,1.1760893586098247,2.3521813302395387
d:921:5.941098404349532e-07,1.1760928374583022,1.1760893952247047,2.3521816385731666
d:922:5.088198791192156e-07,1.1760928517087303,1.1760894318395791,2.35218177472843
d:923:4.5593776132335506e-07,1.1760928883243609,1.176089468454448,2.352181900841048
d:924:6.283513886984338e-07,1.1760929249399859,1.176089482706431,2.3521817792950284
d:925:4.992183519902937e-07,1.1760929391904291,1.1760894969583982,2.3521819369304753
d:926:6.821393809808285e-07,1.176092975806064,1.1760895112103498,2.352181804877033
d:927:4.4782602870441224e-07,1.176092895475057,1.1760895254622856,2.352181973111314
d:928:4.839220411056999e-07,1.1760929320906925,1.1760895620772107,2.352182010245862
d:929:5.011817920674844e-07,1.1760929687063222,1.176089576329146,2.3521820438536762
d:930:3.437723310462104e-07,1.1760928883752475,1.1760895905810658,2.3521821351839822
d:931:4.0912476606536075e-07,1.1760929249908778,1.17608960483297,2.352182120699082
d:932:5.632412678480136e-07,1.1760928446597294,1.1760896190848584,2.3521819005033198
d:933:4.2128601984714464e-07,1.17609288127536,1.1760896556998395,2.3521821156891796
d:934:5.933106477229444e-07,1.1760929178909851,1.1760896923148152,2.352182016895153
d:935:9.937635954138102e-07,1.176092837559769,1.1760897289297854,2.352181572725959
d:936:3.8674053559617505e-07,1.1760927572284734,1.1760897431817043,2.352182113669642
d:937:6.497692788265397e-07,1.1760927938441048,1.1760897797966843,2.3521819238715103
d:938:9.887332570457374e-07,1.1760927135127357,1.1760896994625156,2.3521814242419943
d:939:9.412913977158155e-07,1.1760926331812875,1.1760896191282673,2.352181311018157
d:940:5.92769531237991e-07,1.1760925528497594,1.1760896557432536,2.352181615823482
d:941:8.055732960698947e-07,1.176092472518152,1.1760896923582345,2.3521813593030902
d:942:9.987475033668147e-07,1.176092509133801,1.1760896120239184,2.352181122410216
d:943:4.771717851959068e-07,1.1760924288021202,1.1760896486388996,2.3521816002692346
d:944:8.31422330538345e-07,1.1760924430527062,1.1760895683045098,2.3521811799348855
d:945:4.915269000704825e-07,1.176092479668371,1.1760896049194915,2.3521815930609624
d:946:4.0463783523847496e-07,1.1760925162840303,1.1760896415344675,2.3521817531806626
d:947:5.287237754281193e-07,1.1760925305346315,1.1760895612000102,2.3521815630108662
d:948:6.500076006332733e-07,1.1760925671503006,1.1760895978149866,2.3521815149576866
d:949:5.125163964336821e-07,1.1760926037659645,1.1760896344299576,2.3521817256795257
d:950:1.0122622664532344e-06,1.1760926180165803,1.1760895540954324,2.352181159849746
d:951:3.3939477628308623e-07,1.176092632267181,1.1760895907104036,2.3521818835828086
d:952:5.244113041591447e-07,1.17609266888287,1.1760896049624665,2.3521817494340325
d:953:4.28232043603316e-07,1.1760927054985535,1.1760894432971494,2.3521817205636593
d:954:3.955218934592608e-07,1.176092719749169,1.176089457549192,2.3521817817764674
d:955:5.580480197941995e-07,1.1760927563648624,1.1760894941641862,2.352181692481029
d:956:6.457111880742161e-07,1.1760927929805507,1.1760895084162284,2.352181655685591
d:957:4.408226903507284e-07,1.1760928295962332,1.1760895450312325,2.3521819338047756
d:958:1.1526338554723736e-06,1.1760928438468792,1.1760895592832743,2.352181250496298
d:959:7.061922207007854e-07,1.1760928804625719,1.1760895735353003,2.3521817478056515
d:960:8.079583451170436e-07,1.1760928947132174,1.176089587787311,2.3521816745421833
d:961:7.928073881835473e-07,1.17609293132892,1.1760896020393055,2.352181740560837
d:962:1.2711355328320906e-06,1.1760928509972484,1.1760896162912846,2.3521811961530004
d:963:8.825751161012363e-07,1.1760928876129513,1.176089630543248,2.352181635581083
d:964:1.1338568293162155e-06,1.176092807281206,1.1760896447951956,2.3521813182195723
d:965:7.233119525551501e-07,1.1760927269493815,1.1760896590471277,2.352181662684557
d:966:4.530736816832359e-07,1.1760926466174775,1.176089673299044,2.35218186684284
d:967:1.072606460983394e-06,1.1760926832331924,1.1760897099141812,2.3521813205409123
d:968:7.381963711416972e-07,1.1760926029012149,1.1760896295796281,2.352181494284472
d:969:3.332203957207014e-07,1.17609263951693,1.1760896661947655,2.3521819724913
d:970:5.377951968199568e-07,1.1760926761326398,1.1760897028098973,2.35218184114734
d:971:4.331160425863345e-07,1.1760925958005943,1.1760896224752766,2.3521817851598286
d:972:6.63167401437903e-07,1.1760926324163044,1.1760896590904089,2.3521816283393115
d:973:5.876739126442487e-07,1.1760925520841856,1.1760896957055358,2.3521816601158085
d:974:5.731105421347138e-07,1.1760924717519872,1.176089615370847,2.352181514012292
d:975:5.290253985990034e-07,1.1760925083677036,1.1760896519859743,2.3521816313282793
d:976:6.987786669299112e-07,1.1760924280354317,1.176089571651212,2.3521813009079766
d:977:4.671738125239244e-07,1.1760923477030802,1.1760896082663397,2.3521814887956074
d:978:6.762202922061533e-07,1.1760922673706498,1.1760895279315038,2.3521811190818616
d:979:5.204914459433496e-07,1.1760923039863778,1.1760894475965886,2.3521812310915204
d:980:5.675073819766396e-07,1.1760922236538736,1.1760893672615942,2.3521810234080855
d:981:7.705868130258864e-07,1.1760922602696022,1.1760892869265203,2.3521807766093095
d:982:7.605436591617831e-07,1.1760922968853254,1.1760893235416654,2.3521808598833314
d:983:7.861063395786516e-07,1.176092333501043,1.176089243206518,2.352180790601221
d:984:1.3883952254545306e-06,1.1760923701167552,1.1760891628712908,2.3521801445928205
d:985:1.3966212146776513e-06,1.1760922897841946,1.1760891994864424,2.3521800926494225
d:986:1.1622779942932482e-06,1.176092209451555,1.1760892361015884,2.3521802832751493
d:987:1.2785840985962693e-06,1.1760921291188353,1.1760891557662938,2.3521800063010305
d:988:8.672953666355454e-07,1.1760921657345598,1.1760890754309195,2.352180373870113
d:989:7.884376240774316e-07,1.176092085401767,1.1760889950954658,2.3521802920596087
d:990:4.5202411191880287e-07,1.1760920050688948,1.176088914759933,2.352180467804716
d:991:5.418073492080566e-07,1.176092041684625,1.1760888344243206,2.3521803343015963
d:992:6.250098563143069e-07,1.1760920783003501,1.1760887540886287,2.3521802073791225
d:993:3.1489283225383247e-07,1.1760919979674098,1.1760887907038045,2.352180473778382
d:994:6.192717565411954e-07,1.176092012218334,1.1760888273189742,2.3521802202655517
d:995:5.600330394983644e-07,1.176092048834075,1.1760888639341387,2.352180352735174
d:996:3.4524092340504353e-07,1.17609208544981,1.176088783598385,2.3521805238072715
d:997:4.1056017519025545e-07,1.1760920997007493,1.176088703262552,2.352180392403126
d:998:3.0733491396262025e-07,1.1760921139516731,1.1760886229266392,2.3521804295433983
d:999:3.75862526436066e-07,1.1760921505674335,1.1760885425906469,2.352180317295554
d:1000:6.90512679923927e-07,1.1760921648183569,1.1760884622545755,2.3521799365602525
