data: dataset/foma/
d:1:0.21418414491060878,1.3273493191424206,1.3273494887436694,2.4405146629754815
d:2:0.1476412921518766,1.3273493414319888,1.3273495321716102,2.5070575814517224
d:3:0.11372871104107762,1.3273493848599287,1.327349554461183,2.540970228280034
d:4:0.09085230169637937,1.3273494071494985,1.327349597889135,2.563846703342254
d:5:0.07506321997174803,1.3273494505774497,1.3273496413170827,2.5796358719227843
d:6:0.06325904481180755,1.3273494940053965,1.3273496847450257,2.591440133938615
d:7:0.05356724740351693,1.327349537433339,1.3273497281729645,2.6011320182027866
d:8:0.04532856218925607,1.3273495597229408,1.3273497504625846,2.609370747996269
d:9:0.03745979338339289,1.327349603150894,1.3273497727521908,2.6172395825196917
d:10:0.030300081602624207,1.3273496465788432,1.3273498161801562,2.6243993811563753
d:11:0.023683954308483912,1.327349668868462,1.327349838469764,2.631015553029742
d:12:0.01767758132920605,1.3273496911580671,1.32734988189774,2.637021991726601
d:13:0.012398149007943449,1.3273497345860423,1.3273499253257117,2.6423015109038106
d:14:0.008209596205350778,1.3273497780140133,1.3273499476153368,2.6464901294239995
d:15:0.0055462008750071234,1.3273498003036353,1.3273499699049474,2.6491535693335755
d:16:0.004470355083281863,1.3273498437316171,1.3273498225932434,2.6502293112415787
d:17:0.004379193517755731,1.327349696419735,1.3273498448828378,2.650320347784817
d:18:0.004677975008798629,1.3273497187093561,1.3273498671724184,2.650021610872976
d:19:0.0050810937868170925,1.327349740998963,1.3273499106004465,2.6496185578125924
d:20:0.005458664470785024,1.3273497844269704,1.32734995402847,2.6492410739846552
d:21:0.007264413315286156,1.3273498278549731,1.3273499763180672,2.647435390857754
d:22:0.00684303648935769,1.3273498712829719,1.3273500197461021,2.6478568545397163
d:23:0.004976693282069178,1.327349914710966,1.3273500420357007,2.6497232634645975
d:24:0.004130726943713636,1.3273499370006208,1.327350064325286,2.650569274382193
d:25:0.003761083243543517,1.3273499804286257,1.3273501077533472,2.6509390049384294
d:26:0.003457855034959323,1.3273500238566265,1.3273501511814034,2.6512423200030706
d:27:0.003051075392252578,1.3273500672846228,1.3273501946094557,2.651649186501826
d:28:0.002603731335623305,1.3273500895743102,1.3273502380375037,2.652096596276191
d:29:0.00200160023352991,1.3273501330023172,1.327350281465547,2.652698814234334
d:30:0.001443368758295982,1.327349988830946,1.327350303755195,2.653256923827845
d:31:0.001005442119594413,1.3273498415188476,1.3273503471832495,2.6536947465825027
d:32:0.0008387736641584098,1.327349884946849,1.3273501998713413,2.653861311154032
d:33:0.0009472937132883885,1.3273499283748462,1.3273500556999625,2.6537526903615203
d:34:0.001291854275741855,1.3273498617111625,1.3273500779896068,2.6534080854250277
d:35:0.0017039153294171605,1.3273499051391622,1.3273499338180512,2.6529959236277962
d:36:0.0018957578720257828,1.3273499485671574,1.3273497896463218,2.6528039803414534
d:37:0.0018719809348199945,1.3273499919951481,1.3273498119359473,2.6528278229962754
d:38:0.0015504253377573995,1.327349925331412,1.327349667764041,2.6531491677576957
d:39:0.001203117617396554,1.3273499687594055,1.32734969005365,2.653496541195659
d:40:0.0009478469700368031,1.3273499020956037,1.3273497123432456,2.6537517674688123
d:41:0.0009552005296162847,1.327349835431729,1.3273495681711602,2.653744203073273
d:42:0.001364992736440751,1.3273497687677818,1.3273496115992685,2.6533343876306095
d:43:0.0024315614531960072,1.3273498121957912,1.3273496338888626,2.6522678846314576
d:44:0.002033802758960146,1.3273497455317778,1.3273496561784432,2.652665598951261
d:45:0.0017360387928113674,1.3273496788676917,1.3273496996065777,2.6529633396814583
d:46:0.0013283050172834265,1.3273497222957107,1.3273497430347079,2.653371160313135
d:47:0.0009903717986139426,1.327349574983347,1.3273497653243052,2.6537089685090383
d:48:0.0006796106461046669,1.327349618411361,1.3273497876138887,2.654019795379145
d:49:0.00047548228137861415,1.3273496618393703,1.3273496403016822,2.654223819859674
d:50:0.00042789823579347797,1.327349684129239,1.3273494961293926,2.654271282022838
d:51:0.0004820080394187798,1.3273497275572592,1.3273495395575479,2.6542172590753883
d:52:0.0006244115077413959,1.3273497498471296,1.3273495829856987,2.654074921325087
d:53:0.0007935010306678869,1.327349772136986,1.3273496052752938,2.653905876381612
d:54:0.0008448984089532985,1.3273498155650325,1.3273496487034557,2.653854565859535
d:55:0.000804005358808535,1.3273498378548905,1.3273496709930526,2.6538955034891347
d:56:0.0006663624161040715,1.3273498601447344,1.327349693282635,2.6540331910112656
d:57:0.0004976665209914799,1.3273498824345644,1.3273497155722038,2.654201931485777
d:58:0.0003761580911176843,1.327349925862653,1.3273497590004075,2.6543235267719427
d:59:0.0003608002885870931,1.327349969290737,1.3273497812899777,2.6543389502921277
d:60:0.0004716067195182916,1.327350012718817,1.3273498035795346,2.654228209578833
d:61:0.0006273414847495218,1.327350035008679,1.3273498470077645,2.6540725405316943
d:62:0.0007846739015375803,1.3273498876961105,1.3273498904359902,2.6539151042305633
d:63:0.0008118674471209175,1.3273499311242003,1.3273499127255637,2.6538879764026433
d:64:0.0006903411416399052,1.3273499534140616,1.3273499561538002,2.654009568426222
d:65:0.0005001563500530715,1.3273499968421625,1.3273499784433753,2.6541998189354845
d:66:0.00032844667224596336,1.3273500402702587,1.3273500218716228,2.6543716154696355
d:67:0.00023725490014214756,1.3273500625601369,1.327350065299866,2.6544628729598605
d:68:0.00021138297591827282,1.327350084850001,1.327350087589458,2.654488789463541
d:69:0.00025225328848899053,1.3273501071398515,1.327350109879036,2.6544479637303984
d:70:0.0003174957488987218,1.3273501505679894,1.3273499625665957,2.6543826173856866
d:71:0.0003690020411157846,1.3273501728578414,1.3273498183940835,2.654330989210809
d:72:0.00040066558953055775,1.3273501951476798,1.3273496742213977,2.654299203779547
d:73:0.0003740008134585082,1.3273502385758442,1.3273496965109537,2.6543259342733396
d:74:0.0002885217289216868,1.3273502608656838,1.3273497188004963,2.6544114579372584
d:75:0.0002051144424286555,1.3273502831555095,1.327349574627631,2.654494743340712
d:76:0.00016415113064027764,1.3273503054453215,1.327349618055929,2.6545357723706102
d:77:0.00015015828390785302,1.3273503488735277,1.3273496403454705,2.6545498309350903
d:78:0.0001950203734248923,1.327350371163341,1.3273496626349983,2.6545050134249144
d:79:0.00025341852911031637,1.3273502238505595,1.3273497060633226,2.6544465113847715
d:80:0.00031644446579148777,1.3273502461403561,1.3273497494916429,2.6543835511662075
d:81:0.0003315095020530734,1.327350268430139,1.3273497717811873,2.6543685307092733
d:82:0.00028934225198096186,1.3273503118583865,1.327349794070718,2.6544107636771237
d:83:0.00023970883103485718,1.3273503341481707,1.3273498163602349,2.654460441677371
d:84:0.00016181325973718685,1.3273503564379412,1.3273498597885967,2.654538402966801
d:85:0.0001149456069216015,1.3273503998662148,1.327349882078115,2.6545853363374086
d:86:0.0001045204566851865,1.327350422155987,1.3273499255064878,2.6545958272057897
d:87:0.00012081573286160108,1.3273504444457451,1.3273499689348562,2.6545795976477398
d:88:0.00016497026536876902,1.3273504878740452,1.3273498216221524,2.654535339230829
d:89:0.0001761339898913583,1.327350531302341,1.3273498439116849,2.6545242412241348
d:90:0.0001902630419676754,1.3273505535921164,1.3273498873400635,2.654510177890212
d:91:0.000169397411712513,1.327350597020423,1.3273499307684378,2.654531130377148
d:92:0.00013010904128085699,1.3273506404487252,1.327349953057987,2.6545704844654314
d:93:9.792982173895126e-05,1.3273506838770233,1.3273499753475229,2.654602729402807
d:94:7.289116001674145e-05,1.3273507273053167,1.3273500187759233,2.654627854921223
d:95:6.376918530293096e-05,1.3273507707336056,1.3273500622043195,2.654637063752622
d:96:8.10332349563403e-05,1.3273506234206174,1.3273501056327115,2.6546196958183725
d:97:0.0001145158614677122,1.3273506457104527,1.327350127922279,2.654586257771264
d:98:0.0001362955628358975,1.3273506680002742,1.3273501713506817,2.65456454378812
d:99:0.00014821610551640774,1.327350690290082,1.3273502147790803,2.654552688963646
d:100:0.00013487299000614072,1.3273507125798756,1.327350237068665,2.654566076658534
d:101:0.00010854486826117338,1.3273507348696558,1.3273502593582358,2.6545924493596305
d:102:7.578491729365311e-05,1.3273507571594216,1.3273503027866607,2.6546252750287884
d:103:5.397678839713649e-05,1.327350800587798,1.327350325076233,2.6546471488756342
d:104:4.643094287182237e-05,1.3273508228775657,1.3273501777633236,2.6546545696980175
d:105:5.827205081221365e-05,1.3273508451673195,1.3273502000528794,2.6546427731693867
d:106:7.768669083363378e-05,1.3273508885957221,1.3273500558797602,2.6546232577846487
d:107:8.912847139841418e-05,1.3273509108854773,1.327349911706467,2.654611694120546
d:108:9.403537382901561e-05,1.3273509331752191,1.3273497675330002,2.6546066653343905
d:109:8.299303468906061e-05,1.3273509554649465,1.3273498109614486,2.6546177733917062
d:110:6.210685675700489e-05,1.327350998893391,1.327349854389893,2.654638746426527
d:111:4.7000325714030566e-05,1.3273510423218309,1.3273498978183331,2.65465393981445
d:112:3.170646542827171e-05,1.3273508981500095,1.3273499201079137,2.654669111792495
d:113:2.8643050285825922e-05,1.3273509204397518,1.3273499635363646,2.6546722409258305
d:114:3.6906108585199604e-05,1.3273509427294798,1.327349985825947,2.6546640224468416
d:115:5.4514558847973404e-05,1.327350795416253,1.3273500081155152,2.6546462889729203
d:116:6.082583639299699e-05,1.3273507287523938,1.3273500515439922,2.654639954459993
d:117:5.553807290592516e-05,1.3273507721808657,1.3273499042308314,2.6546451383387915
d:118:5.973930262959115e-05,1.3273508156093337,1.3273499265203983,2.6546410028271024
d:119:4.6690572311103296e-05,1.327350859037797,1.3273499488099516,2.6546541172754377
d:120:3.485843119710452e-05,1.3273507923738856,1.3273498046362766,2.654665738578965
d:121:2.5714038408786166e-05,1.3273508358023511,1.3273496604624273,2.65467478222637
d:122:2.1324361955787907e-05,1.3273508792308124,1.3273496827519615,2.6546792376208184
d:123:2.847429587315986e-05,1.3273508125668423,1.327349705041482,2.654672043312451
d:124:3.306933827929015e-05,1.3273507459027998,1.3273497484700147,2.6546674250345355
d:125:3.986043164427855e-05,1.327350679238684,1.3273497707595365,2.6546605895665762
d:126:4.321914201721455e-05,1.3273507226671617,1.3273498141880802,2.654657317713225
d:127:4.060915178039082e-05,1.3273507660956347,1.3273498364776035,2.654659993421458
d:128:3.385080745488267e-05,1.3273506994314601,1.3273498587671133,2.6546667073911188
d:129:2.292903501110999e-05,1.3273506327672129,1.3273498810566091,2.6546775847888107
d:130:1.7884140419699435e-05,1.3273505661028926,1.3273499244851945,2.6546826064476674
d:131:1.2691617747861983e-05,1.3273506095313823,1.3273499467746919,2.6546878646883263
d:132:1.9128467950491057e-05,1.3273504622178787,1.3273499690641752,2.654681302814103
d:133:2.2760247005315648e-05,1.3273505056463628,1.327350012492787,2.6546777578921446
d:134:3.062128429576205e-05,1.3273505490748427,1.3273500559213944,2.6546699837119414
d:135:2.9793402319899798e-05,1.3273505925033178,1.3273499086079839,2.654670707708982
d:136:3.1001676169761794e-05,1.3273506359317888,1.3273497644339192,2.654669398689538
d:137:2.21834282312372e-05,1.3273506793602554,1.3273498078625212,2.6546783037945456
d:138:1.8287489067958518e-05,1.3273507227887176,1.3273498512911184,2.654682286590768
d:139:1.1565307953098625e-05,1.3273507662171753,1.3273498735806442,2.654689074489866
d:140:9.720099119814307e-06,1.327350788507154,1.3273498958701562,2.6546909642781906
d:141:1.3285582494138026e-05,1.327350810797119,1.3273499181596542,2.654687443374279
d:142:1.6610362442825988e-05,1.32735083308707,1.3273499404491385,2.6546841631737657
d:143:1.744447756912848e-05,1.327350855377007,1.327349983877793,2.654683394777231
d:144:2.288497964819669e-05,1.327350898805522,1.3273500273064431,2.6546780411323168
d:145:1.9475444097416528e-05,1.3273509422340326,1.327350049595944,2.654681516385879
d:146:1.4570211590125837e-05,1.3273507980618882,1.3273500930246054,2.6546863208749034
d:147:9.753105817633667e-06,1.3273508203518396,1.3273501153141078,2.65469118256013
d:148:8.142611476191774e-06,1.3273506730381164,1.3273501587427798,2.65469268916942
d:149:9.300099882203483e-06,1.3273506953280512,1.3273502021714476,2.6546915973996166
d:150:1.0721341571429122e-05,1.3273507176179722,1.3273502244609672,2.654690220737368
d:151:1.268676725363349e-05,1.3273507610465232,1.327350246750473,2.6546883210297425
d:152:1.6504131697736568e-05,1.3273507833364457,1.3273500994368357,2.6546843786415835
d:153:1.460484528337247e-05,1.3273508056263543,1.3273501217263246,2.654686322507396
d:154:1.1753406970793634e-05,1.327350661454004,1.3273499775520414,2.6546888855990747
d:155:1.1030024180236353e-05,1.3273505172814797,1.3273500209807492,2.6546895082380484
d:156:7.83165823925458e-06,1.3273505395713698,1.3273500432702372,2.654692751183368
d:157:6.577423264264581e-06,1.3273505618612453,1.3273500866989565,2.654694071136938
d:158:5.740629529960017e-06,1.3273505841511075,1.3273501301276713,2.654694973649249
d:159:5.256823309096603e-06,1.327350436837146,1.3273501735563813,2.6546953535702182
d:160:6.743948331777716e-06,1.3273504591269916,1.327350195845902,2.654693911024562
d:161:8.546473957427025e-06,1.3273504814168233,1.327350239274623,2.6546921742174887
d:162:9.253230192296513e-06,1.3273505248454758,1.3273502827033399,2.654691554318623
d:163:9.60728742205319e-06,1.3273505682741238,1.3273503261320525,2.6546912871187542
d:164:5.822793868848208e-06,1.3273505905639724,1.3273503695607605,2.654695137330864
d:165:4.575914759108457e-06,1.3273506339926315,1.327350412989464,2.6546964710673366
d:166:3.1216711144921305e-06,1.3273506562824817,1.3273504564181633,2.6546979910295305
d:167:2.9456234384994673e-06,1.3273506997111517,1.3273504787077623,2.6546982327954756
d:168:2.949354937165083e-06,1.327350722001003,1.3273505009973472,2.654698273643413
d:169:4.359221059235807e-06,1.3273507442908408,1.327350544426073,2.6546969294958545
d:170:5.3381926963247395e-06,1.3273507665806645,1.327350587854794,2.654696016242762
d:171:6.778116649730492e-06,1.3273508100093765,1.3273506312835106,2.654694663176237
d:172:5.576311725707939e-06,1.3273508322992018,1.3273504839696502,2.6546957399571265
d:173:7.796283322925035e-06,1.3273508545890131,1.3273505062592652,2.6546935645649556
d:174:4.23229918800061e-06,1.3273507072748425,1.3273505285488658,2.6546970035245203
d:175:2.407723934005901e-06,1.3273507507035802,1.3273503843743677,2.654698727354014
d:176:2.9098358846901817e-06,1.3273507729933902,1.3273504278031094,2.654698290960615
d:177:3.221580109347144e-06,1.3273507952831864,1.3273504500927094,2.6546980237957865
d:178:5.149778683044559e-06,1.3273508387119506,1.3273504935214622,2.6546961824547295
d:179:8.774984155746068e-06,1.3273508610017484,1.3273505158110637,2.6546926018286565
d:180:5.555459959172282e-06,1.3273509044305234,1.327350538100651,2.6546958870712154
d:181:5.091113234101385e-06,1.3273509478592938,1.3273505603902245,2.654696417136284
d:182:3.762351483693749e-06,1.3273509701491086,1.3273506038190193,2.654697811616644
d:183:3.4699275932581486e-06,1.3273509924389095,1.3273506472478094,2.6546981697591256
d:184:2.799755844051788e-06,1.3273510147286967,1.327350690676595,2.6546989056494477
d:185:3.5943481160316537e-06,1.3273510581575088,1.3273507341053765,2.6546981979147692
d:186:2.1952326236807096e-06,1.3273510804472974,1.3273507563949978,2.6546996416096715
d:187:4.407181780408109e-06,1.3273511238761206,1.32735079982379,2.65469751651813
d:188:5.366164921305483e-06,1.3273511461659109,1.3273508221134132,2.6546966021144027
d:189:5.364834171128763e-06,1.327351189594745,1.3273508655422162,2.65469669030279
d:190:5.1021313987043015e-06,1.3273512118845368,1.3273508878318407,2.654696997584979
d:191:2.801138797359215e-06,1.327351067711742,1.32735074051775,2.6546990070906946
d:192:2.964924048498574e-06,1.327350923538773,1.3273505963430376,2.654698554957762
d:193:2.2574962716959135e-06,1.3273507762243542,1.3273506186326427,2.6546991373607254
d:194:2.5998111579106364e-06,1.3273507095601553,1.3273506409222342,2.6546987506712316
d:195:2.0727927592112394e-06,1.3273506428958837,1.327350684351078,2.6546992544542025
d:196:2.685262384005682e-06,1.327350576231539,1.327350706640671,2.654698597609826
d:197:3.2439114083793186e-06,1.3273505095671216,1.3273507289302497,2.654697994585963
d:198:3.579548785381803e-06,1.3273504429026315,1.32735077235912,2.6546976357129664
d:199:3.7658109439675513e-06,1.3273503762380687,1.3273508157879859,2.654697426215111
d:200:3.1038714953801616e-06,1.327350309573433,1.327350859216847,2.6546980649187844
d:201:1.2943574989598972e-06,1.3273502429087247,1.3273509026457042,2.65469985119693
d:202:1.6277451182489244e-06,1.3273502863376232,1.3273509460745567,2.6546996046670617
d:203:9.598420702694455e-07,1.3273503297665177,1.3273509895034046,2.654700359427852
d:204:1.3377055818608596e-06,1.3273503731954073,1.3273510329322484,2.654700068422074
d:205:1.5751414328413205e-06,1.327350306530647,1.3273510763610874,2.6546998077503017
d:206:1.8134930517277326e-06,1.3273503499595394,1.3273511197899224,2.65469965625641
d:207:2.8126556803620417e-06,1.327350283294713,1.3273509724756138,2.6546984431146465
d:208:3.050851190344872e-06,1.327350135979998,1.3273509947653148,2.654698079894122
d:209:2.4628790025182923e-06,1.3273501582698755,1.3273508505903924,2.6546985459812653
d:210:1.342883280130991e-06,1.3273502016987848,1.3273508728800767,2.6546997316955814
d:211:1.7348961205421176e-06,1.327350223988664,1.3273508951697472,2.654699384262291
d:212:1.862947176078933e-06,1.3273502462785294,1.3273507509946456,2.654699134325999
d:213:1.2065795238491717e-06,1.3273502897074652,1.3273507732843002,2.6546998564122415
d:214:2.0808663627747137e-06,1.327350311997332,1.3273508167131902,2.6546990478441597
d:215:2.3631180896543924e-06,1.3273503342871849,1.327350839002846,2.654698810171941
d:216:1.9456483153490467e-06,1.3273503777161473,1.327350861292488,2.65469929336032
d:217:2.2953755278720678e-06,1.3273504000060017,1.3273508835821162,2.6546989882125898
d:218:2.1015520235145857e-06,1.3273504222958419,1.3273509270110482,2.6546992477548668
d:219:1.4925677063182263e-06,1.3273504657248307,1.3273509493006779,2.654699922457802
d:220:1.3915918661844273e-06,1.3273505091538147,1.3273509715902936,2.654700089152242
d:221:1.353746207133355e-06,1.3273505314436727,1.3273509938798955,2.654700171577361
d:222:1.3082113938800433e-06,1.3273505748726675,1.3273510373088693,2.654700303970143
d:223:1.4973666746520564e-06,1.3273506183016586,1.3273510595984728,2.6547001805334567
d:224:1.66057267092512e-06,1.3273506617306448,1.3273510818880623,2.6547000830460363
d:225:1.0960211667132569e-06,1.3273506840205347,1.327351104177638,2.654700692177006
d:226:1.0769175364799821e-06,1.3273505398472154,1.3273509568630733,2.654700419792752
d:227:5.940741591992094e-07,1.3273503925322698,1.3273509791526321,2.6547007776107425
d:228:1.1341370176332077e-06,1.3273503258674366,1.3273508349773082,2.654700026707727
d:229:6.213034899893444e-07,1.3273503692964395,1.3273506908018105,2.65470043879476
d:230:6.96211055029039e-07,1.3273503026315403,1.3273505466261386,2.654700153046624
d:231:1.287382001002868e-06,1.327350235966568,1.3273505689156762,2.6546995175002435
d:232:1.8387511220296915e-06,1.3273502793955805,1.3273504247398273,2.654698865384286
d:233:1.1187886230779043e-06,1.3273503228245884,1.3273504470293487,2.654699651065314
d:234:9.254270754155414e-07,1.3273502561595572,1.327350469318856,2.654699800051338
d:235:1.2342611457327735e-06,1.3273502995885675,1.3273504916083496,2.654699556935771
d:236:6.556718123995608e-07,1.3273502329234708,1.3273505138978292,2.6547000911494876
d:237:1.222005062917475e-06,1.3273501662583012,1.3273505573269344,2.6546995015801724
d:238:1.422079358270878e-06,1.327350209687321,1.3273506007560352,2.6546993883639978
d:239:6.086618435929836e-07,1.3273501430220853,1.3273506230455319,2.654700157405774
d:240:1.2595808680515574e-06,1.3273500763567772,1.3273506664746435,2.6546994832505524
d:241:1.274713313126341e-06,1.3273499290415571,1.3273506887641415,2.6546993430923855
d:242:1.0129592826757516e-06,1.3273499724705855,1.327350711053626,2.654699670564929
d:243:9.868403978430251e-07,1.3273500158996097,1.3273507333430963,2.6546997624023083
d:244:6.05876382842041e-07,1.3273500381896244,1.3273507556325528,2.654700187945794
d:245:1.1625573019813373e-06,1.3273500604796251,1.3273507779219953,2.654699675844318
d:246:6.967798507062639e-07,1.3273501039086755,1.3273506306071394,2.654700037735964
d:247:4.3632136126348087e-07,1.3273501473377216,1.3273506528965653,2.6547003639129256
d:248:8.206054631365589e-07,1.3273501696277394,1.3273505087204949,2.6546998577427714
d:249:1.114325636208946e-06,1.3273502130567962,1.3273505310099045,2.6546996297410645
d:250:8.305216314674624e-07,1.3273502564858488,1.3273505744391183,2.6547000004033356
d:251:1.2189883147328828e-06,1.327350299914897,1.3273506178683279,2.65469969879491
d:252:9.544382133519491e-07,1.327350322204947,1.3273506401577544,2.6547000079244882
d:253:1.0608106206788648e-06,1.3273501780313124,1.3273506835869748,2.6546998008076663
d:254:1.5140550320147383e-06,1.3273502003213462,1.327350705876403,2.654699392142717
d:255:1.2471625243648532e-06,1.3273500561475347,1.3273507493056345,2.6546995582906447
d:256:1.4223976405602912e-06,1.3273499119735492,1.3273507715950636,2.6546992611709723
d:257:1.573111422903395e-06,1.3273499342635642,1.3273507938844795,2.654699155036621
d:258:1.0759225888001822e-06,1.3273497869480857,1.3273508161738812,2.654699527199378
d:259:1.1315634544928344e-06,1.3273498303771734,1.3273508596031545,2.6546995584168736
d:260:1.231518760747008e-06,1.3273498738062566,1.327350881892558,2.654699524180054
d:261:1.7640492884218872e-06,1.3273499172353351,1.3273509253218423,2.654699078507889
d:262:1.2884498894472074e-06,1.3273498505699968,1.327350968751122,2.654699530871229
d:263:7.682257550101212e-07,1.3273497839045858,1.3273508214360392,2.65469983711487
d:264:9.215708329790573e-07,1.3273497172391018,1.327350864865314,2.654699660533583
d:265:1.1304737306261359e-06,1.3273496505735451,1.3273509082945845,2.654699428394399
d:266:1.1228508105531887e-06,1.3273495839079157,1.3273509305840325,2.6546993916411377
d:267:1.3079173490915252e-06,1.3273496273370244,1.3273509740133136,2.654699293432989
d:268:1.6466937271530924e-06,1.3273496707661292,1.3273509963027637,2.6546990203751655
d:269:1.999858461054771e-06,1.327349714195229,1.3273510397320556,2.6546987540688236
d:270:1.4309125382361287e-06,1.3273497576243247,1.327351062021507,2.6546993887332935
d:271:5.5552498112732e-07,1.327349801053416,1.3273511054508103,2.6547003509792453
d:272:1.127174805937159e-06,1.3273497343877483,1.3273511488801089,2.654699756093051
d:273:1.126365548387298e-06,1.3273495870720158,1.3273511711695771,2.6546996318760447
d:274:1.055016216167104e-06,1.3273496093621635,1.3273512145988868,2.6546997689448344
d:275:1.5187238715519413e-06,1.327349631652298,1.3273512580281923,2.6546993709566187
d:276:1.7266595664366946e-06,1.327349653942418,1.3273513014574931,2.654699228740345
d:277:1.358584361454973e-06,1.327349676232524,1.3273513448867895,2.654699662534952
d:278:5.547690440366182e-07,1.3273497196616788,1.3273513883160815,2.6547005532087162
d:279:8.251486778299011e-07,1.3273497630908289,1.327351410605613,2.654700348547764
d:280:8.256422656671702e-07,1.3273497853809522,1.327351454034916,2.6547004137736026
d:281:1.3791211244118529e-06,1.3273498288101133,1.3273513067196299,2.6546997564086188
d:282:8.655652545819237e-07,1.3273498511002382,1.327351162543308,2.6547001480782915
d:283:2.902144040639598e-07,1.32734989452941,1.3273511848328359,2.654700789147842
d:284:7.667922625742563e-07,1.3273499168195364,1.3273510406563374,2.654700190683611
d:285:4.2860773241670813e-07,1.3273499602487195,1.3273510840856497,2.654700615726637
d:286:6.121910662848506e-07,1.327350003677898,1.3273511063751762,2.654700497862008
d:287:3.05023652558134e-07,1.327349859503608,1.327351128664689,2.6547006831446445
d:288:8.702086318201907e-07,1.3273497121876523,1.3273511720940276,2.654700014073048
d:289:1.2050052582424087e-06,1.3273497344777903,1.3273512155233618,2.654699744995894
d:290:1.3798577613854945e-06,1.3273497567679142,1.327351258952692,2.654699635862845
d:291:1.0705153212775542e-06,1.3273497790580246,1.327351302382017,2.6547000109247203
d:292:7.793555529822527e-07,1.3273498224872435,1.327351345811338,2.6547003889430285
d:293:8.952409196183453e-07,1.3273498447773555,1.327351368100914,2.65470031763735
d:294:1.6843616550410445e-06,1.3273498882065855,1.3273514115302458,2.654699615375176
d:295:1.410024670800425e-06,1.3273499104966988,1.3273514549595733,2.6546999554316013
d:296:1.0266719936424806e-06,1.32734995392594,1.3273513076440524,2.654700234897999
d:297:1.0928660598708007e-06,1.3273499973551768,1.3273511634673494,2.6547000679564663
d:298:1.492630388177929e-06,1.3273500196453067,1.3273512068966713,2.65469973391159
d:299:1.1361018885658325e-06,1.3273500630745545,1.3273512503259886,2.6547001772986545
d:300:1.212825450735977e-06,1.3273500853646862,1.3273512937553016,2.6547001662945373
d:301:7.669824477751774e-07,1.3273501287939449,1.3273513160449353,2.6547006778564324
d:302:6.137661214822288e-07,1.3273499846194414,1.3273513594742594,2.6547007303275794
d:303:7.857018582413389e-07,1.3273498373032626,1.3273513817638947,2.6547004333652993
d:304:1.7194979764489915e-06,1.3273498807325153,1.3273514251932292,2.654699586427768
d:305:5.796406714608793e-07,1.327349814066877,1.3273514474828663,2.6547006819090715
d:306:5.544497123644021e-07,1.3273497474011662,1.3273514697724895,2.6547006627239433
d:307:6.711734981124096e-07,1.3273497908304286,1.3273515132018507,2.6547006328587814
d:308:7.733732760861756e-07,1.3273498342596863,1.3273515566312073,2.6547006175176175
d:309:8.218500036072385e-07,1.3273498776889399,1.3273515789208474,2.654700634759784
d:310:5.694625100360895e-07,1.3273499211181887,1.327351622350215,2.6547009740058938
d:311:4.027151812024954e-07,1.3273498544524327,1.3273516657795783,2.65470111751683
d:312:8.459262614834984e-07,1.3273498978816842,1.3273517092089377,2.6547007611643605
d:313:5.987585520728089e-07,1.3273498312158625,1.3273517526382925,2.654700985095603
d:314:7.744958856470419e-07,1.3273498746451162,1.3273517960676424,2.6547008962168728
d:315:1.0628028683790092e-06,1.3273499180743658,1.3273518183573456,2.654700673628843
d:316:1.2083141291974187e-06,1.327349851408485,1.3273516710415993,2.654700314135955
d:317:7.755647044582759e-07,1.3273497847425313,1.327351526864683,2.6547005360425096
d:318:1.3016347661931604e-06,1.3273498281717904,1.327351382687592,2.6546999092246164
d:319:1.1917037725517332e-06,1.3273497615057706,1.3273514049772732,2.654699974779271
d:320:5.794772865996833e-07,1.3273496948396781,1.327351260800006,2.6547003761623973
d:321:6.499058979869687e-07,1.3273497382689468,1.327351283089671,2.6547003714527198
d:322:7.291395749398077e-07,1.3273496716027886,1.327351305379322,2.6547002478425354
d:323:8.615099811315474e-07,1.32734952428632,1.3273511612018756,2.6546998239782145
d:324:1.0467449564899312e-06,1.3273494576200777,1.327351017024255,2.6546994278993763
d:325:1.1637498626981824e-06,1.3273493909537626,1.3273508728464605,2.6546991000503604
d:326:1.192290843832211e-06,1.3273494343830468,1.32735089513609,2.6546991372282926
d:327:9.324369436569668e-07,1.327349477812326,1.3273509385655091,2.6546994839408917
d:328:1.0382909083617164e-06,1.327349411145952,1.3273509608551404,2.654699333710184
d:329:1.2341720063702155e-06,1.3273494545752342,1.3273510042845704,2.654699224687798
d:330:1.7025170451212546e-06,1.3273494980045115,1.327351026574203,2.6546988220616696
d:331:1.0242826049555731e-06,1.3273495414337848,1.3273510488638216,2.6546995660150015
d:332:9.76746048486632e-07,1.3273494747673584,1.3273510711534267,2.6546995691747366
d:333:1.2164145091198009e-06,1.3273494081008599,1.3273509238373642,2.654699115523715
d:334:9.67695538811597e-07,1.3273494515301423,1.3273509672668353,2.654699451101439
d:335:1.509462276061413e-06,1.3273494949594202,1.327350989556439,2.6546989750535834
d:336:9.667372835586718e-07,1.3273494282928626,1.327351032985921,2.6546994945415
d:337:6.029944201735304e-07,1.3273494717221432,1.327351055275526,2.6546999240032494
d:338:8.456710491877573e-07,1.3273494050555197,1.3273510775651174,2.6546996369495877
d:339:6.622600414729618e-07,1.3273492577387858,1.327351120994626,2.6546997164733703
d:340:5.397799012207827e-07,1.3273492800292632,1.3273511432842189,2.654699883533581
d:341:7.288971257679577e-07,1.3273493023197274,1.3273511867137382,2.6546997601363396
d:342:1.0232216873795608e-06,1.3273493457490404,1.327351230143253,2.654699552670606
d:343:9.249683299294986e-07,1.327349389178349,1.3273512735727635,2.654699737782783
d:344:1.4757286912470136e-06,1.3273494326076534,1.3273513170022695,2.6546992738812314
d:345:1.288285371270348e-06,1.3273494760369529,1.3273513392919105,2.654699527043492
d:346:1.0640080279067377e-06,1.3273495194662486,1.3273513827214274,2.654699838179648
d:347:1.711000804593965e-06,1.3273495417567756,1.32735142615094,2.654699256906911
d:348:1.2369549002855251e-06,1.327349564047289,1.327351469580448,2.654699796672837
d:349:1.1525532030987051e-06,1.3273495863377882,1.3273514918701212,2.6546999256547066
d:350:1.2134565472443626e-06,1.3273496297671254,1.3273513445538538,2.6546997608644323
d:351:1.0640957803786932e-06,1.3273496520576265,1.3273513668435104,2.6546999548053565
d:352:1.2606532111547608e-06,1.3273496954869746,1.3273514102730442,2.6546998451068076
d:353:1.7558150484653368e-06,1.327349717777477,1.327351432562702,2.6546993945251303
d:354:1.7758282373492307e-06,1.3273497612068361,1.3273514548523462,2.654699440230945
d:355:1.8518480695561834e-06,1.3273496170318957,1.3273514982819061,2.6546992634657323
d:356:1.6491294130283052e-06,1.327349639322397,1.327351541711462,2.654699531904446
d:357:1.00154610294112e-06,1.3273494920054354,1.3273515640011229,2.6547000544604553
d:358:1.6404167815231574e-06,1.3273495142959204,1.3273515862907699,2.6546994601699088
d:359:8.794174348736306e-07,1.3273495577253045,1.3273516085804031,2.6547002868882728
d:360:1.5886957043242944e-06,1.3273495800157908,1.3273516308700224,2.6546996221901087
d:361:1.2213471420885469e-06,1.327349623445186,1.3273516742996356,2.65470007639768
d:362:7.135473447661411e-07,1.327349666874577,1.3273516965892562,2.6547006499164887
d:363:1.1520607903214852e-06,1.3273496891650802,1.3273517188788633,2.6547002559831534
d:364:5.668215954379718e-07,1.327349732594482,1.3273517411684563,2.654700906941343
d:365:5.754841478911032e-07,1.3273497548849866,1.327351784598111,2.6547009639989496
d:366:6.750990406700907e-07,1.3273497983143996,1.3273518280277614,2.6547009512431203
d:367:8.104574278355869e-07,1.327349820604906,1.3273518714574075,2.6547008816048856
d:368:6.845901729946036e-07,1.3273498428953985,1.327351893747033,2.6547010520522587
d:369:4.1274620832254527e-07,1.3273498863248376,1.3273519160366447,2.654701389615274
d:370:7.224968023855638e-07,1.3273497421496836,1.3273519383262422,2.654700957979123
d:371:8.886226727788937e-07,1.327349764440175,1.327351791009753,2.6547006668272553
d:372:2.8948977748299853e-07,1.3273497867306527,1.3273518344394397,2.654701331680315
d:373:4.1113427773353806e-07,1.3273498090211164,1.3273518567290363,2.6547012546158752
d:374:8.669245525894098e-07,1.3273496617039262,1.3273519001587344,2.654700694938108
d:375:5.194076737602416e-07,1.3273495950373537,1.3273519224483321,2.654700998078012
d:376:7.297838671149748e-07,1.3273496384668402,1.3273519447379163,2.6547008534208896
d:377:9.414691768405703e-07,1.3273495718002017,1.3273519670274865,2.6547005973585116
d:378:9.319686724573728e-07,1.3273495051334905,1.327352010457226,2.654700583622044
d:379:8.156701958306201e-07,1.3273494384667064,1.3273520538869614,2.654700676683472
d:380:4.726378683983512e-07,1.3273494818962093,1.3273520973166923,2.6547011065750334
d:381:4.692264283789882e-07,1.327349525325708,1.3273521407464188,2.654701196845698
d:382:9.146514856617216e-07,1.3273494586588648,1.3273521841761409,2.65470072818352
d:383:8.790554977267107e-07,1.3273495020883659,1.3273522064657741,2.6547008294986423
d:384:7.74042041129519e-07,1.3273495455178623,1.3273522498955075,2.654701021371329
d:385:6.163237160627943e-07,1.3273495889473543,1.327352293325236,2.6547012659488742
d:386:7.029618669385229e-07,1.3273496323768421,1.3273523156148865,2.654701245029862
d:387:6.453198380107494e-07,1.327349565709954,1.3273523379045227,2.6547012582946388
d:388:9.178334376969133e-07,1.327349499042993,1.3273523813342778,2.654700962543833
d:389:6.91615438697113e-07,1.3273494323759596,1.327352403623916,2.654701144384437
d:390:5.331577832556889e-07,1.3273494758054636,1.3273524259135399,2.6547013685612204
d:391:9.897588619800501e-07,1.327349409138364,1.3273522785968375,2.6547006979763395
d:392:9.494127271025832e-07,1.3273492618208858,1.3273521344186963,2.6547004468268547
d:393:7.49132455180046e-07,1.327349305250391,1.327351990240381,2.654700546358317
d:394:6.94538135448397e-07,1.3273493275410182,1.3273520336701603,2.654700666673043
d:395:5.659143114122855e-07,1.3273493709705348,1.3273520559597782,2.6547008610160017
d:396:4.752018152309745e-07,1.3273493932611633,1.327352099389569,2.654701017448917
d:397:5.865700760665504e-07,1.3273494155517778,1.3273521428193549,2.6547009718010566
d:398:5.592399903164846e-07,1.3273494378423785,1.3273521862491369,2.6547010648515252
d:399:9.016526854033202e-07,1.327349481271937,1.327352208538787,2.654700788158039
d:400:5.890071470560088e-07,1.327349524701491,1.3273522519685796,2.6547011876629236
d:401:7.376352950672072e-07,1.3273495469921088,1.327352274258231,2.654701083615045
d:402:1.1735937013312991e-06,1.3273495904216737,1.327352317688035,2.654700734516007
d:403:5.638535665042355e-07,1.3273496127122928,1.327352339977688,2.6547013888364144
d:404:1.007346270398557e-06,1.3273496561418687,1.327352383407503,2.6547010322031013
d:405:9.053447458384767e-07,1.3273496995714402,1.3273524268373131,2.6547012210640073
d:406:1.2949526295713554e-06,1.3273497430010075,1.3273524702671193,2.6547009183154975
d:407:1.1334400253915078e-06,1.3273497864305703,1.3273525136969204,2.6547011666874654
d:408:6.594385877356501e-07,1.3273496422550746,1.3273525359866216,2.6547015188031087
d:409:7.599711242534113e-07,1.3273496645457388,1.3273525582763088,2.654701462850923
d:410:5.247021594989576e-07,1.3273496868363894,1.3273526017061363,2.6547017638403663
d:411:6.025138077347947e-07,1.3273495395186827,1.3273524543891908,2.654701391394066
d:412:8.841574108409134e-07,1.3273495829482704,1.3273524766788767,2.6547011754697363
d:413:7.85080620513412e-07,1.327349626377854,1.3273523325003453,2.6547011737975788
d:414:5.316974314162337e-07,1.327349669807433,1.327352354790015,2.6547014929000166
d:415:7.307168217174365e-07,1.3273497132370073,1.3273522106113074,2.6547011931314928
d:416:9.263333251574579e-07,1.3273497355277029,1.3273522540411595,2.6547010632355375
d:417:7.21224560074063e-07,1.3273497789572883,1.327352276330828,2.6547013340635566
d:418:5.470302286703088e-07,1.3273498223868696,1.3273523197606916,2.6547015951173325
d:419:8.364073198485755e-07,1.327349844677582,1.3273523420503615,2.654701350320624
d:420:1.0823291431982796e-06,1.3273498669682806,1.327352385480236,2.6547011701193735
d:421:1.2210958222347301e-06,1.327349910397888,1.3273524077699075,2.6547010970719733
d:422:1.3826929863292037e-06,1.3273499326885883,1.3273524511997927,2.6547010011953946
d:423:9.106230036692864e-07,1.3273499761182066,1.327352473489466,2.6547015389846687
d:424:1.0816824804749103e-06,1.3273499984089083,1.3273524957791252,2.654701412505553
d:425:8.410592098329062e-07,1.327350020699596,1.3273525180687704,2.6547016977091564
d:426:9.338556572480172e-07,1.327350064129241,1.3273525403584017,2.6547016706319853
d:427:1.4177657701175406e-06,1.32734991681133,1.32735239304121,2.6547008920867703
d:428:1.9044881187646467e-06,1.3273499391020165,1.32735224886229,2.654700283476188
d:429:1.4621603612319234e-06,1.3273499613926893,1.3273521046831958,2.654700603915524
d:430:9.847560580311665e-07,1.327349983683348,1.3273521481131365,2.6547011470404263
d:431:1.6378762999202934e-06,1.3273500059739929,1.3273521704027615,2.6547005385004545
d:432:1.8587370620437582e-06,1.327350049403694,1.3273522138327134,2.654700404499345
d:433:1.054947035061815e-06,1.3273500716943407,1.3273522572626608,2.6547012740099665
d:434:1.5762881591108169e-06,1.327350093984973,1.327352279552303,2.654700797249117
d:435:1.0028186445687481e-06,1.327350137414701,1.327352301841931,2.6547014364379877
d:436:1.618809224002149e-06,1.327350159705335,1.3273523241315452,2.6547008650276562
d:437:1.690742721827121e-06,1.3273502031350737,1.3273523675615344,2.6547008799538863
d:438:8.128920763184055e-07,1.327350246564808,1.3273524109915191,2.6547018446642507
d:439:1.464054621980182e-06,1.3273502899945377,1.3273524332811504,2.654701259221066
d:440:9.145782389197166e-07,1.3273501458187855,1.3273524767111464,2.654701707951693
d:441:7.6000030002632e-07,1.3273500016428594,1.3273525201411374,2.6547017617836968
d:442:9.470820274692926e-07,1.3273498543247073,1.327352542430786,2.6547014496734658
d:443:5.162148486448359e-07,1.327349876615366,1.3273525647204198,2.6547019251209374
d:444:4.0951482649376203e-07,1.327349920045105,1.3273525870100407,2.6547020975403193
d:445:8.08073601810122e-07,1.3273499634748398,1.3273524396926035,2.6547015950938415
d:446:6.462106547644453e-07,1.3273499857655153,1.3273523730302959,2.6547017125851564
d:447:3.7718315670787206e-07,1.3273500080561769,1.3273524164603352,2.6547020473333554
d:448:6.356231843085425e-07,1.3273500303468246,1.3273524598903699,2.65470185461401
d:449:7.973527105242795e-07,1.3273500526374586,1.3273523932280034,2.6547016485127517
d:450:6.673143233548728e-07,1.3273500960672502,1.3273523265655636,2.65470175531849
d:451:7.939567332471142e-07,1.3273499518911174,1.327352369995608,2.6547015279299924
d:452:9.96328590741058e-07,1.3273499741817503,1.3273523033331025,2.654701281186262
d:453:1.3249648489477295e-06,1.327349996472369,1.3273522366705244,2.6547009081780444
d:454:1.1600798357491726e-06,1.3273498522960572,1.3273521700078739,2.6547008622240953
d:455:4.668759587822535e-07,1.3273498745866597,1.327352213437934,2.654701621148635
d:456:1.0620943498018676e-06,1.3273498968772484,1.3273522568679903,2.654701091650889
d:457:6.178246283461419e-07,1.3273499191678233,1.3273523002980419,2.654701601641237
d:458:6.816799307252097e-07,1.3273499414583845,1.327352233635339,2.6547014934137927
d:459:5.478637699063427e-07,1.327349797281888,1.3273522770653932,2.654701526483511
d:460:1.0481129293360425e-06,1.3273498195724325,1.3273522104026243,2.654700981862127
d:461:6.385595892055562e-07,1.3273496753957597,1.3273520630849114,2.654701099921082
d:462:7.618615587290378e-07,1.3273495280773169,1.3273520853746592,2.6547008515904174
d:463:8.55039484992659e-07,1.3273495503678423,1.3273521288047305,2.6547008241330876
d:464:8.807050488890411e-07,1.32734959379775,1.3273521722347972,2.654700885327498
d:465:8.515795482111344e-07,1.3273496160882772,1.327352194524562,2.654700959033291
d:466:7.856936568018114e-07,1.327349659518196,1.3273522379546399,2.654701111779179
d:467:4.951476881842609e-07,1.3273497029481105,1.3273522813847132,2.6547014891851353
d:468:5.658698118971017e-07,1.3273497252386544,1.3273523036744952,2.6547014630433377
d:469:6.488903094847842e-07,1.3273497475291844,1.327352325964263,2.6547014246031377
d:470:4.888915814404982e-07,1.3273497698197008,1.3273523693943627,2.6547016503224823
d:471:6.487440389335575e-07,1.327349792110203,1.3273523916841323,2.6547015350502967
d:472:1.3137951047070828e-06,1.3273498144006912,1.327352413973888,2.6547009145794744
d:473:4.92835729115626e-07,1.327349836691166,1.327352266655974,2.654701610511411
d:474:9.802401836900287e-07,1.3273498801211685,1.3273521224765166,2.6547010223575014
d:475:9.7342902360964e-07,1.3273499235511663,1.3273521659066414,2.654701116028784
d:476:1.006889446042436e-06,1.327349945841658,1.3273521881963934,2.654701127148605
d:477:1.5730730353880062e-06,1.3273499681321355,1.3273522316265292,2.6547006266856292
d:478:9.629712409697788e-07,1.3273500115621601,1.3273522539162825,2.6547013025072017
d:479:6.102574738875433e-07,1.3273500338526392,1.327352276206022,2.654701699801187
d:480:1.0606380165256724e-06,1.3273500772826747,1.3273522984957473,2.6547013151404055
d:481:1.0105357164391648e-06,1.3273499331057776,1.3273523207854592,2.6547012433555204
d:482:8.006517182579387e-07,1.3273497857870997,1.3273523642156522,2.6547013493510336
d:483:9.265330178642728e-07,1.3273497191202144,1.3273523865053654,2.654701179092562
d:484:6.608978804223398e-07,1.3273496524532564,1.3273524299355695,2.6547014214909455
d:485:5.998340415480641e-07,1.3273495857862252,1.3273524522252842,2.654701438177468
d:486:4.26116776530705e-07,1.3273495191191218,1.3273524745149852,2.65470156751733
d:487:9.005868739642153e-07,1.3273494524519454,1.3273524968046724,2.6547010486697435
d:488:9.157424498695832e-07,1.3273494958820098,1.3273525402349184,2.6547011203744786
d:489:5.431777294617746e-07,1.3273495393120696,1.3273525625246065,2.654701558658947
d:490:3.7120082030384083e-07,1.3273494726448338,1.3273525848142813,2.654701686258295
d:491:4.4204830773608705e-07,1.327349405977526,1.3273524374961339,2.6547014014253523
d:492:3.0345589463465217e-07,1.327349449407595,1.3273523708333994,2.6547015167851
d:493:3.6065399600104797e-07,1.3273493827402212,1.327352414263678,2.654701436349903
d:494:6.750380365794229e-07,1.3273492354212704,1.3273523476008777,2.6547009079841115
d:495:8.390977432881641e-07,1.3273492577118282,1.327352280938005,2.65470069955209
d:496:1.2397234505634458e-06,1.3273493011419146,1.3273522142750593,2.6547002756935236
d:497:6.080571548494618e-07,1.3273493234324738,1.3273522577053538,2.654700973080673
d:498:5.242011225092824e-07,1.3273493457230197,1.3273521910423425,2.6547010125642396
d:499:6.553592855063073e-07,1.327349389153132,1.327352124379258,2.6547008581731046
d:500:1.2224032124308337e-06,1.3273494325832405,1.3273520577161009,2.654700267896129
d:501:1.24469800644178e-06,1.3273494760133442,1.327352101146412,2.6547003324617497
d:502:6.14478575577948e-07,1.3273495194434437,1.3273521445767185,2.6547010495415866
d:503:8.284625905297105e-07,1.3273495628735386,1.3273521880070205,2.6547009224179683
d:504:9.268915728277705e-07,1.3273496063036292,1.327352231437318,2.654700910849374
d:505:9.85502418782147e-07,1.3273496285942532,1.3273521647741158,2.65470080786595
d:506:1.1122063914292823e-06,1.3273496720243547,1.3273522082044158,2.654700768022379
d:507:8.110708531461341e-07,1.3273496943149805,1.3273522516347116,2.654701134878839
d:508:1.3900022186597027e-06,1.327349737745093,1.3273521043162875,2.6547004520591617
d:509:6.264034548841835e-07,1.32734976003572,1.3273519601364963,2.6547010937687614
d:510:5.602809736160452e-07,1.3273496127165654,1.3273520035667863,2.654701056002378
d:511:9.074200364445062e-07,1.3273496350071758,1.3273520469970719,2.6547007745842115
d:512:6.894508022270429e-07,1.3273496784373142,1.3273520904273532,2.654701079413865
d:513:9.504658273762345e-07,1.3273497218674477,1.32735213385763,2.6547009052592503
d:514:6.306510349496364e-07,1.3273497441580753,1.3273521561475066,2.654701269654547
d:515:9.964723828304045e-07,1.3273497664486884,1.3273521784373692,2.6547009484136748
d:516:4.489268383700562e-07,1.3273497887392887,1.3273522218676725,2.6547015616801226
d:517:7.348115609318029e-07,1.3273498110298745,1.3273522441575367,2.6547013203758505
d:518:5.994454919111547e-07,1.3273498333204463,1.327352287587851,2.654701521462805
d:519:6.990717951183001e-07,1.3273498556110046,1.3273523098777167,2.654701466416926
d:520:3.576061571308742e-07,1.327349899041226,1.3273523533080418,2.654701894743111
d:521:6.284542752865718e-07,1.3273499424714434,1.3273523967383625,2.6547017107555306
d:522:3.647997619538046e-07,1.3273497982941875,1.3273524190282453,2.654701852522671
d:523:1.9582952459629155e-07,1.3273496541167573,1.3273524413181144,2.6547018996053473
d:524:4.1558638086414135e-07,1.327349676407327,1.3273524847484612,2.6547017455694073
d:525:6.019539187107625e-07,1.3273496986978832,1.3273525281788041,2.654701624922769
d:526:5.82910304913753e-07,1.3273497209884255,1.32735255046869,2.654701688546811
d:527:5.718610394112034e-07,1.3273497432789543,1.3273525727585618,2.6547017441764766
d:528:1.1247137967629328e-06,1.3273495959595476,1.3273524254399085,2.654700896685659
d:529:7.698603718964137e-07,1.3273496182500595,1.327352468870277,2.6547013172599643
d:530:8.033998200041026e-07,1.3273496616803477,1.327352402207097,2.654701260487625
d:531:1.0242205057409137e-06,1.327349705110631,1.3273523355438446,2.65470101643397
d:532:1.0450580858467617e-06,1.3273497274011599,1.3273522688805193,2.6547009512235933
d:533:2.8415553376959224e-07,1.3273497496916746,1.3273522022171211,2.6547016677532618
d:534:6.657524811437554e-07,1.3273497931219846,1.3273522456475129,2.654701373017016
d:535:5.78996387279318e-07,1.327349815412501,1.3273521789840488,2.6547014154001625
d:536:6.210721026356225e-07,1.3273498377030035,1.327352112320512,2.654701328951413
d:537:5.103021134544861e-07,1.32734988113334,1.3273520456569028,2.6547014164881295
d:538:7.939777875165532e-07,1.3273499245636722,1.3273519789932207,2.654701109579105
d:539:9.879033568971352e-07,1.3273499468541914,1.3273519123294655,2.6547008712803
d:540:9.064823904836317e-07,1.3273499902845345,1.3273519557598872,2.654701039562031
d:541:1.4137207307030053e-06,1.3273498461068833,1.3273519991903042,2.654700431576457
d:542:6.867605044647007e-07,1.327349701929058,1.3273519325264904,2.6547009476950443
d:543:8.36718113461643e-07,1.327349554609413,1.3273518658626038,2.654700583753903
d:544:6.533399323771505e-07,1.3273495980397496,1.3273517185436428,2.65470066324346
d:545:9.404006564572853e-07,1.327349641470082,1.3273517408336106,2.6547004419030364
d:546:1.8020745127245164e-06,1.32734968490041,1.3273515966534573,2.654699479479355
d:547:1.0094970424034955e-06,1.3273497283307336,1.3273516189434085,2.6547003377770997
d:548:6.10952165303047e-07,1.3273497717610527,1.3273514747630784,2.654700635571966
d:549:1.6704578702508854e-06,1.3273497050937948,1.327351518193534,2.6546995528294586
d:550:7.878965657681647e-07,1.3273496384264643,1.327351561623985,2.6547004121538835
d:551:1.1253117238041455e-06,1.3273496818567927,1.3273515839139511,2.65470014045902
d:552:1.4659089520030477e-06,1.327349725287117,1.327351606203903,2.6546998655820677
d:553:1.3793265769557195e-06,1.327349658619727,1.3273516284938414,2.6546999077869917
d:554:1.2549148538099075e-06,1.327349702050054,1.3273516719243341,2.6547001190595343
d:555:9.641510598790148e-07,1.3273496353825984,1.3273516942142742,2.654700365445813
d:556:8.159107345306893e-07,1.3273496788129275,1.3273517376447779,2.654700600546971
d:557:1.3197457220393005e-06,1.3273497222432522,1.3273517810752775,2.6547001835728077
d:558:1.0630248210574678e-06,1.3273496555757378,1.3273518033652343,2.654700395916151
d:559:5.551703243789063e-07,1.327349508255848,1.3273518256551768,2.6547007787407004
d:560:1.0517383821628812e-06,1.3273495516861742,1.3273518690857027,2.654700369033495
d:561:1.2928337160822423e-06,1.3273494850185827,1.3273518913756472,2.6547000835605137
d:562:6.728807537825787e-07,1.3273494183509182,1.3273519348061842,2.6547006802763486
d:563:1.0337528140169638e-06,1.3273493516831811,1.3273519570961299,2.6547002750264967
d:564:1.0750072818588308e-06,1.327349395113524,1.3273518097769181,2.6547001298831603
d:565:1.5950721583557481e-06,1.3273493284457205,1.3273518532074648,2.654699586581027
d:566:1.0177957112667002e-06,1.3273492617778448,1.3273518754974094,2.654700119479543
d:567:1.9127781740735372e-06,1.3273493052081968,1.3273519189279677,2.6546993113579904
d:568:1.090935899394907e-06,1.3273493486385446,1.3273519623585213,2.6547002200611662
d:569:1.3997528380826907e-06,1.327349392068888,1.3273520057890704,2.6546999981051203
d:570:1.0913445214200124e-06,1.3273493254009598,1.3273520280790474,2.654700262135486
d:571:8.791550314413143e-07,1.3273493688313054,1.3273520503690106,2.6547005400452846
d:572:1.197468805891333e-06,1.3273494122616472,1.327352093799586,2.6547003085924272
d:573:1.2638016189114865e-06,1.3273494556919836,1.3273521372301573,2.654700329120522
d:574:1.0472581517539936e-06,1.3273493890240038,1.327352180660724,2.6547005224265763
d:575:8.505953728032978e-07,1.3273494324543431,1.3273522240912863,2.654700805950257
d:576:7.605617353689809e-07,1.327349285134187,1.3273522463812972,2.654700770953749
d:577:1.3052240452893216e-06,1.3273493074250458,1.327352268671294,2.6547002708722944
d:578:7.922279561256573e-07,1.327349329715891,1.3273523121018829,2.6547008495898177
d:579:1.114675693081324e-06,1.3273493520067219,1.3273523555324673,2.654700592863496
d:580:9.97222649790075e-07,1.327349374297539,1.3273523778224812,2.6547007548973705
d:581:9.015014446056568e-07,1.3273494177279348,1.327352400112481,2.6547009163389714
d:582:6.960765248642531e-07,1.3273494611583265,1.3273524224024673,2.6547011874842688
d:583:8.456223614672354e-07,1.3273495045887131,1.3273524446924396,2.654701103658791
d:584:4.734923222393661e-07,1.3273495480190958,1.3273522973730143,2.654701371899788
d:585:8.740297627873872e-07,1.3273495914494742,1.327352153192421,2.6547008706121322
d:586:9.884618834554715e-07,1.327349613740354,1.3273520090116544,2.654700634290125
d:587:5.324085114999377e-07,1.327349657170743,1.3273518648307128,2.654700989592944
d:588:4.3325048704190294e-07,1.327349679461625,1.327351908261352,2.65470115447249
d:589:4.610305333052622e-07,1.327349701752493,1.3273519516919872,2.6547011924139468
d:590:7.881055594793906e-07,1.3273497451829086,1.3273519951226174,2.6547009521999665
d:591:9.30129433029947e-07,1.3273497886133196,1.3273520385532436,2.65470089703713
d:592:4.653560825573777e-07,1.3273498109042046,1.327352081983865,2.654701427531987
d:593:1.279397285447459e-06,1.3273498331950757,1.3273521042738898,2.6547006580716803
d:594:1.3090860737641208e-06,1.3273498554859329,1.3273521477045225,2.6547006941043816
d:595:7.876184646704587e-07,1.3273498777767765,1.3273521699945492,2.6547012601528612
d:596:7.380601196871339e-07,1.3273497335985474,1.3273522134251927,2.6547012089636204
d:597:9.482359306645094e-07,1.3273495862781552,1.327352235715221,2.6547008737574456
d:598:1.052023195668994e-06,1.3273496085689795,1.3273520883955452,2.654700644941329
d:599:8.283346764059729e-07,1.3273496519994619,1.3273519442144004,2.654700767879186
d:600:8.92305897615131e-07,1.3273496954299397,1.3273518000330813,2.6547006031571234
d:601:1.0456530730174052e-06,1.3273497388604132,1.3273518223230878,2.6547005155304277
d:602:9.70398091215685e-07,1.3273497822908822,1.3273518657537557,2.6547006776465465
d:603:1.2841725989254371e-06,1.3273498045817542,1.3273519091844195,2.6547004295935746
d:604:1.0508863206304397e-06,1.327349826872612,1.327351952615079,2.6547007286013704
d:605:7.141472528893189e-07,1.3273498491634563,1.3273519749051177,2.654701109921321
d:606:1.009387484707247e-06,1.3273498714542866,1.3273519971951424,2.6547008592619443
d:607:1.4454119758866568e-06,1.3273498937451031,1.3273520406258281,2.654700488958955
d:608:1.1229289418324129e-06,1.3273499160359055,1.3273520629158546,2.654700856022818
d:609:1.4533617687106926e-06,1.3273499383266942,1.327352085205867,2.6547005701707924
d:610:9.77152098791123e-07,1.327349981757267,1.3273521286365793,2.6547011332417476
d:611:6.264747987039243e-07,1.3273498375788226,1.3273519813166683,2.6547011924206925
d:612:1.1401293673607427e-06,1.3273496934002043,1.3273519146529076,2.6547004679237447
d:613:1.0599224307128452e-06,1.3273497156909895,1.3273518479890738,2.6547005037576326
d:614:9.657777249039157e-07,1.3273495715121946,1.3273517813251674,2.6547003870596373
d:615:1.5005652507227296e-06,1.327349424191537,1.3273518247558953,2.6546997483821815
d:616:1.993194139071619e-06,1.3273494464823028,1.3273518681866183,2.6546993214747823
d:617:1.9701703721786146e-06,1.3273494687730552,1.327351911617337,2.65469941022002
d:618:1.6273609504402486e-06,1.3273494910637933,1.3273519550480513,2.654699818750894
d:619:1.2998604157488103e-06,1.3273495344944206,1.3273519984787612,2.654700233112766
d:620:8.349133184815116e-07,1.3273495779250437,1.3273519318148166,2.654700674826542
d:621:1.4727514474621728e-06,1.3273496002157987,1.3273518651507992,2.6546999926151504
d:622:1.25805026351955e-06,1.327349643646433,1.3273519085815186,2.654700294177688
d:623:1.195002671483536e-06,1.3273496870770622,1.3273518419174353,2.654700333991826
d:624:1.3282159496696977e-06,1.3273497093678344,1.327351885348157,2.6547002665000416
d:625:7.73395884667849e-07,1.3273497316585927,1.3273518186840079,2.654700776946716
d:626:9.41166888868139e-07,1.3273497750892487,1.3273516713638323,2.654700505286192
d:627:5.107112261981683e-07,1.3273498185199004,1.3273516936539829,2.654701001462657
d:628:5.13288660464184e-07,1.3273498408106754,1.327351549472354,2.6547008769943687
d:629:7.059757480831763e-07,1.327349884241338,1.3273514052905508,2.654700583556141
d:630:9.723336122924309e-07,1.3273497400623289,1.3273514275806826,2.6547001953093994
d:631:5.757628369629231e-07,1.3273495927414478,1.3273514498708001,2.654700466849411
d:632:6.282767737175732e-07,1.3273496150322188,1.3273514933015689,2.6547004800570138
d:633:6.253912698817032e-07,1.3273496373229765,1.3273515367323334,2.65470054866404
d:634:1.1402262933835061e-06,1.3273496807536642,1.327351580163093,2.654700120690464
d:635:5.57110826804319e-07,1.3273497030444232,1.3273516024532432,2.6547007483868397
d:636:1.2712819441595968e-06,1.3273497464751218,1.3273516247433794,2.6547000999365573
d:637:1.223674092720728e-06,1.327349789905816,1.3273516681741655,2.6547002344058885
d:638:1.2428897497862579e-06,1.327349812196592,1.3273516904643032,2.6547002597711455
d:639:1.3088494505986148e-06,1.3273498556272971,1.3273517338951006,2.654700280672947
d:640:1.559024092046002e-06,1.3273498779180746,1.3273517773258932,2.6547000962198757
d:641:1.7771418510115211e-06,1.327349900208838,1.3273516300054788,2.654699753072466
d:642:1.1326631126351572e-06,1.32734994363957,1.3273516734362665,2.6547004844127238
d:643:1.4391488805109987e-06,1.3273499870702972,1.3273516067720774,2.654700154693494
d:644:1.1216007247405457e-06,1.3273500093610777,1.327351540107816,2.654700427868169
d:645:1.5412567249128983e-06,1.3273500316518443,1.327351583538613,2.654700073933732
d:646:9.131528138084377e-07,1.327350075082598,1.3273516269694055,2.6547007888991896
d:647:1.287539877381505e-06,1.3273499277615084,1.3273516704001935,2.6547003106218243
d:648:1.3127665479117923e-06,1.327349950052274,1.32735160373588,2.6547002410216063
d:649:1.2042851182947345e-06,1.3273499723430255,1.3273516471666704,2.654700415224578
d:650:9.99706294191327e-07,1.3273499946337632,1.3273516905974567,2.6547006855249258
d:651:6.193708048662927e-07,1.327350016924487,1.327351623933084,2.654701021486766
d:652:9.990074802956883e-07,1.327350060355297,1.3273516673638728,2.6547007287116893
d:653:8.06083236160049e-07,1.3273500826460225,1.327351710794657,2.6547009873574434
d:654:1.1098595904535102e-06,1.3273501260768434,1.3273516441302253,2.6547006603474785
d:655:7.866248283860955e-07,1.3273501483675703,1.3273515774657212,2.654700939208463
d:656:8.24267527566036e-07,1.3273501706582833,1.327351510801144,2.6547008571918997
d:657:8.025102746778146e-07,1.3273501929489824,1.327351444136494,2.6547008345752015
d:658:7.249029989608857e-07,1.327350236379845,1.3273514875673014,2.6547009990441475
d:659:6.069709783673716e-07,1.3273502798107033,1.3273514209025858,2.654701093742311
d:660:1.1691251819989645e-06,1.3273503021014195,1.3273512735818827,2.65470040655812
d:661:9.297524963258752e-07,1.327350345532289,1.3273511293997486,2.6547005451795416
d:662:1.5613239501277576e-06,1.3273503889631537,1.3273511516900776,2.654699979329281
d:663:1.054592548843658e-06,1.3273502447838839,1.3273510075077672,2.654700197699102
d:664:1.4648165693742499e-06,1.3273501006044401,1.3273510297980802,2.6546996655859507
d:665:1.4897952964609829e-06,1.327350122895168,1.3273510520883791,2.6546996851882505
d:666:1.1315410253232017e-06,1.3273501451858825,1.3273510955192336,2.6547001091640907
d:667:6.130972733942031e-07,1.3273500010062593,1.3273511178095339,2.6547005057185196
d:668:2.6798833774321906e-07,1.3273498536848982,1.3273511612403994,2.65470074693696
d:669:6.535785388450677e-07,1.3273498759755928,1.3273511835307013,2.6547004059277555
d:670:7.723298018902369e-07,1.3273498982662741,1.3273512269615777,2.65470035289805
d:671:3.440754761108167e-07,1.3273499416971941,1.3273512703924495,2.6547008680141677
d:672:7.538466406664668e-07,1.3273499639878767,1.327351313823317,2.654700523964553
d:673:8.084369618188703e-07,1.3273500074188072,1.3273513361136513,2.654700535095497
d:674:8.11036455772296e-07,1.3273500297094913,1.327351358403972,2.6547005770770076
d:675:8.65626856416668e-07,1.3273500731404333,1.3273512110830274,2.6547004185966045
d:676:5.054692864270294e-07,1.3273500954311188,1.3273512545139206,2.654700844475753
d:677:5.752050928897745e-07,1.3273501177217906,1.327351187849163,2.6547007303658607
d:678:1.1146616567536682e-06,1.3273501400124486,1.3273511211843327,2.6547001465351245
d:679:8.001722759942709e-07,1.3273501623030928,1.3273511646152354,2.654700526746052
d:680:1.091329400182417e-06,1.3273502057340916,1.3273512080461334,2.6547003224508248
d:681:1.0108514501006027e-06,1.3273502280247371,1.3273511413812442,2.6547003585545315
d:682:1.3893113059992857e-06,1.3273502714557472,1.3273511848121446,2.654700066956586
d:683:1.4006528092913584e-06,1.3273503148867527,1.3273512282430406,2.654700142476984
d:684:1.4491013087258864e-06,1.3273503583177537,1.3273511615780926,2.654700070794538
d:685:1.2024208704275452e-06,1.327350380608432,1.3273510949130716,2.654700273100633
d:686:1.1232825825047144e-06,1.3273504240394438,1.3273511383439769,2.6547004391008384
d:687:1.1589167181469406e-06,1.3273502798595989,1.3273510716788903,2.654700192621771
d:688:8.058069553840141e-07,1.3273501325380046,1.3273510050137307,2.65470033174478
d:689:1.3803999325823213e-06,1.3273501548286788,1.3273510484446454,2.6546998228733916
d:690:1.4955996783250214e-06,1.3273501982597005,1.32735098177942,2.6546996844394424
d:691:9.223913726152944e-07,1.3273502416907177,1.3273509151141218,2.654700234413467
d:692:1.1801266803779242e-06,1.327350263981409,1.3273508484487508,2.6546999323034792
d:693:7.456151136508993e-07,1.3273502862720858,1.3273507817833072,2.6547003224402794
d:694:1.3812687562619885e-06,1.3273503085627496,1.3273506344620527,2.654699561756046
d:695:9.349972147632002e-07,1.3273503519938086,1.327350656752515,2.654700073749109
d:696:6.382874291332996e-07,1.3273503742844734,1.3273505125698484,2.6547002485668925
d:697:9.571473289504695e-07,1.3273503965751245,1.3273503683870076,2.654699807814803
d:698:8.055139266716083e-07,1.3273504188657617,1.327350390677451,2.6547000040292863
d:699:5.338272912602804e-07,1.3273504622968626,1.3273502464944338,2.654700174964005
d:700:3.6042691098359114e-07,1.327350505727959,1.327350268784861,2.654700414085909
d:701:5.037582675448959e-07,1.3273505491590514,1.327350124601667,2.654700170002451
d:702:4.979337377974957e-07,1.3273505925901392,1.3273501680326485,2.65470026268905
d:703:1.0457436854238722e-06,1.3273506360212224,1.3273502114636258,2.6546998017411627
d:704:1.1020187580257357e-06,1.3273506583119228,1.3273502337540672,2.654699790047232
d:705:6.076244640773609e-07,1.3273505109901194,1.3273502771850558,2.654700180550711
d:706:7.161702186841978e-07,1.327350554421213,1.327350299475499,2.6547001377264934
d:707:4.942943450103598e-07,1.3273504877536355,1.327350342906498,2.6547003363657886
d:708:3.9865995882237826e-07,1.3273504210859852,1.3273503863374927,2.654700408763519
d:709:8.293462161468312e-07,1.3273504645170884,1.327350408627953,2.6547000437988255
d:710:8.532010160600123e-07,1.3273503978493724,1.3273504520589587,2.6546999967073153
d:711:7.288363508273221e-07,1.3273504412804777,1.32735049548996,2.654700207934087
d:712:1.487663711330356e-06,1.3273504847115785,1.3273505177804372,2.6546995148283044
d:713:8.643951425746366e-07,1.3273504180438038,1.3273505400709003,2.6547000937195615
d:714:3.7728840318607126e-07,1.3273504614749072,1.3273503927493628,2.654700476935867
d:715:2.8167415067059665e-07,1.3273503948070664,1.327350326083867,2.654700439216783
d:716:1.061972278559864e-06,1.3273504382381722,1.327350369514901,2.654699745780795
d:717:9.685661996883255e-07,1.3273504816692738,1.3273504129459301,2.6546999260490045
d:718:4.35436108059406e-07,1.3273505251003708,1.3273503462803755,2.6547004359446382
d:719:8.85341080447688e-07,1.3273505685314635,1.3273502796147478,2.6546999628051307
d:720:2.612006695379421e-07,1.3273505018635776,1.3273503230457866,2.6547005637086944
d:721:8.141288114771328e-07,1.3273505452946728,1.327350366476821,2.6547000976426824
d:722:3.870385847370983e-07,1.327350478626721,1.3273504099078508,2.654700501495987
d:723:3.9003053942110455e-07,1.3273503313046506,1.3273504533388765,2.6547003946129877
d:724:8.50753016923278e-07,1.3273503747357474,1.3273504967698975,2.6547000207526277
d:725:9.951356405579759e-07,1.3273504181668399,1.3273504301042318,2.654699853135431
d:726:5.261723003968655e-07,1.3273504404577396,1.327350363438493,2.6547002777239324
d:727:5.357101495739869e-07,1.327350483888843,1.3273504068695237,2.654700355048217
d:728:7.477084871254647e-07,1.327350527319942,1.3273504503005498,2.6547002299120046
d:729:6.020798641870329e-07,1.3273505707510365,1.327350383634752,2.654700352305924
d:730:3.7068427882758215e-07,1.327350593041969,1.327350427065781,2.654700649423471
d:731:3.7302827582408327e-07,1.327350615332887,1.3273504704968047,2.6547007128014157
d:732:5.318740372572961e-07,1.327350658764008,1.327350323175011,2.654700450064982
d:733:4.798731176869353e-07,1.3273507021951247,1.3273503454656534,2.6547005677876605
d:734:2.86262439086471e-07,1.32735072448606,1.3273502012821579,2.6547006395057786
d:735:4.861907845210567e-07,1.3273507679171874,1.3273502447131915,2.654700526439594
d:736:6.922293414035607e-07,1.327350790208124,1.327350267003833,2.6547003649826157
d:737:7.626190101639452e-07,1.3273508124990472,1.3273502892944609,2.654700339174498
d:738:6.957758280634607e-07,1.3273508347899563,1.3273503115850747,2.654700450599203
d:739:6.331471373854924e-07,1.3273508782211256,1.3273503550161503,2.6547006000901385
d:740:4.559929287495379e-07,1.3273509005120363,1.3273503984472215,2.654700842966329
d:741:8.295711504402448e-07,1.3273509439432167,1.327350441878288,2.6547005562503543
d:742:8.73521304178837e-07,1.3273509873743925,1.3273504641689342,2.6547005780220223
d:743:6.706539901202291e-07,1.3273510096653198,1.3273504864595664,2.654700825470896
d:744:1.1351286897109958e-06,1.3273508623430355,1.3273505087501851,2.6547002359645306
d:745:6.379125534472507e-07,1.3273509057742217,1.3273505310407896,2.6547007989024576
d:746:7.613693919772402e-07,1.327350928065148,1.3273505744719136,2.65470074116767
d:747:4.772910373596062e-07,1.3273509714963447,1.3273506179030332,2.6547011121083406
d:748:6.297362640239612e-07,1.3273510149275374,1.3273506613341481,2.6547010465254215
d:749:7.01051632301386e-07,1.3273510583587256,1.327350704765259,2.6547010620723523
d:750:9.79986294780133e-07,1.3273511017899096,1.3273507481963653,2.65470086999998
d:751:8.333870260557319e-07,1.3273511240808835,1.3273507704870329,2.6547010611808903
d:752:1.0460119073130159e-06,1.3273511675120784,1.3273507927776869,2.654700914277858
d:753:1.6369475606126116e-06,1.327351189803054,1.3273506454556587,2.6547001983111524
d:754:1.4721076100343566e-06,1.3273512120940156,1.3273505787898796,2.6547003187762854
d:755:1.1605916139245664e-06,1.3273510679137743,1.3273505121240279,2.654700419446188
d:756:5.662714697152182e-07,1.327350923733359,1.3273505555551737,2.654700913017063
d:757:1.3337140911673373e-06,1.3273509460243018,1.3273504888892558,2.6547001011994666
d:758:1.5696654704910884e-06,1.327350798701781,1.3273505323204042,2.6546997613567145
d:759:1.3429450120838737e-06,1.327350842133016,1.3273505757515478,2.6547000749395515
d:760:7.076569579211878e-07,1.3273508644239573,1.3273505090855713,2.6547006658525705
d:761:8.125216068854968e-07,1.327350907855203,1.3273505525167175,2.6547006478503135
d:762:4.719451975887523e-07,1.3273509512864445,1.3273505959478593,2.6547010752891063
d:763:9.427381253424016e-07,1.327350973577403,1.3273505292818237,2.654700560121101
d:764:9.63512348572948e-07,1.3273509958683474,1.3273505727129682,2.654700605068967
d:765:1.3418324424918637e-06,1.3273510181592785,1.327350616144108,2.654700292470944
d:766:7.092573830469462e-07,1.3273510615905615,1.3273505494780133,2.6547009018111916
d:767:1.8936799812685479e-06,1.32735110502184,1.3273505929091558,2.6546998042510146
d:768:9.184164637687786e-07,1.3273511273127876,1.3273504455868737,2.6547006544831975
d:769:1.03198157930251e-06,1.3273511707440777,1.3273504678776606,2.654700606640159
d:770:9.642635991902182e-07,1.3273511930350268,1.327350511308813,2.6547007400802407
d:771:1.0199318021264503e-06,1.3273512364663274,1.3273505547399613,2.6547007712744866
d:772:6.45555450873303e-07,1.327351258757278,1.3273505981711051,2.6547012113729322
d:773:1.0269523116335222e-06,1.3273513021885899,1.3273506204619245,2.654700895698203
d:774:1.2052178557375726e-06,1.3273513456198969,1.327350663893079,2.65470080429512
d:775:1.376102121142253e-06,1.3273513890511999,1.3273506861839,2.6547006991329787
d:776:1.0661271749867751e-06,1.3273514324824984,1.327350708474707,2.6547010748300304
d:777:1.4167270268039545e-06,1.3273512851597693,1.3273507307655,2.6547005991982426
d:778:1.2339067931854686e-06,1.3273512184919736,1.3273507530562791,2.6547007376414595
d:779:9.90878753270863e-07,1.327351151824105,1.327350796487491,2.654700957432843
d:780:9.251551964517546e-07,1.3273511952554122,1.3273508399186986,2.6547011100189146
d:781:1.4302695179324587e-06,1.3273512386867146,1.3273508833499015,2.654700691767098
d:782:1.1756212447977532e-06,1.327351172018787,1.3273509267811001,2.654700923178642
d:783:9.169799688457658e-07,1.3273512154500922,1.327350949071927,2.6547012475420506
d:784:1.4058149808704457e-06,1.327351258881393,1.3273509925031366,2.6547008455695487
d:785:1.460551488197126e-06,1.3273511922134063,1.327351035934342,2.65470076759626
d:786:1.2249975598344065e-06,1.3273512356447092,1.3273510793655428,2.654701090012692
d:787:7.375969035550156e-07,1.3273511689766573,1.3273509320430523,2.654701363422806
d:788:9.978998107840198e-07,1.3273512124079627,1.3273509754742479,2.6547011899824
d:789:7.813073610307697e-07,1.327351255839264,1.3273510189054392,2.654701493437342
d:790:8.906525854612823e-07,1.3273511891711525,1.3273510623366258,2.654701360855193
d:791:1.2425803550542014e-06,1.3273511225029686,1.327351105767808,2.654700985690422
d:792:1.0972657138452746e-06,1.3273511659342792,1.327351039101763,2.6547011077703284
d:793:5.613742013466094e-07,1.3273510992660291,1.3273509724356447,2.6547015103274725
d:794:1.0521509787864147e-06,1.3273511426973423,1.3273510158668367,2.6547011064132002
d:795:1.0405880126462819e-06,1.3273509953743357,1.3273509492006528,2.6547009039869756
d:796:8.355207166133027e-07,1.3273510388056435,1.327350882534396,2.654701085819323
d:797:7.974663494003664e-07,1.3273510610968295,1.3273508158680665,2.6547010794985466
d:798:1.0475948402088875e-06,1.3273510833880016,1.3273507492016645,2.6547007849948256
d:799:8.380097686888632e-07,1.3273511056791598,1.3273506825351895,2.6547009502045804
d:800:5.192734833237012e-07,1.3273511279703045,1.327350615868642,2.654701224565463
d:801:1.096482372009433e-06,1.3273511714016695,1.3273505492020212,2.6547006241213187
d:802:1.7586891853937914e-06,1.3273511936928153,1.327350482535328,2.6546999175389576
d:803:1.7908624987406085e-06,1.3273512371241916,1.3273505259665705,2.6546999722282636
d:804:1.408905303978969e-06,1.327351259415339,1.3273504592998115,2.6547003098098467
d:805:1.406979874829517e-06,1.3273513028467259,1.3273503926329795,2.6547002884998303
d:806:1.4958487120075858e-06,1.3273513251378752,1.3273503259660748,2.654700155255238
d:807:1.3832949150582863e-06,1.3273513474290102,1.3273501786432527,2.654700142777348
d:808:1.2927485788516435e-06,1.3273513697201318,1.327350200934262,2.654700277905815
d:809:1.0742289866527699e-06,1.3273514131515602,1.3273500567502483,2.6547003956728217
d:810:9.024027809445556e-07,1.3273514354426832,1.3273500790412416,2.654700612081144
d:811:7.034885878276498e-07,1.3273514788741232,1.327349934857051,2.654700710242586
d:812:7.832891601999847e-07,1.327351334693331,1.3273499782883391,2.65470052969251
d:813:9.59426254887319e-07,1.327351356984453,1.3273500217196224,2.6547004192778205
d:814:1.0503490637248092e-06,1.3273512096612117,1.32735004401063,2.6547002033227782
d:815:9.891890089264166e-07,1.327351231952317,1.3273500874419246,2.654700330205233
d:816:9.852536932974942e-07,1.327351254243408,1.3273501308732145,2.654700399862929
d:817:6.070919131850872e-07,1.3273512765344857,1.3273501743045002,2.6547008437470727
d:818:7.137394852918533e-07,1.3273513199659812,1.3273501965955403,2.6547008028220365
d:819:1.0028892800661993e-06,1.3273513633974727,1.3273502188865662,2.654700579394759
d:820:1.1332382818807218e-06,1.3273514068289596,1.3273502411775788,2.6547005147682565
d:821:1.6828696089987716e-06,1.327351450260442,1.327350284608906,2.654700051999739
d:822:1.2598573384536849e-06,1.3273514725515674,1.32735030689992,2.654700519594149
d:823:8.240323841057773e-07,1.3273514948426786,1.3273503291909199,2.6547010000012143
d:824:5.267652523066602e-07,1.327351517133776,1.3273503514819058,2.6547013418504295
d:825:5.017516722105597e-07,1.3273515605653001,1.327350204158836,2.654701262972464
d:826:7.34412321179434e-07,1.3273516039968198,1.327350059974432,2.6547009295589303
d:827:6.449294427390839e-07,1.3273516262879343,1.327350082265399,2.654701063623891
d:828:5.028987937194529e-07,1.3273516697194654,1.3273501256967823,2.654701292517454
d:829:7.187254631446649e-07,1.3273517131509918,1.3273501479877508,2.6547011424132796
d:830:9.553190642996867e-07,1.3273517354421231,1.3273501914191452,2.654700971542204
d:831:4.053033544337836e-07,1.3273517788736604,1.327350234850535,2.654701608420841
d:832:5.385276669045425e-07,1.3273518223051934,1.3273502571415206,2.654701540919047
d:833:5.642143423578716e-07,1.3273516781241808,1.3273503005729212,2.65470141448276
d:834:5.12476257874539e-07,1.3273515308007104,1.3273503440043177,2.6547013623287703
d:835:6.466217752354453e-07,1.327351574232238,1.3273503662953199,2.6547012939057826
d:836:4.404471276586719e-07,1.3273516176637608,1.3273503885863083,2.6547015658029416
d:837:3.638291286023332e-07,1.3273516399549345,1.3273504320177312,2.654701708143537
d:838:8.223689129671641e-07,1.3273516622460941,1.3273504543087211,2.654701294185902
d:839:8.589735513986341e-07,1.3273517056776436,1.327350497740155,2.654701344444247
d:840:1.0200144089367313e-06,1.327351727968805,1.3273505200311466,2.6547012279855426
d:841:1.6594624305810157e-06,1.3273517502599523,1.3273505423221241,2.6547006331196457
d:842:9.215140472917938e-07,1.3273517725510862,1.3273503949988275,2.6547012460358665
d:843:1.5762604674840475e-06,1.3273517948422062,1.327350250814207,2.6547004693959457
d:844:1.415441599039724e-06,1.3273518171333119,1.3273501066294124,2.6547005083211253
d:845:8.642029563077358e-07,1.3273516729520876,1.3273501289203686,2.6547009376695
d:846:1.1953551792842632e-06,1.327351528770689,1.3273499847353976,2.6547003181509075
d:847:1.8626414814981729e-06,1.327351381446979,1.3273498405502524,2.65469935935575
d:848:1.1995101480977155e-06,1.3273514037380634,1.327349696364933,2.654699900592848
d:849:1.1229394920597713e-06,1.3273514471696988,1.3273495521794396,2.6546998764096466
d:850:1.1060053886069454e-06,1.3273514694607846,1.3273495956109114,2.654699959066307
d:851:8.126963018106892e-07,1.3273514917518565,1.3273496390423787,2.6547003180979334
d:852:6.315476781537654e-07,1.3273515351835181,1.3273496824738418,2.6547005861096817
d:853:5.788719166233136e-07,1.327351578615176,1.32734970476482,2.6547007045080795
d:854:8.683794248121046e-07,1.3273516220468284,1.3273497270557844,2.654700480723188
d:855:7.946632094579797e-07,1.3273516654784774,1.3273497704872734,2.6547006413025414
d:856:2.018180219831578e-06,1.327351687769597,1.3273497927782396,2.6546994623676166
d:857:1.3970184906675343e-06,1.3273517100607028,1.3273498150691911,2.6547001281114033
d:858:1.12054732337441e-06,1.3273517323517947,1.3273496677455854,2.654700279550057
d:859:5.305507992936498e-07,1.327351775783485,1.3273496010786883,2.654700846311374
d:860:7.235438936881167e-07,1.3273517980745784,1.3273495344117188,2.6547006089424037
d:861:8.474331854024797e-07,1.3273518415062797,1.3273495778432476,2.654700571916342
d:862:1.0506792058606607e-06,1.3273518849379766,1.327349621274772,2.6547004555335425
d:863:8.695539692737952e-07,1.3273519283696693,1.327349664706292,2.6547007235219917
d:864:1.0188920218645592e-06,1.3273517841880558,1.3273497081378076,2.6547004734338415
d:865:6.20991953859118e-07,1.3273518064791792,1.3273497515693187,2.654700937056544
d:866:8.034338385698447e-07,1.3273518287702886,1.3273496849023105,2.6547007102387603
d:867:1.446902005763917e-06,1.3273516814463475,1.3273497283338243,2.654699962878166
d:868:9.765156310237444e-07,1.3273517248780653,1.3273496616667506,2.654700410029185
d:869:1.0839708872723008e-06,1.3273517471691734,1.3273495949996037,2.65470025819789
d:870:6.29972537691259e-07,1.327351790600902,1.3273495283323846,2.654700688960749
d:871:7.701199367105005e-07,1.327351834032626,1.3273495717639145,2.654700635676604
d:872:4.6939425990544237e-07,1.327351856323751,1.32734961519544,2.654701002124931
d:873:4.403073021741477e-07,1.3273518997554865,1.3273494678715796,2.6547009273197637
d:874:9.931747597669016e-07,1.327351922046613,1.3273495113031,2.654700440174953
d:875:5.511676630653994e-07,1.3273519443377255,1.3273495547346157,2.654700947904678
d:876:6.568351413882567e-07,1.3273519877694873,1.32734948806734,2.6547008190016856
d:877:1.14848830135017e-06,1.3273520100606016,1.3273495314988581,2.6547003930711583
d:878:1.2824456905313752e-06,1.3273520323517018,1.3273494648315167,2.654700214737528
d:879:1.3667359231028797e-06,1.32735207578349,1.3273493981641025,2.6547001072116694
d:880:1.3863849823714247e-06,1.3273521192152733,1.327349331496615,2.654700064326906
d:881:1.7199473898443784e-06,1.327352141506391,1.3273493749281495,2.654699796487151
d:882:9.657813073715715e-07,1.327352184938185,1.3273493082605965,2.654700527417474
d:883:8.960629549470411e-07,1.3273522072293042,1.3273492415929709,2.65470055275932
d:884:9.623606658237804e-07,1.3273520630474687,1.3273491749252722,2.654700275612075
d:885:1.2627004628562588e-06,1.3273520853385712,1.3273490276011495,2.654699850239258
d:886:1.2602225831770397e-06,1.3273519380143997,1.3273488834152645,2.6546995612070807
d:887:8.122993508941079e-07,1.3273519814462196,1.3273489057064403,2.654700074853309
d:888:6.786031412353566e-07,1.3273520037373205,1.3273489279976018,2.654700253131781
d:889:8.047672315214527e-07,1.3273520260284077,1.3273489502887494,2.6547001715499254
d:890:5.336799540067716e-07,1.3273520483194814,1.327348806102683,2.65470032074221
d:891:8.087181764260265e-07,1.3273520917513426,1.3273488283938144,2.6547001114269806
d:892:7.205714207536573e-07,1.3273521140424178,1.327348850684932,2.654700244155929
d:893:6.738107938275562e-07,1.3273521574742901,1.327348706498686,2.654700190162182
d:894:8.002680011998109e-07,1.3273522009061578,1.3273485623122663,2.654699962950423
d:895:6.989768541743047e-07,1.3273522443380217,1.3273484181256723,2.6546999634868396
d:896:4.7457968310737897e-07,1.327352287769881,1.3273484615572968,2.6547002747474946
d:897:7.498344851697425e-07,1.3273523100610036,1.3273484838484082,2.654700044074927
d:898:9.061196828419327e-07,1.3273523323521124,1.3273485272800443,2.654699953512474
d:899:9.950192096930266e-07,1.327352375783998,1.3273485707116754,2.6546999514764638
d:900:1.0761034001660619e-06,1.3273524192158792,1.327348593002804,2.654699936115283
d:901:1.3028939811476903e-06,1.3273524415070048,1.3273486152939185,2.654699753906942
d:902:1.5899609850933416e-06,1.3273524637981167,1.3273486375850192,2.6546995114221508
d:903:1.1959778358772155e-06,1.327352319616062,1.327348659876106,2.654699783514332
d:904:1.157729518475037e-06,1.3273523419071576,1.3273485125516793,2.6546996967293186
d:905:1.9819598815473682e-06,1.3273521945827558,1.3273485559833669,2.654698768606241
d:906:1.5307350538229514e-06,1.3273522168738348,1.3273485994150502,2.654699285553831
d:907:1.9042220897880213e-06,1.3273522391648997,1.3273485327472845,2.654698867690094
d:908:1.7067958051342202e-06,1.3273522614559508,1.3273485761789705,2.6546991308391163
d:909:1.0180023504169355e-06,1.327352283746988,1.3273485095111388,2.6546997752557764
d:910:1.3877241697990428e-06,1.3273523271789713,1.3273484428432343,2.654699382298036
d:911:5.477105746720667e-07,1.32735234947001,1.3273484862749296,2.654700288034365
d:912:6.718649059322956e-07,1.3273523929020044,1.3273484196069592,2.6547001406440573
d:913:7.225220692852474e-07,1.3273524151930447,1.3273483529389163,2.6547000456098915
d:914:9.58315014454314e-07,1.3273524586250498,1.3273482862708006,2.654699786580836
d:915:7.220845241739937e-07,1.3273524809160917,1.3273482196026118,2.6546999784341794
d:916:5.256952051446717e-07,1.3273525032071196,1.3273481529343507,2.654700130446265
d:917:1.048559505889557e-06,1.3273525254981338,1.3273480862660167,2.6546995632046446
d:918:7.857100352559598e-07,1.327352547789134,1.327348129697749,2.6546998917768474
d:919:4.597530871564004e-07,1.3273525912211965,1.3273480630293488,2.654700194497458
d:920:7.24507065008595e-07,1.3273524438965834,1.327347996360876,2.6546997157503944
d:921:1.4551659073269718e-06,1.3273524661875822,1.3273479296923305,2.6546989407140056
d:922:1.0476684586535612e-06,1.3273525096196552,1.3273478630237123,2.654699324974909
d:923:6.754891903604232e-07,1.3273525530517234,1.3273477156989546,2.6546995932614874
d:924:1.000708037324216e-06,1.3273525964837871,1.3273477379901624,2.654699333765912
d:925:1.5394833239312788e-06,1.3273526399158464,1.3273475938031947,2.654698694235717
d:926:9.167800505416324e-07,1.3273526833479015,1.327347616094386,2.654699382662237
d:927:1.0546865372162983e-06,1.3273527056389633,1.3273474719072418,2.654699122859668
d:928:1.1597450373379559e-06,1.3273527279300117,1.327347327719923,2.654698895904897
d:929:1.4053944128455953e-06,1.327352771362093,1.3273473711517068,2.654698737119387
d:930:1.1411396148020003e-06,1.3273527936531428,1.327347393442895,2.654699045956423
d:931:5.81887277029125e-07,1.3273528370852352,1.3273474368746898,2.654699692072648
d:932:1.2444487214047228e-06,1.3273528593762867,1.3273474803064802,2.6546990952340455
d:933:6.379871768658063e-07,1.327352881667324,1.3273475025976853,2.6546997462778323
d:934:8.85933182370735e-07,1.3273529039583476,1.3273475460294868,2.6546995640546522
d:935:1.2492858316726085e-06,1.3273529473904815,1.3273475894612836,2.654699287565933
d:936:1.3033787893412807e-06,1.3273528000656627,1.3273476328930762,2.65469912957995
d:937:1.223388599758124e-06,1.3273527333978967,1.3273476551843135,2.6546991651936103
d:938:1.810620931852469e-06,1.3273527768300326,1.327347677475537,2.654698643684638
d:939:1.2148137624734545e-06,1.3273527101622014,1.3273476997667466,2.6546991951151853
d:940:1.3177359723393067e-06,1.3273527535943395,1.3273477220579424,2.6546991579163097
d:941:1.3139182750698808e-06,1.3273527970264734,1.327347765489792,2.6546992485979906
d:942:1.4833930799262873e-06,1.3273528404586028,1.3273477877809894,2.654699144846512
d:943:9.203752089348427e-07,1.3273528838907278,1.3273476404559648,2.6546996039714834
d:944:5.615512179701909e-07,1.327352817222851,1.3273474962684322,2.6546997519400652
d:945:1.0456374157641335e-06,1.3273527505549012,1.3273475185596102,2.6546992234770954
d:946:1.249842382033961e-06,1.327352683886879,1.3273475408507742,2.6546989748952714
d:947:8.733746663658337e-07,1.3273527273190204,1.3273475842826647,2.6546994382270186
d:948:5.514299541431456e-07,1.327352660650932,1.3273476277145506,2.6546997369355285
d:949:9.514230607798879e-07,1.3273527040830762,1.327347671146432,2.654699423806447
d:950:1.2094358359249213e-06,1.3273526374149218,1.3273476934376285,2.6546991214167144
d:951:1.2096658670301963e-06,1.3273526808470684,1.3273477157288114,2.6546991869100127
d:952:9.2132210438578e-07,1.3273527242792102,1.3273477380199799,2.6546995409770857
d:953:6.945651440659617e-07,1.3273527677113477,1.327347760311135,2.6546998334573386
d:954:1.6436402554553808e-06,1.3273527010431416,1.3273478037430735,2.6546988611459597
d:955:7.309165037661103e-07,1.3273525537180442,1.327347847175008,2.6546996699765484
d:956:5.666222677724875e-07,1.3273525971501834,1.3273478694661796,2.654699899994095
d:957:7.554764880346454e-07,1.3273526194414116,1.3273477221409324,2.6546995861058558
d:958:1.5620204112387626e-06,1.3273526628735617,1.327347765572877,2.654698866426027
d:959:1.1101353352138688e-06,1.3273527063057073,1.327347809004817,2.654699405175189
d:960:1.3020288305298777e-06,1.3273527285969524,1.3273478312960032,2.654699257864125
d:961:1.2890240710383694e-06,1.3273527508881837,1.3273478747279541,2.6546993365920666
d:962:1.1742250478619098e-06,1.3273527731794008,1.3273479181599006,2.6546995171142536
d:963:6.622194894667643e-07,1.3273528166115884,1.3273479404511037,2.6547000948432027
d:964:1.5259682721868728e-06,1.3273526724291278,1.3273479627422926,2.654699109203148
d:965:1.6353429415083554e-06,1.3273526947203442,1.3273480061742657,2.6546990655516685
d:966:1.844345178803053e-06,1.3273527170115464,1.3273480496062342,2.654698922272602
d:967:1.472481617081911e-06,1.327352572828907,1.3273480718974402,2.65469917224473
d:968:1.0049964060954153e-06,1.3273524286460934,1.3273480941886322,2.6546995178383197
d:969:8.023812947399733e-07,1.327352450937277,1.3273481164798107,2.654699765035793
d:970:1.3991271705648956e-06,1.3273523067542867,1.327348138770975,2.654699046398091
d:971:9.848085023023145e-07,1.3273521594289113,1.3273481822030007,2.65469935682341
d:972:8.938745117426095e-07,1.327352202861138,1.3273480348775484,2.654699343864175
d:973:6.986977529876981e-07,1.3273522462933602,1.3273480571687115,2.6546996047643185
d:974:1.1580048777659613e-06,1.3273522685845554,1.3273480794598609,2.6546991900395387
d:975:8.080546307631664e-07,1.3273521244013686,1.3273479352720705,2.6546992516188084
d:976:1.3613069529405664e-06,1.3273519802180078,1.3273477910841058,2.6546984099951607
d:977:1.185990716745522e-06,1.327352002509184,1.3273476468959673,2.6546984634144346
d:978:1.216312024876487e-06,1.327351858325647,1.327347669187095,2.654698311200717
d:979:8.205327728383338e-07,1.327351714141935,1.327347691478209,2.654698585087371
d:980:6.171720010605952e-07,1.3273515699580498,1.3273475472898912,2.65469850007594
d:981:1.5655169463002494e-06,1.3273514257739902,1.327347590721971,2.6546974509790147
d:982:8.197535619203222e-07,1.3273512815897563,1.3273476130130843,2.6546980748492786
d:983:1.0861354802216283e-06,1.3273511374053484,1.3273476353041835,2.6546976865740515
d:984:1.1097655243652582e-06,1.3273511596964958,1.3273476575952685,2.65469770752624
d:985:1.1117114455672095e-06,1.3273511819876291,1.3273477010273904,2.654697771303574
d:986:1.2697365883163059e-06,1.3273512042787483,1.3273475537016621,2.6546974882438223
d:987:9.831144018868088e-07,1.3273510600941592,1.327347409513143,2.6546974864929003
d:988:1.3394608173733502e-06,1.3273510823852621,1.3273472653244496,2.654697008248894
d:989:1.5825451282758252e-06,1.3273509382004958,1.3273472876155286,2.654696643270896
d:990:8.83890850733593e-07,1.3273507940155556,1.3273473310476598,2.654697241172365
d:991:5.598260175432301e-07,1.3273506466897762,1.32734735333874,2.654697440202499
d:992:7.944365303380607e-07,1.3273506689808572,1.3273473967708822,2.654697271315209
d:993:1.1950314049435917e-06,1.3273507124131765,1.32734744020302,2.654696957584792
d:994:1.1849907299854578e-06,1.3273507558454916,1.3273474836351533,2.654697054489915
d:995:9.660066622174668e-07,1.3273507781365899,1.3273475270672823,2.65469733919721
d:996:4.7625117005622997e-07,1.3273508215689156,1.3273475704994069,2.6546979158171524
d:997:5.701845560146523e-07,1.3273508650012371,1.3273476139315268,2.654697908748208
d:998:1.120527068909638e-06,1.3273509084335542,1.3273476573636425,2.6546974452701275
d:999:5.628410755242896e-07,1.3273509518658666,1.3273477007957535,2.6546980898205446
d:1000:7.300526183584566e-07,1.327350995298175,1.3273477230869435,2.6546979883325
