data: dataset/foma/
d:1:0.0761810516491166,1.3838833972383917,1.3838835106588092,2.6915858562480843
d:2:0.048439649073689584,1.3838834192334322,1.3838835298825876,2.71932730004233
d:3:0.03350374454612437,1.383883441228468,1.38388354910636,2.7342632457887035
d:4:0.025064837509654048,1.383883463223499,1.383883532331471,2.742702158045316
d:5:0.020288726266259882,1.383883485218525,1.3838835515552423,2.7474783105075073
d:6:0.01757283000657539,1.3838835072135462,1.3838835707790078,2.7501942479859784
d:7:0.015848933806427823,1.3838835292085625,1.3838835927740756,2.7519181881762105
d:8:0.014567065647220545,1.3838835512035745,1.3838835759991808,2.7532000615555345
d:9:0.011629200603739953,1.383883573198581,1.3838835979942479,2.756137970589089
d:10:0.00912879064262695,1.383883595193583,1.3838836199893108,2.758638424540267
d:11:0.0067992637111298215,1.38388361718858,1.3838836032144048,2.760967956691855
d:12:0.004899696323386493,1.3838836391835723,1.3838836252094677,2.7628675680696535
d:13:0.0034663879118075336,1.3838836611785594,1.383883644433263,2.7643009177000146
d:14:0.0025198124440697356,1.3838836804024124,1.3838836664283276,2.7652475343866705
d:15:0.0020070306862600695,1.3838836996262598,1.3838836856521244,2.7657603545921243
d:16:0.0017840734103589106,1.3838837188501014,1.3838836688772167,2.765983314316959
d:17:0.0017270582625741326,1.3838837408451046,1.3838836521022895,2.7660403346848197
d:18:0.0017291794584823883,1.3838836441903846,1.3838836713260894,2.7660381360579915
d:19:0.0017272926640483632,1.3838836634142262,1.3838835799006932,2.766039950650871
d:20:0.001895646391599115,1.3838835719887597,1.3838836018957752,2.7658715274929357
d:21:0.002775806534753844,1.383883591212595,1.3838836238908525,2.7649914085686937
d:22:0.004035078127650138,1.3838836104364252,1.383883645885925,2.7637321781947
d:23:0.002844867134108142,1.3838835137816121,1.3838836291109933,2.7649222757584972
d:24:0.002051429399140936,1.3838835330054355,1.383883651106065,2.7657157547123594
d:25:0.0015503175678563963,1.383883552229253,1.3838836343311183,2.766216868992515
d:26:0.00117326572575438,1.383883455574356,1.383883653554948,2.7665938434035495
d:27:0.0008740762809695823,1.383883474798167,1.3838836367799856,2.766893035297183
d:28:0.0006159631562483447,1.3838834940219724,1.383883620005004,2.767151150870728
d:29:0.0004354549877185754,1.3838834772471575,1.3838836032300024,2.7673316254894416
d:30:0.00034858639157464566,1.3838833858215924,1.3838835864549814,2.767418385884999
d:31:0.0003599979640167561,1.383883369046755,1.3838836056788228,2.7674069767615608
d:32:0.0004344360601504782,1.3838833910418078,1.3838835889037868,2.7673325438854444
d:33:0.00045767147281816634,1.3838834102656226,1.3838836108988946,2.767309349691699
d:34:0.00045433066399658273,1.383883393490774,1.3838835941238434,2.767312656950621
d:35:0.00038380925314696057,1.3838833767159062,1.383883616118951,2.76738318358171
d:36:0.0003046570138640625,1.383883395939724,1.3838835246934533,2.7674622636193136
d:37:0.00022648392029056552,1.3838833791648408,1.383883546688556,2.767540441933106
d:38:0.00017154878960434772,1.3838833983886571,1.3838835299134913,2.767595379512544
d:39:0.00015800642331642578,1.3838833816137588,1.3838835519085932,2.7676089270990354
d:40:0.00019660166225721198,1.383883364838841,1.3838835711324686,2.767570334309052
d:41:0.00027014429296068343,1.3838833840626599,1.3838835903563385,2.7674968301260376
d:42:0.0003515384437280389,1.3838834032864735,1.3838836123514495,2.767415477194195
d:43:0.00046464175912186434,1.3838834225102816,1.3838835955763829,2.767302376327543
d:44:0.00029530175132475023,1.383883444505393,1.383883614800258,2.7674717575543264
d:45:0.00017924341110875375,1.383883466500499,1.3838835980251762,2.767587821114567
d:46:0.0001307513275516925,1.383883488495601,1.38388361724905,2.7676363544170997
d:47:0.00010442808701105477,1.3838835077194236,1.383883639244179,2.767662718876591
d:48:0.00010224183882723281,1.3838835269432403,1.383883661239303,2.767664946343716
d:49:0.00011078726442859121,1.383883510168338,1.3838836444642149,2.7676563673681245
d:50:0.0001295408043286983,1.383883493393416,1.383883663688101,2.767637616277188
d:51:0.00013613486888885973,1.3838834019677475,1.3838836829119812,2.76763095001084
d:52:0.00011961610614941165,1.3838833851928032,1.3838837021358559,2.7676474712225096
d:53:8.90703777591817e-05,1.3838834071879267,1.3838836853607612,2.7676780221709287
d:54:6.299137563070545e-05,1.3838833904129675,1.3838835939351681,2.7677039929725047
d:55:4.703221094448651e-05,1.3838834124080908,1.3838834972803626,2.767719877477509
d:56:4.2978346350697194e-05,1.3838834316319326,1.3838834006254739,2.767723853911056
d:57:4.686780349727471e-05,1.3838834536270577,1.383883422620621,2.7677200084441815
d:58:5.9798258704724105e-05,1.3838834728509009,1.3838834418444987,2.7677071164366946
d:59:6.662124408096659e-05,1.3838834948460281,1.3838834638396478,2.7677003374415947
d:60:6.6435181099056e-05,1.3838835140698722,1.3838834858347921,2.7677005647235653
d:61:5.4327803423515064e-05,1.3838835332937105,1.3838835050586782,2.7677127105489654
d:62:4.94029755597758e-05,1.3838835552888467,1.3838835270538243,2.767717679367111
d:63:3.322516727566338e-05,1.3838835385139032,1.3838835490489658,2.7677338623955934
d:64:2.4332588709263803e-05,1.3838835217389398,1.3838835682728596,2.76774275742309
d:65:2.6959988908448196e-05,1.3838835409627879,1.383883587496748,2.767740168470627
d:66:2.9768580559697e-05,1.3838835241878091,1.3838836067206302,2.7677373623278796
d:67:3.376638685148592e-05,1.3838835461829613,1.3838836259445066,2.7677334057406164
d:68:3.630039489976866e-05,1.3838834547571977,1.3838836479396708,2.7677308023019687
d:69:3.1586695099949935e-05,1.383883473981051,1.38388366993483,2.767735557220781
d:70:2.5363040865755693e-05,1.3838834932048982,1.3838836919299844,2.767741822094017
d:71:1.758363690029796e-05,1.3838834764299106,1.3838837139251337,2.767749606718144
d:72:1.4096290030796155e-05,1.383883459654903,1.3838837359202782,2.7677530992851502
d:73:1.1366683729807647e-05,1.3838834428798763,1.3838836444945872,2.7677557206907335
d:74:1.3147900570942284e-05,1.38388342610483,1.3838836277195323,2.7677539059237914
d:75:1.537526481198981e-05,1.3838834481000082,1.383883649714676,2.7677517225498725
d:76:1.688614697625823e-05,1.3838834673238738,1.383883632939606,2.7677502141165036
d:77:1.475802377282065e-05,1.3838834893190544,1.3838836161645163,2.7677523474597976
d:78:1.47470053462051e-05,1.3838835085429213,1.383883599389407,2.767752360926982
d:79:1.3030358607668546e-05,1.3838835305381034,1.3838836186133356,2.767754118792831
d:80:8.358352780124534e-06,1.3838835137630598,1.3838836018382115,2.767758757248491
d:81:5.848234799543661e-06,1.383883532986932,1.3838835850630673,2.7677612698151997
d:82:6.4262034253914635e-06,1.3838835162118728,1.3838835682879038,2.767760658296351
d:83:5.607777937122194e-06,1.3838835382070664,1.3838835875118396,2.767761517940969
d:84:8.435872436152181e-06,1.3838834467812062,1.3838835707366608,2.767758581645431
d:85:8.254887754244322e-06,1.3838834687763946,1.383883553961462,2.7677587678501023
d:86:8.299788119447982e-06,1.3838834880002786,1.3838835731854013,2.7677587613975603
d:87:5.634300747736631e-06,1.383883507224157,1.383883595180597,2.7677614681040064
d:88:4.985251913058875e-06,1.3838835292193543,1.3838835784053878,2.767762122372829
d:89:3.918792500723356e-06,1.3838835512145462,1.3838835976293322,2.767763230051378
d:90:2.7545153882257978e-06,1.3838835732097339,1.383883616853271,2.7677644355476168
d:91:3.7548049141022943e-06,1.383883592433627,1.38388363884848,2.7677634764771932
d:92:4.171883458692349e-06,1.3838836144288165,1.3838835474226814,2.767762989968039
d:93:3.105671945835553e-06,1.383883633652711,1.383883566646621,2.767764094627386
d:94:4.592975926698273e-06,1.3838835369976035,1.3838835858705547,2.7677625298922317
d:95:4.093567429919176e-06,1.3838835562214913,1.3838834892155167,2.767762951869578
d:96:3.2511906646881528e-06,1.3838835754453733,1.3838835112107337,2.7677638354654426
d:97:1.4797303657942962e-06,1.3838834840194247,1.3838835332059458,2.7677655374950048
d:98:1.1931500898398895e-06,1.383883506014629,1.3838835524298865,2.7677658652944257
d:99:1.5405885056551938e-06,1.3838835280098283,1.383883571653822,2.7677655590751447
d:100:1.2163820581889695e-06,1.3838835472337179,1.3838835908777514,2.767765921729411
d:101:2.978564518141269e-06,1.3838835664576015,1.3838836128729792,2.7677642007660626
d:102:1.7494704906972913e-06,1.3838835884528096,1.3838836348682024,2.7677654738505213
d:103:2.0525382553593374e-06,1.3838836076766947,1.3838836568634205,2.76776521200186
d:104:2.9117058244487737e-06,1.3838836269005739,1.383883676087365,2.7677643912821144
d:105:1.9509483557555996e-06,1.3838836488957909,1.3838836980825848,2.76776539603002
d:106:1.5606028163084318e-06,1.383883670891003,1.3838837173065304,2.767765827594717
d:107:1.2877674775424452e-06,1.3838836901148903,1.38388373653047,2.7677661388778825
d:108:1.2120558143813298e-06,1.3838837121101044,1.3838836451045813,2.767766145158871
d:109:1.128627217461542e-06,1.383883731333993,1.3838836283294185,2.7677662310361937
d:110:1.663215401848106e-06,1.3838837533292092,1.3838835316742777,2.767765621788085
d:111:1.5775781370130915e-06,1.3838836566739998,1.3838834350190543,2.767765514114917
d:112:1.4715718679170209e-06,1.38388363989902,1.3838833383637483,2.7677655066909006
d:113:1.6336963337693078e-06,1.3838836231240204,1.3838832417083595,2.767765231136046
d:114:1.3141832564400602e-06,1.3838836063490012,1.38388326370359,2.767765555869335
d:115:8.488404259487936e-07,1.3838836255729028,1.3838832856988161,2.767766062431293
d:116:1.2137730802663782e-06,1.3838835341468558,1.3838833076940371,2.7677656280678127
d:117:1.8154402225967203e-06,1.3838835561420866,1.3838833269179922,2.767765067619856
d:118:8.151182684379421e-07,1.3838835781373127,1.3838833489132147,2.767766111932259
d:119:7.671403410292044e-07,1.3838835613622842,1.383883370908433,2.7677661651303764
d:120:1.1851042516219934e-06,1.3838835445872364,1.3838833929036463,2.767765752386631
d:121:7.092828533394879e-07,1.383883563811154,1.3838834148988548,2.7677662694271556
d:122:6.337310924919848e-07,1.383883547036091,1.3838834341228314,2.76776634742783
d:123:7.755971318523791e-07,1.3838835302610084,1.3838834533468023,2.767766208010679
d:124:1.0262312124531547e-06,1.383883513485906,1.3838834753420197,2.7677659625967133
d:125:6.138819421686037e-07,1.3838835327098313,1.3838834973372323,2.7677664161651214
d:126:5.358142654010578e-07,1.383883515934714,1.3838835165612111,2.7677664966816597
d:127:7.261666925550969e-07,1.3838834991595768,1.3838835385564254,2.7677663115493094
d:128:7.424299672820212e-07,1.3838835183835048,1.3838834471304204,2.767766223083958
d:129:1.369007412321821e-06,1.3838835376074272,1.3838834303552852,2.7677655989553003
d:130:6.417280142834159e-07,1.383883559602707,1.383883333699793,2.767766251574486
d:131:5.498334996190124e-07,1.3838835815979822,1.3838833556950063,2.767766387459489
d:132:6.765704108069315e-07,1.3838836008219126,1.383883374918996,2.7677662991704977
d:133:4.3391686999072476e-07,1.383883509395766,1.3838833941429802,2.767766469621876
d:134:4.5499031031681625e-07,1.3838835313910427,1.3838834161382023,2.767766492538935
d:135:5.626140731074258e-07,1.3838835533863145,1.3838834381334193,2.7677664289056607
d:136:5.891345535857795e-07,1.3838835726102525,1.3838834601286316,2.7677664436043306
d:137:8.325460023606013e-07,1.3838835946055266,1.3838834821238393,2.7677662441833637
d:138:7.282463969637831e-07,1.3838836138294652,1.383883501347845,2.7677663869309135
d:139:8.000025712995296e-07,1.3838836358247415,1.3838835233430544,2.7677663591652246
d:140:7.906402945678792e-07,1.3838836578200124,1.3838835425670615,2.7677664097467796
d:141:4.45081149269555e-07,1.3838836770439595,1.3838835645622731,2.7677667965250836
d:142:3.8493870002653807e-07,1.3838836990392327,1.383883583786281,2.7677668978868137
d:143:4.815004936986611e-07,1.3838836023838794,1.3838836030102835,2.7677667238936694
d:144:5.182393376657046e-07,1.3838835057284435,1.3838836250055038,2.7677666124946096
d:145:5.717728566168034e-07,1.38388352495239,1.3838836470007192,2.7677666001802526
d:146:5.056991692065083e-07,1.3838835441763304,1.38388366899593,2.767766707473091
d:147:6.038092772442383e-07,1.3838834475208106,1.3838836882199472,2.7677665319314806
d:148:3.5514795904134644e-07,1.3838834667447442,1.3838835967938485,2.7677667083906337
d:149:6.186845706857014e-07,1.3838834499696506,1.383883618789061,2.767766450074141
d:150:4.5602275466904985e-07,1.383883469193583,1.3838836380130788,2.767766651183907
d:151:3.7961690768639755e-07,1.3838834884175102,1.3838836600082933,2.7677667688088956
d:152:6.151879508031755e-07,1.3838833969912547,1.3838836792323121,2.7677664610356163
d:153:5.20040118079379e-07,1.3838834162151756,1.3838836624572446,2.767766558632302
d:154:3.148760394644512e-07,1.3838834382104874,1.383883645682157,2.767766769016605
d:155:7.305839240245859e-07,1.3838834602057941,1.3838836676773827,2.767766397299253
d:156:6.734815110043257e-07,1.3838834822010961,1.383883689672603,2.7677664983921884
d:157:4.0102573972689015e-07,1.3838835041963933,1.383883672897505,2.7677667760681586
d:158:4.807554421226712e-07,1.3838834075407733,1.3838836948927253,2.7677666216780565
d:159:4.979654892878216e-07,1.3838833108850706,1.3838836781176123,2.7677664910371935
d:160:7.710854430520442e-07,1.3838833301090114,1.3838837001128321,2.7677662591364007
d:161:3.994595245693233e-07,1.3838833493329465,1.38388371933689,2.767766669210312
d:162:4.127429540368155e-07,1.3838832526771596,1.3838837025617665,2.767766542495972
d:163:2.4993777092419123e-07,1.3838831612508016,1.3838837245569928,2.7677666358700233
d:164:2.6923677909351795e-07,1.3838831444757125,1.3838837437810563,2.7677666190199894
d:165:5.334981305615827e-07,1.383883163699645,1.3838837630051137,2.767766393206628
d:166:6.485792236610166e-07,1.3838831829235714,1.3838837822291659,2.7677663165735136
d:167:6.421754363827858e-07,1.3838832021474925,1.383883690802972,2.7677662507750282
d:168:7.296954303015468e-07,1.3838832213714076,1.383883674027843,2.7677661657038204
d:169:4.953220775760769e-07,1.3838832433667432,1.3838836932518934,2.7677664412965592
d:170:4.198862133542036e-07,1.3838832653620738,1.3838837152471466,2.767766560723007
d:171:5.07307499120202e-07,1.3838832873574,1.3838837372423947,2.7677665172922956
d:172:4.514107914133092e-07,1.3838833065813299,1.38388372046726,2.7677665756377987
d:173:4.403233329064449e-07,1.3838832898062565,1.3838837036921054,2.767766553175029
d:174:5.086907171047983e-07,1.3838833090301852,1.383883686916931,2.767766487256399
d:175:3.602271907432453e-07,1.3838832922550968,1.3838837089121883,2.7677666409400943
d:176:5.55697451165571e-07,1.3838832754799886,1.3838837309074405,2.767766450689978
d:177:7.052155379660974e-07,1.383883297475337,1.3838837501315253,2.7677663423913246
d:178:3.131497519071047e-07,1.3838832807002137,1.3838837693556043,2.7677667369060663
d:179:3.2231291147155616e-07,1.383883263925071,1.3838837885796775,2.767766730191837
d:180:3.6507787903872213e-07,1.383883247149909,1.3838838078037452,2.767766689875775
d:181:3.381456306073005e-07,1.38388326637386,1.383883791028578,2.7677667192568074
d:182:7.763398763849239e-07,1.383883288369224,1.3838838130238567,2.7677663250532043
d:183:6.688110754105026e-07,1.3838831969427647,1.3838838322479299,2.767766360379619
d:184:1.6312437889354214e-07,1.3838832189381234,1.3838838514719976,2.767766907285742
d:185:3.870397535798986e-07,1.3838832381620823,1.3838838346968236,2.767766685819152
d:186:6.302344597308718e-07,1.383883260157443,1.3838838566921163,2.7677664866150997
d:187:4.2697503310762386e-07,1.3838832821527989,1.3838838399169273,2.767766695094693
d:188:6.63606511075443e-07,1.3838833013767657,1.3838837484906321,2.767766386260887
d:189:2.893098880463185e-07,1.3838832047208454,1.3838837317154213,2.7677666471263787
d:190:4.4355796635642264e-07,1.3838832239448058,1.3838836350597497,2.767766415446589
d:191:3.801467394204394e-07,1.3838831272888021,1.3838836570550455,2.767766404197108
d:192:5.74862225821704e-07,1.3838831465127557,1.3838836762791327,2.7677662479296625
d:193:5.416982205019849e-07,1.3838831297376044,1.3838836982744303,2.7677662863138144
d:194:6.336246838323234e-07,1.3838830383110474,1.3838837174985184,2.767766122184882
d:195:5.641687716995136e-07,1.3838830603064218,1.383883736722601,2.767766232860251
d:196:5.011738593019288e-07,1.3838830435312526,1.3838837587179074,2.7677663010753006
d:197:8.152440509334724e-07,1.3838830627552157,1.3838837779419908,2.7677660254531555
d:198:3.740857654754848e-07,1.383883081979173,1.3838837999372993,2.7677665078307068
d:199:4.201221277533307e-07,1.3838830652039928,1.3838838191613843,2.7677664642432496
d:200:8.811066303238135e-07,1.3838830844279486,1.3838838383854632,2.7677660417067815
d:201:4.772345985060156e-07,1.383883103651899,1.3838838576095362,2.767766484026837
d:202:6.433599963884262e-07,1.383883086876708,1.383883876833604,2.7677663203503156
d:203:3.7687482601356237e-07,1.3838830701014972,1.3838837854072163,2.7677664786338876
d:204:4.1462422339932914e-07,1.3838830893254503,1.3838838074025472,2.767766482103774
d:205:4.264576762835759e-07,1.3838831113208725,1.3838837906273675,2.7677664754905638
d:206:4.728928733044313e-07,1.3838831333162893,1.383883812622698,2.7677664730461142
d:207:3.343028081026489e-07,1.3838831553117013,1.383883834618024,2.767766655626917
d:208:2.0036654913013763e-07,1.3838831745356694,1.3838838538421099,2.76776682801123
d:209:3.8372638400119286e-07,1.383883083109021,1.3838838758374379,2.767766575220075
d:210:6.058361230465437e-07,1.3838831023329827,1.383883895061525,2.7677663915583848
d:211:3.6957998261755165e-07,1.3838831215569387,1.3838839170568547,2.7677666690338105
d:212:2.106239871402238e-07,1.3838831435523662,1.383883936280943,2.767766869209322
d:213:3.1487670026919545e-07,1.383883165547789,1.3838839555050257,2.7677668061761147
d:214:5.026152489762126e-07,1.3838831875432067,1.383883938729862,2.7677666236578196
d:215:2.70833914850499e-07,1.3838832095386198,1.3838839579539437,2.7677668966586486
d:216:4.356861533771905e-07,1.3838832287625975,1.3838838665274704,2.7677666596039145
d:217:4.1465066713541887e-07,1.3838832507580126,1.3838837698716773,2.767766605979023
d:218:4.1660125527087644e-07,1.3838832699819914,1.3838837918670261,2.7677666452477623
d:219:3.0224966041103585e-07,1.3838832919774082,1.3838838138623701,2.767766803590118
d:220:3.8260147050550586e-07,1.3838833112013884,1.3838838330864582,2.767766761686376
d:221:4.132755071495353e-07,1.3838833331968075,1.383883855081804,2.7677667750031043
d:222:5.207382560712404e-07,1.3838833551922216,1.3838838770771453,2.767766711531111
d:223:4.6054421609653673e-07,1.3838833771876309,1.3838838963012416,2.7677668129446564
d:224:4.961830155636449e-07,1.3838833991830355,1.3838839155253315,2.7677668185253514
d:225:4.037881566887336e-07,1.383883418407037,1.383883934749416,2.7677669493682964
d:226:7.477497341312755e-07,1.3838834404024434,1.3838839539734946,2.767766646626204
d:227:5.665908338059467e-07,1.383883343746305,1.3838839731975678,2.767766750353039
d:228:8.952616701307647e-07,1.3838832470900837,1.3838839924216353,2.767766344250049
d:229:6.22587394527585e-07,1.383883230314942,1.3838840144170126,2.7677666221445603
d:230:5.760601395898846e-07,1.383883138888192,1.3838840336410814,2.767766596469134
d:231:4.0840233417327454e-07,1.383883122113028,1.383884052865144,2.767766766575838
d:232:4.2364046271003986e-07,1.3838831053378444,1.383884072089201,2.767766753786583
d:233:5.456106735302058e-07,1.3838830885626414,1.383884094084594,2.7677666370365617
d:234:5.003775140899336e-07,1.3838830717874187,1.3838841160799824,2.7677666874898867
d:235:6.46908979717864e-07,1.383883091011441,1.3838840246534179,2.7677664687558794
d:236:1.7753970826817067e-07,1.3838831102354574,1.383884007878305,2.767766940574054
d:237:7.057428099699337e-07,1.3838830934602238,1.3838839911031724,2.7677663788205864
d:238:3.402841639577048e-07,1.383883112684239,1.3838840103272456,2.7677667827273207
d:239:2.316615996811322e-07,1.38388309590899,1.3838839935520981,2.7677668577994887
d:240:5.663761406538015e-07,1.3838830791337215,1.3838839767769309,2.7677664895345115
d:241:4.475854584740091e-07,1.3838830623584335,1.3838839987723388,2.767766613545314
d:242:4.294357149881023e-07,1.3838830815824559,1.3838839819971565,2.7677666341438973
d:243:7.317681802732068e-07,1.3838830648071527,1.3838840012212437,2.767766334260216
d:244:6.099138452064778e-07,1.383883086802625,1.383884023216658,2.767766500105438
d:245:3.600930145175596e-07,1.3838829953757712,1.383884006441465,2.7677666417242217
d:246:3.2348299860984753e-07,1.3838830173712386,1.3838840284368792,2.767766722325119
d:247:4.438192995337431e-07,1.383883039366701,1.3838840476609788,2.7677666432083803
d:248:4.506385593572304e-07,1.3838830613621589,1.3838840696563952,2.767766680379995
d:249:4.0906382858807433e-07,1.383883083357612,1.3838840916518065,2.76776676594559
d:250:4.2876554795512334e-07,1.3838831053530598,1.383884113647213,2.767766790234725
d:251:5.1528671862755e-07,1.383883127348503,1.3838840968720227,2.767766708933807
d:252:7.777728736613199e-07,1.3838831493439416,1.3838841160961413,2.7677664876672092
d:253:7.225542741906565e-07,1.3838831685680166,1.3838841353202542,2.767766581333997
d:254:6.352760766326071e-07,1.3838831905634572,1.3838841545443619,2.7677667098317422
d:255:4.31742867679219e-07,1.3838832097875335,1.3838840631176965,2.7677668411623624
d:256:3.9543264884756013e-07,1.383883231782976,1.3838840463424968,2.767766882692824
d:257:5.921507137962578e-07,1.383883135126613,1.383884065566602,2.7677666085425012
d:258:6.721136602827471e-07,1.3838831543506898,1.3838840847907021,2.767766567027732
d:259:6.231471445516945e-07,1.3838830576942434,1.3838841067861465,2.7677665413332453
d:260:7.207582259916023e-07,1.3838829610377141,1.3838841287815864,2.7677663690610745
d:261:6.329111088554384e-07,1.3838828643811023,1.3838841120063847,2.7677663434763784
d:262:4.701897702297231e-07,1.3838827677244077,1.3838841312304968,2.767766428765134
d:263:8.727128708585496e-07,1.3838826762974337,1.3838841504546031,2.7677659540391657
d:264:5.261186015736996e-07,1.3838826982928745,1.3838841724500561,2.767766344624329
d:265:8.742962913643737e-07,1.3838826815175929,1.3838840810233062,2.7677658882446075
d:266:3.370894203769126e-07,1.3838826647422915,1.3838839843673516,2.767766312020223
d:267:4.2012851952932806e-07,1.3838826479669704,1.3838838877113138,2.7677661155497644
d:268:5.462710714887464e-07,1.3838826311916301,1.3838837910551935,2.767765875975752
d:269:2.969996408808129e-07,1.3838826504157213,1.3838838102792979,2.767766163695378
d:270:5.205738382585423e-07,1.3838826724111826,1.3838838295033968,2.767765981340741
d:271:3.995349411312077e-07,1.3838826944066382,1.3838838514988567,2.767766146370554
d:272:6.682209372499415e-07,1.3838826776312916,1.3838838734943113,2.7677658829046656
d:273:7.531116521519721e-07,1.3838826996267477,1.3838838954897614,2.7677658420048568
d:274:6.385957567189848e-07,1.3838827216221983,1.3838839147138748,2.7677659977403164
d:275:4.746919555209672e-07,1.3838827436176444,1.3838839339379827,2.7677662028636716
d:276:7.425633090640815e-07,1.3838827628417685,1.3838839559334415,2.767765976211901
d:277:7.072820213949171e-07,1.3838827848372164,1.3838839751575507,2.7677660527127457
d:278:4.1030948505493825e-07,1.3838828068326599,1.3838839943816539,2.7677663909048285
d:279:8.088680720774732e-07,1.3838827900573205,1.3838840136057515,2.767765994795
d:280:7.130022625645438e-07,1.3838826986302495,1.3838839221788968,2.7677659078068837
d:281:8.738600234536875e-07,1.383882720625692,1.3838839441743709,2.7677657909400395
d:282:3.128776993044369e-07,1.3838827426211302,1.3838839633984692,2.7677663931419
d:283:4.922442511379188e-07,1.383882764616563,1.3838839853939457,2.7677662577662576
d:284:4.0968345293990183e-07,1.3838827838407193,1.3838839686187838,2.76776634277605
d:285:6.167326600525769e-07,1.3838828030648704,1.383883951843603,2.7677661381758134
d:286:7.889963291596302e-07,1.3838827862895307,1.3838839738390836,2.767765971132285
d:287:6.987600964514229e-07,1.3838828055136798,1.3838839570638874,2.767766063817471
d:288:6.927325642003268e-07,1.383882788738325,1.3838839790593673,2.767766075065128
d:289:6.396095790783818e-07,1.3838828107337826,1.3838840010548425,2.767766172179046
d:290:2.555755713729013e-07,1.3838827939584126,1.383883984279636,2.7677665226624772
d:291:5.936630165237489e-07,1.3838827771830233,1.383884003503773,2.7677661870237795
d:292:3.727613258064366e-07,1.383882760407614,1.3838840227279046,2.767766410374193
d:293:3.869606963746719e-07,1.3838827796317819,1.3838840419520302,2.7677664346231157
d:294:3.6315038176581993e-07,1.3838827988559441,1.3838840639475258,2.767766499653088
d:295:5.548732056048777e-07,1.383882820851424,1.383884047172317,2.7677663131505352
d:296:3.5552232668933925e-07,1.383882729424259,1.3838840303970887,2.7677664042990213
d:297:4.1296672614876684e-07,1.3838827126488407,1.3838840136218409,2.7677663133039556
d:298:5.969963043916948e-07,1.3838827346443199,1.3838839221948864,2.7677660598429017
d:299:3.2603264576991364e-07,1.3838827566397944,1.3838838255386297,2.7677662561457783
d:300:4.3906071445221073e-07,1.3838827758639751,1.3838837288822903,2.7677660656855507
d:301:7.082465294239171e-07,1.383882797859452,1.3838837508777933,2.7677658404907155
d:302:4.135611151312446e-07,1.3838828170836337,1.383883772873291,2.7677661763958095
d:303:7.884164467952814e-07,1.3838828363078097,1.3838837948687837,2.767765842760147
d:304:5.610600228855844e-07,1.3838828195323987,1.383883814092942,2.7677660725653177
d:305:4.5788682134784153e-07,1.3838828027569674,1.3838838333170944,2.7677661781872405
d:306:3.3891868111979306e-07,1.3838828219811465,1.3838838525412411,2.7677663356037066
d:307:3.92612743205234e-07,1.3838828052057004,1.3838838745367497,2.7677662871297066
d:308:5.377134679740436e-07,1.3838827884302345,1.3838838965322535,2.76776614724902
d:309:7.076465813327104e-07,1.3838827716547493,1.3838839157564085,2.7677659797645764
d:310:5.594144534271095e-07,1.383882793650264,1.383883937751914,2.7677661719877245
d:311:2.4587926006347516e-07,1.3838828156457736,1.3838839597474148,2.7677665295139287
d:312:1.040091164306034e-06,1.3838828376412788,1.383883981742911,2.7677657792930255
d:313:7.568527853329954e-07,1.3838828208657874,1.3838840009670805,2.7677660649800826
d:314:5.596962626697177e-07,1.3838828428612922,1.3838840229625786,2.767766306127608
d:315:8.691004191874185e-07,1.3838828260857856,1.383884044958072,2.7677660019434382
d:316:3.163615596157854e-07,1.3838827346585174,1.3838840669535604,2.7677664852505184
d:317:3.47356309937652e-07,1.3838827566540215,1.3838840889490438,2.7677664982467554
d:318:6.952908973012484e-07,1.3838827758782504,1.383883997521991,2.7677660781093443
d:319:5.672950567081614e-07,1.383882797873757,1.3838839008655492,2.7677661314442497
d:320:9.758813979132697e-07,1.3838828198692579,1.3838838042090247,2.7677656481968844
d:321:4.1141012863121773e-07,1.3838828418647546,1.3838838234332136,2.7677662538878396
d:322:5.437539294383953e-07,1.3838828610889982,1.3838837267766058,2.7677660441116747
d:323:6.971030797053857e-07,1.383882880313236,1.383883748772089,2.7677659319822454
d:324:5.560125742043454e-07,1.3838829023087413,1.3838837679962783,2.7677661142924452
d:325:5.209524003291222e-07,1.3838829243042419,1.3838837899917638,2.767766193343605
d:326:5.377198197820121e-07,1.3838829462997373,1.383883811987244,2.767766220567162
d:327:7.747441936878374e-07,1.3838828496428393,1.3838838312114414,2.7677659061100868
d:328:5.82445862207237e-07,1.383882868867091,1.3838838504356332,2.767766136856862
d:329:3.745665382304253e-07,1.3838828880913372,1.3838838696598188,2.7677663831846178
d:330:7.108718080850451e-07,1.3838827966639804,1.3838838916553151,2.7677659774474876
d:331:3.2351320555790153e-07,1.3838828158882204,1.383883910879502,2.767766403254517
d:332:2.9076327345833874e-07,1.3838828378837305,1.3838839301036834,2.7677664772241406
d:333:4.3420572470864727e-07,1.3838828598792365,1.3838839520991884,2.7677663777727
d:334:7.187095105720687e-07,1.3838828791034843,1.3838839740946884,2.767766134488662
d:335:5.792657362668763e-07,1.3838829010989917,1.3838839933188778,2.7677663151521332
d:336:4.842890861667115e-07,1.3838829230944947,1.383883901891719,2.7677663406971273
d:337:6.326085024710437e-07,1.3838829450899925,1.383883923887221,2.767766236368711
d:338:4.595655123118547e-07,1.3838829670854853,1.383883907112071,2.7677664146320438
d:339:3.4451488684084097e-07,1.3838829890809736,1.3838839291075726,2.7677665736736596
d:340:4.328412392951009e-07,1.3838830110764568,1.3838839483317737,2.7677665265669913
d:341:3.048659893423178e-07,1.3838830330719358,1.3838839315566136,2.76776665976256
d:342:1.8255894440599718e-07,1.3838830550674093,1.3838839147814332,2.767766787289898
d:343:6.20982278487503e-07,1.3838829584104109,1.3838839340056373,2.7677662714337696
d:344:6.410453980976172e-07,1.3838828617533296,1.3838839532298355,2.7677661739377672
d:345:6.603752367162485e-07,1.3838827703258765,1.3838839364546445,2.7677660464052845
d:346:5.340840139034242e-07,1.3838827535504392,1.3838839584501756,2.767766177916601
d:347:5.907388733739083e-07,1.3838827727747383,1.383883980445701,2.767766162481566
d:348:7.656250509135987e-07,1.3838827947702168,1.3838838890184522,2.7677659181636183
d:349:6.824894169810136e-07,1.3838827779947689,1.3838839110139731,2.767766006519325
d:350:5.360149710753603e-07,1.3838827972190737,1.3838839330094892,2.767766194213592
d:351:6.098241582819242e-07,1.383882819214559,1.3838839162342937,2.7677661256246946
d:352:3.4084279576518384e-07,1.383882841210039,1.3838839382298096,2.767766438597053
d:353:6.803615373307537e-07,1.3838828604343518,1.3838839602253201,2.7677661402981344
d:354:5.19763637907289e-07,1.3838828824298337,1.3838839822208262,2.767766344887022
d:355:4.434431604138922e-07,1.3838828656543884,1.3838839654456248,2.767766387656853
d:356:9.280084594109894e-07,1.3838828876498706,1.3838839874411304,2.7677659470825415
d:357:6.044147031758484e-07,1.3838828708744106,1.3838839706659138,2.7677662371256213
d:358:7.311978418300669e-07,1.3838828540989307,1.3838839538906778,2.7677660767917667
d:359:8.57172035129139e-07,1.383882873323264,1.3838839371154223,2.767765953266651
d:360:1.1601665370619685e-06,1.383882895318757,1.3838839203401472,2.767765655492367
d:361:4.6849742174615017e-07,1.3838829173142453,1.3838839035648525,2.7677663523816762
d:362:6.019639693377599e-07,1.3838828258866975,1.3838838867895378,2.767766110712266
d:363:4.594009515024311e-07,1.383882729229494,1.3838837953621883,2.7677660651907305
d:364:4.303281486706112e-07,1.3838827484538343,1.3838836987054175,2.767766016831103
d:365:8.625378926652161e-07,1.3838826517965472,1.3838836020485632,2.7677653913072175
d:366:8.926063652658911e-07,1.3838825551391776,1.3838836240440897,2.767765286576902
d:367:8.523025991635791e-07,1.383882458481725,1.3838836460396113,2.7677652522187373
d:368:8.410040313044931e-07,1.3838824777060572,1.3838836680351276,2.7677653047371535
d:369:5.882153120140288e-07,1.3838824609305642,1.3838836872594316,2.7677655599746838
d:370:7.772216874535331e-07,1.383882444155052,1.3838837092549505,2.767765376188315
d:371:2.8794587247915615e-07,1.383882463379387,1.3838837312504642,2.7677659066839784
d:372:2.8638752214149577e-07,1.383882482603716,1.3838837532459731,2.767765949462167
d:373:6.460224266646719e-07,1.3838825018280392,1.3838837724702917,2.767765628275904
d:374:5.358317300974136e-07,1.3838824850525202,1.383883794465803,2.767765743686593
d:375:6.059530806012958e-07,1.3838823936248537,1.383883816461309,2.767765604133082
d:376:4.588954465312156e-07,1.3838824156203815,1.3838838384568104,2.7677657951817456
d:377:3.356865669879028e-07,1.3838823988448445,1.3838838576811439,2.7677659208394214
d:378:3.5781044882554625e-07,1.3838824208403722,1.3838838796766473,2.7677659427065704
d:379:5.036580321693407e-07,1.3838824400647116,1.3838839016721456,2.7677658380788253
d:380:5.002685283805874e-07,1.383882423289164,1.3838839236676395,2.7677658466882753
d:381:6.009800990192105e-07,1.3838824065135966,1.383883945663128,2.7677657511966256
d:382:7.126988332828432e-07,1.3838824257379394,1.3838838542356806,2.767765567274787
d:383:4.6453905966359343e-07,1.3838824449622762,1.3838837575787253,2.767765738001942
d:384:8.023329276518609e-07,1.3838824669578282,1.3838837768030794,2.7677654414279798
d:385:1.025908565210898e-06,1.3838824861821664,1.3838836801460404,2.7677651404196415
d:386:5.561169760248674e-07,1.383882505406499,1.3838836993703882,2.767765648659911
d:387:5.767527575528675e-07,1.383882413978744,1.38388371859473,2.7677655558207164
d:388:4.3879732025686735e-07,1.3838824359743045,1.383883737819066,2.7677657349960505
d:389:3.275838618144178e-07,1.3838824579698603,1.383883641161942,2.7677657715479405
d:390:5.469096406862661e-07,1.3838824799654117,1.3838835445047353,2.767765477560506
d:391:9.195223720226409e-07,1.3838824991897583,1.3838834478474458,2.767765027514832
d:392:4.992979336648773e-07,1.3838825184140988,1.3838833511900739,2.767765370306239
d:393:6.77546819538577e-07,1.3838825376384343,1.3838833704144011,2.767765230506016
d:394:8.832975497696793e-07,1.3838825568627637,1.383883273756945,2.767764947322159
d:395:7.498805927319552e-07,1.383882578858337,1.3838832957524585,2.767765124730203
d:396:1.0834982173690832e-06,1.383882598082668,1.383883317747967,2.7677648323324178
d:397:1.007548001474845e-06,1.3838826200782435,1.3838833397434707,2.767764952273713
d:398:4.79616569570851e-07,1.3838825234206567,1.3838833617389694,2.7677654055430567
d:399:6.894072184238098e-07,1.3838824267629872,1.3838832703113864,2.767765007667155
d:400:4.4742749238935176e-07,1.3838823301052352,1.3838832895357338,2.7677651722134766
d:401:3.4352849587193646e-07,1.3838823133297022,1.3838833087600753,2.767765278561282
d:402:4.2337956562832346e-07,1.3838823325540357,1.3838832121025249,2.767765121276995
d:403:3.005560262892004e-07,1.3838822411261735,1.38388323132686,2.7677651718970075
d:404:3.4462572173765693e-07,1.383882263121753,1.3838832505511895,2.767765169047221
d:405:9.203610611407953e-07,1.3838822851173285,1.3838832725467098,2.767764637302977
d:406:4.402771711653486e-07,1.3838823043416693,1.3838832917710402,2.767765155835538
d:407:5.674171985603493e-07,1.3838823235660045,1.383883310995365,2.767765067144171
d:408:5.467732155928218e-07,1.3838823427903342,1.3838833302196842,2.7677651262368026
d:409:6.210518743721138e-07,1.383882362014658,1.3838833494439977,2.7677650904067814
d:410:5.924961490322289e-07,1.3838823840102557,1.3838833714395407,2.7677651629536473
d:411:4.786090812558541e-07,1.3838824032345807,1.383883390663855,2.7677653152893544
d:412:4.395719401806275e-07,1.3838824224589,1.383883409888164,2.767765392775124
d:413:3.5092397121516683e-07,1.3838824444545064,1.3838833184604913,2.7677654119910264
d:414:3.8221123244142063e-07,1.3838824664501077,1.383883301685278,2.7677653859241533
d:415:6.650866137825062e-07,1.3838824884457044,1.383883205027626,2.7677650283867163
d:416:5.011225807649566e-07,1.3838825104412962,1.3838832270231811,2.7677652363418965
d:417:3.450371073299152e-07,1.3838825324368833,1.3838832490187316,2.7677654364185074
d:418:2.955586504427288e-07,1.3838825544324653,1.3838832682430513,2.7677655271168664
d:419:5.201661057441243e-07,1.383882576428043,1.3838832902386036,2.767765346500541
d:420:9.162126257677983e-07,1.3838825956524043,1.3838833122341512,2.7677649916739298
d:421:1.0055429626731893e-06,1.3838824989945455,1.3838833314584789,2.7677648249100617
d:422:4.7965468708e-07,1.3838824023366039,1.3838833534540287,2.7677652761359455
d:423:6.600256026167983e-07,1.3838823109086427,1.3838833754495732,2.7677650263326132
d:424:9.59937100475372e-07,1.3838823301329963,1.3838833974451132,2.767764767641009
d:425:4.777713664694261e-07,1.383882352128581,1.3838834194406484,2.767765293797863
d:426:3.6554573856761863e-07,1.3838823741241606,1.3838834386649974,2.7677654472434194
d:427:3.741406171542394e-07,1.3838823961197355,1.3838833472372338,2.7677653692163524
d:428:1.013503596603016e-06,1.3838823793442687,1.3838832505794834,2.7677646164201555
d:429:4.63493772251411e-07,1.3838824013398434,1.38388315392165,2.7677650917677212
d:430:4.062694509698872e-07,1.3838823845643613,1.3838831731459917,2.7677651514409023
d:431:5.685189505832966e-07,1.3838823677888594,1.3838831923703276,2.7677649916402367
d:432:9.008410897237695e-07,1.3838823870132477,1.3838832143658768,2.767764700538035
d:433:7.384492026751843e-07,1.3838824090088335,1.3838832335902138,2.767764904149845
d:434:7.656906357844662e-07,1.3838824282332227,1.383883255585765,2.767764918128352
d:435:4.670839395259918e-07,1.3838824502288105,1.383883277581311,2.767765260726182
d:436:6.557658314143566e-07,1.3838824722243932,1.3838832968056558,2.767765113264218
d:437:5.587783555860426e-07,1.3838824554488942,1.383883318801204,2.767765215471743
d:438:5.250474908180536e-07,1.3838824774444765,1.3838833407967477,2.767765293193733
d:439:9.505811040533274e-07,1.3838824606689626,1.3838833600211002,2.7677648701089588
d:440:6.2156233049393e-07,1.3838823692409072,1.383883382016646,2.767765129695223
d:441:7.643693384906669e-07,1.3838823912364893,1.3838834040121868,2.7677650308793376
d:442:6.159809422534579e-07,1.3838824132320664,1.3838834260077222,2.7677652232588463
d:443:4.858049869049808e-07,1.3838824352276384,1.3838834480032536,2.767765397425905
d:444:7.248087490197008e-07,1.3838824544520714,1.3838834699987794,2.7677651996421018
d:445:4.518503566863785e-07,1.3838824736764985,1.383883378570918,2.7677654003970598
d:446:2.428696821432652e-07,1.3838824956720792,1.383883397795299,2.767765650597696
d:447:4.757388718523714e-07,1.3838825148965075,1.3838833810201714,2.767765420177807
d:448:4.6432502065485437e-07,1.3838825368920906,1.383883284362233,2.7677653569293033
d:449:3.503438299468087e-07,1.3838825588876686,1.3838833035866116,2.7677655121304503
d:450:3.263150207821752e-07,1.3838825808832418,1.38388332558215,2.767765580150371
d:451:5.627251895568008e-07,1.3838826001076852,1.38388334480653,2.7677653821890256
d:452:7.612185650707204e-07,1.3838826221032605,1.3838833668020702,2.7677652276867657
d:453:4.70879042424599e-07,1.3838826413277046,1.3838833860264512,2.7677655564751134
d:454:6.419186293626922e-07,1.3838826605521433,1.3838834080219937,2.7677654266555076
d:455:5.485475949029706e-07,1.3838826825477273,1.3838834300175313,2.7677655640176635
d:456:3.843043332452112e-07,1.3838827017721669,1.3838834492419203,2.767765766709754
d:457:1.0477760530314129e-06,1.3838827209966007,1.38388347123746,2.7677651444580076
d:458:4.350512128326045e-07,1.3838826243385247,1.3838834932329946,2.7677656825203067
d:459:4.878970405464145e-07,1.383882643562952,1.3838835124573918,2.7677656681233036
d:460:5.962905502698845e-07,1.3838825521348053,1.383883531681783,2.767765487526038
d:461:4.716997454856653e-07,1.3838825713592262,1.3838835509061684,2.767765650565649
d:462:4.5054987118930967e-07,1.383882593354832,1.3838835729017187,2.7677657157066795
d:463:4.0536416534564523e-07,1.3838826125792545,1.3838835948972645,2.7677658021123537
d:464:1.110132017423382e-06,1.3838826345748623,1.3838835034693098,2.7677650279121546
d:465:6.374875174408601e-07,1.3838826537992854,1.3838835254648503,2.7677655417766185
d:466:4.116901046735677e-07,1.3838826730237033,1.38388354468925,2.7677658060228487
d:467:4.152368000553963e-07,1.383882692248115,1.3838835666847926,2.767765843696108
d:468:6.839297430616398e-07,1.3838827142437384,1.3838835886803302,2.767765618994326
d:469:2.2684673828266e-07,1.3838827334681516,1.3838835719052611,2.7677660785266744
d:470:7.649220932215428e-07,1.383882755463777,1.3838835939007987,2.767765584442482
d:471:5.639834492754403e-07,1.3838827774593976,1.3838836131252175,2.767765826601166
d:472:5.341444526685279e-07,1.3838827994550134,1.383883596350138,2.7677658616606986
d:473:1.1530524348657423e-06,1.383882818679441,1.3838836155745555,2.7677652812015614
d:474:4.5858416442001726e-07,1.383882840675059,1.3838835987994607,2.7677659808903554
d:475:6.182592544590193e-07,1.3838828626706718,1.383883620795016,2.7677658652064334
d:476:3.15749803636578e-07,1.3838828818951079,1.3838836427905663,2.7677662089358708
d:477:4.43568080488177e-07,1.3838827852369282,1.3838835513625234,2.767765893031371
d:478:5.877665727460624e-07,1.3838826885786661,1.3838834547044594,2.767765555516553
d:479:3.9937478968354867e-07,1.3838827078030946,1.3838834767000041,2.7677657851283093
d:480:2.05366455396927e-07,1.383882611144749,1.3838834959244397,2.7677659017027336
d:481:7.491457649777544e-07,1.3838825197164955,1.3838835151488689,2.7677652857195993
d:482:5.319997535835341e-07,1.3838825029410953,1.3838835343732931,2.767765505314635
d:483:5.392670465731442e-07,1.3838825249367193,1.3838835535977112,2.767765539267384
d:484:4.275597236258477e-07,1.3838825441611518,1.3838835728221237,2.767765689423552
d:485:6.205366811506963e-07,1.383882527385741,1.3838835948176977,2.7677655016667573
d:486:8.754810778555111e-07,1.383882546610172,1.3838836140421111,2.7677652851712056
d:487:3.2392928162039425e-07,1.383882529834746,1.383883636037687,2.7677658419431515
d:488:4.1253827021137113e-07,1.383882551830388,1.3838836580332583,2.767765797325376
d:489:4.734897331992727e-07,1.3838825710548248,1.38388367725768,2.7677657748227715
d:490:4.3221448065011714e-07,1.3838825930504686,1.3838835858295482,2.767765746665536
d:491:2.8207705193850074e-07,1.383882576275036,1.3838835690544822,2.767765863252466
d:492:5.020216478079931e-07,1.3838825954994785,1.3838835910500595,2.76776568452789
d:493:6.3457322641014e-07,1.383882617495129,1.3838835742749787,2.7677655571968813
d:494:4.7237002043232224e-07,1.3838826394907746,1.3838835574998785,2.7677657246206326
d:495:3.495368972039614e-07,1.3838825480624297,1.3838835794954598,2.7677657780209923
d:496:5.576872790236109e-07,1.3838825312869882,1.383883562720344,2.7677655363200535
d:497:6.928340074985329e-07,1.3838825532826333,1.3838835847159254,2.7677654451645513
d:498:8.917306786315748e-07,1.3838825725070945,1.3838836067115021,2.7677652874879177
d:499:6.530496063916758e-07,1.3838825945027413,1.3838835899363757,2.767765531389511
d:500:7.59131407068736e-07,1.383882616498383,1.3838836119319518,2.767765469298928
d:501:6.986830753952233e-07,1.3838826384940206,1.3838835951568105,2.7677655349677557
d:502:4.6871363856837434e-07,1.3838826217185822,1.3838835783816499,2.7677657313865938
d:503:4.3007159922225924e-07,1.3838826409430618,1.3838834869534204,2.767765697824883
d:504:4.15877388082464e-07,1.383882624167608,1.3838835061779,2.76776571446812
d:505:6.619138379626577e-07,1.3838826073921346,1.3838834095197028,2.7677653549979992
d:506:9.919838346306165e-07,1.3838825906166419,1.383883431515289,2.7677650301480963
d:507:7.300216449124264e-07,1.3838825738411291,1.3838834507397686,2.767765294559253
d:508:5.837656935625546e-07,1.383882595836791,1.3838834727353568,2.7677654848064543
d:509:6.385938431385796e-07,1.383882617832448,1.38388349473094,2.7677654739695448
d:510:7.792812670714966e-07,1.383882637056953,1.3838835167265184,2.767765374502204
d:511:4.942563691656687e-07,1.3838826202814345,1.3838835359510129,2.767765661976078
d:512:5.135026737157489e-07,1.383882642277098,1.3838835551755018,2.7677656839499263
d:513:4.749222117794716e-07,1.383882625501564,1.3838835743999849,2.767765724979337
d:514:7.421412244745795e-07,1.3838826474972272,1.383883593624462,2.7677654989804648
d:515:6.405618426796877e-07,1.3838826694928856,1.3838836128489338,2.7677656417799765
d:516:5.575831765192163e-07,1.3838825780644377,1.3838836348445416,2.7677656553258028
d:517:9.149175217437744e-07,1.3838825612888908,1.3838836568401445,2.7677653032115135
d:518:6.442509090653914e-07,1.3838825832845483,1.3838836788357427,2.7677656178693817
d:519:5.900422270777028e-07,1.3838825665089858,1.383883700831336,2.7677656772980948
d:520:4.079965720826806e-07,1.3838825857335295,1.3838837200558294,2.767765897792787
d:521:1.0260065956835263e-06,1.383882568957952,1.383883739280317,2.767765282231673
d:522:1.1503818329039461e-06,1.3838825881824945,1.3838837585047985,2.76776519630546
d:523:4.675754419203315e-07,1.3838826074070307,1.3838837805004076,2.7677659203319966
d:524:4.933223376468732e-07,1.383882626631562,1.3838836890720865,2.767765822381311
d:525:4.674495994727579e-07,1.3838826486272515,1.383883708296569,2.7677658894742208
d:526:3.8073713737318826e-07,1.3838826318516715,1.3838837302921796,2.7677659814067135
d:527:2.419949485243933e-07,1.3838826538473603,1.3838837495166634,2.7677661613690754
d:528:5.618994629585927e-07,1.3838826758430443,1.383883768741141,2.7677658826847225
d:529:6.753398285042067e-07,1.3838826950675944,1.3838837907367607,2.7677658104645264
d:530:6.8346507209327e-07,1.3838826782920086,1.3838837739616774,2.767765768788614
d:531:6.179127911565274e-07,1.383882661516403,1.383883795957297,2.7677658395609086
d:532:6.152644611567837e-07,1.3838826835120983,1.383883815181787,2.767765883429424
d:533:5.458069836095092e-07,1.3838827027366583,1.383883798406693,2.7677659553363676
d:534:2.1946980721665454e-07,1.3838827219612122,1.3838838204023187,2.7677663228937237
d:535:8.972661693640305e-07,1.3838827439569161,1.3838838396268145,2.7677656863175613
d:536:5.441466828237651e-07,1.38388265252837,1.3838838228517099,2.7677659312333973
d:537:3.1539319245155184e-07,1.3838826357527596,1.3838838060765852,2.767766126436152
d:538:2.3069198018532688e-07,1.38388261897713,1.3838838280722223,2.767766216357372
d:539:6.31290306696286e-07,1.383882640972838,1.3838837366438095,2.7677657463263405
d:540:2.6890323612249745e-07,1.3838826601974081,1.383883758639441,2.767766149933613
d:541:4.801678947785604e-07,1.383882682193118,1.3838837806350677,2.7677659826602907
d:542:4.021588351221794e-07,1.3838827041888229,1.3838837998595865,2.767766101889574
d:543:6.045458214032351e-07,1.3838827234134012,1.3838837830844577,2.7677659019520373
d:544:2.4417161004208765e-07,1.383882745409108,1.3838838050800908,2.767766306317589
d:545:4.816005074737006e-07,1.3838827646336875,1.383883788304947,2.767766071338127
d:546:5.043429398554622e-07,1.383882783858261,1.3838837715297834,2.7677660510451045
d:547:3.976265423588643e-07,1.383882805853977,1.383883793525421,2.7677662017528553
d:548:3.214713486521248e-07,1.383882827849688,1.3838838127499606,2.7677663191283
d:549:5.955135709001524e-07,1.3838828498453941,1.3838838319744944,2.7677660863063176
d:550:6.32024946600751e-07,1.3838828718410952,1.3838838511990226,2.767766091015171
d:551:3.0872714118501676e-07,1.3838827804124632,1.3838838731946757,2.767766344879998
d:552:6.158842413839238e-07,1.383882799637058,1.3838838564195148,2.767766040172331
d:553:5.479249725048874e-07,1.3838828216327608,1.3838838756440481,2.767766149351836
d:554:4.791073040522065e-07,1.3838828436284591,1.3838838588688718,2.767766223390027
d:555:2.8144853603251363e-07,1.383882862853062,1.3838838780934042,2.76776645949793
d:556:8.402267188678536e-07,1.383882882077659,1.3838838613182127,2.767765903169153
d:557:3.74814338677254e-07,1.383882904073366,1.3838838833138882,2.7677664125729153
d:558:6.382675108440594e-07,1.3838829260690684,1.3838839053095588,2.7677661931111164
d:559:4.3822427731043945e-07,1.3838829452936732,1.3838839245341035,2.7677664316034996
d:560:5.277192034469635e-07,1.3838829645182726,1.383883833105592,2.7677662699046612
d:561:3.898852383166229e-07,1.3838829837428661,1.3838838551012644,2.7677664489588922
d:562:3.5580627599784975e-07,1.383883002967454,1.3838838770969317,2.7677665242581098
d:563:5.598221628488886e-07,1.3838829861919033,1.38388386032174,2.7677662866914803
d:564:7.159969510617259e-07,1.3838830081876328,1.3838838823174076,2.7677661745080893
d:565:9.825441500410648e-07,1.383883027412226,1.383883865542201,2.7677659104102768
d:566:8.610854655977107e-07,1.383883049407957,1.3838838875378676,2.7677660758603593
d:567:6.761876862881877e-07,1.3838830714036838,1.3838839067624422,2.7677663019784395
d:568:6.751524974646372e-07,1.3838830546281315,1.3838839259870106,2.7677663054626445
d:569:3.39053374265319e-07,1.3838829631994112,1.3838839479826865,2.7677665721287235
d:570:3.51060766234923e-07,1.3838829851951373,1.3838839672072563,2.767766601341627
d:571:6.225088564626446e-07,1.383883004419749,1.3838839864318202,2.7677663683427127
d:572:5.952873878278808e-07,1.3838830264154767,1.3838839696566205,2.7677664007847094
d:573:2.835217771668397e-07,1.3838830484111997,1.3838839528814009,2.7677667177708236
d:574:4.237000226225973e-07,1.3838830676358198,1.3838839748770944,2.7677666188128915
d:575:2.1921917037204253e-07,1.3838830896315444,1.3838839941016683,2.767766864514042
d:576:3.2819823214680355e-07,1.3838831088561656,1.3838839773264384,2.767766757984372
d:577:9.522869408584711e-07,1.3838831280807806,1.3838839605511883,2.767766136345028
d:578:7.307723159932777e-07,1.3838831473053905,1.3838838691225794,2.767766285655654
d:579:5.014192074881407e-07,1.3838831665299942,1.3838838523473074,2.767766517458094
d:580:7.779584967337883e-07,1.3838831857545926,1.383883871571888,2.767766279367984
d:581:5.587619749114481e-07,1.383883207750347,1.3838838935676039,2.7677665425559757
d:582:6.005210599902e-07,1.3838832297460966,1.3838839127921854,2.7677665420172217
d:583:5.711824413445754e-07,1.3838832489707027,1.383883934787903,2.7677666125761644
d:584:7.2399844608384e-07,1.3838832709664537,1.3838839567836159,2.7677665037516235
d:585:3.652863105330084e-07,1.3838832901910614,1.3838839760082056,2.7677669009129566
d:586:6.667505427770948e-07,1.3838833094156628,1.3838839980039204,2.7677666406690404
d:587:6.062146731267148e-07,1.3838833286402588,1.3838840199996305,2.7677667424252164
d:588:6.253104913866991e-07,1.3838833506360255,1.3838840392242282,2.767766764549762
d:589:7.667278634215791e-07,1.3838832539774217,1.38388406121994,2.767766548469498
d:590:1.0229789140225876e-06,1.3838831625486092,1.3838840444446927,2.7677661840143877
d:591:5.420343289763707e-07,1.3838831845443706,1.3838840664404044,2.7677667089504463
d:592:4.2624094609422514e-07,1.3838832037689732,1.3838840856650143,2.7677668631930414
d:593:6.720322898168263e-07,1.3838832257647364,1.3838841048896187,2.7677666586220653
d:594:4.7427938465460784e-07,1.383883208989253,1.3838841241142172,2.7677668588240856
d:595:6.847921167896232e-07,1.3838832282138611,1.3838841461099443,2.7677666895316886
d:596:1.0518877364695811e-06,1.3838832474384632,1.3838841293346997,2.7677663248854265
d:597:7.806859101400221e-07,1.3838832694342402,1.3838841513304267,2.7677666400787566
d:598:3.032823823190256e-07,1.3838832886588435,1.3838840599017268,2.767767045278188
d:599:6.373343173216028e-07,1.3838833078834412,1.3838840818974487,2.7677667524465726
d:600:9.325748564492642e-07,1.3838833298792266,1.383884101122066,2.767766498426436
d:601:4.3446576558636707e-07,1.3838833491038254,1.3838841231177899,2.7677670377558496
d:602:2.950096082976472e-07,1.3838833323283533,1.3838841423424082,2.767767179661153
d:603:5.706763763768663e-07,1.3838833155528611,1.383884125567163,2.7677668704436478
d:604:4.1187632460193413e-07,1.383883334777463,1.3838841475628936,2.767767070464032
d:605:8.865425824566842e-07,1.3838833540020592,1.3838841307876333,2.76776659824711
d:606:4.441460847992573e-07,1.3838833759978693,1.3838841500122612,2.767767081864046
d:607:3.450832815055094e-07,1.3838833592223707,1.3838841692368837,2.7677671833759727
d:608:2.4618653116093014e-07,1.3838832677934656,1.3838841884615003,2.7677672100684347
d:609:3.787384743603184e-07,1.3838832897892752,1.3838841716862336,2.767767082737034
d:610:3.9568262844014157e-07,1.383883309013883,1.3838841936819886,2.7677671070132432
d:611:3.405930733002549e-07,1.3838833282384853,1.3838841769067067,2.7677671645521187
d:612:4.3528954618565763e-07,1.3838833474630814,1.3838841601314054,2.7677670723049403
d:613:7.318089760843804e-07,1.3838833666876724,1.3838841793560364,2.767766814234733
d:614:5.365274207136395e-07,1.3838833886835045,1.3838842013518022,2.767767053507886
d:615:3.556045466979185e-07,1.3838834079080962,1.3838842233475634,2.7677672756511127
d:616:4.1357766722427414e-07,1.3838834299039304,1.3838842425722022,2.7677672588984654
d:617:4.798135915251578e-07,1.3838834518997596,1.3838841511434072,2.767767123229575
d:618:6.393757248090992e-07,1.3838834711243595,1.3838840544849433,2.767766886233578
d:619:8.438563807722232e-07,1.3838834931201909,1.3838840737095752,2.7677667229733856
d:620:3.821981957585763e-07,1.3838835151160174,1.3838840929342011,2.7677672258520225
d:621:6.621456991595664e-07,1.383883537111839,1.3838841149299768,2.7677669898961166
d:622:5.227351653758205e-07,1.3838835591076557,1.3838841369257482,2.7677671732982385
d:623:8.476746184982176e-07,1.3838835783322772,1.3838841589215145,2.767766889579173
d:624:6.748154701696762e-07,1.3838834816735406,1.383884180917276,2.7677669877753464
d:625:9.033139170000481e-07,1.3838833850147219,1.3838842029130325,2.7677666846138376
d:626:3.2876181155216955e-07,1.3838833682392613,1.3838842249087842,2.767767264386234
d:627:4.472943087030501e-07,1.383883276810255,1.3838842469045316,2.7677670764204776
d:628:4.719894262095181e-07,1.3838832988060765,1.3838842689002735,2.767767095716924
d:629:2.9921613675654157e-07,1.3838833208018935,1.3838842881249487,2.7677673097107056
d:630:6.210524801097961e-07,1.3838833427977053,1.3838843101206928,2.767767031865918
d:631:3.696136894326685e-07,1.3838833647935127,1.3838843293453689,2.767767324525192
d:632:7.355210880355401e-07,1.383883386789315,1.383884351341115,2.7677670026093417
d:633:3.459423720819643e-07,1.3838834087851128,1.3838842599122305,2.7677673227549713
d:634:4.781848286228296e-07,1.3838834307809054,1.3838841632536665,2.767767115849743
d:635:3.568330697589772e-07,1.383883414005454,1.3838841852494066,2.7677672424217907
d:636:2.7134814128970675e-07,1.383883433230124,1.3838842044740896,2.7677673663560722
d:637:2.552480475870311e-07,1.3838834164546574,1.3838842236987667,2.7677673849053765
d:638:3.98162199655161e-07,1.383883435679326,1.3838842456945157,2.7677672832116422
d:639:2.457700851721256e-07,1.3838834576751367,1.3838842649191943,2.767767476824246
d:640:2.1933675675711584e-07,1.3838834768998063,1.3838842841438665,2.767767541706916
d:641:5.657874750930603e-07,1.3838834601243335,1.3838843061396247,2.767767200476483
d:642:4.755599261052623e-07,1.3838833686952383,1.3838843281353779,2.7677672212706903
d:643:5.263976761149536e-07,1.383883390691055,1.3838843501311264,2.7677672144245054
d:644:2.670858436637502e-07,1.38388340991573,1.3838843721268697,2.767767514956756
d:645:6.607067821740031e-07,1.3838834319115487,1.3838843941226084,2.767767165327375
d:646:7.623580087212645e-07,1.3838834539073626,1.3838844133473094,2.767767104896663
d:647:7.770575853882633e-07,1.3838834731320457,1.3838844353430502,2.7677671314175107
d:648:4.4607577365241013e-07,1.3838834951278614,1.383884457338786,2.7677675063908738
d:649:3.5469778225660775e-07,1.3838835171236725,1.3838844793345169,2.767767641760407
d:650:4.860870705947207e-07,1.3838835391194786,1.3838845013302432,2.7677675543626514
d:651:3.854435313144222e-07,1.3838835583441764,1.3838845233259647,2.76776769622661
d:652:4.1901800917898413e-07,1.3838835803399845,1.3838844318969896,2.767767593218965
d:653:4.853410993099772e-07,1.383883599564683,1.383884453892706,2.7677675681162897
d:654:7.015102205798485e-07,1.3838836187893762,1.3838844758884175,2.7677673931675733
d:655:7.234590948534958e-07,1.3838836380140636,1.3838844951131601,2.767767409668129
d:656:3.909853996120205e-07,1.3838836600098876,1.3838845143378968,2.767767783362385
d:657:5.032198324705917e-07,1.3838835633509394,1.383884533562628,2.7677675936937347
d:658:6.189985115589991e-07,1.3838834719217548,1.3838845167874705,2.7677673697107137
d:659:6.258066713726862e-07,1.3838834939175728,1.383884538783202,2.7677674068941034
d:660:4.154107009490815e-07,1.3838835159133864,1.3838845220080291,2.7677676225107146
d:661:2.67674633125381e-07,1.3838835351380872,1.3838845412327698,2.767767808696224
d:662:3.2569273722415915e-07,1.383883554362782,1.3838845604575054,2.7677677891275505
d:663:5.292487936792156e-07,1.3838835735874717,1.3838845824532504,2.7677676267919282
d:664:6.101133491753785e-07,1.3838835568120542,1.3838846016779867,2.7677675483766917
d:665:3.3732169146816204e-07,1.3838835788078876,1.3838846209027174,2.7677678623889133
d:666:3.289770664771652e-07,1.3838836008037165,1.3838846401274423,2.7677679119540923
d:667:4.12938123695028e-07,1.383883620028418,1.383884623352276,2.76776783044257
d:668:3.5530635544844813e-07,1.383883639253114,1.3838845319232114,2.76776781586997
d:669:5.113230137077096e-07,1.3838835478238467,1.3838844352645177,2.767767471765351
d:670:6.308370918972628e-07,1.3838835310484248,1.383884457260282,2.767767357471615
d:671:6.905078686614274e-07,1.3838835530442661,1.3838844764850111,2.7677673390214084
d:672:2.8973894838912884e-07,1.383883575040103,1.3838844957097343,2.767767781010889
d:673:2.2089137852177032e-07,1.3838835582646705,1.383884514934452,2.767767852307744
d:674:6.566406240970935e-07,1.383883580260507,1.3838845341591641,2.767767457779047
d:675:4.224429064336732e-07,1.3838836022563388,1.3838845533838706,2.767767733197303
d:676:5.215662599589166e-07,1.3838836214810646,1.383884575379664,2.767767675294469
d:677:9.19809530763871e-07,1.383883643476898,1.3838845946043716,2.767767318271739
d:678:5.873743567086365e-07,1.3838836654727271,1.3838846138290732,2.767767691927444
d:679:9.73948577343009e-07,1.3838836874685514,1.383884633053769,2.767767346573743
d:680:4.5970033557551915e-07,1.3838837066932916,1.3838846522784596,2.7677678992714156
d:681:5.308381583191135e-07,1.3838836899178708,1.3838846715031439,2.7677678305828564
d:682:3.947506663770639e-07,1.3838837119137015,1.3838846934989668,2.7677680106620017
d:683:3.3598203375007074e-07,1.383883733909527,1.3838847154947849,2.767768113422278
d:684:5.133124205691786e-07,1.3838837559053478,1.3838847347194776,2.767767977312405
d:685:1.068820428606898e-06,1.3838837751301076,1.3838847567152976,2.7677674630249767
d:686:7.64450324375332e-07,1.3838837943548616,1.3838847787111126,2.76776780861565
d:687:4.755004314738187e-07,1.3838838135796099,1.3838846872819563,2.7677680253611348
d:688:6.130552745453599e-07,1.3838837221502522,1.3838847065066566,2.7677678156016343
d:689:6.236989276153793e-07,1.3838837053748352,1.383884725731351,2.7677678074072585
d:690:6.785316295498944e-07,1.3838837273706763,1.3838847449560394,2.767767793795086
d:691:7.396721501962134e-07,1.3838837465954295,1.3838847669518701,2.7677677738751494
d:692:9.29864746535003e-07,1.3838837298200017,1.3838847501767673,2.7677675501320222
d:693:4.551838341804171e-07,1.383883751815849,1.3838847721725978,2.7677680688046125
d:694:4.244318949631065e-07,1.3838837710406078,1.3838847553974802,2.767768102006193
d:695:3.8761184217861455e-07,1.383883793036457,1.38388477739331,2.7677681828179246
d:696:5.652642474096581e-07,1.3838837762610234,1.383884796618022,2.7677680076147984
d:697:5.918870527032993e-07,1.3838837954857874,1.383884818613854,2.767768022212589
d:698:3.478780055132802e-07,1.3838838174816432,1.3838848018387302,2.767768271442368
d:699:1.187261565060993e-06,1.3838838367064086,1.3838847104094862,2.76776735985433
d:700:4.2279608924999934e-07,1.3838838587022662,1.3838847324053174,2.7677681683114943
d:701:4.0284219648967223e-07,1.383883880698119,1.3838847156301757,2.767768193486098
d:702:3.475719796419696e-07,1.383883863922688,1.3838847376260066,2.767768253976715
d:703:4.876407131426674e-07,1.3838838471472372,1.3838847208508498,2.767768080357374
d:704:4.4286578182450853e-07,1.3838838691430944,1.3838847040756734,2.767768130352986
d:705:4.0394218281392114e-07,1.3838837777136421,1.3838847260715086,2.767768099842968
d:706:3.734953710754496e-07,1.3838837609381736,1.3838847452962593,2.7677681327390617
d:707:2.1948497019863566e-07,1.3838837801629662,1.3838847672920964,2.7677683279700926
d:708:3.4546004057389723e-07,1.383883763387482,1.3838847892879287,2.76776820721537
d:709:5.975796111279408e-07,1.3838837466119787,1.3838848085126871,2.7677679575450544
d:710:8.105758686483e-07,1.3838837686078511,1.38388482773744,2.7677677857694225
d:711:3.93346923921456e-07,1.383883790603719,1.3838848109622706,2.7677682082190653
d:712:5.11151661886089e-07,1.3838838125995814,1.3838847941870815,2.767768095635001
d:713:2.6539465114439054e-07,1.3838837958240717,1.383884777411873,2.7677683078412936
d:714:7.452595736090473e-07,1.3838838150488921,1.3838847994077277,2.7677678691970464
d:715:4.1727549238146366e-07,1.3838838342737065,1.3838847826325038,2.767768199630718
d:716:1.773064264298796e-07,1.3838838174981862,1.3838847658572606,2.7677684060490204
d:717:5.480033711258159e-07,1.3838838007226462,1.3838846744279145,2.7677679271471898
d:718:9.406397918354514e-07,1.3838838199474637,1.383884696423773,2.767767575731445
d:719:4.874985801706089e-07,1.3838837285179157,1.3838846796485118,2.7677679206678474
d:720:5.553587612006083e-07,1.3838837117423577,1.3838846628732309,2.7677678192568274
d:721:4.5341195065162765e-07,1.3838837337382537,1.3838846820980215,2.7677679624243243
d:722:4.17790702034182e-07,1.3838837169626803,1.3838847013228064,2.7677680004947844
d:723:6.986837344236108e-07,1.3838837361875074,1.3838846845475148,2.7677677220512877
d:724:5.057211809322837e-07,1.3838837554123287,1.3838847037722983,2.767767953463446
d:725:7.396124428460382e-07,1.383883774637144,1.383884725768186,2.767767760792887
d:726:4.6617773374890703e-07,1.3838837938619537,1.3838847089928836,2.7677680366771034
d:727:7.63262300917944e-07,1.3838838130867577,1.3838847309887712,2.767767780813228
d:728:4.795156876014062e-07,1.3838837963111867,1.3838847142134534,2.7677680310089525
d:729:4.602692866839675e-07,1.3838837795355958,1.3838847334382538,2.7677680527045627
d:730:6.111737218539304e-07,1.3838837627599854,1.3838847166629211,2.7677678682491846
d:731:8.569712535155816e-07,1.383883784755929,1.3838846998875685,2.767767627672244
d:732:6.296718444431804e-07,1.3838836933262877,1.383884719112372,2.767767782766815
d:733:7.598690845433964e-07,1.3838837125511054,1.383884738337169,2.76776769101919
d:734:5.787198622542178e-07,1.3838837345470505,1.383884760333086,2.767767916160274
d:735:7.79747896917371e-07,1.3838837537718693,1.3838847823289977,2.76776775635297
d:736:4.5197037801258944e-07,1.3838837757678166,1.3838847655536433,2.767768089351082
d:737:5.183739602010462e-07,1.3838837949926366,1.383884674124194,2.7677679507428703
d:738:5.714443878090947e-07,1.3838838169885859,1.3838846961201052,2.767767941664303
d:739:5.376462866024667e-07,1.3838838389845303,1.3838847153449212,2.767768016683165
d:740:6.672971668564287e-07,1.3838838609804698,1.3838846985695534,2.7677678922528566
d:741:2.970716970196463e-07,1.3838838829764044,1.383884681794166,2.767768267698873
d:742:3.443038281147892e-07,1.3838839049723346,1.3838846650187588,2.7677682256872655
d:743:5.765638610988333e-07,1.3838839241971828,1.3838846870146855,2.767768034648007
d:744:5.465892707334774e-07,1.3838839434220256,1.3838847090106074,2.7677681058433623
d:745:3.5850915258706095e-07,1.3838839626468626,1.3838847282354445,2.7677683323731546
d:746:7.893631641664456e-07,1.3838839846428086,1.3838847502313687,2.767767945511013
d:747:6.447667537656798e-07,1.3838838879836204,1.3838847694562064,2.767768012673073
d:748:2.895014570292176e-07,1.383883871208051,1.3838847886810388,2.767768370387633
d:749:3.729680302377858e-07,1.3838838904328927,1.383884771905639,2.7677682893705016
d:750:4.5002948612093974e-07,1.3838837990031583,1.3838847911304701,2.7677681401041423
d:751:6.195000250563965e-07,1.3838838209991096,1.3838846997009293,2.767767901200014
d:752:6.658289337657664e-07,1.383883842995056,1.3838846030420004,2.7677677802081226
d:753:4.434444269563187e-07,1.3838838622199048,1.3838846250379435,2.7677680438134216
d:754:4.073473278687345e-07,1.3838838814447483,1.3838846442627744,2.7677681183601948
d:755:2.702297035028778e-07,1.383883900669586,1.3838846662587194,2.767768296698602
d:756:2.8422993780807815e-07,1.383883919894418,1.38388468825466,2.76776832391914
d:757:7.13061250490199e-07,1.3838839418903868,1.3838847102505951,2.7677679390797314
d:758:4.7060685037791927e-07,1.3838839611152198,1.383884729475441,2.7677682199838105
d:759:2.2436247926194142e-07,1.3838839803400471,1.3838847514713786,2.7677685074489466
d:760:4.526765775558772e-07,1.3838839995648693,1.3838847734673112,2.767768320355603
d:761:5.933268694136018e-07,1.3838840215608534,1.383884795463239,2.7677682236972228
d:762:4.852206476613219e-07,1.3838840435568334,1.383884817459162,2.767768375795348
d:763:5.960060631693409e-07,1.3838840627816626,1.38388483945508,2.7677683062306793
d:764:3.2485213763422394e-07,1.3838839661223705,1.3838848614509933,2.767768502721226
d:765:9.97441617744954e-07,1.3838838746925464,1.3838847700213643,2.767767647272293
d:766:3.977101394880833e-07,1.3838838966885272,1.3838847892462447,2.7677682882246324
d:767:4.919421749960406e-07,1.3838839159133565,1.3838848084711195,2.767768232442301
d:768:5.684046735510151e-07,1.3838839351381806,1.38388471181209,2.767768078545597
d:769:2.673371746197972e-07,1.3838839571341701,1.3838847310369584,2.7677684208339537
d:770:5.021023579132589e-07,1.3838839791301547,1.3838846343778455,2.7677681114056423
d:771:4.055000175640089e-07,1.3838839983549864,1.3838846536027074,2.7677682464576763
d:772:4.130094968246567e-07,1.383884020350973,1.3838846728275633,2.7677682801690393
d:773:5.499097817107668e-07,1.383884042346955,1.3838846948235046,2.767768187260678
d:774:3.815410036800415e-07,1.3838840615717944,1.3838847168194404,2.767768396850231
d:775:4.4775861773871384e-07,1.3838840835677784,1.383884738815372,2.7677683746245325
d:776:7.991661199469036e-07,1.3838841055637576,1.3838847608112985,2.7677680672089364
d:777:4.864173996921295e-07,1.383884124788605,1.3838847828072205,2.7677684211784257
d:778:6.59947113401671e-07,1.3838841467845864,1.3838848020321048,2.767768288869578
d:779:5.275226384604537e-07,1.3838840501251937,1.3838848212569834,2.767768343859539
d:780:3.878257541778396e-07,1.3838840693500418,1.3838848432529143,2.767768524777202
d:781:6.311522136037695e-07,1.3838840525745644,1.3838848624777937,2.7677682839001445
d:782:8.288898825092872e-07,1.383883961144648,1.3838847710480668,2.767767903302832
d:783:4.784167599858336e-07,1.3838839831406347,1.3838847930439993,2.767768297767874
d:784:2.3395272119586252e-07,1.3838840023654875,1.3838848150399266,2.7677685834526926
d:785:3.937704398104813e-07,1.3838840215903347,1.383884834264814,2.767768462084709
d:786:6.510203820475624e-07,1.3838840408151762,1.3838848534896955,2.7677682432844897
d:787:5.962615965415807e-07,1.3838840628111784,1.3838848727145714,2.767768339264153
d:788:4.5013733451781945e-07,1.3838840848071758,1.3838848559392758,2.767768490609117
d:789:4.556263757393708e-07,1.3838841040320253,1.3838848751641502,2.7677685235697997
d:790:5.123603004086874e-07,1.3838840073725331,1.3838848943890187,2.7677683894012515
d:791:7.743790439995735e-07,1.3838840265973762,1.3838848776137125,2.7677681298320445
d:792:3.931836589643467e-07,1.3838839299378,1.383884860838386,2.767768397592527
d:793:4.402946913728556e-07,1.383883833278142,1.3838848440630405,2.767768237046491
d:794:1.1892970137594716e-06,1.3838837366184007,1.3838848632879164,2.767767410609303
d:795:2.8819383102174356e-07,1.3838837558432353,1.383884885283898,2.7677683529333024
d:796:4.133863558131168e-07,1.3838836644132069,1.3838848685085414,2.7677681195353925
d:797:5.703159580150441e-07,1.383883686409217,1.3838848877334233,2.7677680038266823
d:798:4.657552379327967e-07,1.3838837056340525,1.3838848709580513,2.767768110836866
d:799:7.322313990698603e-07,1.3838837276300646,1.3838848541826598,2.7677678495813254
d:800:3.4864166575943045e-07,1.3838837468549012,1.383884837407249,2.7677682356204842
d:801:2.747570717609449e-07,1.3838837688509154,1.3838847459774188,2.767768240071262
d:802:5.019655224813846e-07,1.383883788075753,1.3838846493181662,2.767767935428397
d:803:7.012520821803037e-07,1.383883807300585,1.383884552658831,2.767767658707334
d:804:6.306886031204328e-07,1.3838838292966078,1.3838844559994135,2.767767654607418
d:805:5.259288573533638e-07,1.3838838512926261,1.3838843593399128,2.767767684703682
d:806:9.528222415511323e-07,1.383883870517466,1.3838843813359116,2.767767299031136
d:807:6.430410417479493e-07,1.3838838897423,1.3838844033319055,2.767767650033164
d:808:6.943451076324436e-07,1.3838839117383273,1.3838844225568039,2.7677676399500237
d:809:3.8756375086990147e-07,1.3838839309631625,1.3838844417816971,2.767767985181109
d:810:2.429818448668186e-07,1.3838839529591915,1.3838844610065846,2.7677681709839312
d:811:2.738598521290214e-07,1.383883972184028,1.383884483002594,2.76776818132677
d:812:3.4666367687563593e-07,1.3838839914088588,1.3838845022274826,2.7677681469726645
d:813:6.669119239077759e-07,1.3838840134048964,1.3838845214523652,2.767767867945338
d:814:5.227448567346471e-07,1.3838840354009296,1.3838845434483835,2.7677680561044564
d:815:3.489606346107621e-07,1.3838839387410835,1.3838845626732672,2.767768152453716
d:816:2.9828437408951913e-07,1.3838839579659212,1.383884584669288,2.767768244350835
d:817:4.79356873306358e-07,1.3838838665358009,1.3838846066653037,2.767767993844231
d:818:4.316165496121016e-07,1.3838838497604036,1.3838846258901956,2.7677680440340495
d:819:1.117116384286021e-06,1.3838838329849863,1.3838846451150817,2.767767360983684
d:820:4.005799780770758e-07,1.383883852209827,1.383884664339962,2.767768115969811
d:821:5.558139397621176e-07,1.383883871434661,1.3838845729100173,2.767767888530739
d:822:4.633382117980034e-07,1.3838838934307178,1.3838844762504152,2.7677679063429212
d:823:7.500218024425465e-07,1.3838838766552943,1.3838843795907296,2.7677675062242213
d:824:3.2421067874821574e-07,1.3838838958801345,1.3838842829309617,2.767767854600417
d:825:2.816796764726348e-07,1.3838838791046955,1.383884186271111,2.76776778369613
d:826:2.8522366779526465e-07,1.383883862329237,1.3838842082671396,2.767767785372709
d:827:4.975100114101849e-07,1.3838838455537592,1.3838842274920173,2.7677675755357654
d:828:6.233977831726634e-07,1.383883867549836,1.383884246716889,2.767767490868942
d:829:3.9870719659163e-07,1.383883850774343,1.3838842687129262,2.7677677207800726
d:830:2.543116321973571e-07,1.3838838339988304,1.3838842907089588,2.767767870396157
d:831:3.027215171869102e-07,1.3838838532236932,1.383884309933839,2.767767860436015
d:832:4.689655992429209e-07,1.3838838752197808,1.383884331929873,2.767767738184055
d:833:4.374201463264171e-07,1.383883783789559,1.3838843511547543,2.767767697524167
d:834:2.94237519238294e-07,1.383883767014033,1.3838843731507906,2.7677678459273043
d:835:4.2644916309342307e-07,1.3838837502384869,1.383884392375673,2.7677677161649967
d:836:6.202571514180022e-07,1.383883769463359,1.383884300945616,2.7677674501518235
d:837:1.6859282858661118e-07,1.3838837526877978,1.3838842841702625,2.767767868265232
d:838:4.852707276015167e-07,1.3838837719126686,1.3838842673948888,2.76776755403683
d:839:8.378844169598665e-07,1.3838837911375335,1.3838842506194955,2.767767203872612
d:840:6.883645178312747e-07,1.3838837743619616,1.3838841539595375,2.767767239956981
d:841:1.1999552578245698e-06,1.383883796358083,1.3838840572994968,2.767766653702322
d:842:4.758408937988179e-07,1.3838838183541993,1.3838840792955471,2.767767421808853
d:843:3.213221675402167e-07,1.3838838015786168,1.3838840985204413,2.7677675787768905
d:844:3.945165896190872e-07,1.3838837848030148,1.3838841205164936,2.7677675108029187
d:845:3.890852462440364e-07,1.3838838067991353,1.3838841425125412,2.7677675602264302
d:846:6.961512752923227e-07,1.3838838260240283,1.383884164508584,2.767767294381337
d:847:6.926318105726637e-07,1.3838838452489153,1.3838841865046216,2.7677673391217263
d:848:5.393887239080186e-07,1.3838838284733068,1.3838842057295373,2.7677674948141204
d:849:4.213124999985496e-07,1.3838838476981923,1.3838841142993776,2.7677675406850697
d:850:3.7584391820999485e-07,1.3838838696943332,1.3838841362954173,2.767767630145832
d:851:8.087158680503137e-07,1.383883891690469,1.3838841582914523,2.767767241266053
d:852:6.687585063502866e-07,1.3838838002601468,1.3838841415160703,2.7677672730177107
d:853:4.791183609853533e-07,1.3838838222562775,1.3838841247406692,2.7677674678785857
d:854:1.814828678448066e-07,1.3838838442524035,1.383884143965601,2.7677678067351366
d:855:2.693746687931764e-07,1.3838838634773105,1.3838841631905276,2.767767757293169
d:856:2.8743924795904263e-07,1.3838838854734385,1.38388418518658,2.7677677832207705
d:857:4.166821625517514e-07,1.3838839074695621,1.3838841684111725,2.7677676591985723
d:858:6.333108535372389e-07,1.3838839294656804,1.3838841904072248,2.7677674865620516
d:859:4.829294439900877e-07,1.3838839486906018,1.3838841736318022,2.76776763939296
d:860:1.041118691258447e-06,1.3838839679155175,1.3838841568563598,2.7677670836531862
d:861:4.442529792925143e-07,1.383883987140428,1.3838841788524163,2.7677677217398653
d:862:4.4211026839491296e-07,1.3838840091365623,1.3838841620769589,2.7677677291032525
d:863:5.315638373915021e-07,1.3838840283614735,1.3838841813019174,2.7677676780995535
d:864:4.572525287294127e-07,1.3838839317014515,1.3838840898716611,2.7677675643205837
d:865:4.6549655152716696e-07,1.3838838350413465,1.3838840730961859,2.767767442640981
d:866:6.048521670187768e-07,1.3838838182657713,1.3838840923211422,2.7677673057347465
d:867:3.9854523148363796e-07,1.3838837268353494,1.3838840755456518,2.76776740383577
d:868:5.06150730217314e-07,1.3838837488314886,1.3838840587701415,2.7677673014509
d:869:6.262032203885326e-07,1.3838837708276226,1.3838840419946115,2.7677671866190137
d:870:2.3792220193996627e-07,1.383883792823752,1.383884061219575,2.767767616121125
d:871:6.746683673952703e-07,1.3838838120486803,1.3838840444440301,2.7677671818243432
d:872:6.569254558108639e-07,1.3838837153884787,1.3838840276684654,2.7677670861314883
d:873:2.83665043898651e-07,1.3838837346134005,1.383884010892881,2.767767461841238
d:874:4.446350199138749e-07,1.3838836379531159,1.3838840328889892,2.767767226207085
d:875:7.777719770452052e-07,1.3838835412927484,1.3838839414586357,2.767766704979407
d:876:3.1150560220183365e-07,1.3838834446322978,1.3838839634547386,2.767767096581434
d:877:9.176204356364792e-07,1.383883347971765,1.383883982679723,2.767766413031052
d:878:6.327552344309595e-07,1.3838832513111492,1.3838840046758278,2.7677666232317426
d:879:5.288673481373962e-07,1.383883154650451,1.383883987900239,2.767766613683342
d:880:7.143980207402478e-07,1.3838831378748535,1.3838839711246302,2.767766394601463
d:881:5.430599694378202e-07,1.383883157099769,1.3838839931207394,2.7677666071605387
d:882:8.239193132197897e-07,1.3838830656692096,1.38388401234574,2.7677662540956365
d:883:5.258047401923704e-07,1.3838830488935945,1.3838840315707355,2.7677665546595898
d:884:2.113210459953052e-07,1.383883032117959,1.3838840507957249,2.767766871592638
d:885:4.811192937381747e-07,1.3838830541141127,1.3838840340201144,2.7677666070149334
d:886:2.398254670410438e-07,1.3838830373384625,1.3838840560162435,2.7677668535292392
d:887:4.242118976094389e-07,1.3838830565633917,1.383884078012368,2.767766710363862
d:888:1.0114867916577452e-06,1.383883075788315,1.3838840972373696,2.767766161538893
d:889:3.7242145412008654e-07,1.3838830590126538,1.3838841192334959,2.7677668058246954
d:890:3.1419740675886487e-07,1.383883042236973,1.3838841412296174,2.7677668692691837
d:891:2.0667809996766096e-07,1.3838830642331492,1.383884163225734,2.767767020780783
d:892:3.908328007895534e-07,1.3838830834580822,1.3838840717952912,2.7677667644205726
d:893:1.635437527625072e-07,1.3838830666823907,1.3838839751350631,2.767766878273701
d:894:5.692326316975027e-07,1.3838830859073226,1.383883997131174,2.767766513805865
d:895:4.2204640360310464e-07,1.383883107903512,1.3838840191272799,2.7677667049843886
d:896:2.6387135898531255e-07,1.3838831298996968,1.383884038352309,2.7677669043806468
d:897:5.055518932373104e-07,1.3838831518958765,1.3838840575773323,2.7677667039213154
d:898:2.3671141446968136e-07,1.3838830604652206,1.3838840795734468,2.767766903327253
d:899:4.0433225345637425e-07,1.3838830796901667,1.3838840987984713,2.7677667741563847
d:900:5.403624840916166e-07,1.3838831016863482,1.383884120794588,2.767766682118452
d:901:4.854845649937545e-07,1.3838831209112952,1.3838841400196136,2.767766775446344
d:902:9.30000005006093e-07,1.3838831401362368,1.3838841620157325,2.7677663721519643
d:903:6.426982159801753e-07,1.3838831593611722,1.3838841840118463,2.7677667006748026
d:904:9.769969588901972e-07,1.3838831813573698,1.3838842060079561,2.767766410368367
d:905:1.2500560098160918e-06,1.3838832005823065,1.3838842280040604,2.767766178530357
d:906:6.749816474638237e-07,1.3838832225785058,1.3838842472291073,2.767766794825966
d:907:4.844305161455509e-07,1.3838832418034437,1.3838842664541486,2.7677670238270764
d:908:4.494525547293904e-07,1.3838832610283762,1.383884288450262,2.7677671000260835
d:909:1.8206543828114263e-07,1.3838832802533025,1.3838841970197293,2.7677672952075936
d:910:5.81273285060746e-07,1.3838832994782237,1.3838842190158374,2.767766937220776
d:911:4.805290014786578e-07,1.383883318703139,1.3838842022402962,2.7677670404144337
d:912:4.062429552753599e-07,1.3838833406993674,1.3838842214653495,2.7677671559217614
d:913:4.40784349908796e-07,1.383883362695591,1.383884240690397,2.7677671626016385
d:914:7.296783026689013e-07,1.3838833819205139,1.3838842626865184,2.7677669149287296
d:915:4.899812879877175e-07,1.3838834011454315,1.383884245910971,2.7677671570751143
d:916:6.148734552624546e-07,1.3838833044845917,1.383884265136024,2.7677669547471604
d:917:8.190533655749732e-07,1.3838832130538443,1.3838842843610712,2.76776667836155
d:918:8.202249421884744e-07,1.383883196278217,1.383884306357206,2.767766682410481
d:919:2.39560836057251e-07,1.3838831795025701,1.3838843255822542,2.767767265523988
d:920:4.094601644411e-07,1.3838831627269035,1.3838843088067052,2.7677670620734443
d:921:2.96239272223886e-07,1.3838831847231483,1.3838843308028463,2.767767219286722
d:922:4.982156345256783e-07,1.3838831679474666,1.3838843527989828,2.767767022530815
d:923:5.719595241870934e-07,1.3838831511717655,1.3838843360234228,2.767766915235664
d:924:5.157856879378642e-07,1.3838831731680146,1.3838843192478434,2.76776697663017
d:925:7.484906618948628e-07,1.3838831923929604,1.3838843412439839,2.7677667851462826
d:926:4.496303658285683e-07,1.3838831756172483,1.3838842498133566,2.767766975800239
d:927:4.5176537399882477e-07,1.3838831588415168,1.3838842690384325,2.7677669761145753
d:928:7.931873446942461e-07,1.3838831780664655,1.38388417237807,2.767766557257191
d:929:5.145158796793226e-07,1.3838831612907185,1.383884191603139,2.7677668383779777
d:930:6.531322367386849e-07,1.383883180515666,1.3838840949426934,2.7677666223261226
d:931:5.179985538283916e-07,1.383883163739904,1.3838841169388412,2.7677667626801914
d:932:8.212404614127422e-07,1.383883146964122,1.3838841361639105,2.767766461887571
d:933:5.248291699011531e-07,1.3838831689604094,1.3838841581600605,2.7677668022913
d:934:2.3605148724570313e-07,1.3838831909566922,1.3838841801562056,2.7677671350614106
d:935:5.514337977352568e-07,1.3838831741809,1.3838841993812832,2.7677668221283853
d:936:5.076033620099452e-07,1.3838831934058682,1.3838842186063545,2.7677669044088606
d:937:4.0608388385265926e-07,1.3838831019750102,1.3838842378314204,2.767766933722547
d:938:4.1386961013856194e-07,1.3838831211999725,1.383884257056481,2.7677669643868437
d:939:1.8337529095191485e-07,1.383883143196268,1.3838842762815353,2.7677672361025123
d:940:5.794392867741749e-07,1.3838831651925592,1.383884295506584,2.767766881259856
d:941:5.171748358456796e-07,1.383883148416762,1.3838843147316273,2.767766945973553
d:942:3.2422913154306343e-07,1.3838831704130525,1.3838843339566647,2.7677671801405856
d:943:4.764543279911493e-07,1.3838831536372405,1.383884353181696,2.7677670303646082
d:944:4.864221669897972e-07,1.3838831728622258,1.38388426175097,2.7677669481910288
d:945:5.605018640331139e-07,1.383883192087206,1.3838842809759953,2.767766912561337
d:946:5.284996102972173e-07,1.38388321131218,1.3838843029722034,2.767766985784773
d:947:4.1168701869764845e-07,1.3838832305371485,1.3838843221972303,2.76776714104736
d:948:5.914930549799635e-07,1.383883252533466,1.3838843441934405,2.767767005233851
d:949:8.535354898420167e-07,1.383883235757656,1.3838843274179173,2.7677667096400835
d:950:5.877686528599213e-07,1.3838832549826297,1.3838843466429491,2.767767013856926
d:951:2.976472361915228e-07,1.3838832382068047,1.383884368639166,2.7677673091987347
d:952:6.657090771966523e-07,1.3838832602031335,1.383884390635378,2.767766985129434
d:953:6.57521210367662e-07,1.3838832794281128,1.383884409860418,2.7677670317673204
d:954:4.3699978879985224e-07,1.3838832626522768,1.3838844290854526,2.7677672547379406
d:955:5.020132967104018e-07,1.3838831712213238,1.3838844483104809,2.767767117518508
d:956:5.74796034769065e-07,1.3838831544454655,1.3838844675355038,2.7677670471849343
d:957:5.729689593891862e-07,1.3838831736704473,1.3838844895317381,2.7677670902332263
d:958:4.145920140530279e-07,1.3838831928954236,1.3838844727562305,2.76776725105964
d:959:4.052766642281824e-07,1.383883212120394,1.3838844559807035,2.767767262824433
d:960:5.717430617835362e-07,1.383883195344529,1.3838844392051564,2.7677670628066235
d:961:5.683783506071904e-07,1.3838832173408933,1.3838844224295896,2.7677670713921323
d:962:6.38472791969491e-07,1.3838832393372527,1.3838844416546312,2.767767042519092
d:963:6.490041619677811e-07,1.3838832585622354,1.3838844608796668,2.76776707043774
d:964:5.337002089156329e-07,1.3838832417863642,1.3838844801046968,2.767767188190852
d:965:5.288706943495924e-07,1.3838832610113456,1.3838843886738734,2.7677671208145247
d:966:5.536778480141891e-07,1.3838832442354594,1.3838844078988974,2.767767098456509
d:967:3.239580483871407e-07,1.3838832274595534,1.3838843911233258,2.767767294624831
d:968:4.939009219384616e-07,1.383883210683628,1.3838843743477347,2.767767091130441
d:969:4.955808088347169e-07,1.3838831939076828,1.3838842776871456,2.7677669760140193
d:970:4.797323569505352e-07,1.3838832131326757,1.3838842969121714,2.7677670303124904
d:971:4.2970880498316433e-07,1.3838832351290733,1.3838843161371917,2.7677671215574597
d:972:5.467561989824787e-07,1.3838832543540676,1.383884335362206,2.7677670429600743
d:973:5.872713555454823e-07,1.3838832763504674,1.3838843573585096,2.7677670464376214
d:974:5.730574308415726e-07,1.383883298346862,1.3838843793548081,2.767767104644239
d:975:4.999553153695047e-07,1.383883317571864,1.3838844013511022,2.7677672189676508
d:976:4.566399613992189e-07,1.3838832261408094,1.3838844205761314,2.767767190076979
d:977:4.0385516930641074e-07,1.3838832093648687,1.3838844425724275,2.767767248082127
d:978:5.496023351980739e-07,1.3838832313612697,1.3838844645687185,2.767767146327653
d:979:4.150803465385877e-07,1.3838832145853135,1.3838844865650048,2.767767286069972
d:980:5.709825399158319e-07,1.3838831978093382,1.3838845057900488,2.767767132616847
d:981:3.010576179462987e-07,1.383883181033343,1.383884525015087,2.767767404990812
d:982:8.149400474444235e-07,1.3838832030297525,1.383884547011382,2.767766935101087
d:983:7.425270496241865e-07,1.3838832222547797,1.3838845662364219,2.7677670459641517
d:984:8.318093946968474e-07,1.3838832442511912,1.3838844748055026,2.767766887247299
d:985:1.1875218000056975e-06,1.383883263476219,1.3838843781448127,2.767766454099232
d:986:6.434774082464401e-07,1.3838832854726326,1.3838844001411088,2.767767042136333
d:987:9.273819143729156e-07,1.38388326869664,1.3838844193661481,2.767766760680874
d:988:9.954442594661828e-07,1.383883251920628,1.3838844385911813,2.76776669506755
d:989:6.181223888290788e-07,1.3838832711456657,1.3838844578162093,2.767767110839486
d:990:8.363540038303086e-07,1.3838832903706977,1.3838844770412315,2.7677669310579254
d:991:8.636125512495596e-07,1.3838833123671295,1.3838844962662478,2.767766945020826
d:992:7.491759030919809e-07,1.3838833343635564,1.3838845154912585,2.767767100678912
d:993:4.832959663580993e-07,1.3838832429324048,1.3838845347162634,2.767767294352702
d:994:3.0360443981081175e-07,1.3838832649288266,1.3838845539412628,2.7677675152656493
d:995:3.960855750051451e-07,1.3838832869252435,1.3838845731662563,2.767767464005925
d:996:4.544115133064963e-07,1.3838833061502964,1.3838845923912442,2.7677674441300275
d:997:3.2998652610416457e-07,1.3838833281467153,1.3838846143876036,2.767767612547793
d:998:4.562609543512508e-07,1.3838833473717695,1.3838846363839585,2.7677675274947737
d:999:4.422625634603605e-07,1.3838833693681907,1.3838846583803088,2.7677675854859363
d:1000:6.090669737446319e-07,1.3838833913646067,1.3838846776053115,2.7677674599029443
