data: dataset/foma/
d:1:0.06921670055847962,1.463656928606719,1.4636570432399107,2.85809727128815
d:2:0.04798189334282377,1.4636569314685897,1.4636570148233439,2.8793320529491098
d:3:0.029739554575177962,1.463656963056346,1.4636569864067503,2.8975743948879185
d:4:0.01806025084442986,1.4636569946441007,1.463657017994505,2.909253761794176
d:5:0.01231282349559848,1.46365702623185,1.4636569895778884,2.91500119231414
d:6:0.010161443222784783,1.463657057819601,1.463656961161245,2.9171525757580614
d:7:0.00954731711136425,1.463657089407345,1.463656940436282,2.917766712732263
d:8:0.00931586265288864,1.4636571209950908,1.4636569432981812,2.9179982016403834
d:9:0.009016984663810845,1.4636571525828295,1.4636569225731968,2.9182970904922154
d:10:0.008809876772382097,1.4636571841705681,1.4636569254350835,2.9185042328332695
d:11:0.004953543321850162,1.4636572157583068,1.4636569282969578,2.9223606007334144
d:12:0.004204416967004576,1.46365724734604,1.4636569311588232,2.9231097615378587
d:13:0.0036525266322602334,1.463657278933768,1.4636568481133576,2.9236616004148654
d:14:0.003134331691907022,1.4636573105214996,1.4636568196966966,2.924179798526289
d:15:0.0026460341207652505,1.4636572821049754,1.4636567912800071,2.9246680392642173
d:16:0.002235864000878607,1.4636572849669136,1.4636567705550103,2.9250781915210453
d:17:0.001994360555903185,1.463657264241995,1.4636568021428182,2.92531970582891
d:18:0.0018917578018520231,1.4636572358254476,1.4636568050046819,2.9254222830282774
d:19:0.002047034257863345,1.4636572674131934,1.4636567842796708,2.925267017435001
d:20:0.0025057928150218345,1.4636572466882587,1.4636567558629636,2.9248082097362005
d:21:0.0033782097602301775,1.4636572259633045,1.463656758724822,2.9239357749278962
d:22:0.005075533097532059,1.4636571429177856,1.4636567903126494,2.922238400132903
d:23:0.0032271522129843078,1.4636571745055384,1.463656793174497,2.924086815467051
d:24:0.002108285561945422,1.4636571773674856,1.4636568247623298,2.92520571656787
d:25:0.0014660494220688491,1.4636572089552384,1.463656827624174,2.9258479871573435
d:26:0.0010932351866408396,1.463657240542993,1.4636568592120085,2.9262208645683607
d:27:0.0009300977361945684,1.4636572721307441,1.4636567761664594,2.926383950561009
d:28:0.0008703512653838175,1.4636573037184917,1.463656755441443,2.926443707894551
d:29:0.0008368791100625828,1.463657335306241,1.4636567870292811,2.9264772432254595
d:30:0.0008248664428265329,1.4636573668939867,1.4636567898911288,2.926489290342289
d:31:0.000832807384552936,1.4636573984817307,1.4636567927529658,2.9264813838501436
d:32:0.0008704121677620691,1.4636574013437063,1.463656824340811,2.926443813516755
d:33:0.0006352952555133129,1.4636574042056711,1.4636567959241091,2.926678904874267
d:34:0.0004801907556704066,1.4636574070676218,1.4636568275119561,2.9268340438239075
d:35:0.00039551595595987976,1.4636574386553782,1.4636567990952312,2.9269187217946495
d:36:0.00036409318540364666,1.4636574415173236,1.4636567706784795,2.9269501190103995
d:37:0.00034836339588295573,1.463657473105087,1.4636567735403236,2.9269658832495278
d:38:0.0003516101851932518,1.4636574446885717,1.4636568051281866,2.926962639631565
d:39:0.000338848198756736,1.4636574239636513,1.4636568367160425,2.926975412480937
d:40:0.00032743440605642604,1.4636574268255984,1.4636568683039002,2.926986860723442
d:41:0.0003152990493973107,1.4636574584133726,1.4636567852582676,2.926998944622243
d:42:0.0003112897636601275,1.4636574376884415,1.463656764533269,2.9270029124580503
d:43:0.00032362806254404575,1.4636573546428426,1.4636567438082473,2.926990470388546
d:44:0.0002245353661809446,1.4636573575047827,1.4636567466701003,2.927089568808702
d:45:0.00019099385194465412,1.4636573890925657,1.4636567259450555,2.9271231211856765
d:46:0.00018675677944379743,1.463657420680347,1.4636567288068996,2.9271273927078028
d:47:0.00018391383582105902,1.4636574522681283,1.4636567603947803,2.9271302988270875
d:48:0.0001679249243569103,1.4636574838559042,1.4636567396697249,2.927146298601272
d:49:0.00015341116217548745,1.4636575154436748,1.463656711252968,2.9271608155344673
d:50:0.00013244509827181616,1.4636575470314508,1.4636566905278894,2.9271817924610684
d:51:0.0001173674684800119,1.463657578619216,1.4636567221157826,2.9271969332665186
d:52:0.00010459350736269357,1.4636575814811863,1.4636567537036687,2.9272097416774923
d:53:8.99468495543232e-05,1.4636576130689605,1.4636567852915547,2.927224451510961
d:54:8.399481245469076e-05,1.4636576159309307,1.4636568168794426,2.9272304379979186
d:55:8.32919972353352e-05,1.4636575875144295,1.4636568484673198,2.927231143984514
d:56:8.60886237177283e-05,1.4636575667895162,1.4636568800552006,2.927228358220999
d:57:7.71125265206507e-05,1.4636575696514775,1.4636569116430778,2.9272373687680346
d:58:6.506412030304887e-05,1.4636575725134247,1.463656943230955,2.9272494516240766
d:59:5.860402942658993e-05,1.463657604101222,1.4636568601852389,2.927255860257034
d:60:4.905752099482186e-05,1.4636576356890156,1.463656891773109,2.92726546994113
d:61:4.5345822028863836e-05,1.4636576672768111,1.4636568633563662,2.9272691848111485
d:62:3.546286626132655e-05,1.4636575842311377,1.463656866218269,2.9272789875831453
d:63:3.5078681177580506e-05,1.4636575870930884,1.4636568378014996,2.9272793462134103
d:64:3.853563875466648e-05,1.4636575899550301,1.4636568693893857,2.927275923705661
d:65:3.8117841141271924e-05,1.463657621542831,1.4636569009772629,2.9272764046789526
d:66:3.5299609853822744e-05,1.4636576244047657,1.4636568802522163,2.927279205047128
d:67:3.365097915519755e-05,1.4636575959882698,1.4636569118401024,2.927280856849217
d:68:2.214899653729674e-05,1.463657598850192,1.4636569147020158,2.9272923645556705
d:69:2.1968325365051555e-05,1.4636575704336696,1.4636569462899036,2.927292548398208
d:70:1.760163826602934e-05,1.4636576020214935,1.4636569778777933,2.9272969782610208
d:71:1.8852931688684293e-05,1.4636576336093121,1.4636570094656758,2.927295790143299
d:72:1.6093449431764384e-05,1.4636576364712397,1.4636570410535548,2.9272985840753627
d:73:1.7834666156346657e-05,1.4636575534254899,1.4636570726414355,2.927296791400769
d:74:1.511051839031552e-05,1.4636575327005978,1.4636571042293092,2.9272995264115167
d:75:1.6296555251926748e-05,1.4636575119756845,1.4636571070912492,2.9272983225116818
d:76:1.3000065736790134e-05,1.4636574912507463,1.4636571386791264,2.927301629864136
d:77:1.0240015413387482e-05,1.4636574705257885,1.4636571702670071,2.9273044007773823
d:78:9.585296023573164e-06,1.4636574733877126,1.4636572018548808,2.92730508994657
d:79:1.007088068583073e-05,1.4636574762496277,1.4636571188090954,2.9273045241780373
d:80:6.899931348058885e-06,1.46365750783748,1.4636570980840737,2.9273077059902057
d:81:6.7601549069706834e-06,1.4636575106993863,1.4636571296719492,2.9273078802164285
d:82:6.70924699974762e-06,1.4636575422872475,1.4636571612598281,2.927307994300076
d:83:5.189526655513532e-06,1.4636575738751034,1.463657164121786,2.927309548470234
d:84:5.0861453431139125e-06,1.4636576054629575,1.4636571669837366,2.927309686301351
d:85:4.13717851444062e-06,1.4636576370508063,1.4636571698456713,2.927310669717963
d:86:4.530273633562842e-06,1.463657608634298,1.463657201433561,2.9273102797942254
d:87:3.032056085316981e-06,1.4636576402221504,1.4636572330214523,2.9273118411875174
d:88:3.7711925653383105e-06,1.4636576118056173,1.4636572046047327,2.9273110452177846
d:89:4.1202824352382095e-06,1.4636575287597822,1.4636571761879882,2.927310584665335
d:90:3.892651671222325e-06,1.463657560347638,1.4636572077758814,2.927310875471848
d:91:2.5476423832770934e-06,1.4636575632095745,1.463657124730016,2.9273121402972073
d:92:2.7676478069338373e-06,1.4636575947974304,1.4636571275919614,2.927311954741585
d:93:2.607151749600689e-06,1.4636576263852898,1.4636571304538943,2.9273121496874346
d:94:1.6611213311534812e-06,1.4636576292472245,1.4636571333158148,2.927313101441708
d:95:2.1485993464409603e-06,1.4636576608350857,1.4636571649037293,2.9273126771394686
d:96:1.6701447389522173e-06,1.463657663697015,1.4636571964916367,2.927313190043913
d:97:2.7389298864477496e-06,1.463657695284878,1.463657228079546,2.9273121844345376
d:98:2.010012563502528e-06,1.4636576668683432,1.4636572309414735,2.927312887797253
d:99:1.735203104757943e-06,1.4636576984562097,1.4636572625293827,2.9273132257824876
d:100:1.5159874724446354e-06,1.4636577013181444,1.46365723411264,2.927313419443312
d:101:4.752802595930916e-07,1.4636577329060145,1.4636572133876573,2.9273144710134122
d:102:7.756875621822701e-07,1.4636577644938793,1.4636572449755718,2.927314233781889
d:103:2.823654394745745e-07,1.4636577437689873,1.4636572478375065,2.9273147092410543
d:104:4.1246285853446807e-07,1.463657660723074,1.4636572194207425,2.927314467680958
d:105:9.849113649096353e-07,1.4636576635850052,1.4636572222826665,2.9273139009563067
d:106:6.977556150644659e-07,1.4636576951728824,1.4636572015576714,2.9273141989749387
d:107:5.739818131900165e-07,1.4636576980348117,1.4636572331456073,2.9273143571986058
d:108:8.180377406574735e-07,1.4636577008967286,1.4636571500996585,2.9273140329586465
d:109:5.74168966593902e-07,1.4636577324846147,1.463657121682873,2.9273142799985212
d:110:5.937401006406162e-07,1.463657735346528,1.463657100957862,2.9273142425642895
d:111:2.490865043114354e-07,1.4636577669344142,1.4636570802328244,2.9273145980807342
d:112:4.562515893979935e-07,1.463657769796317,1.4636570830947484,2.927314396639476
d:113:1.032616820495491e-06,1.463657741379798,1.4636570623696947,2.927313771132672
d:114:-1.2818130912251036e-07,1.4636577129632489,1.4636570652316152,2.927314906376173
d:115:2.6077658255019287e-07,1.4636576845466713,1.4636570968195777,2.9273145205896665
d:116:2.8171340993310423e-07,1.4636576561300672,1.4636571284075401,2.9273145028241974
d:117:1.959849207366915e-07,1.4636576589919716,1.4636571312694588,2.9273145942765098
d:118:8.818549268596598e-08,1.4636576905798897,1.4636571341313669,2.927314736525764
d:119:4.001279716447925e-07,1.4636576934417853,1.4636571657193347,2.9273144590331484
d:120:5.654411623368105e-07,1.4636576727169075,1.4636571685812356,2.927314275856981
d:121:1.1276826583639377e-07,1.463657651992003,1.4636572001692105,2.9273147393929477
d:122:1.6028062255202258e-07,1.4636576835799318,1.4636572317571819,2.927314755056491
d:123:2.7531623203458366e-08,1.463657662855013,1.463657263345155,2.927314898668545
d:124:-1.000793758976215e-08,1.4636575798090075,1.4636572949331246,2.9273148847500696
d:125:1.4227655675824735e-07,1.4636576113969397,1.463657297795038,2.927314766915421
d:126:-5.7593091185026424e-08,1.463657642984865,1.463657300656937,2.927315001234893
d:127:5.767264692480012e-07,1.4636576745727918,1.4636572176109048,2.9273143154572274
d:128:2.0823746993414716e-07,1.4636577061607188,1.4636572204727916,2.9273147183960404
d:129:5.179896866991385e-08,1.4636577377486386,1.4636571920560257,2.9273148780056957
d:130:-3.6296032845939408e-09,1.4636577093320415,1.4636571949179036,2.9273149078795484
d:131:4.312764723124474e-08,1.4636576809154231,1.4636572265059016,2.9273148642936775
d:132:-2.7667717006352177e-09,1.46365771250335,1.4636572580938925,2.9273149733640143
d:133:-4.147946341959141e-08,1.463657744091277,1.4636572373688779,2.9273150229396183
d:134:2.3767772816540855e-07,1.4636577756791986,1.4636572166438384,2.927314754645309
d:135:1.7449272604608268e-07,1.4636577549542942,1.4636572482318417,2.92731482869341
d:136:1.423011841694688e-07,1.4636577342293648,1.4636572798198344,2.927314871748015
d:137:1.6513457268274578e-07,1.463657713504416,1.4636573114078324,2.9273148597776757
d:138:-2.1827134588647823e-07,1.4636576927794422,1.4636573429958233,2.9273152540466114
d:139:3.199632274686337e-07,1.4636577243673834,1.4636573745838142,2.92731477898797
d:140:1.9157736730335273e-07,1.4636577036423937,1.463657406171798,2.9273149182368243
d:141:2.6291184340720974e-07,1.463657682917379,1.4636574377597853,2.927314857765321
d:142:3.570588038570577e-07,1.4636577145053256,1.4636574693477673,2.927314826794289
d:143:4.666729847002671e-07,1.4636577173673064,1.4636575009357475,2.9273147516300693
d:144:8.392182042626928e-07,1.4636577202292749,1.4636575325237242,2.927314413534795
d:145:-3.342826460084325e-09,1.4636576371831787,1.4636575641116991,2.9273152046377042
d:146:3.059532716065405e-07,1.4636576687711376,1.463657481065594,2.92731484388346
d:147:1.9319653432603445e-08,1.4636576480461105,1.4636574603405812,2.9273150890670383
d:148:-1.2605707588875248e-07,1.463657619629494,1.4636574319238438,2.9273151776104136
d:149:1.3570684131991584e-07,1.4636575989044527,1.4636574347858016,2.927314897983413
d:150:-2.7416298564730823e-07,1.4636576304924205,1.463657414060771,2.927315318716177
d:151:1.7061742774160393e-07,1.4636576097673561,1.4636574456487654,2.927314884798694
d:152:1.3168897083914999e-08,1.4636576126293352,1.4636574772367563,2.9273150766971945
d:153:1.978195971474861e-07,1.4636575842127009,1.4636575088247437,2.9273148952178474
d:154:2.0319738602836424e-07,1.4636575557960398,1.4636575116867085,2.9273148642853624
d:155:1.842584929079294e-07,1.4636575350709577,1.463657514548661,2.927314865361126
d:156:1.7690401143966028e-07,1.4636575066542736,1.4636575174106028,2.927314847160865
d:157:-1.0824589224966985e-08,1.4636574782375593,1.4636575202725304,2.927315009334679
d:158:-7.981978278337465e-08,1.4636574498208184,1.4636575518605408,2.927315081501142
d:159:1.494830126347324e-07,1.4636573667746262,1.4636575834485477,2.9273148007401613
d:160:1.0267561023624694e-08,1.4636573696366089,1.4636576150365546,2.9273149744056024
d:161:6.054643186814701e-08,1.4636574012246175,1.4636576466245579,2.9273149873027435
d:162:1.760717225351982e-07,1.463657404086593,1.4636575635783746,2.927314791593245
d:163:-7.818849745433454e-08,1.4636574356746035,1.4636575351616496,2.9273150490247506
d:164:5.2383374082864975e-08,1.4636574385365737,1.463657538023595,2.9273149241767946
d:165:-1.7302376420502696e-07,1.4636574413985297,1.463657517298584,2.927315131720878
d:166:1.380221981150953e-08,1.463657444260475,1.4636575488866015,2.9273149793448567
d:167:-1.3956506350609743e-07,1.4636574758485033,1.4636575204698623,2.927315135883429
d:168:2.497642057619487e-07,1.4636574787104433,1.4636575520578816,2.927314781004119
d:169:-7.885176955824136e-09,1.4636575102984768,1.4636575549198287,2.9273150731034825
d:170:-2.883374907725056e-07,1.4636575418865032,1.4636575577817617,2.9273153880057556
d:171:1.784968617357663e-08,1.4636575211614407,1.463657589369788,2.9273150926815426
d:172:-1.7832009646667757e-07,1.4636575527494742,1.4636576209578163,2.927315352027387
d:173:-3.776938584110212e-08,1.463657532024392,1.4636576525458374,2.9273152223396153
d:174:1.3976395507597772e-07,1.4636575036076636,1.4636576554077774,2.927315019251486
d:175:2.377102958917021e-10,1.4636574751909084,1.4636576582697103,2.9273151332229084
d:176:3.698688608722023e-07,1.4636574467741283,1.463657661131629,2.9273147380368965
d:177:-4.7211162979010624e-08,1.4636574783621743,1.463657692719666,2.9273152182930033
d:178:5.1735620232307156e-08,1.4636573953158951,1.463657609673401,2.927314953253676
d:179:3.8333977059323843e-07,1.4636574269039393,1.4636576125353091,2.927314656099478
d:180:1.1020597234789875e-07,1.46365745849198,1.4636576441233569,2.9273149924093644
d:181:4.4096612583643946e-07,1.463657490080024,1.4636576469852631,2.9273146960991614
d:182:7.228283749327602e-08,1.4636575216680558,1.4636576785733055,2.927315127958524
d:183:4.679286238484792e-07,1.4636575532560911,1.46365765784833,2.9273147431757973
d:184:2.1811954908912412e-07,1.4636575848441282,1.4636576894363849,2.927315056160964
d:185:-2.3676323124277587e-07,1.4636576164321582,1.4636576610196617,2.927315514215051
d:186:5.736169583769879e-08,1.4636576480201846,1.4636576402946702,2.927315230953159
d:187:-2.613949590113407e-08,1.4636576796082057,1.463657611877922,2.9273153176256237
d:188:-1.7055072376592761e-07,1.4636577111962303,1.4636575911529075,2.9273154728998616
d:189:2.0603042649725012e-07,1.4636576904711802,1.4636576227409748,2.9273151071817285
d:190:2.657687829810129e-07,1.4636576933332055,1.463657654329035,2.9273150818934575
d:191:1.1830174528881798e-07,1.4636576961952237,1.4636576859170969,2.9273152638105753
d:192:-4.7564004290734374e-08,1.4636576754701522,1.4636577175051517,2.9273154405393083
d:193:6.328975512559509e-07,1.4636576783321562,1.4636576344588033,2.927314679893408
d:194:2.172503972275308e-07,1.463657709920204,1.4636576660468599,2.9273151587166666
d:195:-2.272546346659965e-07,1.463657681503454,1.4636576376301047,2.9273155463881935
d:196:-1.5576334355671406e-07,1.4636576530866758,1.463657669218163,2.9273154780681825
d:197:-6.270753871717716e-08,1.4636576323615955,1.4636576720801209,2.927315367149255
d:198:-1.4854099816830058e-07,1.4636576039447888,1.4636576513551134,2.9273154038409004
d:199:2.8777009575264856e-07,1.463657520898428,1.4636576829431807,2.927314916071513
d:200:-1.7020842335568886e-07,1.4636575237604355,1.4636577145312408,2.9273154085000996
d:201:-1.3836545065259998e-07,1.4636575553485045,1.4636577461193028,2.927315439833258
d:202:2.78109780538216e-07,1.4636575869365736,1.4636577489812712,2.9273150578080642
d:203:-1.8793286926666042e-07,1.463657618524639,1.4636577518432254,2.9273155583007338
d:204:-1.869509329566199e-07,1.4636576501126939,1.463657783431291,2.927315620494918
d:205:-2.3291224415800116e-07,1.4636576817007594,1.463657786293238,2.9273157009062416
d:206:5.511940415203753e-08,1.4636576532839456,1.4636578178813124,2.927315416045854
d:207:-1.5776112149978871e-07,1.463657656145978,1.463657849469385,2.9273156633764845
d:208:-4.5168707885068216e-08,1.4636576277291429,1.463657881057454,2.927315553955305
d:209:1.9749579571737286e-07,1.4636576593172137,1.46365788391941,2.927315345740828
d:210:-1.1580951664313943e-07,1.463657630900359,1.4636578867813537,2.9273156334912294
d:211:3.1091258279047906e-07,1.4636576624884317,1.463657889643283,2.927315241219132
d:212:4.7200520825185777e-08,1.4636576940765043,1.463657921231368,2.9273155681073515
d:213:6.203605629195863e-08,1.4636576733514453,1.463657924093292,2.927315535408681
d:214:1.4176066898130557e-07,1.4636575903050026,1.4636578410468655,2.927315289591199
d:215:-1.320295019979767e-07,1.4636575931670475,1.4636578726349558,2.9273155978315053
d:216:3.6911513845439003e-08,1.463657624755129,1.4636578754968763,2.9273154633404914
d:217:-9.25143890384561e-08,1.463657656343205,1.4636578547719044,2.9273156036294985
d:218:5.991761753421088e-09,1.463657687931276,1.4636578863600036,2.927315568299518
d:219:8.550801844364742e-08,1.4636577195193503,1.4636578892219205,2.9273155232332524
d:220:4.659965213704709e-08,1.4636577223814058,1.4636578684969397,2.9273155442786933
d:221:2.3941337445876343e-07,1.4636577252434488,1.4636579000850478,2.927315385915122
d:222:-6.095218729740282e-08,1.4636577281054777,1.463657871668337,2.927315660726002
d:223:1.5349974269440736e-07,1.4636577596935663,1.4636578432516032,2.9273154494454268
d:224:1.7333084123549725e-07,1.463657791281653,1.4636578748397149,2.9273154927905267
d:225:1.2587291031707082e-07,1.463657794143682,1.4636578464229562,2.9273155146937277
d:226:-1.1808838884519446e-07,1.4636578257317758,1.4636577633764478,2.9273157071966125
d:227:-9.091572650277158e-08,1.463657828593803,1.4636577662383683,2.9273156857478977
d:228:-1.8142128688225512e-07,1.4636578601818933,1.4636577978264889,2.927315839429669
d:229:-1.1795622611998624e-07,1.463657831765067,1.4636577694097088,2.927315719131002
d:230:8.33854336690365e-08,1.4636578033482106,1.463657772271631,2.927315492234408
d:231:-1.1079869999264247e-07,1.4636577749313275,1.4636577751335391,2.9273156608635666
d:232:-2.496460531631328e-07,1.4636577542062987,1.4636577779954365,2.9273157818477884
d:233:-5.490239729510904e-08,1.463657785794405,1.4636577572704557,2.927315597967258
d:234:2.778565075800543e-07,1.4636577027478825,1.4636577365454553,2.9273151614368302
d:235:-1.431153773268079e-07,1.463657734335989,1.463657768133606,2.9273156455849723
d:236:2.6567673394595204e-07,1.4636577659240935,1.4636577997217497,2.927315299969109
d:237:7.258124412601319e-08,1.463657797512198,1.4636578313099005,2.9273155562408544
d:238:3.684633931300141e-08,1.4636578291002955,1.4636578628980441,2.9273156551520003
d:239:8.887526270484614e-08,1.4636578083752667,1.4636578944861842,2.9273156139861882
d:240:-4.0434196435512604e-08,1.4636577876502095,1.4636578114395942,2.927315639524
d:241:-2.0401151701321396e-07,1.4636577669251363,1.463657783022816,2.927315753959469
d:242:4.4051414960222246e-08,1.4636577385082479,1.4636577622978155,2.9273154567546484
d:243:2.649129449139309e-08,1.463657770096363,1.463657733881007,2.9273154774860757
d:244:4.3930782567258575e-08,1.4636577493712704,1.4636577131559836,2.9273154185964714
d:245:9.80682006712641e-08,1.4636577209543642,1.4636577447441432,2.9273153676303068
d:246:2.2278976885559132e-08,1.4636577238164445,1.4636577763322975,2.927315477869765
d:247:7.454569761478069e-08,1.4636577030913323,1.4636577791942376,2.927315407739872
d:248:6.792674867028836e-08,1.4636577346794635,1.4636578107823954,2.9273154775351102
d:249:6.870186730623118e-08,1.4636577375415385,1.4636578423705497,2.927315511210221
d:250:-4.3876319466562563e-08,1.4636576544949307,1.4636578452324915,2.9273155436037417
d:251:1.1385811227171416e-07,1.4636576860830708,1.4636578768206512,2.9273154490456097
d:252:6.54401777211433e-08,1.4636577176712038,1.4636579084088073,2.9273155606398333
d:253:1.530371509517181e-07,1.463657749259335,1.4636578253621408,2.927315421584325
d:254:-5.9510076866331474e-08,1.4636577808474662,1.463657804637128,2.927315644994671
d:255:1.452464282181154e-08,1.4636577837095555,1.4636578074990698,2.9273155766839825
d:256:2.058568124851945e-07,1.4636577865716323,1.463657779082272,2.927315359797092
d:257:-2.512650887354084e-07,1.4636578181597724,1.463657750665444,2.927315820090305
d:258:5.292326132888547e-07,1.4636578497479036,1.463657722248584,2.9273150427638743
d:259:3.669252368609932e-07,1.463657881336042,1.4636577538367632,2.9273152682475683
d:260:2.8501208504394526e-08,1.4636579129241731,1.4636577254198873,2.927315609842852
d:261:-1.7336895652420026e-07,1.4636579445123026,1.463657704694862,2.927315822576121
d:262:3.8425053183743785e-07,1.4636579761004302,1.4636576839698119,2.9273152758197103
d:263:-1.675523595423556e-07,1.463657978962532,1.4636577155580035,2.927315862072895
d:264:-1.4672034254203936e-08,1.4636580105506631,1.4636577471461898,2.927315772368887
d:265:1.3520602415439953e-07,1.4636580421387908,1.4636577787343708,2.9273156856671374
d:266:2.398813148118961e-07,1.4636580214137282,1.4636576956876155,2.927315477220029
d:267:-6.753321812880131e-08,1.4636579929968576,1.463657667270727,2.927315727800803
d:268:1.0589135968075425e-07,1.4636579099501752,1.4636576465456628,2.9273154506044783
d:269:2.1873486133472397e-07,1.4636579415383117,1.463657625820586,2.9273153486240364
d:270:4.5023519135156675e-08,1.463657944400424,1.4636576574087776,2.9273155567856826
d:271:1.1385452580725541e-09,1.4636579759885624,1.4636576289918697,2.927315603841887
d:272:6.566170007715755e-08,1.4636579788506694,1.4636576605800666,2.927315573769036
d:273:7.864239748300861e-08,1.463657981712764,1.4636576921682618,2.9273155952386283
d:274:9.77268719282165e-08,1.4636579845748479,1.463657723756457,2.927315610604433
d:275:1.4115824953364609e-07,1.463658016163004,1.463657726618461,2.9273156016232154
d:276:7.933844337060236e-08,1.463658047751153,1.4636577294804507,2.9273156978931603
d:277:5.0814877639027145e-08,1.4636580793393055,1.4636577610686548,2.9273157895930826
d:278:-9.578812942834247e-08,1.463658110927451,1.4636577926568535,2.927315999372434
d:279:-1.6829254789740844e-07,1.4636581425156,1.4636577955188503,2.927316106326998
d:280:4.9668971158212116e-08,1.4636581453776998,1.4636577983808312,2.92731589408956
d:281:-1.8636823106987777e-07,1.463658176965847,1.4636577153339942,2.9273160786680723
d:282:5.099794009311154e-08,1.4636581798279416,1.4636577181959627,2.927315847025964
d:283:-1.559555382613098e-07,1.4636581826900255,1.4636577497841792,2.927316088429743
d:284:9.100727993427427e-08,1.4636582142781869,1.4636577290591202,2.927315852330027
d:285:-4.0611281448832415e-08,1.4636581858613358,1.4636577606473402,2.9273159871199574
d:286:7.33166789501638e-08,1.4636582174495008,1.4636577322304412,2.927315876363263
d:287:4.928277661520042e-07,1.4636581967244773,1.4636577350924114,2.9273154389891225
d:288:-1.4380583834849858e-07,1.4636581759994325,1.4636577666806403,2.927316086485911
d:289:-1.0783965187499689e-07,1.463658092952672,1.4636577982688657,2.9273159990611894
d:290:-2.5798131453314e-07,1.4636580958147611,1.4636578298570857,2.9273161836531614
d:291:6.438715516310367e-08,1.4636580986768397,1.4636578327190648,2.9273158670087494
d:292:-1.9406906126562262e-07,1.4636581302650225,1.4636578355810332,2.927316159915117
d:293:-3.137474209324864e-07,1.4636581331270957,1.4636578671692675,2.927316314043784
d:294:4.807815745522248e-07,1.4636581359891547,1.463657870031227,2.9273155252388072
d:295:-1.7216755310300869e-07,1.4636581675773463,1.463657901619463,2.9273162413643625
d:296:-1.1293015056423883e-07,1.4636581704394,1.463657904481419,2.9273161878509697
d:297:2.7166701421776906e-07,1.4636582020275917,1.4636579360696587,2.927315866430236
d:298:-2.6933153307595603e-07,1.4636582336157886,1.4636579389316093,2.927316441878931
d:299:-1.9929580652444656e-07,1.4636582652039785,1.4636579705198525,2.9273164350196375
d:300:2.9621533670365352e-08,1.4636582967921612,1.4636578874729373,2.927316154643565
d:301:9.24664682599996e-08,1.4636582683753225,1.463657859056049,2.9273160349649032
d:302:-3.541612514368353e-08,1.4636582399584679,1.4636578906442956,2.9273161660188887
d:303:-3.473830290090518e-08,1.4636582115415777,1.463657893506248,2.9273161397861287
d:304:-6.247296013839332e-09,1.4636582431297764,1.4636578650893401,2.9273161144664126
d:305:8.751627333936085e-08,1.4636582147128703,1.463657836672411,2.927315963869008
d:306:4.0697473835393794e-08,1.4636582463010654,1.4636578395343527,2.9273160451379443
d:307:2.6605536262991336e-07,1.4636582255760544,1.4636578423962838,2.9273158019169756
d:308:1.0462846056213948e-07,1.4636581425292103,1.463657821671271,2.927315859572021
d:309:1.7993751733058616e-07,1.4636581453912996,1.4636578532595443,2.9273158187133266
d:310:5.40996623499268e-07,1.4636581769795072,1.4636578561214773,2.927315492104361
d:311:3.5508999474131997e-07,1.4636581798415929,1.4636578877097524,2.9273157124613505
d:312:2.0627939534278994e-07,1.4636581514246654,1.4636578905716728,2.927315835716943
d:313:1.1055421644812213e-07,1.4636581230077166,1.4636579221599604,2.9273159346134605
d:314:-2.5967460359765937e-07,1.4636581022826878,1.46365783911296,2.9273162010702514
d:315:5.0968861131650556e-08,1.4636581051447664,1.4636578106960165,2.9273158648719217
d:316:3.272545132659843e-07,1.463658136732997,1.4636577822790482,2.927315591757532
d:317:5.64417206305734e-08,1.4636581083160252,1.4636577851409704,2.927315837015275
d:318:3.7296189603353014e-07,1.463658111178102,1.4636577567239826,2.9273154949401885
d:319:1.2937059423734354e-07,1.463658114040168,1.4636577283069663,2.92731571297654
d:320:-1.207713076212258e-07,1.4636580309932388,1.463657759895268,2.9273159116598144
d:321:-2.5880883214313144e-08,1.4636580625814801,1.463657791483568,2.9273158799459313
d:322:2.3074443866732963e-07,1.4636580941697233,1.463657823071868,2.9273156864971526
d:323:-1.5395270125395655e-07,1.4636580970317876,1.4636578023468694,2.9273160533313582
d:324:1.3356225991856263e-07,1.4636580998938378,1.4636578339351694,2.927315800266747
d:325:4.546185294884708e-08,1.4636581314820916,1.4636578655234658,2.9273159515437044
d:326:-8.977558252354356e-08,1.4636581630703418,1.4636578683854111,2.9273161212313354
d:327:-5.565500416082614e-08,1.4636581946585885,1.4636578712473476,2.9273161215609402
d:328:8.53715906856678e-08,1.4636581975206475,1.4636578741092716,2.9273159862583285
d:329:2.583320526383659e-07,1.4636582291089013,1.463657876971185,2.9273158477480337
d:330:-1.1957554946206983e-08,1.463658260697148,1.4636579085595045,2.9273161812142074
d:331:-1.4271913428842709e-07,1.4636582322801868,1.4636579401478205,2.9273163151471415
d:332:1.2626661138881445e-07,1.4636582115551935,1.4636579717361382,2.9273160570247203
d:333:2.0746716344888227e-08,1.463658214417256,1.4636580033244506,2.9273161969949903
d:334:1.662183830575259e-07,1.4636581860002735,1.4636580349127595,2.92731605469465
d:335:-7.359200004941613e-08,1.4636581029532643,1.4636579518656756,2.92731612841094
d:336:8.736350487481559e-08,1.4636581058153144,1.4636579547276067,2.9273159731794163
d:337:2.3781469238315367e-08,1.4636581086773557,1.4636579863159227,2.927316071211809
d:338:5.213971299156128e-08,1.4636581402656326,1.4636579891778432,2.9273160773037628
d:339:-9.963846459015713e-08,1.4636581718539112,1.4636579920397548,2.9273162635321306
d:340:3.3573691204935585e-07,1.4636581747159507,1.4636580236280778,2.9273158626071165
d:341:3.7206124048339007e-07,1.4636581775779778,1.4636580552163991,2.9273158607331364
d:342:1.623017578111785e-07,1.4636582091662635,1.4636580580783107,2.9273161049428165
d:343:-2.5676902382087974e-08,1.4636582120282906,1.46365803735336,2.927316275058553
d:344:1.0515557846701995e-07,1.4636582148902963,1.4636580166283775,2.9273161263630953
d:345:-7.679427227458291e-08,1.4636582177522968,1.4636579959033824,2.9273162904499515
d:346:-6.917294470554225e-08,1.4636582493406003,1.4636579674864088,2.9273162859999537
d:347:-9.63347623894606e-09,1.4636582809289003,1.4636579467613906,2.927316237323767
d:348:-1.4359271460762102e-07,1.4636583125171967,1.4636579783497403,2.9273164344596516
d:349:3.1622273688469704e-07,1.4636583441054913,1.4636578953025676,2.927315923185322
d:350:8.315807598080482e-08,1.4636583156885283,1.4636578981644863,2.9273161306949387
d:351:3.379150026461275e-07,1.4636582872715334,1.4636579297528414,2.927315879109372
d:352:1.1673037647597084e-07,1.4636582665465703,1.4636579013358535,2.9273160511520473
d:353:1.3302507007040276e-07,1.4636581834994793,1.4636578806108194,2.9273159310852286
d:354:6.550916609171509e-08,1.4636582150877828,1.4636578521938048,2.9273160017724216
d:355:3.0489314717385696e-07,1.4636582466760881,1.4636578837821688,2.9273158255651097
d:356:4.4332545101610776e-07,1.4636582495381205,1.4636578866440964,2.927315692856766
d:357:2.3460115983198193e-07,1.4636582811264258,1.4636578659190462,2.927315912444312
d:358:-1.1024926926950229e-07,1.4636583127147276,1.4636578975074173,2.927316320471414
d:359:-3.214501731463315e-08,1.4636583155767617,1.4636579290957918,2.927316276817571
d:360:2.4661265030090362e-08,1.4636583184387781,1.4636578460485428,2.927316139826056
d:361:-5.549393122805668e-08,1.4636583500270923,1.4636578253234802,2.9273162308445038
d:362:1.397527906732421e-07,1.4636583528891034,1.4636577969064533,2.927316010042766
d:363:1.337211426033491e-07,1.4636583557511038,1.463657768489396,2.9273159905193573
d:364:2.273984112122207e-07,1.4636583873394269,1.4636577713513326,2.9273159312923482
d:365:8.743836943381211e-08,1.46365841892775,1.4636577429342559,2.9273160744236364
d:366:4.030024314261027e-07,1.4636584505160712,1.4636577145171525,2.9273157620307924
d:367:-1.3541238708114633e-07,1.463658453378077,1.4636577461055449,2.927316334896009
d:368:2.9727795869405327e-07,1.463658456240072,1.4636577489674796,2.927315907929593
d:369:1.6140823255739178e-07,1.4636584355151392,1.4636577282424081,2.9273160023493148
d:370:1.2466654020215628e-07,1.463658467103473,1.4636577598308094,2.927316102267742
d:371:3.3564687740295085e-07,1.4636584386865064,1.4636577914192124,2.9273158944588413
d:372:1.3475986371247473e-07,1.463658355639339,1.4636578230076136,2.927316043887089
d:373:-1.4737606690573557e-08,1.4636583585013323,1.4636578545960113,2.9273162278349503
d:374:-5.175172113069948e-08,1.463658390089675,1.4636578574579584,2.9273162992993544
d:375:4.249257496979908e-07,1.463658392951663,1.4636578890463596,2.927315857072273
d:376:4.732177671940008e-08,1.463658424540009,1.4636579206347555,2.927316297852988
d:377:-6.08449699512903e-08,1.4636584561283517,1.4636579234967044,2.927316440470026
d:378:6.05278653864616e-08,1.463658427711371,1.463657926358641,2.9273162935421464
d:379:5.206365472076868e-08,1.4636583992943653,1.4636579292205667,2.9273162764512772
d:380:-2.4065319337296387e-07,1.4636584021563586,1.4636579608089804,2.9273166036185323
d:381:4.193980114308715e-07,1.4636584337447118,1.4636578777616407,2.927315892108341
d:382:2.0770349706822344e-07,1.4636584053276867,1.4636578570365923,2.927316054660782
d:383:-9.646965715148781e-08,1.4636583769106384,1.4636578598985128,2.9273163332788084
d:384:-1.1206340033709239e-07,1.4636583561857144,1.4636578391734396,2.9273163074225543
d:385:1.2282409578290299e-07,1.46365838777408,1.4636578420353512,2.9273161069853355
d:386:3.5396188913239257e-07,1.4636583906360787,1.4636578136182692,2.9273158502924588
d:387:-1.885352123309758e-07,1.4636583075888243,1.463657816480172,2.9273163126042085
d:388:-2.2539014743472308e-07,1.4636583391771971,1.463657848068614,2.9273164126359585
d:389:7.447753525013923e-08,1.4636583707655646,1.4636578509305131,2.9273161472185425
d:390:4.6510216122896963e-08,1.463658373627565,1.463657853792398,2.927316180909747
d:391:-7.184291028750067e-08,1.4636584052159343,1.4636578853808473,2.927316362439692
d:392:2.5480380472231445e-08,1.463658436804307,1.4636579169693,2.9273163282932266
d:393:1.3998733372488914e-07,1.4636584683926745,1.4636579198311832,2.927316248236524
d:394:5.9010446307183884e-08,1.463658439975621,1.463657922693054,2.9273163036582286
d:395:1.5369925776553828e-08,1.4636584715639884,1.463657925554914,2.9273163817489767
d:396:-1.4146841920137376e-08,1.4636584508390857,1.4636579284167617,2.9273163934026893
d:397:1.764161616790716e-08,1.4636584301141564,1.4636579312785987,2.927316343751139
d:398:6.105796011013354e-07,1.463658409389204,1.4636579341404232,2.927315732950026
d:399:7.966457360453205e-08,1.4636583886642356,1.4636579657289133,2.9273162747285753
d:400:-5.093649946275036e-08,1.4636583602471624,1.4636579973173927,2.9273164085010546
d:401:-9.999896555257237e-08,1.4636583318300662,1.4636579142699695,2.9273163460990013
d:402:9.651120791431822e-08,1.4636582487827248,1.4636578858529,2.9273160381244168
d:403:2.117767596843123e-07,1.4636582803711207,1.4636578651278551,2.927315933722216
d:404:1.1549684586498188e-07,1.4636583119595112,1.4636578367107607,2.927316033173426
d:405:-2.1135907246616625e-08,1.4636583435479,1.463657815985698,2.9273161806695054
d:406:1.8284395508771922e-07,1.4636583751362888,1.463657787568577,2.9273159798609107
d:407:-1.9250366101175587e-07,1.4636584067246723,1.463657819157083,2.9273164183854163
d:408:-1.5303313105619054e-07,1.4636583859996968,1.4636578507455802,2.927316389778408
d:409:2.3727320019872877e-07,1.4636583652747053,1.463657882334081,2.927316010335586
d:410:4.831653157566507e-07,1.4636583445496836,1.4636579139225727,2.9273157753069405
d:411:1.6233080657457322e-07,1.4636583474117515,1.4636579455110663,2.9273161305920112
d:412:1.7620493331094167e-07,1.4636583502738105,1.4636579770995617,2.927316151168439
d:413:9.59418660073652e-08,1.4636583531358536,1.4636580086880482,2.9273162658820358
d:414:-2.2903220120440437e-07,1.4636583247187573,1.4636580115499278,2.9273165653008864
d:415:-2.072275115949651e-07,1.4636583275807862,1.463658043138416,2.927316577946714
d:416:-2.0742743700452593e-07,1.463658359169214,1.4636580460002904,2.9273166125969414
d:417:-1.3056151715318265e-09,1.4636583307520965,1.4636579629527855,2.927316295010497
d:418:-2.6601647284962837e-07,1.463658302334954,1.4636579345356715,2.9273165028870984
d:419:-1.5697820110460725e-07,1.4636582816099342,1.4636579661241758,2.927316404712311
d:420:-1.59346491557244e-07,1.4636582608848894,1.4636579977126747,2.9273164179440556
d:421:-5.620077736523399e-08,1.4636582401598215,1.46365802930117,2.927316325661769
d:422:1.254526686977897e-07,1.4636582717482671,1.463658008576136,2.9273161548717344
d:423:-9.393945710201024e-08,1.4636581887008315,1.4636579878510823,2.927316270491371
d:424:3.555219638684548e-07,1.4636582202892754,1.4636579671260073,2.927315831893319
d:425:8.879796453697963e-08,1.463658251877714,1.4636579987145133,2.9273161617942627
d:426:1.4136960047039793e-07,1.4636582834661542,1.4636580303030193,2.927316172399573
d:427:8.290648167985637e-10,1.4636583150545874,1.4636580331649203,2.927316347390443
d:428:1.483644780364557e-07,1.4636582866374415,1.4636580360268123,2.9273161742997758
d:429:2.087145194451523e-07,1.4636583182258782,1.463657952979224,2.9273160624905827
d:430:2.0044737958357928e-07,1.4636582898087074,1.4636579845677407,2.9273160739290685
d:431:-8.998349443345433e-08,1.4636582690836448,1.4636579638426586,2.927316322909798
d:432:-9.942298540011052e-08,1.463658248358561,1.4636579431175551,2.9273162908991015
d:433:1.637427349265863e-07,1.463658227633454,1.4636579147004483,2.9273159785911673
d:434:8.549404029167817e-08,1.4636582592219032,1.4636578939753182,2.927316067703181
d:435:2.2612933214816167e-07,1.4636582384967802,1.4636579255638527,2.9273159379313007
d:436:-6.80441694100864e-08,1.4636582177716306,1.4636579048387084,2.9273161906545084
d:437:2.478803473593416e-07,1.4636582493600905,1.4636579077006093,2.9273159091803524
d:438:4.3716361908252566e-07,1.463658252222201,1.4636579105625032,2.927315725621085
d:439:1.8164273285492527e-07,1.4636581691746784,1.4636579421510465,2.927315929682992
d:440:3.174095901670171e-07,1.4636582007631436,1.4636579450129314,2.927315828366485
d:441:1.9522603977861763e-08,1.4636582323516052,1.463657976601482,2.927316189430483
d:442:5.416642618882861e-07,1.4636582639400633,1.463658008190027,2.9273157304658284
d:443:-5.4493325407634075e-08,1.4636582955285213,1.463658011051912,2.9273163610737587
d:444:-1.0410122541770761e-08,1.463658327116974,1.46365792800424,2.9273162655313367
d:445:7.115871092366888e-08,1.4636583587054304,1.4636579308661144,2.927316218412834
d:446:2.290638789759214e-07,1.4636583902938778,1.4636579101409701,2.927316071370969
d:447:1.2386783154738623e-08,1.4636584218823234,1.463657913002832,2.9273163224983723
d:448:1.338606168133083e-07,1.4636584534707708,1.4636578922776717,2.9273162118878258
d:449:1.4971411665953838e-07,1.4636584327456479,1.4636578638605702,2.9273161468921014
d:450:4.63848817133794e-08,1.4636584643340935,1.4636578354434402,2.927316253392652
d:451:-3.1341366835135887e-08,1.4636584436089546,1.4636578070262871,2.9273162819766085
d:452:2.1796725313549814e-07,1.463658422883789,1.4636578386148713,2.927316043531407
d:453:1.0072389500237477e-07,1.4636584257459528,1.4636578101976951,2.927316135219753
d:454:-1.729934329119942e-07,1.4636584286081042,1.4636577817804888,2.927316383382026
d:455:-1.0272550987622253e-07,1.4636584078829245,1.4636578133690783,2.9273163239775126
d:456:1.907059381522913e-07,1.463658379465791,1.4636577303213176,2.9273159190811704
d:457:-1.3136053134132908e-07,1.4636583587405898,1.4636577019040882,2.9273161920052093
d:458:3.2734643440335276e-08,1.463658390329071,1.463657704765966,2.9273160623603935
d:459:-1.1758856288679453e-07,1.4636583072814648,1.46365767634871,2.9273161012187376
d:460:3.292582881897488e-07,1.4636583101436198,1.4636577079373136,2.9273156888226453
d:461:-2.0537118672336874e-08,1.4636583417321045,1.4636576872121534,2.9273160494813766
d:462:1.2013849293168732e-07,1.4636583445942506,1.4636576587948777,2.9273158832506354
d:463:1.2179453179328448e-07,1.4636583238690388,1.4636576303775737,2.9273158324520807
d:464:2.23513854535895e-07,1.4636583267311778,1.4636576332394604,2.9273157364567837
d:465:1.1547855294224973e-07,1.4636583583196785,1.4636576648280801,2.9273159076692057
d:466:4.0877631768410083e-07,1.4636583611818104,1.463657696416698,2.9273156488221908
d:467:2.5751413268437773e-07,1.4636583927703128,1.4636576133688521,2.9273157486250323
d:468:-2.2876849392616805e-07,1.4636583643531722,1.4636576449574665,2.9273162380791327
d:469:-1.2628025736205473e-07,1.4636583359360102,1.46365761654015,2.9273160787564176
d:470:2.6230680916228266e-07,1.4636583387981421,1.4636575881228087,2.9273156646141416
d:471:-1.2898752466128371e-07,1.463658255750456,1.463657590984699,2.9273159757226797
d:472:2.755197598958148e-07,1.4636582273332657,1.463657622573324,2.9273155743868298
d:473:4.666513220286106e-08,1.463658198916045,1.4636575941559613,2.927315746406874
d:474:3.336064580139464e-08,1.4636581781908333,1.4636575970178534,2.927315741848041
d:475:1.8088839226493292e-07,1.4636582097793607,1.4636575998797294,2.927315628770698
d:476:-1.4652651181279452e-07,1.4636581813621206,1.4636576027415913,2.9273159306302237
d:477:-1.3267670340155746e-07,1.463658160636891,1.4636575820164435,2.927315875330038
d:478:2.675271382202027e-08,1.463658132219626,1.4636575848783,2.927315690345212
d:479:1.116600714112792e-07,1.463658111494368,1.4636575641531273,2.927315563987424
d:480:-6.615104730656185e-08,1.4636580907690941,1.463657595741795,2.9273157526619364
d:481:1.6153000537144635e-07,1.4636580700437936,1.4636575126938585,2.9273154212076467
d:482:2.847625637514284e-07,1.4636580416265055,1.463657544282519,2.9273153011464608
d:483:1.285864037470219e-08,1.4636580132091908,1.463657515865144,2.9273155162156943
d:484:-1.5296549626953038e-07,1.4636579847918494,1.4636575474538116,2.9273156852111573
d:485:-1.4499042855220523e-07,1.4636579563744814,1.4636575503156752,2.927315651680585
d:486:-2.1155975460374066e-07,1.4636579356491666,1.4636575531775318,2.927315700386453
d:487:-1.124044093359089e-07,1.4636579149238234,1.4636575324523537,2.9273155597805864
d:488:3.477465781998035e-07,1.4636579177859872,1.4636575640410356,2.9273151340804446
d:489:1.541927083792416e-07,1.4636578347381857,1.4636575956297104,2.9273152761751877
d:490:1.9134656525920946e-07,1.4636578140128211,1.4636576272183834,2.9273152498846393
d:491:1.4735716646896435e-08,1.463657793287437,1.463657630080247,2.9273154086319675
d:492:-3.0913707149693437e-09,1.463657796149592,1.4636576329420965,2.9273154321830592
d:493:-6.409540453944373e-08,1.463657827738194,1.4636576645307802,2.9273155563643787
d:494:2.111751733480105e-07,1.46365779932081,1.463657696119462,2.9273152842650987
d:495:-8.345136670584452e-08,1.4636577709033993,1.4636577277081422,2.927315582062908
d:496:-4.771400341496701e-08,1.463657750178001,1.463657759296817,2.9273155571888214
d:497:1.1993530968368304e-07,1.4636577217605655,1.4636577621586824,2.927315363983938
d:498:1.3434065770923098e-07,1.463657693343098,1.4636577937473607,2.927315352749801
d:499:1.2431019769110208e-07,1.4636576649256057,1.4636578253360355,2.9273153659514435
d:500:-1.9365673509241788e-08,1.463657667787773,1.4636578569247174,2.927315544078164
d:501:-6.480219205684534e-08,1.4636576993764034,1.4636577738767063,2.9273155380553018
d:502:-9.715685500566451e-08,1.4636577022385584,1.4636577767385734,2.927315576133987
d:503:2.2451759207342548e-07,1.4636576191906663,1.4636577796004318,2.927315174273506
d:504:-4.6965418221134314e-08,1.4636575984652556,1.463657811189119,2.9273154566197928
d:505:3.5326310765526614e-08,1.4636576013274034,1.4636577904639818,2.9273153564650745
d:506:1.2394901993673102e-07,1.4636576329160516,1.4636577933258348,2.9273153022928664
d:507:-1.3125104914024632e-07,1.4636576044985485,1.4636578249145291,2.927315560664127
d:508:7.478278263306493e-08,1.4636575760810153,1.4636578565032217,2.9273153578014544
d:509:1.3799622955446011e-07,1.4636575789431632,1.4636578593650764,2.92731530031201
d:510:3.9353741065895065e-07,1.4636575818052968,1.4636578909537707,2.927315079221657
d:511:7.709822167356606e-07,1.4636575846674198,1.4636578938156184,2.9273147075008215
d:512:-8.406106388747503e-08,1.4636575875295303,1.4636579254043198,2.927315596994914
d:513:-4.995649582895112e-08,1.4636575903916302,1.4636578969870069,2.927315537335133
d:514:-2.784129957689174e-07,1.4636575932537177,1.463657868569669,2.9273157402363825
d:515:5.7162583999570415e-08,1.463657510205735,1.463657785521578,2.927315238564729
d:516:2.8582823929923507e-07,1.4636575417944258,1.4636577883834256,2.927315044349612
d:517:-1.3764312711828097e-07,1.4636575733831112,1.463657791245259,2.9273155022714974
d:518:1.4373517487342724e-08,1.4636576049717966,1.4636577705201326,2.9273153611184117
d:519:1.8283822456055532e-08,1.463657636560475,1.4636578021088553,2.927315420385508
d:520:4.20484472130056e-07,1.463657668149155,1.4636577736914997,2.9273150213561827
d:521:7.016142866689279e-08,1.463657699737828,1.4636577765533314,2.927315406129731
d:522:1.766442370154664e-07,1.4636577313265065,1.463657808142063,2.9273153628243325
d:523:5.37393798794028e-07,1.4636577106011295,1.4636578397307929,2.9273150129381236
d:524:-9.154437208280797e-09,1.463657682183614,1.4636578713195192,2.9273155626575704
d:525:1.4420150229454975e-07,1.463657661458214,1.4636578741813562,2.927315391438068
d:526:1.9671391982001296e-07,1.4636576330406736,1.4636579057700825,2.9273153420968363
d:527:-1.5369931105624346e-07,1.463657612315254,1.463657908631916,2.927315674646481
d:528:5.717535778160254e-08,1.4636576439039484,1.4636579402206529,2.9273155269492435
d:529:9.777008003197807e-08,1.463657615486385,1.4636579718093827,2.9273154895256877
d:530:-3.935660686238407e-09,1.4636576183485221,1.4636580033981144,2.927315625682297
d:531:-2.593468373390806e-07,1.4636575353004577,1.4636580062599513,2.9273158009072464
d:532:4.950887522170433e-08,1.4636575668891627,1.4636580378486848,2.9273155552289722
d:533:7.8065562902907e-08,1.4636575984778606,1.4636580694374128,2.9273155898497105
d:534:1.8798324319391213e-07,1.4636576300665585,1.4636579863892472,2.9273154284725624
d:535:-8.60905196020667e-08,1.463657632928701,1.4636579579719058,2.9273156769911264
d:536:-2.411478305930359e-07,1.4636576357908329,1.4636579608337463,2.92731583777241
d:537:-1.2566658114110396e-07,1.4636576673795414,1.4636579324163819,2.9273157254625044
d:538:-1.6047116702111452e-07,1.4636576989682464,1.4636579116912962,2.9273157711307096
d:539:2.129497786995671e-07,1.4636577305569514,1.4636579432800456,2.9273154608872183
d:540:1.1838452529389087e-07,1.4636577334190886,1.4636579148626563,2.9273155298972195
d:541:-1.914880254361151e-07,1.4636577362812133,1.4636579464514092,2.927315874220648
d:542:1.792026438351968e-07,1.4636577678699236,1.4636579780401533,2.927315566707433
d:543:-1.9302844123103569e-07,1.4636577707320448,1.4636580096288974,2.9273159733893834
d:544:-5.361029487005453e-08,1.4636577735941518,1.4636580124907592,2.927315839695206
d:545:-4.9901627718895725e-08,1.4636577764562482,1.463658044079505,2.927315870437381
d:546:8.372291304681312e-09,1.463657748038706,1.4636580469413616,2.9273157866077764
d:547:-3.2853977316449345e-08,1.463657779627436,1.4636579638931142,2.9273157763745274
d:548:-3.080254096232693e-07,1.4636578112161693,1.463657935475723,2.927316054717302
d:549:3.154057921506137e-07,1.4636578140782657,1.4636579070583,2.9273154057307735
d:550:-1.2647652347652638e-07,1.463657793352894,1.463657878640852,2.9273157984702696
d:551:-8.687588604061602e-08,1.463657710304755,1.4636578815027015,2.9273156786833425
d:552:-2.363853663922555e-07,1.4636577131668425,1.4636578607776283,2.927315810329837
d:553:-1.4155517114033955e-07,1.4636577160289193,1.4636578636394653,2.9273157212235557
d:554:-8.823892727605198e-10,1.4636577476176669,1.4636578952282466,2.9273156437283028
d:555:6.816026143496856e-08,1.4636577792064198,1.4636578980900818,2.9273156091362402
d:556:-1.1465933447141197e-07,1.463657782068493,1.463657929678865,2.9273158264066925
d:557:1.7332600776853724e-07,1.463657813657246,1.4636579325406949,2.927315572871933
d:558:1.579889534752965e-07,1.4636578165193157,1.4636579641294851,2.9273156226598473
d:559:1.799883069253383e-07,1.4636578481080722,1.4636579669913061,2.9273156351110714
d:560:-1.572254628712244e-07,1.4636578509701366,1.4636579698531165,2.927315978048716
d:561:-2.516949173525518e-07,1.4636578538321867,1.463657886804782,2.927315992331886
d:562:-1.1951831524470435e-08,1.463657856694228,1.46365788966658,2.9273157583126395
d:563:-2.3187123332490955e-09,1.463657859556255,1.4636578689415085,2.927315730816476
d:564:1.8550579206078055e-07,1.4636578624182732,1.4636579005303183,2.9273155774427995
d:565:1.3349351490887784e-07,1.46365789400706,1.4636578798052327,2.9273156403187777
d:566:3.798475045613259e-07,1.4636579255958377,1.46365785138779,2.927315397136123
d:567:1.1800425880892362e-07,1.4636578971783258,1.463657822970326,2.927315602144393
d:568:7.521068745575121e-08,1.4636578687607802,1.4636578545591465,2.9273156481092393
d:569:-2.7658341394953823e-08,1.4636578403432097,1.4636578861479634,2.9273157541495145
d:570:7.9065843650028e-08,1.46365781961787,1.4636579177367786,2.927315658288805
d:571:2.2425869516951025e-07,1.4636577365696404,1.4636579493255937,2.927315461636539
d:572:7.557072301267453e-08,1.4636577394316657,1.4636579809144017,2.9273156447753443
d:573:-5.7995723778958563e-08,1.463657771020472,1.4636580125032133,2.927315841519409
d:574:1.439809445002993e-07,1.4636578026092764,1.4636580440920195,2.9273157027203514
d:575:2.5186695395973402e-08,1.4636578341980684,1.4636580756808222,2.927315884692195
d:576:-1.7026667720188016e-07,1.4636578370601026,1.4636581072696249,2.9273161145964046
d:577:1.2292382756129427e-07,1.4636578399221225,1.4636581388584222,2.927315855856717
d:578:7.37106713444291e-08,1.4636578427841282,1.4636581704472178,2.9273159395206747
d:579:4.1131157324514334e-07,1.4636578456461233,1.4636580873988088,2.927315521733359
d:580:1.783290564105755e-07,1.463657817228551,1.4636581189876026,2.927315757887097
d:581:5.796906297206306e-07,1.4636578200905372,1.4636580982625507,2.927315338662458
d:582:1.2264412951878967e-07,1.463657851679372,1.4636581298513462,2.9273158588865886
d:583:5.220359788893347e-08,1.4636578832681995,1.4636581014339072,2.9273159324985087
d:584:1.0574670383789453e-07,1.4636578625428758,1.463658133022701,2.927315889818873
d:585:-5.511324729923217e-10,1.463657865404862,1.463658104605237,2.9273159705612315
d:586:7.215271580207627e-08,1.463657782356556,1.4636581361940415,2.9273158463978817
d:587:-1.4186712782304767e-07,1.4636578139453942,1.463658139055939,2.927316094868461
d:588:-1.9225219993757037e-07,1.4636578455342306,1.4636581419178274,2.927316179704258
d:589:4.074517079288853e-08,1.4636578483962168,1.463658173506639,2.927315981157685
d:590:2.077820155932386e-07,1.4636578512581941,1.4636582050954452,2.9273158485716237
d:591:4.049705104591794e-08,1.4636578541201555,1.4636582366842497,2.927316050307354
d:592:2.3936912896260765e-07,1.463657885709008,1.4636582682730541,2.927315914612933
d:593:2.3326576048532388e-07,1.4636578885709675,1.4636581852245723,2.9273158405297792
d:594:5.243937390986275e-07,1.4636578601534005,1.4636581644995292,2.9273155002591906
d:595:4.5425646355568006e-07,1.4636578317358033,1.4636581960883355,2.9273155735676752
d:596:6.189893042574113e-10,1.463657834597754,1.4636581989502417,2.9273160329290064
d:597:6.848502742684559e-08,1.4636578061801355,1.4636582305390515,2.9273159682341596
d:598:1.5149005960779505e-07,1.463657837769011,1.4636582334009525,2.927315919679904
d:599:1.8928552236729956e-07,1.4636578406309582,1.4636582649897676,2.9273159163352034
d:600:-2.5683096538386962e-08,1.4636578434928946,1.4636582365723179,2.927316105748309
d:601:4.0212507634862504e-07,1.4636578227675852,1.4636582081548397,2.9273156287973485
d:602:9.748023011013629e-08,1.4636578256295145,1.4636581797373385,2.927315907886623
d:603:7.334175755602246e-08,1.4636578049041873,1.4636582113261607,2.9273159428885904
d:604:-8.392642847354637e-08,1.463657721855789,1.4636581282775936,2.927315934059811
d:605:-1.1305038860598415e-07,1.4636577011304404,1.463658107552554,2.927315921733383
d:606:3.138352848708337e-07,1.463657703992359,1.4636581391413799,2.927315529298454
d:607:-9.31994676989234e-08,1.4636576832669892,1.4636581107238555,2.9273158871903124
d:608:3.243387496354444e-07,1.463657686128899,1.4636581423126866,2.927315504102836
d:609:-7.733604334703159e-08,1.4636577177178225,1.4636581451746142,2.92731594022848
d:610:1.8045262706323228e-07,1.4636577205797234,1.4636581767634418,2.927315716890538
d:611:-4.5150789773629185e-08,1.4636577234416173,1.463658179625364,2.927315948217771
d:612:1.8123611411624552e-07,1.4636577550305443,1.4636581824872703,2.9273157562817005
d:613:3.526682235133194e-07,1.4636577866194749,1.463658214076112,2.9273156480273634
d:614:1.1283205303413979e-07,1.4636577894813652,1.4636582169380148,2.927315893587327
d:615:-3.5523386898717035e-08,1.4636578210702993,1.463658219799905,2.9273160763935913
d:616:5.386477521795996e-07,1.4636578526592263,1.4636582226617847,2.927315536673259
d:617:-6.901257343372436e-08,1.4636578242416274,1.46365822552365,2.927316118777851
d:618:4.3053633547174286e-08,1.4636578558305615,1.4636581424750048,2.9273159552519328
d:619:1.612394306960141e-08,1.463657858692459,1.4636581140574787,2.9273159566259945
d:620:2.456731067468354e-07,1.4636577756439806,1.4636580856399295,2.9273156156108033
d:621:3.4813602489691675e-07,1.463657747226355,1.4636581172288015,2.9273155163191316
d:622:4.024282933556833e-07,1.4636577188087045,1.4636581488176699,2.927315465198081
d:623:6.690139642273607e-08,1.4636576903910292,1.4636581516795388,2.9273157751691716
d:624:2.071840086159682e-07,1.4636577219799776,1.463658154541399,2.927315669337368
d:625:3.118076676855708e-07,1.4636577535689224,1.4636581574032448,2.9273155991644995
d:626:-3.464231213001767e-08,1.463657785157869,1.4636581889921345,2.9273160087923156
d:627:-2.3344778377065722e-07,1.4636578167468084,1.4636581918539733,2.9273162420485654
d:628:-9.759883035087569e-08,1.4636578483357496,1.463658223442863,2.927316169377443
d:629:2.8160387799402997e-07,1.4636578276104224,1.4636582550317492,2.9273158010382936
d:630:-2.206415850025678e-08,1.4636578304723482,1.4636582578935862,2.927316110430093
d:631:-1.4687987182071538e-07,1.4636578620612966,1.4636582371686018,2.92731624610977
d:632:3.3608476002200405e-09,1.4636578413359551,1.4636582400304317,2.927316078005539
d:633:6.057427270889093e-08,1.4636578441978791,1.4636582428922509,2.9273160265158573
d:634:-1.8098958598500303e-07,1.4636577611493173,1.463658274481162,2.9273162166200652
d:635:1.8615786423481495e-07,1.4636577927382746,1.4636583060700694,2.9273159126504797
d:636:-2.0572608150359883e-07,1.4636578243272265,1.4636583376589698,2.9273163677122778
d:637:-4.507763939898268e-08,1.4636578559161801,1.4636582546102446,2.927316155604064
d:638:5.266859108843391e-07,1.4636578875051267,1.4636582574720673,2.927315618291283
d:639:2.7655234191570344e-07,1.4636579190940715,1.4636582367470794,2.927315879288809
d:640:4.925225560725721e-08,1.4636578906764228,1.4636582683359958,2.927316109760163
d:641:7.129837342745304e-08,1.463657869951085,1.4636582399184714,2.927316038571183
d:642:2.7848187755807885e-08,1.4636578492257204,1.4636582715073825,2.927316092884915
d:643:-1.365430204458562e-07,1.463657828500338,1.4636582743692124,2.927316239412571
d:644:9.476012508002896e-08,1.463657800082661,1.4636583059581323,2.927316011280668
d:645:-1.7800353546704173e-07,1.4636577716649555,1.4636583088199533,2.9273162584884442
d:646:-8.540462559381012e-08,1.463657774526915,1.463658311681769,2.9273161716133096
d:647:1.972632368563154e-08,1.46365780611589,1.4636583432706942,2.9273161296602606
d:648:-4.0218546715209413e-08,1.4636577853904935,1.4636583748596195,2.9273162004686597
d:649:-1.8605549101380348e-08,1.4636577882524495,1.4636583777214334,2.927316184579432
d:650:2.2980426450658342e-09,1.4636578198414352,1.463658409310364,2.9273162268537565
d:651:-1.858644260721576e-08,1.4636578227033787,1.4636584408992857,2.927316282189107
d:652:4.344265214228926e-08,1.46365773965473,1.463658472488211,2.9273161687002887
d:653:1.2503903334959432e-07,1.4636577712437209,1.4636584753500301,2.9273161215547177
d:654:7.314670522617917e-07,1.4636578028327047,1.463658392301225,2.9273154636668774
d:655:2.286049323174666e-07,1.4636578344216922,1.4636583715762672,2.927315977393027
d:656:4.0173144455479814e-07,1.4636578660106725,1.4636584031651996,2.9273158674444275
d:657:-9.998368355468301e-09,1.4636578975996528,1.4636584347541302,2.9273163423521513
d:658:-2.330806658790152e-08,1.4636579291886296,1.4636584063366271,2.9273163588333233
d:659:-1.2799003279440058e-07,1.4636579607776063,1.4636584379255595,2.9273165266931986
d:660:1.814631289676072e-07,1.4636579923665778,1.4636584095080352,2.927316220411484
d:661:1.7043704048091968e-07,1.4636579716412044,1.463658381090486,2.92731618229465
d:662:-1.3066229875846602e-07,1.4636580032301776,1.4636583839523176,2.927316517844794
d:663:3.5140077159212524e-07,1.4636579825047864,1.463658415541266,2.927316046645281
d:664:2.474707905264495e-08,1.4636579853667815,1.4636584184030923,2.9273163790227947
d:665:2.8479528424441014e-07,1.463657988228766,1.463658449992037,2.9273161534255188
d:666:-2.0519975585386874e-07,1.4636579910907397,1.4636584528538599,2.9273166491443554
d:667:4.182316679646192e-07,1.463658022679736,1.4636584844428118,2.92731608889088
d:668:4.888908833322603e-08,1.4636579942620713,1.4636584873046274,2.9273164326776104
d:669:7.029489346166429e-08,1.4636579112133425,1.463658490166429,2.927316331084878
d:670:5.4450550734941316e-08,1.4636579428023389,1.4636584930282215,2.9273163813800096
d:671:-2.1945855799287983e-07,1.463657974391337,1.4636584099793346,2.9273166038292295
d:672:9.771129327873496e-08,1.463658005980328,1.46365838156178,2.9273162898308147
d:673:-4.1665895622600146e-08,1.4636580375693153,1.4636583844235584,2.9273164636587694
d:674:1.9350669688833477e-07,1.463658069158308,1.4636583872853315,2.9273162629369427
d:675:1.8331167694896067e-08,1.4636580720203067,1.4636583665603986,2.9273164202495376
d:676:-2.2056783777202327e-07,1.463658074882293,1.4636583981493878,2.9273166935995185
d:677:2.23840899593597e-07,1.4636581064712928,1.4636584297383752,2.9273163123687684
d:678:-2.615525218629955e-08,1.4636581380602856,1.4636584613273573,2.927316625542895
d:679:4.897927219360554e-08,1.4636581096426227,1.4636584641891357,2.927316524852486
d:680:-1.0522069615603868e-07,1.46365808891726,1.4636584957781267,2.9273166899160827
d:681:-1.5149101528777464e-07,1.4636580604995704,1.463658498639898,2.9273167106304836
d:682:-2.5070724163356317e-08,1.463657977450767,1.4636585302288871,2.9273165327503783
d:683:-2.0723353699736435e-08,1.4636580090397757,1.4636584471799257,2.927316476943055
d:684:3.706277578174877e-07,1.463658040628781,1.463658418762373,2.927316088763396
d:685:2.6402519281987225e-08,1.4636580722177808,1.4636583903447953,2.9273164361600568
d:686:-2.2015503553518556e-07,1.4636581038067824,1.463658361927191,2.927316685889009
d:687:3.5422699262710466e-07,1.4636581353957752,1.4636583647889605,2.927316145957743
d:688:2.0082311102953554e-07,1.4636581669847715,1.463658367650721,2.9273163338123815
d:689:-1.3950391064554424e-08,1.4636581985737624,1.4636583992397352,2.9273166117638887
d:690:-1.1697711599367722e-07,1.4636581778484086,1.4636583785148218,2.9273166733403464
d:691:-6.158027865410531e-08,1.463658209437403,1.4636583813765771,2.927316652394259
d:692:-2.995839007979839e-07,1.463658188712028,1.4636584129656,2.9273169012615288
d:693:9.620988450365076e-08,1.4636581679866314,1.4636584445546195,2.9273165163313664
d:694:3.46783721738575e-08,1.4636581472612136,1.4636584761436406,2.927316588726482
d:695:9.521052568572941e-08,1.4636581188435311,1.4636585077326565,2.927316531365662
d:696:7.345530050884008e-08,1.4636581217055902,1.4636585393216723,2.927316587571962
d:697:5.4028875595690806e-08,1.463658153294606,1.4636585709106846,2.927316670176415
d:698:2.4432947931529725e-07,1.4636580702457245,1.463658487861636,2.9273163137778813
d:699:3.1067543915241913e-07,1.4636581018347403,1.4636584671367263,2.9273162582960275
d:700:2.607342004523616e-07,1.4636581046967976,1.4636584387191327,2.92731628268173
d:701:-1.1845880898420091e-07,1.4636581362858134,1.4636584415809182,2.9273166963255406
d:702:8.422074593283924e-08,1.4636581391478636,1.463658413163298,2.9273164680904156
d:703:2.2285660783438743e-07,1.4636581707368848,1.4636584160250745,2.9273163639053514
d:704:5.084110732411773e-08,1.4636581735989296,1.4636584188868387,2.927316541644661
d:705:3.475994070356592e-08,1.4636581764609566,1.4636584217485886,2.9273165634496046
d:706:-3.8636484234189084e-08,1.4636581793229766,1.4636584246103297,2.9273166425697905
d:707:-5.5396085940628836e-08,1.4636582109120155,1.463658456199381,2.9273167225074825
d:708:1.3074853377759155e-07,1.4636582137740302,1.463658435474473,2.9273165184999694
d:709:3.9478999624975586e-08,1.4636582453630709,1.4636584670635262,2.9273166729475975
d:710:1.193130145793475e-07,1.4636582769521098,1.463658469925269,2.9273166275643643
d:711:-1.4080494459278725e-07,1.4636582798141227,1.4636584727870012,2.9273168934060685
d:712:2.5542047232818277e-07,1.4636582826761249,1.4636584756487192,2.9273165029043717
d:713:-7.670567647721782e-08,1.4636582542584655,1.4636584785104265,2.9273168094745685
d:714:1.5255201546438002e-08,1.463658285847517,1.4636583954612892,2.9273166660536045
d:715:-3.784606406043167e-08,1.4636583174365665,1.4636583747363687,2.9273167300189993
d:716:3.820639289386918e-07,1.4636582967111913,1.4636583463187485,2.927316260966011
d:717:-1.1976205804842266e-07,1.4636583283002462,1.4636583255938103,2.9273167736561145
d:718:-9.740125861412707e-08,1.4636582452512865,1.4636583048688436,2.9273166475213888
d:719:1.1173399805386452e-07,1.463658276840338,1.4636583364579412,2.927316501564281
d:720:-1.427827633904144e-07,1.4636583084293875,1.4636583680470352,2.927316819259186
d:721:-1.8073187568745652e-07,1.4636583400184335,1.4636583996361239,2.927316920386433
d:722:-1.86052863782038e-07,1.4636583716074778,1.463658402497849,2.9273169601581905
d:723:-9.287087188170062e-08,1.4636584031965185,1.463658405359558,2.9273169014269484
d:724:-1.6324622187369187e-07,1.4636584347855575,1.4636584369486627,2.927317034980442
d:725:-1.9829857400566198e-07,1.4636584140601911,1.4636584398103665,2.9273170521691316
d:726:2.5160180250338726e-07,1.4636583933347982,1.4636584426720614,2.927316584405057
d:727:5.856772844481384e-08,1.4636583726093928,1.4636584742611731,2.9273167883028375
d:728:6.059215706955001e-08,1.4636583518839572,1.4636584771228591,2.9273167684146593
d:729:-8.63947793305897e-08,1.4636583834730121,1.4636584799845362,2.9273169498523277
d:730:1.4595162589614574e-07,1.463658362747557,1.4636585115736551,2.9273167283695862
d:731:-1.660619695087462e-07,1.4636583420220841,1.463658543162774,2.9273170512468276
d:732:-1.8449655669883214e-07,1.4636583212965881,1.463658574751891,2.927317080545036
d:733:-1.2809575267169748e-07,1.463658352885652,1.4636585776135718,2.9273170585949764
d:734:-7.401286694630471e-08,1.4636583244680175,1.4636584945643545,2.927316893045239
d:735:-6.225209503440965e-08,1.4636583273300996,1.463658497426021,2.9273168870082156
d:736:-1.3518713437576935e-07,1.4636583301921693,1.4636584767010916,2.9273169420803953
d:737:-1.134743374819891e-07,1.4636583330542283,1.4636585082902247,2.9273169548187905
d:738:2.103276450782232e-07,1.4636582500051816,1.4636585111518894,2.927316550829426
d:739:5.889738972086889e-07,1.4636582815942702,1.4636585140135452,2.9273162066339182
d:740:-1.856600384542162e-07,1.463658313183359,1.4636585456026854,2.9273170444460828
d:741:1.0626366453436731e-07,1.463658344772437,1.4636585171851006,2.927316755693873
d:742:-2.2563418689003356e-07,1.463658347634503,1.4636584887674928,2.927317062036183
d:743:2.4518638674919657e-07,1.463658350496555,1.4636585203566383,2.9273166256668066
d:744:-1.0395521954364995e-07,1.4636583220789117,1.463658551945782,2.9273169779799133
d:745:2.2588135628609507e-07,1.463658324940953,1.4636585835349258,2.9273166825945225
d:746:1.5848290502162854e-07,1.4636582965232865,1.4636585863965959,2.9273167244369773
d:747:-1.0586262533252011e-08,1.4636582681055916,1.4636585033472969,2.927316782039151
d:748:3.366105065794045e-07,1.4636582396878737,1.4636584826223764,2.9273163856997435
d:749:-3.024375416771363e-08,1.4636582112701273,1.4636584618974329,2.9273167034113143
d:750:-1.5702178757237562e-07,1.4636582428592444,1.463658464759094,2.927316864640126
d:751:2.792511821780863e-08,1.463658274448365,1.4636584440341327,2.9273166905573795
d:752:8.855303690324945e-08,1.463658277310417,1.4636584233091465,2.9273166120665266
d:753:2.6535458097498577e-07,1.4636582801724565,1.463658454898317,2.9273164697161924
d:754:-7.550091574159978e-08,1.4636582594469907,1.4636584864874855,2.927316821435392
d:755:2.8636607396492764e-07,1.4636581763978516,1.4636585180766506,2.927316408108428
d:756:-2.060344694854166e-07,1.4636581792598822,1.4636584896590463,2.927316874953398
d:757:2.1224828650190375e-07,1.4636581821218986,1.4636584612414136,2.9273164311150257
d:758:1.948417658326207e-07,1.4636582137110405,1.4636584328237507,2.9273164516930255
d:759:3.311808622896706e-07,1.4636582165730552,1.4636584644129318,2.9273163498051247
d:760:-1.667038347363814e-07,1.4636582194350538,1.463658496002104,2.9273168821409925
d:761:8.770707538019451e-08,1.4636582222970453,1.463658527591278,2.927316662181248
d:762:-1.3086278904950177e-07,1.4636582015715707,1.4636585591804483,2.927316891614808
d:763:-9.93172513119589e-08,1.4636582044335498,1.4636585907696134,2.9273168945204144
d:764:2.0981440584932898e-08,1.4636582072955164,1.4636586223587784,2.9273168086728543
d:765:-3.251398457138066e-07,1.4636581788777754,1.4636586539479417,2.927317157965563
d:766:-3.262614889365523e-08,1.4636582104669547,1.463658570898554,2.9273168139916574
d:767:-8.890683744766648e-09,1.4636581274177356,1.4636585501735944,2.9273166864820137
d:768:-2.0133951572631759e-07,1.4636581590069184,1.4636585217559386,2.9273168821023727
d:769:-1.3374912910535386e-07,1.4636581905960924,1.4636585533451072,2.9273168776903287
d:770:3.7039935030236393e-07,1.4636582221852663,1.463658524927423,2.927316376713339
d:771:6.98857487435589e-08,1.4636582250472454,1.463658504202444,2.9273166593639406
d:772:-9.357524355380065e-08,1.4636582566364247,1.4636585357916214,2.9273168860032897
d:773:-7.006483393467988e-08,1.4636582594984002,1.4636585673807936,2.9273168969440277
d:774:2.681877759869167e-07,1.463658291087583,1.4636585702425489,2.927316593142356
d:775:-2.3679977090296234e-08,1.4636582939495533,1.46365857310429,2.9273168907338203
d:776:2.53646012637887e-07,1.4636582968115075,1.4636586046934728,2.9273166478589676
d:777:-8.759292668969465e-08,1.4636582996734546,1.4636586362826538,2.927317023549035
d:778:8.854380872946876e-08,1.4636583025353858,1.4636586678718313,2.9273168818634083
d:779:-1.0873655575949215e-07,1.4636583341245881,1.463658670733576,2.92731711359472
d:780:1.1071126593265035e-07,1.4636583657137958,1.463658702322764,2.927316957325294
d:781:5.929251525316204e-07,1.4636583973029929,1.4636587051845034,2.9273165095623437
d:782:2.7334441554671685e-07,1.4636583688852731,1.4636587080462302,2.927316803587088
d:783:-1.0571213238108612e-07,1.463658371747215,1.4636587396354201,2.9273172170947674
d:784:-1.3498884676721445e-07,1.4636583510217882,1.46365877122461,2.927317257235245
d:785:-1.2612407651602098e-07,1.4636582679724874,1.4636586881751459,2.92731708227171
d:786:2.772146423524191e-08,1.4636582708344186,1.463658667450197,2.9273169105631514
d:787:2.163763035412103e-08,1.463658302423637,1.4636586467252215,2.927316927511228
d:788:7.102426504701498e-07,1.4636583340128517,1.4636586183075586,2.92731624207776
d:789:-1.271548537573608e-07,1.46365836560207,1.4636586211692997,2.9273171139262235
d:790:1.1438119251749868e-07,1.4636583684640083,1.463658592751612,2.9273168468344277
d:791:-2.1336200006771833e-07,1.4636584000532231,1.463658564333894,2.927317177749117
d:792:4.235350345993538e-07,1.463658402915156,1.4636585359161565,2.927316515296278
d:793:-7.781656918837143e-08,1.4636584057770765,1.4636585151911685,2.927316998784814
d:794:1.8409678936848195e-07,1.463658408638981,1.4636585467803886,2.9273167713225803
d:795:-1.6404074720810513e-07,1.4636584402282171,1.4636585783696123,2.9273171826385767
d:796:-2.6044663314905847e-07,1.4636584718174461,1.4636585812313587,2.927317313495438
d:797:-1.050690041637381e-07,1.4636584746793524,1.4636586128205824,2.927317192568939
d:798:7.375430932654581e-08,1.4636584775412498,1.4636586156823217,2.927317019469262
d:799:-2.3516903979725612e-08,1.4636584568158408,1.4636586185440503,2.927317098876795
d:800:2.6137700004369435e-08,1.4636584884050894,1.4636586501332864,2.927317112400676
d:801:-2.486137109514175e-07,1.4636584599873927,1.4636586529950097,2.9273173615961134
d:802:-1.5953960463832573e-07,1.4636584628492848,1.4636585699454496,2.927317192334339
d:803:1.9121303651559174e-07,1.4636584344315633,1.4636586015346946,2.9273168447532214
d:804:1.122973962708329e-07,1.4636583513821826,1.4636585731169518,2.927316812201738
d:805:-1.2138709770681544e-07,1.4636583829714382,1.4636585759786698,2.9273170803372057
d:806:-1.0499780955797178e-07,1.4636583622460257,1.46365860756792,2.9273170748117554
d:807:3.6979278306148444e-08,1.4636583415205866,1.463658639157165,2.9273169436984734
d:808:-5.6191399977478795e-08,1.4636583207951261,1.4636586707464083,2.9273170477329344
d:809:5.474120925441639e-07,1.4636582923773762,1.4636587023356462,2.92731644730093
d:810:1.0399045713427313e-07,1.4636582716518944,1.4636587339248859,2.927316901586323
d:811:-1.7806269347886428e-07,1.463658274513799,1.4636587367866252,2.9273171893631176
d:812:-1.25708368159394e-07,1.4636582773756892,1.4636587683758648,2.927317171459922
d:813:2.446912432674253e-07,1.4636582802375706,1.4636587476509213,2.9273167831972486
d:814:1.7504298988058054e-07,1.4636582830994378,1.4636587505126535,2.9273168585691014
d:815:1.3425967360092272e-07,1.4636582623739436,1.4636587821019038,2.927316910216174
d:816:1.569366165909969e-07,1.4636582652358001,1.4636588136911506,2.927316921990334
d:817:8.365714343483432e-08,1.4636582445102864,1.4636588165528845,2.9273169774060275
d:818:2.38831560750441e-07,1.4636582237847513,1.4636588481421349,2.9273168330953254
d:819:2.9814342994427534e-07,1.4636582030591896,1.4636588797313834,2.927316784647143
d:820:1.772558366752719e-07,1.4636582346485199,1.4636588825931192,2.9273169399858023
d:821:2.4209579763123656e-07,1.4636582662378448,1.4636589141823713,2.9273169383244184
d:822:1.715435740123894e-07,1.4636581831883682,1.4636589457716234,2.9273169574164175
d:823:-8.37695122157811e-08,1.4636581860502336,1.463658862721994,2.9273171325417398
d:824:9.523624555640708e-09,1.463658217639562,1.4636588343042867,2.927317042420224
d:825:1.2325715204042353e-07,1.463658220501424,1.463658865893537,2.927316963137809
d:826:3.2176133757388925e-08,1.4636582233632716,1.4636588451686094,2.9273170363557472
d:827:-7.148824288094602e-08,1.4636582549526107,1.4636588480303523,2.927317174471206
d:828:-3.9050661371220485e-08,1.463658257814453,1.463658819612629,2.9273171164777434
d:829:-7.177334815366976e-08,1.4636582894037975,1.463658791194879,2.9273171523720247
d:830:1.9433575815241966e-07,1.463658292265631,1.463658794056613,2.927316891986486
d:831:-9.981263815461716e-09,1.463658263847904,1.46365882564589,2.927317099475058
d:832:-4.918538998310851e-08,1.4636582954372592,1.4636588285076257,2.927317173130275
d:833:-1.0877268863396239e-08,1.4636582982990944,1.4636588600969027,2.927317169273266
d:834:2.633363482829054e-07,1.463658277573554,1.4636588916861797,2.9273169059233854
d:835:-1.1484375939119218e-07,1.463658194523994,1.463658808636465,2.9273171180042183
d:836:3.177006870913601e-07,1.463658226113358,1.463658840225742,2.927316748638413
d:837:9.640843856573156e-08,1.463658228975186,1.4636588430874795,2.927316975654227
d:838:5.175169395243984e-07,1.4636582318370017,1.4636588746767547,2.927316588996817
d:839:1.3888676164697245e-07,1.4636582634263746,1.463658877538487,2.9273170020781
d:840:-1.2621860534522966e-07,1.4636582662881832,1.4636588568135718,2.9273172493203603
d:841:-6.105392458266579e-08,1.463658269149981,1.4636588884028594,2.927317218606765
d:842:-1.8140661239840483e-07,1.4636582720117683,1.4636589199921435,2.9273173734105242
d:843:-2.830380427809587e-07,1.4636582748735432,1.4636589228538792,2.927317480765465
d:844:-1.81845170033057e-08,1.4636582777353055,1.46365889443614,2.9273171903559625
d:845:1.3330142323297878e-08,1.4636582570097705,1.4636588660183723,2.9273171096980004
d:846:-6.2826970292917395e-09,1.4636582598715258,1.4636588376005815,2.9273171037548043
d:847:-1.5257026575454802e-07,1.4636582627332686,1.463658809182764,2.9273172244862984
d:848:-8.93807801105595e-08,1.4636582655949955,1.4636588120444927,2.9273171670202682
d:849:-3.719016739012204e-08,1.463658244869448,1.4636587836266521,2.9273170656862675
d:850:-4.4583217118088214e-09,1.4636582764588741,1.4636588152159664,2.9273170961331623
d:851:9.006411616496734e-08,1.4636582480411615,1.4636587321661647,2.92731689014321
d:852:-2.350716243881834e-08,1.463658227315598,1.4636587637554772,2.9273170145782377
d:853:2.4981566326687243e-07,1.4636581442659509,1.4636587430305656,2.9273166374808532
d:854:-1.5614343595871105e-08,1.4636581758553842,1.4636587746198835,2.9273169660896112
d:855:-1.2663156745418291e-07,1.4636582074448121,1.4636587462020216,2.927317080278401
d:856:5.7062180758293835e-08,1.4636582390342454,1.463658749063768,2.9273169310358327
d:857:-3.4701804096926026e-08,1.4636582706236698,1.463658720645883,2.927317025971357
d:858:-2.2597849635985767e-07,1.4636583022130942,1.4636587522352098,2.9273172804268004
d:859:2.160064269673967e-07,1.4636583338025133,1.4636587838245347,2.927316901620621
d:860:-1.8571500426389775e-07,1.4636583653919306,1.463658815413858,2.9273173665207928
d:861:-1.942480380989764e-07,1.463658396981348,1.4636588182756114,2.9273174095049974
d:862:-1.3006454580022364e-07,1.463658376255795,1.4636588211373542,2.927317327457695
d:863:-9.164375924797241e-09,1.4636584078452124,1.4636588239990775,2.927317241008666
d:864:-1.2092996293233682e-07,1.4636583794275158,1.4636588555884202,2.927317355945899
d:865:-6.168883892598842e-08,1.4636583510097854,1.4636588871777558,2.92731729987638
d:866:6.350017045519962e-08,1.46365833028422,1.4636589187670932,2.927317185551143
d:867:-1.1528600829535662e-07,1.4636583018664666,1.4636588357172116,2.9273172528696865
d:868:2.152996714244182e-08,1.463658281140873,1.463658838578949,2.927317098189855
d:869:4.833933253678424e-08,1.4636582840026762,1.4636588178540606,2.9273170535174042
d:870:-4.1449567333984305e-08,1.4636583155921201,1.4636587971291508,2.9273171541708383
d:871:-1.1573963121236375e-07,1.4636583471815587,1.4636587687112694,2.9273172316324594
d:872:3.011883720205333e-07,1.4636582641318316,1.463658800300621,2.9273167632440806
d:873:3.371739154545139e-08,1.4636582957212738,1.463658779575697,2.9273170415795793
d:874:-1.109386857933714e-07,1.4636583273107107,1.4636587511577996,2.927317189407196
d:875:-1.6548061587684515e-07,1.463658358900144,1.463658730432849,2.927317254813609
d:876:3.5282629440303026e-07,1.4636583304823851,1.4636587020149214,2.927316679671012
d:877:2.371656826483104e-08,1.463658362071822,1.4636586735969743,2.927317011952228
d:878:2.4843018309184117e-08,1.46365833365404,1.4636586528720024,2.927316961683024
d:879:-1.2671025650945467e-07,1.4636583652434787,1.4636586321470126,2.927317124100748
d:880:6.925522022527275e-08,1.4636583968329173,1.4636586637363926,2.9273169913140897
d:881:-4.1621003532554823e-08,1.4636584284223488,1.463658695325769,2.9273171653691215
d:882:-2.0725289928691382e-07,1.4636584600117821,1.4636587269151455,2.927317394179827
d:883:-1.1478422834443336e-07,1.4636584392862169,1.463658758504522,2.927317312574967
d:884:7.579176219962847e-08,1.4636584185606285,1.4636587900938896,2.927317132862756
d:885:2.1392166260625345e-08,1.4636583978350242,1.4636588216832624,2.9273171981261203
d:886:-6.029611654412292e-08,1.4636584294244663,1.4636588532726282,2.927317342993211
d:887:-3.450441532493187e-08,1.463658408698839,1.463658770222656,2.9273172134259102
d:888:1.0020873908445083e-07,1.4636584115607079,1.4636587730844486,2.9273170844364174
d:889:-3.671195614174394e-08,1.463658328510899,1.4636587446665033,2.9273171098893584
d:890:-2.3526448167388025e-07,1.4636583601003537,1.463658776255878,2.9273173716207133
d:891:-1.9212373736365862e-07,1.4636583916898012,1.4636587791176705,2.927317362931209
d:892:-4.7164149918899057e-08,1.4636583709641595,1.463658758392695,2.9273171765210044
d:893:-3.508564638821099e-08,1.463658373826032,1.4636587612544787,2.927317170166157
d:894:3.9374231342037547e-07,1.4636583766878992,1.463658792843873,2.9273167757894587
d:895:-1.9494944503151146e-07,1.463658408277361,1.4636587957056495,2.9273173989324555
d:896:-4.9150864711577924e-08,1.463658411139214,1.4636588272950402,2.9273172875851188
d:897:1.8970039761256885e-08,1.463658414001058,1.4636588588844308,2.927317253915449
d:898:2.3903619883469673e-07,1.4636584455905304,1.4636587758343804,2.927316982388712
d:899:-2.1730781973872126e-07,1.4636584171727698,1.4636588074237693,2.927317441904359
d:900:-3.0413044527222155e-08,1.4636583341228846,1.4636588390131546,2.9273172035490838
d:901:2.5429310035463004e-07,1.4636583369847251,1.4636588418749419,2.9273169245665667
d:902:2.018001534764835e-07,1.4636583685742064,1.4636588734643325,2.9273170402383855
d:903:2.7040102956732426e-07,1.4636584001636859,1.4636588527393695,2.9273169825020258
d:904:-2.375518981523328e-08,1.4636583794380549,1.463658832014385,2.9273172352076298
d:905:-1.0056266752656029e-07,1.4636583822998972,1.4636588636037828,2.9273173464663476
d:906:2.8290643960815487e-07,1.4636583851617289,1.4636588951931788,2.927316997448468
d:907:-1.4346346333127258e-07,1.463658356743954,1.4636589267825713,2.9273174269899886
d:908:1.3685509436811572e-07,1.4636583596057768,1.4636589583719601,2.9273171811226426
d:909:-2.8227005621772605e-07,1.4636583388801352,1.4636589899613455,2.927317611111537
d:910:1.5760515026386201e-07,1.4636583704696449,1.463658961543434,2.9273171744079285
d:911:-7.581461325401051e-08,1.463658342051854,1.4636589931328228,2.92731741099929
d:912:8.946019214306489e-08,1.4636583136340384,1.4636589647148863,2.9273171888887326
d:913:7.515833466698041e-08,1.463658292908379,1.463658936296925,2.9273171540469693
d:914:-2.392932074712917e-09,1.463658264490535,1.4636589078789353,2.9273171747624023
d:915:6.304413346924775e-08,1.4636582960800588,1.4636588794609153,2.9273171124968407
d:916:-9.80902470359979e-10,1.4636582130300795,1.4636588510428759,2.927317065053858
d:917:-2.1715332820804178e-07,1.4636582446196016,1.4636588226248044,2.927317284397734
d:918:-5.256518242902075e-08,1.4636582762091237,1.463658739574667,2.927317068348973
d:919:7.635628485047619e-08,1.4636583077986387,1.4636587424365075,2.9273169738788614
d:920:3.373840637976855e-07,1.463658339388152,1.4636587140184112,2.9273167160224993
d:921:-8.427782560715968e-08,1.4636583709776652,1.463658745607832,2.927317200863323
d:922:9.862423056006264e-08,1.4636584025671766,1.4636587771972511,2.927317081140197
d:923:7.073150243286364e-08,1.4636584341566845,1.4636587564722898,2.927317119897472
d:924:8.889480795915006e-08,1.4636584057388458,1.4636587357473037,2.9273170525913415
d:925:1.5646843998240456e-07,1.4636584373283554,1.4636587673367334,2.927317048196649
d:926:-1.9614716251226127e-07,1.4636584166027138,1.4636587466117295,2.9273173593616058
d:927:-2.6377274942035456e-07,1.4636583958770508,1.463658725886706,2.9273173855365062
d:928:-1.5625054494705637e-07,1.4636583751513648,1.4636587574761375,2.927317288878047
d:929:2.308167044162701e-07,1.4636583780132568,1.463658789065569,2.9273169362621214
d:930:-8.066260193118069e-08,1.4636583572875494,1.463658820654997,2.9273172586051484
d:931:-2.9968153469894787e-07,1.4636583365618208,1.463658852244425,2.9273174884877804
d:932:6.024087895184493e-10,1.4636583081439696,1.4636588838338493,2.92731719137541
d:933:-1.1761537521692844e-07,1.4636582797260864,1.4636588007836266,2.9273171981250883
d:934:-1.2364821877497434e-07,1.46365825900034,1.4636588323730493,2.927317215021608
d:935:9.089421482144644e-08,1.463658230582432,1.4636588116480276,2.9273169513362447
d:936:-1.9402593132156198e-07,1.463658209856657,1.463658783229942,2.9273171871125303
d:937:-1.9166527920333465e-07,1.4636581268065854,1.4636587860918464,2.927317104563711
d:938:3.9991772915470847e-07,1.463658129668481,1.4636587653668052,2.927316495117557
d:939:3.7351336601432195e-07,1.4636581612580457,1.4636587446417408,2.9273165323864205
d:940:2.802325909101455e-07,1.4636581641199378,1.4636587162236356,2.9273166001109825
d:941:7.834183257671157e-08,1.4636581669818156,1.4636586878055002,2.9273167764454833
d:942:1.5291418087315378e-07,1.4636581462560354,1.4636586670804181,2.9273166604222727
d:943:-1.4193142661156344e-08,1.4636581178381096,1.4636586463553112,2.9273167783865635
d:944:4.486308871065603e-07,1.463658097112308,1.463658625630183,2.927316274111604
d:945:3.92616232858245e-08,1.4636580686943592,1.4636586572196464,2.9273166866523823
d:946:9.761052055523578e-08,1.4636580402763837,1.4636585741693313,2.9273165168351944
d:947:-9.562703695564778e-08,1.4636580118583815,1.4636586057587966,2.927316713244215
d:948:-2.4444199731021854e-07,1.4636579288082157,1.463658585033654,2.927316758283867
d:949:-1.4754358268476153e-07,1.4636579603978177,1.4636585643084867,2.927316672249887
d:950:5.565273397678538e-07,1.4636579396719966,1.463658595897959,2.927315979042616
d:951:-6.892350157272631e-08,1.463657918946149,1.4636586274874261,2.9273166153570767
d:952:-5.076527642700057e-09,1.4636578982202852,1.4636586590768932,2.927316562373706
d:953:1.1162375201934083e-07,1.463657877494395,1.4636586306587542,2.927316396529397
d:954:-4.842137535376878e-08,1.4636578567684815,1.4636586022405886,2.9273165074304455
d:955:-1.9532409467615253e-08,1.4636578283504598,1.4636586051025375,2.9273164529854068
d:956:6.754506660655579e-07,1.4636578076245268,1.4636586079644722,2.927315740138333
d:957:1.2590994913352915e-10,1.4636577868985707,1.463658610826398,2.927316397599059
d:958:1.5483330884080715e-07,1.4636578184882065,1.4636586424158917,2.9273163060707894
d:959:-2.1731547583669908e-07,1.4636577900701653,1.4636586740053819,2.927316681391023
d:960:1.2241977387361658e-07,1.4636577616520938,1.463658676867304,2.927316316099624
d:961:8.890442693143541e-08,1.4636577409261236,1.4636587084567978,2.9273163604784944
d:962:1.0017549634255829e-07,1.4636577202001284,1.4636587400462844,2.9273163600709164
d:963:-1.5109609563523918e-08,1.4636577230620542,1.4636587716357727,2.9273165098074365
d:964:-1.4690258787197763e-07,1.4636577023360378,1.463658688585376,2.9273165378240016
d:965:2.0116155852178963e-08,1.4636576739179485,1.4636586678602335,2.927316321662026
d:966:-1.6178706552238964e-07,1.463657590867676,1.4636586471350714,2.927316399789813
d:967:6.343686820287076e-08,1.4636576224573439,1.4636586499970061,2.927316209017482
d:968:1.1531815680143609e-07,1.463657654047008,1.463658652858932,2.9273161915877832
d:969:-4.9245429067923396e-08,1.463657685636667,1.4636586557208418,2.927316390602938
d:970:3.140592852446389e-08,1.4636576884986052,1.463658687310355,2.9273163444030317
d:971:-3.922089319985389e-09,1.4636576913605293,1.4636587188998664,2.927316414182485
d:972:5.265440350399331e-08,1.4636577229502006,1.4636587504893743,2.9273164207851714
d:973:-1.3795178332998148e-07,1.4636577545398683,1.4636587820788787,2.9273166745705304
d:974:-2.3175028296407163e-07,1.463657786129538,1.463658813668383,2.927316831548204
d:975:-7.37319290067262e-08,1.463657788991469,1.4636588452578856,2.9273167079812836
d:976:-9.435068726304507e-08,1.463657760573378,1.4636587622074178,2.927316617131483
d:977:-2.3279597982650557e-07,1.4636577398473758,1.4636587650693489,2.9273167377127045
d:978:-1.3748328342444438e-07,1.4636577114292653,1.4636587966588586,2.9273166455714072
d:979:-1.1231078289597463e-08,1.4636576830111228,1.4636587759337107,2.927316470175912
d:980:1.5747654202868944e-07,1.4636575999607668,1.4636587552085434,2.927316197692768
d:981:1.4831072192578176e-07,1.4636576315504577,1.4636587867980584,2.927316270037794
d:982:-9.733076566931231e-08,1.4636576108244395,1.463658758379939,2.927316466535144
d:983:-4.348897242323346e-08,1.4636575900983964,1.4636587376547538,2.9273163712421226
d:984:-2.033376844678969e-08,1.4636575693723284,1.4636587092366042,2.927316298942701
d:985:1.0079321022260501e-07,1.4636575486462444,1.4636586808184333,2.9273161286714675
d:986:2.3674511417937083e-07,1.4636575202280842,1.4636586524002357,2.9273159358832057
d:987:-2.480426122275503e-07,1.4636574918098937,1.463658623982008,2.927316363834514
d:988:2.402022634129253e-07,1.463657471083783,1.463658595563757,2.9273158264452768
d:989:-5.887876852739282e-10,1.4636574503576565,1.463658574838556,2.927316025785
d:990:-3.9229407278185136e-08,1.4636574296315015,1.4636585464202785,2.9273160152811872
d:991:1.189894174302708e-07,1.4636574089053287,1.4636585180019743,2.9273158079178856
d:992:5.690171889227713e-08,1.463657388179131,1.4636585495915266,2.927315880868939
d:993:6.063575597181625e-08,1.4636573597609193,1.4636585811810754,2.9273158803062387
d:994:-7.447695615780958e-08,1.463657362622886,1.4636586127706224,2.9273160498704645
d:995:-2.5142616877360524e-08,1.4636572795724287,1.4636586443601693,2.927315949075215
d:996:-1.389468398116378e-07,1.463657311162173,1.463658561309595,2.9273160114186076
d:997:6.190339796319222e-08,1.4636573140241325,1.4636585405843867,2.927315792705121
d:998:4.319162432153689e-07,1.4636573168860814,1.4636585121660737,2.927315397135912
d:999:-2.24520329439315e-07,1.463657348475838,1.4636584837477322,2.9273160567438996
d:1000:3.529335934615574e-07,1.4636573800655928,1.4636585153372899,2.927315542469289
