data: dataset/foma/
d:1:0.03184562753071685,1.1841412323769354,1.184141556311934,2.3364371611581527
d:2:0.027850000236895767,1.1841412202215202,1.1841415615903337,2.3404327815749584
d:3:0.02347343642530042,1.184141224992971,1.1841415494349254,2.3448093380025963
d:4:0.019305628980462508,1.184141230271365,1.1841415117984748,2.3489771130893775
d:5:0.015800763498363235,1.1841412181159479,1.184141517076874,2.3524819716944587
d:6:0.013121834434847823,1.184141222887399,1.184141504921463,2.355160893374014
d:7:0.011182278416726366,1.1841412276588499,1.184141510199862,2.3571004594419853
d:8:0.009833636129004564,1.184141232937245,1.1841414980444487,2.358449094852689
d:9:0.008896375532670753,1.184141237708696,1.1841415028159084,2.3593863649919333
d:10:0.008333118164677078,1.1841412255532773,1.184141508094308,2.359949615482908
d:11:0.007978175326425418,1.184141213397856,1.184141512865768,2.3603045509371987
d:12:0.007764924846040522,1.1841412186762517,1.1841415176372272,2.3605178114674383
d:13:0.007564209285777501,1.1841412239546472,1.1841415054818123,2.360718520150682
d:14:0.0073584770006598355,1.1841412117992238,1.1841415107602131,2.360924245558777
d:15:0.007157150910484411,1.1841412165706764,1.184141498604796,2.361125564264988
d:16:0.006880335302118734,1.1841412044152508,1.1841415033762561,2.3614023724893882
d:17:0.0065503485251365845,1.1841412091867032,1.1841415086546576,2.361732369316224
d:18:0.006260126790317955,1.1841412144651,1.1841415134261177,2.3620226011009
d:19:0.005904131930442258,1.1841412023096725,1.1841415012706988,2.3623785716499293
d:20:0.005554775390812061,1.184141207081125,1.1841415065491006,2.3627279382394137
d:21:0.005195466268171245,1.1841412118525774,1.1841414943936792,2.3630872399780856
d:22:0.004868073564059383,1.1841411996971476,1.1841414996720807,2.3634146258051687
d:23:0.004555599676263622,1.1841411875417156,1.184141504950482,2.363727092815934
d:24:0.004248457755845703,1.1841411753862807,1.1841415102288826,2.364034227859318
d:25:0.003982123621813383,1.1841411632308432,1.184141472592415,2.364300512201445
d:26:0.0037511467758406525,1.1841411685092422,1.1841414349559378,2.364531456689339
d:27:0.0035096626818393872,1.184141173280696,1.1841414397274002,2.3647729503262567
d:28:0.0032803959490057544,1.1841411785590952,1.184141444498862,2.3650022271089512
d:29:0.003083257926332017,1.184141166403656,1.1841414492703233,2.365199357747647
d:30:0.0028849078036801146,1.184141154248214,1.1841414540417843,2.3653977004863185
d:31:0.0026998797986430567,1.1841411420927699,1.1841414164052961,2.365582678699423
d:32:0.002538069361340156,1.184141129937323,1.1841414042498726,2.3657444648258554
d:33:0.0023785481978544354,1.184141135215723,1.184141409528275,2.3659039965461437
d:34:0.0022253521743822446,1.1841411230602736,1.1841413973728492,2.366057168258741
d:35:0.002082197036972655,1.184141110904822,1.1841414021443106,2.36620031601216
d:36:0.001958519444856144,1.1841411156762778,1.1841413899888822,2.366323986220304
d:37:0.0018252890335666017,1.1841411204477332,1.1841413523523823,2.3664571837665487
d:38:0.0017021747000263154,1.1841411257261347,1.1841413576307849,2.3665803086568933
d:39:0.001600491210032473,1.1841411135706812,1.1841413629091875,2.366681985269836
d:40:0.001481721158483218,1.184141101415225,1.1841413676806496,2.3668007479373916
d:41:0.0013908995915898892,1.1841411066936265,1.1841413724521113,2.366891579554148
d:42:0.0012912707905239351,1.1841411114650833,1.1841413772235725,2.3669912178981316
d:43:0.0011926651007518885,1.1841411162365396,1.1841413650681423,2.36708981620393
d:44:0.0011058194176953862,1.1841411215149418,1.1841413703465467,2.367176672443793
d:45:0.001027225619097738,1.1841411267933437,1.184141375118008,2.367255276292254
d:46:0.0009377856261201245,1.1841411146378864,1.1841413803964125,2.3673447094081785
d:47:0.0008665961158884627,1.1841411199162883,1.1841413851678744,2.3674159089682743
d:48:0.0008013378192091025,1.184141124687746,1.1841413730124426,2.3674811598809793
d:49:0.000728137845826371,1.184141112532287,1.1841413782908474,2.367554352977308
d:50:0.0006708012896701199,1.1841411173037446,1.184141383569252,2.3676116995833265
d:51:0.0006062407177069851,1.1841411220752018,1.184141388847656,2.3676762702051506
d:52:0.0005590344402088832,1.1841411273536053,1.18414139412606,2.3677234870394566
d:53:0.0005041936783607426,1.1841411321250628,1.184141398897524,2.367778337344226
d:54:0.0004548730750508767,1.1841411374034667,1.1841414036689875,2.3678276679974033
d:55:0.0004123039867356404,1.1841411421749242,1.1841414089473918,2.3678702471355804
d:56:0.0003672351167054444,1.184141130019464,1.1841414137188557,2.3679153086216145
d:57:0.00032680780482596816,1.1841411347909214,1.1841414189972603,2.367955745983356
d:58:0.00029562404088068206,1.184141140069326,1.1841414237687242,2.3679869397971696
d:59:0.00026042911809476266,1.1841411279138638,1.1841414285401874,2.3680221273359567
d:60:0.00023398015458386823,1.1841411331922684,1.1841414163847563,2.3680485694224407
d:61:0.0002065615583077829,1.184141137963727,1.1841414042293228,2.368075980634742
d:62:0.00018563200141619163,1.1841411432421318,1.1841414090007862,2.3680969202415016
d:63:0.0001638626670832366,1.1841411480135904,1.1841414137722492,2.3681186991187566
d:64:0.00013942635559915928,1.1841411358581266,1.1841414185437118,2.3681431280462393
d:65:0.00012110213311400386,1.184141140629585,1.1841414238221197,2.3681614623185907
d:66:0.0001080412086498228,1.184141145907991,1.1841414116666844,2.3681745163660253
d:67:9.096887745396742e-05,1.1841411511863966,1.1841414164381474,2.36819159874709
d:68:8.312027060375371e-05,1.184141139030931,1.184141421716556,2.3681994404768836
d:69:6.92283496395163e-05,1.1841411443093364,1.1841414095611187,2.3682133255208155
d:70:6.103098589571587e-05,1.1841411490807965,1.1841414143325824,2.368221532427483
d:71:5.1866516565635123e-05,1.1841411538522562,1.1841414196109912,2.3682307069466817
d:72:4.602323322133728e-05,1.1841411416967889,1.1841414248893996,2.368236543352967
d:73:3.862558199241306e-05,1.1841411464682483,1.1841414296608637,2.36824395054712
d:74:3.491189636184444e-05,1.1841411343127788,1.1841414349392725,2.3682476573556897
d:75:3.02349775407329e-05,1.1841411390842378,1.1841414397107368,2.3682523438174337
d:76:3.0793189816247235e-05,1.184141144362646,1.1841414444822005,2.36825179565503
d:77:3.115495383099187e-05,1.1841411491341054,1.18414144976061,2.3682514439408844
d:78:2.9216634023665478e-05,1.1841411544125136,1.184141454532074,2.368253392310564
d:79:2.9511277407578973e-05,1.1841411591839732,1.1841414598104836,2.368253107717049
d:80:3.09339489912297e-05,1.1841411644623816,1.1841414476550467,2.3682516781684373
d:81:3.746961073147759e-05,1.184141169233841,1.1841414524265113,2.368245152049621
d:82:4.0489102422380796e-05,1.184141157078371,1.184141440271072,2.3682421082470206
d:83:4.3322742700357963e-05,1.1841411449228982,1.18414142811563,2.368239250295828
d:84:4.558171952018242e-05,1.184141149694358,1.1841414159601855,2.3682369839350232
d:85:5.249286204511705e-05,1.1841411375388828,1.18414142073165,2.3682300654084876
d:86:5.590194044291508e-05,1.184141125383405,1.1841414085762034,2.368226632019166
d:87:5.9968940891774736e-05,1.184141130154865,1.1841414138546156,2.368222575068589
d:88:6.550959483586638e-05,1.1841411349263242,1.1841414191330273,2.3682170444645156
d:89:6.6712092094523e-05,1.184141139697783,1.184141423904493,2.368215851510181
d:90:7.071886938536665e-05,1.1841411449761954,1.1841413862679664,2.3682118123747764
d:91:6.855747617029451e-05,1.184141132820716,1.18414134863143,2.368213923975976
d:92:6.708937725186104e-05,1.1841411206652346,1.1841413109948837,2.3682153422828662
d:93:6.0991957067546565e-05,1.184141125436694,1.1841413157663485,2.368221449245975
d:94:5.692758864972447e-05,1.1841411132812099,1.1841413210447602,2.3682255067373204
d:95:5.018722471739068e-05,1.1841411011257232,1.1841413258162248,2.368232239717231
d:96:4.125192616610818e-05,1.184141106404137,1.184141330587689,2.3682411850656595
d:97:3.0714109507279375e-05,1.1841410942486479,1.1841413358661013,2.3682517160052416
d:98:1.9723073658273194e-05,1.1841410566121635,1.1841413406375658,2.368262674176071
d:99:1.1383748794724369e-05,1.1841410189756694,1.1841413454090295,2.3682709806359044
d:100:5.599776767173381e-06,1.1841410242540822,1.184141350687443,2.368276775164758
d:101:1.5535818018719283e-06,1.184140986617578,1.1841413559658556,2.3682807890016315
d:102:9.533074170064992e-07,1.1841409918959904,1.1841413612442684,2.368281399832842
d:103:3.251664120629272e-06,1.1841409971744024,1.18414136652268,2.368279112032962
d:104:6.973691450529174e-06,1.1841410024528138,1.1841413712941462,2.3682754000555097
d:105:1.1783330645442902e-05,1.1841409902973217,1.1841413765725584,2.3682705835392346
d:106:1.7244976419750202e-05,1.1841409955757332,1.1841413818509705,2.368265132450284
d:107:2.25710301675619e-05,1.184141000854144,1.1841413871293818,2.3682598169533584
d:108:2.540722044308552e-05,1.1841410061325544,1.1841413924077926,2.368256991319904
d:109:2.8513408715902244e-05,1.184141010904019,1.184141397686203,2.368253895181506
d:110:2.9275279850971003e-05,1.1841409987485252,1.1841414029646131,2.368253126433287
d:111:2.9539107461395986e-05,1.184141004026936,1.1841414082430226,2.368252873162497
d:112:2.8736888919578263e-05,1.1841410093053466,1.1841414130144925,2.3682536854309197
d:113:2.637488297807522e-05,1.1841409971498509,1.1841414182929022,2.368256040559775
d:114:2.4072986644974037e-05,1.1841410019213168,1.1841414235713115,2.3682583525059835
d:115:2.112135662946102e-05,1.184141006692782,1.1841414288497205,2.368261314185873
d:116:1.7895722890681753e-05,1.1841409945372843,1.184141434128129,2.3682645329425225
d:117:1.4086647325939339e-05,1.184140982381784,1.184141438899601,2.3682683346340587
d:118:1.2828343858295455e-05,1.184140970226281,1.1841414436710722,2.368269585553495
d:119:1.1014428217936967e-05,1.1841409580707758,1.1841414484425434,2.3682713920851013
d:120:8.099013198314964e-06,1.1841409628422415,1.1841414537209531,2.368274317549996
d:121:7.018183928231281e-06,1.1841409506867335,1.1841414589993626,2.368275391502168
d:122:5.2487601291950625e-06,1.1841409385312234,1.1841414637708345,2.368277153541929
d:123:4.905401671084775e-06,1.1841409438096373,1.1841414685423057,2.368277506950272
d:124:3.7626034004034636e-06,1.1841409316541245,1.1841414738207163,2.3682786428714406
d:125:2.781563767761952e-06,1.1841409364255915,1.1841414790991263,2.3682796339609498
d:126:2.810915287643212e-06,1.1841409242700767,1.1841414838705984,2.368279597225387
d:127:2.5315883442900144e-06,1.1841409295484913,1.1841414891490085,2.3682798871091553
d:128:2.139577949034077e-06,1.1841409348269056,1.1841414939204806,2.3682802891694372
d:129:1.686723187788175e-06,1.1841409401053196,1.1841414986919523,2.3682807520740843
d:130:1.43652756445789e-06,1.1841409448767881,1.1841415039703633,2.3682810123195868
d:131:1.6729968184137078e-06,1.184140950155202,1.1841415092487737,2.3682807864071576
d:132:1.3907918816613574e-06,1.184140937999686,1.1841415145271839,2.3682810617349883
d:133:1.3711362112367453e-06,1.1841409432780998,1.1841415198055933,2.3682810919474817
d:134:8.450775297319524e-07,1.1841409485565133,1.1841415245770672,2.368281628056051
d:135:1.471712929301816e-06,1.1841409533279836,1.184141529855477,2.3682810114705313
d:136:8.793783812244271e-07,1.1841409586063973,1.184141534626951,2.368281613854967
d:137:6.462443842281118e-07,1.1841409638848104,1.184141539905361,2.368281857545787
d:138:3.6991799312602325e-07,1.1841409517292931,1.1841415446768353,2.3682821264881353
d:139:4.4827501133326564e-07,1.1841409570077064,1.184141549448309,2.3682820581810042
d:140:2.313981544155297e-07,1.1841409448521867,1.1841415547267196,2.3682822681807516
d:141:2.7642656563742207e-07,1.1841409501305997,1.1841415594981934,2.3682822332022275
d:142:2.399655314455629e-07,1.1841409379750778,1.1841415642696669,2.3682822622792132
d:143:8.921341931866777e-08,1.1841409258195532,1.1841415690411397,2.3682824056472733
d:144:7.033552096302742e-08,1.1841409310979663,1.1841415568857034,2.3682824176481487
d:145:9.607437734260316e-08,1.1841409189424394,1.1841415621641163,2.3682823850321784
d:146:1.6221822285444887e-07,1.1841409242208525,1.1841415674425284,2.368282329445158
d:147:1.81968729862092e-07,1.1841409294992649,1.1841415722140023,2.3682823197445373
d:148:2.604297550945489e-07,1.184140917343736,1.1841415600585647,2.3682822169725455
d:149:2.4907571249954685e-07,1.1841409226221484,1.184141547903124,2.3682822214495602
d:150:3.038028566493267e-07,1.184140927393625,1.184141552674598,2.3682821762653665
d:151:4.199885994538022e-07,1.1841409321651009,1.1841415579530117,2.368282070129513
d:152:4.2634126495855185e-07,1.1841409200095703,1.1841415203164403,2.3682820139847456
d:153:6.596615791387705e-07,1.184140907854037,1.1841414826798589,2.3682817308723165
d:154:4.1805731010313707e-07,1.1841409126255131,1.184141445043268,2.368281939611471
d:155:7.439494216221476e-07,1.1841409179039275,1.1841414503216807,2.3682816242761864
d:156:6.861682462222518e-07,1.1841409226754038,1.1841414126850796,2.368281649192237
d:157:7.533779884383307e-07,1.1841409279538184,1.1841414179634913,2.3682815925393212
d:158:9.043057112023689e-07,1.1841409157982836,1.1841414232419025,2.3682814347344747
d:159:8.540251719146852e-07,1.1841409205697604,1.1841414280133775,2.368281494557966
d:160:7.384584299607866e-07,1.1841409253412367,1.1841414332917894,2.368281620174596
d:161:7.136394244433575e-07,1.1841409301127124,1.1841414385702003,2.368281655043488
d:162:9.257604993706536e-07,1.1841409179571758,1.1841414438486109,2.3682814360452875
d:163:7.423005308204722e-07,1.1841409058016368,1.1841414486200874,2.3682816121211934
d:164:8.539907736526686e-07,1.1841409105731127,1.1841414533915633,2.3682815099739023
d:165:7.56329872508843e-07,1.1841409153445879,1.1841414586699748,2.36828161768469
d:166:9.285922057955531e-07,1.184140920623006,1.1841414634414509,2.368281455472251
d:167:1.1352372664141797e-06,1.1841409253944817,1.1841414687198626,2.368281258877078
d:168:1.219232497629008e-06,1.1841409306728996,1.1841414739982739,2.368281185438676
d:169:1.1714657288663943e-06,1.1841408930363613,1.1841414792766847,2.368281200847317
d:170:1.0553986848904628e-06,1.184140855399813,1.184141484555095,2.368281284556223
d:171:1.1457868827058348e-06,1.1841408177632546,1.1841414898335048,2.3682811618098767
d:172:9.312316109344465e-07,1.184140780126687,1.1841414951119142,2.3682813440069905
d:173:8.834271172375452e-07,1.1841407424901091,1.1841415003903235,2.3682813594533156
d:174:9.54967497079906e-07,1.184140704853522,1.1841415056687319,2.3682812555547565
d:175:1.04280494728215e-06,1.184140667216925,1.1841415104402127,2.3682811348521904
d:176:9.940613034942203e-07,1.1841406724953412,1.1841415152116928,2.36828119364573
d:177:6.032628387941941e-07,1.1841406772668155,1.1841415199831726,2.3682815939871493
d:178:7.203839120784039e-07,1.1841406825452319,1.1841415252615828,2.3682814874229026
d:179:6.579914182403002e-07,1.184140687823648,1.1841415305399925,2.3682815603722225
d:180:5.102698130698968e-07,1.1841406931020635,1.1841415358184018,2.3682817186506524
d:181:3.832110069268424e-07,1.1841406983804788,1.1841415410968106,2.3682818562662824
d:182:4.714691628215917e-07,1.1841406862249357,1.184141546375219,2.368281761130992
d:183:3.7430641075530957e-07,1.1841406909964127,1.1841415511467013,2.3682818678367035
d:184:1.959213240532165e-07,1.1841406962748284,1.1841415564251099,2.368282056778614
d:185:3.289881096435465e-07,1.1841407010463052,1.1841415611965924,2.3682819332547878
d:186:1.1003264210884822e-07,1.1841406888907609,1.1841415659680743,2.368282144826193
d:187:1.6792707269175366e-07,1.1841406767352138,1.184141570739556,2.368282079547697
d:188:2.091124526870658e-07,1.18414068201363,1.1841415755110372,2.3682820484122145
d:189:1.68758155894011e-07,1.1841406872920461,1.1841415807894475,2.3682820993233378
d:190:2.0708970582816733e-07,1.184140675136497,1.1841415855609287,2.36828205360772
d:191:2.7549424874706574e-07,1.1841406799079754,1.1841415908393398,2.3682819952530663
d:192:2.607941587129403e-07,1.1841406846794535,1.184141595610821,2.3682820194961156
d:193:6.688660016962444e-07,1.184140689450931,1.184141600889232,2.3682816214741615
d:194:5.167774004277703e-07,1.1841406772953804,1.1841416061676426,2.3682817666856226
d:195:8.253983891925998e-07,1.1841406825737983,1.184141611446053,2.368281468621462
d:196:7.898610054901667e-07,1.1841406873452762,1.184141616217536,2.3682815137018065
d:197:7.681793512404056e-07,1.1841406751897234,1.1841416214959462,2.3682815285063183
d:198:7.372578663122908e-07,1.1841406799612013,1.1841416262674294,2.3682815689707644
d:199:9.076308304933889e-07,1.184140667805646,1.18414163154584,2.3682813917206555
d:200:6.936964709325366e-07,1.1841406725771235,1.184141636317323,2.3682816151979758
d:201:7.974056126514029e-07,1.1841406778555437,1.1841416415957338,2.368281522045665
d:202:7.968050392825887e-07,1.1841406831339634,1.184141646367217,2.368281532696141
d:203:8.809207066029501e-07,1.1841406709784064,1.1841416516456278,2.3682814417033273
d:204:5.621015004564356e-07,1.184140675749885,1.1841416564171114,2.368281770065496
d:205:5.073229867313955e-07,1.184140681028305,1.1841416616955225,2.368281835400841
d:206:6.699335273196994e-07,1.184140668872746,1.1841416669739333,2.368281665913152
d:207:6.127263683097794e-07,1.184140674151166,1.1841416717454174,2.368281733170215
d:208:5.545737233880743e-07,1.1841406794295855,1.1841416770238284,2.3682818018796907
d:209:3.947553239846968e-07,1.1841406672740247,1.184141682302239,2.3682819548209397
d:210:3.443790701496141e-07,1.184140655118461,1.1841416870737238,2.3682819978131144
d:211:1.8150996039523193e-07,1.184140642962895,1.1841416923521346,2.3682821538050693
d:212:3.93601860881887e-07,1.184140647734376,1.1841416971236198,2.3682819512561353
d:213:3.884132793174899e-07,1.1841406355788076,1.1841417018951046,2.368281949060633
d:214:1.4417863880566983e-07,1.1841406408572284,1.1841417066665887,2.3682822033451782
d:215:1.0654470061766119e-07,1.1841406287016576,1.1841416690299638,2.3682821911869207
d:216:1.1333422866854903e-07,1.1841406334731395,1.1841416738014472,2.368282193940358
d:217:5.058830954141058e-08,1.1841406213175665,1.1841416361648123,2.368282206894069
d:218:6.847514733010485e-08,1.1841406265959882,1.1841415985281674,2.368282156649008
d:219:1.425013609335224e-07,1.1841406318744092,1.1841416038065795,2.368282093179628
d:220:1.659393844555268e-07,1.1841406197188342,1.1841416090849912,2.368282062864441
d:221:1.300401577530863e-07,1.1841406075632566,1.184141596929562,2.3682820744526607
d:222:1.281617447723704e-07,1.18414061233474,1.1841416022079736,2.368282086380969
d:223:1.4607495923968372e-07,1.18414060017916,1.1841416069794581,2.368282061083659
d:224:1.0020709151348228e-07,1.1841405880235774,1.1841415948240268,2.368282082640513
d:225:1.0925699633901331e-07,1.184140593302,1.1841415995955111,2.3682820836405147
d:226:2.1346481293704755e-07,1.184140598580422,1.184141604366995,2.368281989482604
d:227:1.4296008465919385e-07,1.1841406038588436,1.1841416096454083,2.368282070544167
d:228:1.2662816173403257e-07,1.1841405917032592,1.1841415974899752,2.3682820625650725
d:229:8.439036980334436e-08,1.1841405969816807,1.1841416022614597,2.3682821148527706
d:230:1.4636127687595035e-07,1.184140602260102,1.1841415901060244,2.3682820460048495
d:231:1.4421141925069492e-07,1.1841405901045157,1.1841415779505866,2.368282023843683
d:232:2.320428920121742e-07,1.1841405953829365,1.184141565795146,2.36828192913519
d:233:1.1407926958639791e-07,1.1841405832273477,1.184141570566631,2.368282039714709
d:234:1.8768091036847068e-07,1.184140587998836,1.184141558411188,2.368281958729114
d:235:1.0297938413117436e-07,1.1841405927703235,1.1841415462557425,2.368282036046682
d:236:1.590674107987411e-07,1.184140597541811,1.1841415341002948,2.368281972574695
d:237:1.3824989153476963e-07,1.1841406028202335,1.1841415219448441,2.368281986515186
d:238:1.117467376410275e-07,1.1841405906646434,1.1841415097893908,2.3682819887072966
d:239:2.9125385125894354e-07,1.1841405785090506,1.1841415150678076,2.368281802323007
d:240:8.139972784704241e-08,1.1841405663534554,1.1841415198392937,2.3682820047930213
d:241:1.2317099518099894e-07,1.1841405711249435,1.1841415251177103,2.3682819730716584
d:242:1.397074269604559e-07,1.1841405589693461,1.184141530396127,2.368281949658046
d:243:1.355378431711074e-07,1.18414056424777,1.1841415182406725,2.3682819469505993
d:244:7.664198964363322e-08,1.1841405690192586,1.1841415235190886,2.368282015896358
d:245:1.1281438361265828e-07,1.184140556863659,1.1841415287975046,2.3682819728467797
d:246:1.7414389752445913e-07,1.1841405447080566,1.184141516642048,2.368281887206207
d:247:1.0811450845693571e-07,1.184140532552452,1.1841415044865886,2.3682819289245325
d:248:2.4507002649443166e-07,1.1841405373239409,1.1841415092580778,2.3682818015119924
d:249:2.417901923124077e-07,1.184140525168334,1.1841415140295666,2.3682817974077084
d:250:1.603508428260625e-07,1.184140513012724,1.1841415188010547,2.368281871462936
d:251:1.9742371337727604e-07,1.184140517784213,1.184141481164387,2.3682818015248865
d:252:2.177439686334992e-07,1.184140505628601,1.18414144352771,2.3682817314123423
d:253:2.597466499665302e-07,1.1841404934729864,1.1841414058910233,2.3682816396173596
d:254:1.799108249045389e-07,1.1841404813173693,1.184141368254327,2.3682816696608713
d:255:1.3921840569253163e-07,1.1841404865957972,1.1841413735327437,2.3682817209101352
d:256:1.5976079792423548e-07,1.1841404744401776,1.184141335896037,2.3682816505754167
d:257:1.8183532723980989e-07,1.1841404797186053,1.1841412982593207,2.368281596142599
d:258:1.0940425898553485e-07,1.1841404849970323,1.1841413035377366,2.3682816791305097
d:259:1.5605752645697635e-07,1.184140490275459,1.184141308816152,2.3682816430340847
d:260:1.6758835341690315e-07,1.1841404950469512,1.1841413140945674,2.3682816415531653
d:261:1.459867675634996e-07,1.1841404998184428,1.184141319372982,2.368281673204657
d:262:1.7252632211750552e-07,1.184140504589934,1.1841413241444714,2.368281656208083
d:263:5.579006145950416e-08,1.1841404924343135,1.1841413289159601,2.368281765560212
d:264:5.476007380877945e-08,1.1841404802786908,1.1841413341943756,2.3682817597129926
d:265:6.370718441672807e-08,1.184140485050182,1.1841413394727909,2.3682817608157887
d:266:1.1707539737670913e-07,1.1841404903286112,1.1841413442442803,2.368281717497494
d:267:1.3093207495984416e-07,1.1841404781729863,1.1841413495226958,2.3682816967636073
d:268:1.1384492948351976e-07,1.184140482944478,1.1841413542941854,2.368281723393734
d:269:1.2623277134693467e-07,1.1841404877159691,1.1841413590656749,2.3682817205488726
d:270:7.615475006161887e-08,1.1841404929943997,1.184141364344091,2.3682817811837404
d:271:1.6790070667127566e-07,1.1841404982728299,1.1841413691155804,2.368281699487704
d:272:2.5822412208498235e-07,1.1841405035512593,1.1841413743939964,2.3682816197211336
d:273:2.4036181311970495e-07,1.1841405088296884,1.1841413791654862,2.3682816476333617
d:274:1.4270629122847822e-07,1.1841404966740627,1.1841413844439026,2.368281738411674
d:275:3.702093289703612e-07,1.1841404590374174,1.1841413897223187,2.368281478550407
d:276:1.2928767034736666e-07,1.1841404468817884,1.1841413950007342,2.368281712594852
d:277:1.8383934952126424e-07,1.1841404521602175,1.1841413997722252,2.368281668093093
d:278:2.2760967643975505e-07,1.1841404569317118,1.184141404543716,2.368281633865751
d:279:9.308740311908537e-08,1.1841404192950558,1.1841414098221323,2.3682817360297848
d:280:1.7122929696355982e-07,1.1841404245734848,1.1841414151005485,2.368281668444736
d:281:1.2845933961003198e-07,1.1841404124178534,1.184141420378964,2.3682817043374778
d:282:9.845148296605544e-08,1.1841404171893477,1.1841414251504558,2.368281743888321
d:283:7.009000269064813e-08,1.1841404219608416,1.1841414304288715,2.3682817822997104
d:284:1.0469590572270704e-07,1.184140427239272,1.184141435707287,2.3682817582506535
d:285:6.098883886807016e-08,1.1841404150836385,1.18414144047878,2.36828179457358
d:286:1.506605893375479e-07,1.1841404203620687,1.1841414457571955,2.3682817154586746
d:287:8.82104118637983e-08,1.184140408206433,1.1841414505286882,2.3682817705247095
d:288:1.0825049479024074e-07,1.1841404134848628,1.1841414553001806,2.3682817605345488
d:289:1.6417815951186299e-07,1.1841404187632922,1.1841414605785971,2.36828171516373
d:290:1.0145364681690694e-07,1.1841404235347888,1.1841414653500895,2.3682817874312314
d:291:8.775109305858564e-08,1.1841404288132185,1.1841414701215816,2.368281811183707
d:292:8.362673975526036e-08,1.1841404166575813,1.1841414748930732,2.3682818079239145
d:293:1.2287699702184796e-07,1.184140421936011,1.184141479664564,2.368281778723578
d:294:1.6386463652651173e-07,1.18414042721444,1.1841414844360547,2.368281747785858
d:295:1.6528285629036077e-07,1.1841404150588009,1.184141489207545,2.3682817389834896
d:296:7.452387551509787e-08,1.1841404029031595,1.1841414944859647,2.368281822865249
d:297:1.371185605059111e-07,1.1841404076746582,1.184141499764384,2.3682817703204817
d:298:9.761210639780415e-08,1.1841403955190144,1.184141505042803,2.3682818029497112
d:299:1.2775474678150545e-07,1.184140400290513,1.1841415098142942,2.3682817823500604
d:300:7.382635214270294e-08,1.1841404055689435,1.1841415150927135,2.3682818468353046
d:301:9.690033309084356e-08,1.1841404108473739,1.184141520371132,2.368281834318173
d:302:8.221847869194221e-08,1.1841403986917283,1.1841415251426246,2.368281841615874
d:303:1.9614996205064017e-07,1.1841404039701584,1.1841415299141165,2.368281737734313
d:304:1.494089429954215e-07,1.1841404087416585,1.184141535192536,2.3682817945252514
d:305:1.3099232187840926e-07,1.1841404135131584,1.1841415399640278,2.3682818224848643
d:306:1.1258064969155157e-07,1.184140401357511,1.1841415452424477,2.3682818340193093
d:307:1.5073359227457672e-07,1.1841404061290104,1.1841415500139398,2.368281805409358
d:308:8.457167899322826e-08,1.1841403939733608,1.1841415547854315,2.368281864187113
d:309:6.078171255197162e-08,1.1841403818177085,1.1841415595569227,2.3682818805929187
d:310:7.389739131724582e-08,1.1841403870961411,1.184141564835344,2.368281878034094
d:311:5.9398002072441614e-08,1.1841403918676412,1.1841415701137645,2.3682819025834037
d:312:1.0509210035536398e-07,1.1841403971460738,1.1841415753921847,2.368281867446158
d:313:1.4225937894352114e-07,1.18414038499042,1.1841415806706046,2.3682818234016456
d:314:8.917376126404974e-08,1.1841403897619205,1.184141585949024,2.3682818865371833
d:315:9.273305767720785e-08,1.1841403776062642,1.184141590720518,2.3682818755937243
d:316:9.739434059241603e-08,1.1841403828846975,1.1841415954920114,2.3682818809823685
d:317:7.023375125925213e-08,1.1841403881631305,1.1841416002635041,2.368281918192883
d:318:1.504425686249533e-07,1.1841403929346321,1.1841416055419252,2.3682818480339884
d:319:1.3628039319257823e-07,1.1841403982130654,1.1841416103134181,2.36828187224609
d:320:1.4653492907967802e-07,1.1841403860574076,1.1841415726766769,2.3682818121991556
d:321:1.0444180009727688e-07,1.1841403908289097,1.1841415774481692,2.3682818638352785
d:322:4.805719733269598e-08,1.1841403956004113,1.1841415827265906,2.368281930269805
d:323:5.074750486500079e-08,1.1841404003719125,1.1841415880050117,2.368281937629419
d:324:1.1835612667709938e-07,1.1841404056503475,1.1841415932834325,2.368281880577653
d:325:1.0901184488432136e-07,1.1841403934946881,1.1841415985618526,2.3682818830446957
d:326:1.384550856187161e-07,1.1841403987731232,1.1841416038402723,2.36828186415831
d:327:7.6198316989462e-08,1.1841403866174613,1.1841416086117673,2.3682819190309115
d:328:9.099194064887683e-08,1.184140374461797,1.1841416133832618,2.368281896853118
d:329:1.1826012213944637e-07,1.1841403797402323,1.1841416186616822,2.3682818801417924
d:330:7.101235333095701e-08,1.1841403675845656,1.184141623433177,2.3682819200053893
d:331:1.4769527068025923e-07,1.1841403723560695,1.1841416287115978,2.368281853372397
d:332:7.416436886842348e-08,1.184140377127573,1.1841416165561531,2.368281919519357
d:333:1.3048713221053276e-07,1.1841403649719042,1.1841416218345737,2.3682818563193457
d:334:1.1901824770177427e-07,1.1841403702503404,1.184141609679127,2.3682818609112197
d:335:1.7229804649687708e-07,1.1841403750218442,1.1841416149575477,2.3682818176813454
d:336:1.617453690982984e-07,1.1841403797933472,1.1841416202359676,2.368281838283946
d:337:7.954756542360997e-08,1.1841403850717844,1.1841416250074648,2.368281930531684
d:338:1.8410849644823202e-07,1.1841403898432878,1.1841416128520166,2.3682818185868078
d:339:1.2088996381720563e-07,1.1841403776876178,1.1841416006965655,2.3682818574942193
d:340:8.294252173968175e-08,1.1841403655319458,1.1841415885411117,2.368281871130536
d:341:9.688124391615816e-08,1.1841403533762709,1.1841415938195328,2.3682818503145597
d:342:9.789251498304452e-08,1.184140358654709,1.1841415990979536,2.3682818598601476
d:343:1.2048440911627267e-07,1.1841403464990319,1.1841416038694523,2.368281829884075
d:344:2.41821375368545e-07,1.1841403343433523,1.1841416086409506,2.3682817011629274
d:345:1.4005469184397157e-07,1.18414032218767,1.1841416134124485,2.368281795545427
d:346:9.606748818669075e-08,1.184140326959175,1.1841416012569936,2.3682818321486803
d:347:1.4659567915131788e-07,1.1841403148034904,1.184141606535416,2.368281774743227
d:348:7.24726487710825e-08,1.1841403026478032,1.1841416113069143,2.368281841482069
d:349:9.443726822766507e-08,1.1841403074193084,1.1841415991514574,2.3682818121334974
d:350:1.0945234185655295e-07,1.1841403126977488,1.1841416044298805,2.3682818076752876
d:351:6.725763812553964e-08,1.1841403174692542,1.1841415922744212,2.3682818424860375
d:352:1.7242771432890436e-07,1.1841403227476948,1.1841415801189592,2.3682817304389396
d:353:8.397723050279637e-08,1.184140310592006,1.1841415853973822,2.3682818120121576
d:354:8.848049404264202e-08,1.1841403153635117,1.184141590168882,2.3682818170518996
d:355:1.0876727385422669e-07,1.184140320135017,1.1841415954473054,2.3682818068150486
d:356:1.1101035113370017e-07,1.1841403254134586,1.1841416007257284,2.368281815128836
d:357:2.4187310820877883e-07,1.1841402877767642,1.1841416054972291,2.368281651400885
d:358:1.1638534314073468e-07,1.184140275621073,1.1841416107756522,2.3682817700113823
d:359:1.5965175137466758e-07,1.1841402808995145,1.1841416160540748,2.368281737301838
d:360:1.6397227398101677e-07,1.1841402861779555,1.1841416208255762,2.3682817430312575
d:361:6.733365953692783e-08,1.1841402914563959,1.184141626103999,2.3682818502267353
d:362:2.2365765106613367e-07,1.184140296734836,1.1841416313824213,2.3682817044596063
d:363:2.1548836270923744e-07,1.1841403015063439,1.1841416366608433,2.3682817226788244
d:364:1.9077430613023694e-07,1.1841403067847844,1.1841416419392645,2.368281757949743
d:365:1.1334010574515219e-07,1.1841403120632241,1.1841416467107684,2.3682818454338865
d:366:3.369249008677855e-07,1.1841403168347329,1.1841416519891899,2.368281631899022
d:367:1.5635529981850027e-07,1.1841403221131728,1.1841416398337294,2.3682818055916024
d:368:9.954654345278868e-08,1.1841403268846817,1.1841416446052333,2.3682818719433714
d:369:1.3269077969724208e-07,1.18414033165619,1.1841416324497707,2.3682818314151812
d:370:1.467417818368233e-07,1.184140336934631,1.1841416372212743,2.3682818274141235
d:371:1.348771512255098e-07,1.1841403417061396,1.1841416250658092,2.3682818318947976
d:372:1.538269938095027e-07,1.1841403464776477,1.1841416298373129,2.3682818224879667
d:373:1.5416924892264205e-07,1.1841403517560891,1.1841416351157368,2.3682818327025768
d:374:1.6309544337289594e-07,1.1841403570345304,1.1841416398872406,2.3682818338263276
d:375:1.5197874470018746e-07,1.1841403623129714,1.184141644658744,2.3682818549929707
d:376:1.8618559050054273e-07,1.1841403675914117,1.1841416499371686,2.3682818313429896
d:377:1.3280741795185236e-07,1.184140372362922,1.1841416377817022,2.3682818773372065
d:378:1.317272930734248e-07,1.1841403771344314,1.1841416256262334,2.3682818710333717
d:379:1.7084209957829444e-07,1.1841403824128727,1.1841416309046584,2.3682818424754313
d:380:1.3548899291393468e-07,1.1841403871843825,1.184141635676163,2.3682818873715523
d:381:1.585865763154004e-07,1.1841403924628238,1.184141640447667,2.3682818743239147
d:382:1.4517173241301862e-07,1.184140397741265,1.184141645726093,2.3682818982956255
d:383:5.491419319270108e-08,1.1841404030197056,1.1841416510045182,2.368281999110031
d:384:1.4979398388348386e-07,1.1841404082981457,1.1841416557760231,2.368281914280185
d:385:1.615347056116434e-07,1.1841404130696573,1.1841416605475275,2.3682819120824794
d:386:1.5001664976921347e-07,1.184140418348098,1.184141648392058,2.368281916723506
d:387:7.972801974176491e-08,1.1841404236265376,1.184141653163562,2.3682819970620796
d:388:1.2059320608770463e-07,1.1841404283980503,1.1841416410080903,2.3682819488129345
d:389:9.641087794776126e-08,1.1841404336764905,1.1841416462865175,2.36828198355213
d:390:1.1402508626190411e-07,1.1841404384480032,1.1841416510580223,2.368281975480939
d:391:1.3196935055859171e-07,1.1841404437264436,1.1841416558295264,2.3682819675866194
d:392:1.3136615661935025e-07,1.1841404484979565,1.1841416606010302,2.36828197773283
d:393:2.8125530837641577e-07,1.1841404532694688,1.1841416229642556,2.368281794978416
d:394:1.348208265028461e-07,1.1841404585479098,1.1841416108087817,2.368281934535865
d:395:2.1360280388904584e-07,1.1841404638263506,1.1841415731719969,2.3682818233955434
d:396:1.7966525822643575e-07,1.1841404261896364,1.1841415784504252,2.368281824974803
d:397:2.2241872121853135e-07,1.1841403885529127,1.1841415837288536,2.368281749863045
d:398:2.0344647078118783e-07,1.1841403763972282,1.184141571573377,2.3682817445241344
d:399:1.2409810734581583e-07,1.1841403642415413,1.1841415763448815,2.3682818164883153
d:400:2.832209364811433e-07,1.1841403520858516,1.1841415816233103,2.3682816504882256
d:401:1.8261135892316815e-07,1.1841403568573652,1.1841415869017384,2.3682817611477445
d:402:1.9392175287791247e-07,1.1841403447016732,1.1841415747462603,2.3682817255261805
d:403:1.745323299218171e-07,1.1841403325459787,1.1841415800246882,2.3682817380383367
d:404:1.0201676525767311e-07,1.1841402949092419,1.1841415678692078,2.3682817607616844
d:405:1.1877736660892424e-07,1.184140282753544,1.184141572640714,2.3682817366168916
d:406:2.1997893417946557e-07,1.1841402705978439,1.1841415774122201,2.36828162803113
d:407:2.001134280504857e-07,1.1841402753693577,1.1841415652567375,2.3682816405126674
d:408:9.175309356734829e-08,1.1841402377326096,1.1841415700282434,2.3682817160077594
d:409:1.5422052346281134e-07,1.1841402430110524,1.184141557872758,2.368281646663287
d:410:5.551597448416601e-08,1.1841402482894943,1.184141545717271,2.368281738490791
d:411:9.127571143352498e-08,1.1841402535679362,1.1841415509957016,2.368281713287926
d:412:7.597254381153107e-08,1.1841402588463774,1.184141538840212,2.3682817217140455
d:413:7.596198114967478e-08,1.1841402641248182,1.1841415266847195,2.3682817148475563
d:414:1.0315066445443222e-07,1.1841402688963345,1.1841415145292244,2.3682816802748943
d:415:6.396877161307657e-08,1.1841402741747755,1.184141502373727,2.368281712579731
d:416:1.1576293434956142e-07,1.1841402794532159,1.1841414902182268,2.3682816539085083
d:417:1.3543719390440856e-07,1.1841402847316562,1.1841414949897346,2.368281644284197
d:418:1.0676316986035772e-07,1.184140289503174,1.184141499761242,2.3682816825012463
d:419:1.1387448628497054e-07,1.1841402942746913,1.1841415045327488,2.368281684932954
d:420:1.1473263139549772e-07,1.1841402995531323,1.184141509304255,2.368281694124756
d:421:1.077089017975652e-07,1.1841403048315726,1.184141514075761,2.368281711198432
d:422:1.25435576592281e-07,1.1841403096030907,1.1841415019202597,2.368281686087774
d:423:1.315293753911817e-07,1.1841403143746083,1.1841415066917653,2.3682816895369982
d:424:1.2249498348992915e-07,1.1841403196530498,1.1841415114632705,2.368281708621337
d:425:1.572454757514663e-07,1.1841403244245674,1.1841414993077672,2.3682816664868587
d:426:9.462878436394817e-08,1.1841403291960848,1.1841415045862036,2.368281739153504
d:427:1.010611536678141e-07,1.1841403339676015,1.1841415098646402,2.3682817427710883
d:428:1.0627592583745127e-07,1.1841403392460443,1.1841415146361465,2.368281747606265
d:429:1.216109475343785e-07,1.1841403445244867,1.1841415024806414,2.3682817253941804
d:430:8.342689072904363e-08,1.184140349296004,1.1841415072521473,2.3682817731212604
d:431:1.6283863901733753e-07,1.184140354067521,1.1841415120236527,2.3682817032525345
d:432:8.058513456532523e-08,1.1841403593459645,1.1841415167951581,2.3682817955559883
d:433:1.5678768239268948e-07,1.1841403646244073,1.1841415220735967,2.3682817299103216
d:434:1.242427658532108e-07,1.1841403693959252,1.1841415268451019,2.368281771998261
d:435:1.2755723766133542e-07,1.1841403746743682,1.1841415146895957,2.3682817618067262
d:436:1.8653671141066752e-07,1.1841403799528107,1.1841415194611007,2.3682817128772
d:437:1.7647450878399695e-07,1.1841403847243295,1.184141524232605,2.3682817324824255
d:438:1.9535182005370189e-07,1.1841403894958478,1.1841415120770966,2.3682817062211243
d:439:2.6485141102483567e-07,1.1841403942673652,1.1841415168486011,2.3682816462645553
d:440:1.086472853906173e-07,1.184140399545809,1.1841415216201048,2.3682818125186285
d:441:1.3233248363775374e-07,1.1841404043173271,1.184141526898547,2.36828179888339
d:442:2.0791159505151313e-07,1.1841404090888443,1.184141531670051,2.3682817328473003
d:443:1.1703652891270622e-07,1.1841404138603613,1.1841415369484931,2.3682818337723255
d:444:1.5160002719838417e-07,1.1841404186318776,1.1841415247929834,2.368281791824834
d:445:1.4427396299865336e-07,1.1841404234033934,1.1841415126374715,2.368281791766902
d:446:1.709681547445996e-07,1.18414042868184,1.1841415174089762,2.3682817751226612
d:447:1.9139704177106864e-07,1.1841404339602866,1.1841415052534616,2.3682817478167064
d:448:1.8473979634947568e-07,1.184140438731803,1.1841414930979446,2.3682817470899513
d:449:8.62404765378244e-08,1.1841404435033194,1.184141498376388,2.3682818556392307
d:450:1.0633343272559159e-07,1.1841404487817666,1.1841414862208688,2.3682818286692027
d:451:1.992945724005324e-07,1.184140453553283,1.1841414909923744,2.368281745251085
d:452:1.737818418057202e-07,1.1841404583247988,1.1841414957638796,2.3682817803068366
d:453:2.0992760818572265e-07,1.1841404636032464,1.1841415005353841,2.3682817542110226
d:454:1.6652612000456202e-07,1.1841404259664778,1.1841415053068884,2.3682817647472465
d:455:3.2014717543660254e-07,1.184140388329699,1.1841415105853343,2.368281578767858
d:456:2.1396434934928266e-07,1.1841403506929105,1.1841414984298138,2.368281635158375
d:457:1.1429082391600787e-07,1.1841403559713575,1.1841414862742907,2.368281727954824
d:458:2.9984433158602997e-07,1.1841403607428733,1.1841414741187648,2.3682815350173065
d:459:1.5485443105589525e-07,1.1841403485871815,1.1841414619632364,2.368281655695987
d:460:7.750711894516371e-08,1.1841403533586972,1.184141467241683,2.3682817430932612
d:461:1.5466522862439547e-07,1.184140358637145,1.1841414725201291,2.3682816764920456
d:462:5.011632309148695e-08,1.1841403639155927,1.1841414777985748,2.3682817915978442
d:463:1.3653587060957761e-07,1.1841403686871093,1.1841414825700824,2.368281714721321
d:464:1.5075313619661301e-07,1.184140373458625,1.1841414878485284,2.368281710554017
d:465:3.648793631683134e-07,1.1841403782301405,1.1841414931269738,2.368281506477751
d:466:2.392498736902837e-07,1.1841403835085895,1.1841414984054188,2.3682816426641344
d:467:1.2242082858548997e-07,1.1841403882801051,1.1841415031769276,2.368281769036204
d:468:1.2272194549467486e-07,1.1841403930516203,1.1841415079484359,2.368281778278111
d:469:1.2927549786212467e-07,1.184140397823135,1.1841415127199437,2.368281781267581
d:470:2.5489515209642377e-07,1.1841404031015854,1.1841415005644156,2.368281648770849
d:471:1.3580664992574043e-07,1.1841404083800355,1.184141488408885,2.3682817609822706
d:472:1.5798039454395507e-07,1.184140413151551,1.1841414762533518,2.368281731424508
d:473:1.4382868540607774e-07,1.184140418430001,1.1841414815317992,2.368281756133115
d:474:2.3566025397769863e-07,1.1841404232015167,1.1841414863033077,2.3682816738445704
d:475:2.7542589586815325e-07,1.1841404279730319,1.1841414915817552,2.368281644128891
d:476:2.4262195541524534e-07,1.1841404327445466,1.1841414963532644,2.3682816864758554
d:477:1.810413552405521e-07,1.1841404375160607,1.184141501631712,2.3682817581064173
d:478:1.7234726978898607e-07,1.1841404422875745,1.1841415064032212,2.368281776343526
d:479:1.8062942253038727e-07,1.1841404475660273,1.1841415111747298,2.3682817781113346
d:480:1.0510351300396792e-07,1.1841404528444799,1.1841415164531783,2.368281864194145
d:481:1.7840384636258477e-07,1.1841404576159944,1.184141521731627,2.368281800943775
d:482:1.8602408902168577e-07,1.184140462894447,1.1841415095760932,2.368281786446451
d:483:1.2016956718596816e-07,1.1841404681728993,1.1841415148545413,2.3682818628578732
d:484:1.3884172345157708e-07,1.1841404734513512,1.184141520132989,2.3682818547426168
d:485:1.7612197078520353e-07,1.1841404787298027,1.1841415249045,2.3682818275123316
d:486:1.1074596173443751e-07,1.1841404840082537,1.1841415127489647,2.368281886011257
d:487:1.5966644850706757e-07,1.1841404887797709,1.1841415175204755,2.368281846633798
d:488:2.456369081471621e-07,1.1841404935512876,1.1841415227989243,2.3682817707133035
d:489:1.8350835029323775e-07,1.1841404983228037,1.184141485162096,2.368281799976549
d:490:5.2933178285030635e-08,1.1841405036012562,1.1841414899336067,2.3682819406016846
d:491:1.9355553471100961e-07,1.1841405088797081,1.1841414522967681,2.3682817676209416
d:492:7.800274826053055e-08,1.1841405136512253,1.18414141465992,2.368281850308397
d:493:1.287972066776888e-07,1.1841405189296774,1.1841414025043815,2.3682817926368522
d:494:1.7124474771534892e-07,1.1841405237011946,1.1841414072758913,2.3682817597323385
d:495:1.5862258750942715e-07,1.184140528979647,1.1841413951203503,2.3682817654774095
d:496:1.220106833343948e-07,1.184140534258099,1.1841414003987996,2.3682818126462153
d:497:1.3482940541820199e-07,1.1841405395365505,1.1841413627619402,2.3682817674690853
d:498:1.4906704937089899e-07,1.1841405448150015,1.1841413506063962,2.3682817463543486
d:499:2.0286314583728426e-07,1.1841405500934523,1.18414133845085,2.3682816856811564
d:500:2.0299476988228093e-07,1.1841405548649722,1.1841413008139796,2.368281652684182
d:501:1.2676510019460352e-07,1.1841405596364913,1.1841413060924284,2.3682817389638195
d:502:1.4063266684516407e-07,1.184140564914943,1.1841413108639396,2.368281735146216
d:503:2.508034322445951e-07,1.1841405696864624,1.1841413161423888,2.368281635025419
d:504:8.703228981943312e-08,1.1841405744579814,1.1841413214208374,2.368281808846529
d:505:1.85382631023856e-07,1.1841405797364337,1.1841413266992857,2.3682817210530884
d:506:1.6750130216180992e-07,1.184140584507953,1.1841413314707983,2.368281748477449
d:507:1.8707568072429126e-07,1.1841405897864057,1.1841413367492468,2.3682817394599716
d:508:2.056282770723783e-07,1.1841405950648576,1.1841413415207596,2.36828173095734
d:509:1.6795936330638028e-07,1.1841405998363776,1.1841413462922716,2.368281778169286
d:510:1.6627993693063559e-07,1.18414060511483,1.1841413515707209,2.368281790405614
d:511:1.7227565463073802e-07,1.1841406098863498,1.1841413563422332,2.3682817939529284
d:512:1.1898989171754693e-07,1.1841406146578697,1.1841413616206828,2.368281857288661
d:513:1.7253799278194037e-07,1.1841406194293886,1.1841413663921951,2.368281813283591
d:514:1.4844981821582337e-07,1.1841406242009074,1.1841413711637072,2.368281846914796
d:515:8.163028430985264e-08,1.1841406294793617,1.1841413764421576,2.3682819242912347
d:516:2.6746281900358326e-07,1.1841406347578158,1.1841413817206075,2.3682817490156043
d:517:1.5949007226012668e-07,1.1841406395293352,1.1841413864921206,2.3682818665313836
d:518:1.4659818958762116e-07,1.1841406448077894,1.1841413917705708,2.3682818899801705
d:519:1.3155845435264268e-07,1.1841406500862433,1.1841413965420835,2.3682819150698724
d:520:1.1238595787332883e-07,1.1841406548577633,1.1841414018205338,2.3682819442923395
d:521:7.219910402866958e-08,1.1841406601362172,1.184141407098984,2.368281995036097
d:522:1.2996993126179746e-07,1.1841406649077377,1.1841414123774332,2.3682819473152397
d:523:2.467537245642859e-07,1.1841406696792576,1.1841414176558824,2.368281840581415
d:524:2.0628856667315176e-07,1.184140674450777,1.184141422934331,2.368281891096541
d:525:1.291380713475121e-07,1.1841406797292322,1.1841414282127791,2.36828197880394
d:526:1.81457232795168e-07,1.1841406850076872,1.184141433491227,2.3682819370416817
d:527:9.171847858979731e-08,1.1841406473708713,1.1841414382627438,2.3682819939151365
d:528:8.285885755299205e-08,1.184140635215195,1.1841414435411919,2.3682819958975294
d:529:8.963945319351296e-08,1.1841406230595162,1.1841414483127088,2.368281981732772
d:530:2.2645120711928257e-07,1.184140628337971,1.184141453591157,2.368281855477921
d:531:1.644085578789145e-07,1.184140590701144,1.1841414588696046,2.3682818851621907
d:532:1.1627135743097483e-07,1.184140578545462,1.1841414636411225,2.3682819259152272
d:533:8.535522155739272e-08,1.1841405833169831,1.1841414684126397,2.3682819663744015
d:534:1.2150255912501962e-07,1.1841405885954384,1.1841414736910885,2.3682819407839677
d:535:1.3686187383399329e-07,1.1841405933669595,1.1841414789695366,2.3682819354746223
d:536:1.4516213076021245e-07,1.184140598645415,1.1841414837410547,2.368281937224339
d:537:9.054778793426976e-08,1.1841406034169366,1.184141489019503,2.3682820018886517
d:538:1.4724561436807448e-07,1.1841406086953918,1.184141494297951,2.368281955747728
d:539:1.5500382355426723e-07,1.1841406134669135,1.1841414995763984,2.3682819580394883
d:540:8.984763733010936e-08,1.1841406182384344,1.1841415048548454,2.3682820332456425
d:541:1.3775670559823538e-07,1.1841406230099552,1.1841415096263654,2.3682819948796148
d:542:1.2821725636769088e-07,1.1841406277814752,1.184141514904813,2.368282014469032
d:543:8.413213770097627e-08,1.1841406330599331,1.184141519676333,2.3682820686041284
d:544:1.1805135669007427e-07,1.1841406378314532,1.1841414820394423,2.3682820018195385
d:545:1.3311414770456054e-07,1.184140642602973,1.1841414868109617,2.3682819962997868
d:546:5.5521823583148944e-08,1.1841406478814314,1.1841414746554237,2.3682820670150315
d:547:8.796548289780048e-08,1.1841406531598895,1.1841414799338719,2.3682820451282787
d:548:9.483064244975026e-08,1.1841406584383471,1.1841414852123195,2.3682820488200242
d:549:1.6974550876014405e-07,1.1841406632098683,1.18414148998384,2.3682819834481994
d:550:1.285130686312641e-07,1.184140667981389,1.1841414778283004,2.368282017296621
d:551:7.155508585654502e-08,1.1841406732598474,1.1841414825998209,2.368282084304582
d:552:1.2752358635736982e-07,1.1841406780313684,1.18414148787827,2.368282038386052
d:553:2.2081571504628528e-07,1.1841406833098271,1.1841414926497904,2.3682819551439023
d:554:1.6123229906739311e-07,1.1841406456729844,1.184141480494249,2.3682819649349343
d:555:1.0852542775552365e-07,1.1841406080361319,1.1841414852657692,2.3682819847764733
d:556:1.2171493413148937e-07,1.1841406128076526,1.1841414905442191,2.3682819816369376
d:557:1.3929024778036592e-07,1.1841406175791727,1.1841414958226686,2.3682819741115937
d:558:1.7366651272610056e-07,1.1841406228576314,1.1841415005941898,2.3682819497853083
d:559:1.4821076232962582e-07,1.1841406107019525,1.1841415058726394,2.3682819683638296
d:560:8.638731685550738e-08,1.184140615473473,1.1841415111510887,2.368282040237245
d:561:1.4511930990224187e-07,1.1841406207519325,1.1841415159226105,2.368281991555233
d:562:5.9048797407257325e-08,1.1841406260303917,1.18414152120106,2.3682820881826543
d:563:1.8133157508870568e-07,1.1841406308019127,1.184141526479509,2.3682819759498464
d:564:1.491852215096401e-07,1.1841406186462322,1.1841415317579576,2.3682820012189683
d:565:1.215064129311827e-07,1.1841406064905493,1.1841415370364057,2.368282022020542
d:566:8.653910121836361e-08,1.184140611769009,1.1841415423148531,2.3682820675447607
d:567:9.281871138355768e-08,1.1841406165405308,1.1841415301593128,2.368282053881132
d:568:1.1473658600991143e-07,1.1841406213120527,1.1841415349308375,2.3682820415063044
d:569:2.6264031172118507e-07,1.184140626590513,1.1841415402092859,2.368281904159487
d:570:1.6810193681493502e-07,1.1841406313620348,1.184141545487734,2.368282008747832
d:571:1.227131378733759e-07,1.1841406361335558,1.1841415333321914,2.368282046752609
d:572:1.0335035982578233e-07,1.1841406414120175,1.1841415211766464,2.3682820592383043
d:573:9.120064081713508e-08,1.1841406466904782,1.184141509021099,2.3682820645109364
d:574:9.58393653327505e-08,1.184140651968939,1.1841414968655488,2.3682820529951223
d:575:5.456951601701121e-08,1.184140657247399,1.1841415021439974,2.3682821048218803
d:576:1.1656393272829746e-07,1.1841406625258588,1.1841415069155246,2.3682820528774506
d:577:8.60684052916838e-08,1.1841406678043183,1.1841415116870515,2.3682820934229647
d:578:1.4228511746594563e-07,1.1841406725758425,1.1841415169655007,2.368282047256226
d:579:8.101949644512274e-08,1.1841406778543022,1.1841415217370277,2.3682821185718335
d:580:1.1770043295555865e-07,1.1841406826258267,1.1841415095814765,2.3682820745068702
d:581:1.813108365666949e-07,1.1841406879042862,1.1841415148599261,2.3682820214533757
d:582:1.0434375097290172e-07,1.1841406931827456,1.1841415196314535,2.368282108470448
d:583:1.153286577348922e-07,1.1841406984612044,1.1841415074759003,2.3682820906084467
d:584:2.4486194982742404e-07,1.1841407037396627,1.1841415127543504,2.3682819716320633
d:585:7.74332873376693e-08,1.1841407085111895,1.1841415005987947,2.368282131676697
d:586:7.939765422904088e-08,1.1841407132827155,1.1841414629618803,2.3682820968469414
d:587:5.405916070344574e-08,1.1841407180542414,1.1841414508063215,2.368282114801402
d:588:1.129401399069252e-07,1.1841407228257665,1.18414145557785,2.3682820654634766
d:589:1.0314022835800074e-07,1.1841407275972913,1.1841414179409246,2.3682820423979876
d:590:1.3234155016306204e-07,1.1841407323688156,1.1841413803039897,2.368281980331255
d:591:6.657243645236122e-08,1.1841407376472772,1.18414138558244,2.368282056657281
d:592:1.5727865898540472e-07,1.1841407424188017,1.1841413908608898,2.3682819760010325
d:593:7.04418394725792e-08,1.1841407471903258,1.1841413956324185,2.368282072380905
d:594:7.394258094706174e-08,1.1841407524687884,1.1841414009108684,2.368282079437076
d:595:7.364174603452511e-08,1.1841407577472505,1.1841414061893183,2.368282090294823
d:596:1.0289444407618475e-07,1.184140762518775,1.1841414109608472,2.3682820705851784
d:597:1.0078377732369859e-07,1.1841407248819018,1.1841414162392971,2.3682820403374216
d:598:1.7628843806960504e-07,1.1841407296534256,1.1841414210108268,2.3682819743758143
d:599:2.211952132569195e-07,1.1841406920165425,1.1841414262892764,2.368281897110606
d:600:7.503462473579248e-08,1.1841406967880657,1.184141431567726,2.368282053321167
d:601:2.445185418586959e-07,1.184140684632388,1.1841414363392564,2.3682818764531026
d:602:2.4634526241129606e-07,1.1841406724767078,1.184141441110786,2.3682818672422314
d:603:1.5534818897933178e-07,1.1841406772482312,1.1841414463892364,2.3682819682892786
d:604:1.4850767549035027e-07,1.1841406650925488,1.1841414511607664,2.3682819677456397
d:605:8.009578200685041e-08,1.184140669864072,1.184141456439217,2.368282046207507
d:606:2.4136374898731106e-07,1.1841406751425372,1.1841414612107473,2.3682818949895355
d:607:2.0312126380872542e-07,1.1841406799140604,1.1841414664891978,2.3682819432819944
d:608:7.584080430333984e-08,1.184140667758376,1.1841414717676482,2.36828206368522
d:609:2.1107314385204745e-07,1.1841406730368418,1.1841414765391791,2.368281938502877
d:610:7.577928595736694e-08,1.184140678315307,1.18414143890223,2.368282041438251
d:611:8.077398838679528e-08,1.184140683593772,1.1841414441806801,2.3682820470004637
d:612:1.3794383013632228e-07,1.1841406888722363,1.1841414320251227,2.368281982953529
d:613:9.319163396526164e-08,1.184140693643762,1.184141394388163,2.3682819948402907
d:614:1.2973596197340953e-07,1.1841406984152871,1.1841413822326023,2.3682819509119275
d:615:1.3656153496910406e-07,1.1841407036937524,1.184141344595632,2.3682819117278493
d:616:1.032249681287567e-07,1.1841407084652775,1.184141349874082,2.3682819551143917
d:617:1.6172061823027661e-07,1.184140713743743,1.1841413546456134,2.368281906668738
d:618:2.054614767210694e-07,1.184140719022208,1.1841413594171442,2.3682818729778754
d:619:1.1320583759300007e-07,1.1841407237937343,1.184141364695595,2.368281975283492
d:620:1.5121243635007886e-07,1.1841407285652596,1.1841413694671261,2.368281946819949
d:621:2.3111692781796478e-07,1.1841407338437255,1.1841413742386566,2.368281876965454
d:622:1.4162238226589352e-07,1.1841407386152512,1.1841413795171083,2.3682819765099774
d:623:7.165977056189377e-08,1.1841407433867763,1.1841413842886392,2.3682820560156452
d:624:1.358585373090193e-07,1.184140748158301,1.184141389567091,2.3682820018668544
d:625:1.094828441239315e-07,1.1841407529298253,1.1841413943386219,2.368282037785603
d:626:3.016965570701302e-07,1.1841407582082935,1.184141399617074,2.3682818561288106
d:627:1.6949080094974533e-07,1.1841407629798177,1.1841414048955257,2.3682819983845427
d:628:1.3694048295320727e-07,1.1841407682582858,1.184141410173977,2.3682820414917796
d:629:2.1303111497061877e-07,1.1841407730298106,1.1841414154524275,2.368281975451123
d:630:1.514989573792036e-07,1.1841407353929085,1.1841414207308778,2.368282004624829
d:631:1.1861941828783529e-07,1.1841407401644324,1.1841414255024114,2.3682820470474253
d:632:1.0862728361260565e-07,1.1841407454429012,1.1841414302739444,2.3682820670895617
d:633:6.19621203234999e-08,1.1841407078059891,1.184141435045477,2.368282080889346
d:634:1.4274233750555254e-07,1.1841406956503073,1.1841414403239288,2.3682819932318986
d:635:1.5472459624632506e-07,1.1841406580133849,1.1841414456023802,2.368281948891169
d:636:5.2884491452687143e-08,1.1841406458577,1.1841414503739136,2.368282043347122
d:637:8.778965332467692e-08,1.184140650629224,1.1841414551454463,2.3682820179850173
d:638:6.480215519744092e-08,1.1841406384735371,1.1841414599169788,2.3682820335883608
d:639:1.228632071637037e-07,1.1841406437520063,1.1841414651954316,2.368281986084231
d:640:1.4838181172649456e-07,1.1841406485235306,1.184141470473884,2.3682819706156026
d:641:1.814783545661669e-07,1.1841406363678415,1.184141475752336,2.3682819306418232
d:642:1.3913091434503144e-07,1.1841406416463114,1.1841414635967795,2.3682819661121766
d:643:1.440263721619317e-07,1.1841406469247806,1.1841414259597927,2.368281928858201
d:644:1.3851306945866781e-07,1.1841406522032496,1.184141413804233,2.3682819274944134
d:645:1.7584699829598094e-07,1.1841406569747757,1.184141418575767,2.368281899703544
d:646:2.275865051970527e-07,1.1841406622532449,1.184141406420205,2.3682818410869446
d:647:1.229312176498354e-07,1.1841406500975546,1.1841413687832067,2.368281895949544
d:648:1.4600858522229032e-07,1.1841406553760234,1.1841413740616593,2.3682818834290975
d:649:2.497530204870202e-07,1.1841406601475506,1.1841413788331936,2.3682817892277237
d:650:1.3925575892415054e-07,1.1841406654260198,1.1841413836047274,2.3682819097749883
d:651:2.1642086256434823e-07,1.1841406707044886,1.1841413883762608,2.368281842659887
d:652:1.686311561499565e-07,1.184140658548797,1.1841413931477935,2.3682818830654346
d:653:1.2384101921725232e-07,1.1841406638272653,1.1841413555107845,2.368281895497031
d:654:3.661489591522127e-07,1.1841406691057335,1.1841413607892388,2.3682816637460133
d:655:2.1518757042926495e-07,1.184140673877263,1.1841413660676927,2.368281824757385
d:656:1.5596200997336496e-07,1.1841406617215695,1.1841413713461462,2.3682818771057055
d:657:2.2458915038825467e-07,1.1841406495658735,1.18414137611768,2.3682818010944033
d:658:2.226718174291875e-07,1.1841406543374031,1.184141381396134,2.3682818130617194
d:659:2.8287177844532607e-07,1.184140659108932,1.1841413866745873,2.368281762911741
d:660:1.9833620568121546e-07,1.184140646953234,1.184141391446122,2.3682818400631507
d:661:1.2879176347624366e-07,1.1841406517247628,1.1841413962176566,2.368281919150656
d:662:2.2028477042468353e-07,1.1841406570032338,1.1841414014961107,2.3682818382145743
d:663:2.1484181766950883e-07,1.1841406448475336,1.1841414062676452,2.368281836273361
d:664:1.1908157171447442e-07,1.184140649619063,1.184141411039179,2.36828194157667
d:665:1.612617031021557e-07,1.1841406374633605,1.1841414158107124,2.36828189201237
d:666:1.6015546444592133e-07,1.1841406422348897,1.1841414205822456,2.368281902661671
d:667:2.428734005022193e-07,1.1841406470064184,1.184141425353778,2.368281829486796
d:668:1.1367980956578094e-07,1.1841406517779465,1.1841414301253101,2.368281968223447
d:669:1.9493533764958215e-07,1.184140639622242,1.1841414354037676,2.368281880090672
d:670:8.892266878390842e-08,1.1841406449007161,1.1841414406822246,2.3682819966602717
d:671:1.7897135773381478e-07,1.1841406327450097,1.1841414454537575,2.3682818992274095
d:672:1.4432628336891185e-07,1.1841406205893006,1.1841414507322148,2.368281926995232
d:673:9.721478289037577e-08,1.1841406258677747,1.1841414555037477,2.3682819841567397
d:674:8.473240198370036e-08,1.1841406306393045,1.1841414607822052,2.3682820066891077
d:675:2.5711110573922724e-07,1.184140635410834,1.1841414655537383,2.3682818438534667
d:676:8.637892578988726e-08,1.1841406232551228,1.184141470832196,2.3682820077083933
d:677:1.4722848984405346e-07,1.1841406285335982,1.1841414756037294,2.368281956908838
d:678:1.3292009093390789e-07,1.184140633812073,1.1841414803752621,2.368281981267244
d:679:2.202223714498075e-07,1.1841406390905476,1.1841414856537207,2.3682819045218966
d:680:1.4016177685149955e-07,1.1841406014535996,1.1841414909321786,2.368281952224001
d:681:1.0359839697215989e-07,1.1841405638166416,1.1841414957037122,2.368281955921957
d:682:1.2957760775478278e-07,1.1841405685881723,1.1841415009821703,2.368281939992735
d:683:1.2998792797702663e-07,1.1841405738666462,1.1841415057537044,2.3682819496324226
d:684:1.38660424475745e-07,1.1841405362296782,1.1841415110321627,2.3682819086014164
d:685:2.2898207108212887e-07,1.1841405410012085,1.1841415163106208,2.368281828329758
d:686:1.1207241623623077e-07,1.1841405457727385,1.1841415210821553,2.3682819547824776
d:687:2.638487881512219e-07,1.184140550544268,1.1841415258536894,2.368281812549169
d:688:2.179817331082745e-07,1.1841405553157967,1.1841415306252228,2.3682818679592863
d:689:2.0780082765625707e-07,1.1841405605942728,1.1841415359036822,2.3682818886971275
d:690:1.3176645818901989e-07,1.1841405658727484,1.1841415411821414,2.368281975288432
d:691:1.4993470642821194e-07,1.184140570644278,1.1841415459536757,2.3682819666632473
d:692:2.3741747456895723e-07,1.1841405759227537,1.184141551232135,2.368281889737414
d:693:7.134276769349412e-08,1.1841405806942837,1.1841415565105937,2.3682820658621098
d:694:1.642957103697995e-07,1.1841405859727596,1.184141561282129,2.3682819829591786
d:695:1.5121382013205675e-07,1.1841405907442897,1.1841415665605879,2.368282006091057
d:696:3.104286436794723e-07,1.1841405955158193,1.1841415718390467,2.368281856926222
d:697:1.2573062502241328e-07,1.1841406002873482,1.1841415766105825,2.3682820511673057
d:698:1.4972434936311174e-07,1.184140605058877,1.184141581382118,2.3682820367166455
d:699:1.5917435058909746e-07,1.1841406103373548,1.1841415866605773,2.368282037823582
d:700:1.5198711267316867e-07,1.1841406156158327,1.1841415919390363,2.3682820555677564
d:701:1.633773658582527e-07,1.18414062089431,1.184141597217495,2.368282054734439
d:702:1.903461148700103e-07,1.1841406261727865,1.1841416019890316,2.3682820378157032
d:703:1.5043603918130088e-07,1.184140631451263,1.1841416072674902,2.368282088282714
d:704:8.594664402394869e-08,1.184140636729739,1.1841416120390273,2.3682821628221222
d:705:8.69554281912599e-08,1.1841406420082141,1.1841416173174864,2.368282172370272
d:706:2.0316278481757877e-07,1.1841406467797468,1.1841416225959447,2.3682820662129065
d:707:1.2506413682444872e-07,1.1841406520582223,1.1841416278744028,2.3682821548684885
d:708:1.6198311270088084e-07,1.1841406568297552,1.1841416331528605,2.3682821279995028
d:709:1.3390844477711994e-07,1.1841406616012873,1.1841416379243994,2.368282165617242
d:710:1.4722756658258618e-07,1.1841406668797636,1.184141642695938,2.368282162348135
d:711:1.8145119717871694e-07,1.184140671651296,1.1841416474674762,2.368282137667575
d:712:1.2680351790805844e-07,1.1841406769297729,1.1841416527459356,2.368282202872191
d:713:1.2081531020058378e-07,1.184140682208249,1.184141658024394,2.3682822194173325
d:714:1.39398824927639e-07,1.1841406869797824,1.1841416633028523,2.3682822108838097
d:715:1.0152599516644045e-07,1.1841406917513149,1.1841416685813102,2.3682822588066297
d:716:1.1855384851600093e-07,1.184140697029792,1.1841416733528503,2.368282251828794
d:717:1.9981859278317415e-07,1.1841407023082686,1.1841416786313084,2.368282181120984
d:718:1.685413071328412e-07,1.184140707586745,1.1841416834028484,2.3682822224482862
d:719:1.3647973817754178e-07,1.184140712358279,1.1841416881743883,2.368282264052929
d:720:1.5873741121552598e-07,1.1841407171298126,1.1841416929459276,2.368282251338329
d:721:6.852079215136087e-08,1.1841407224082896,1.184141698224387,2.3682823521118848
d:722:9.146829427209013e-08,1.1841407271798234,1.184141703502846,2.3682823392143755
d:723:1.257896378170642e-07,1.1841407319513566,1.1841417087813046,2.3682823149430234
d:724:8.638493476098574e-08,1.1841407367228893,1.1841417135528456,2.3682823638908
d:725:1.487976635239363e-07,1.1841407420013679,1.1841417188313041,2.3682823120350087
d:726:1.603932324734103e-07,1.1841407467729008,1.18414170667576,2.368282293055428
d:727:1.336780641736368e-07,1.1841407515444333,1.1841417114473012,2.3682823293136703
d:728:1.1248236964078728e-07,1.1841407568229125,1.1841416738102635,2.3682823181508064
d:729:1.9829434982909788e-07,1.1841407621013915,1.1841416361732164,2.368282199980258
d:730:1.123288200233219e-07,1.184140766872925,1.1841415985361594,2.368282253080264
d:731:1.2156578899080728e-07,1.184140772151404,1.1841415608990922,2.3682822114847073
d:732:8.948476448722431e-08,1.1841407774298827,1.1841415232620156,2.368282211207134
d:733:1.3218027161698842e-07,1.1841407822014167,1.1841415285404737,2.368282178561619
d:734:1.8819602365383048e-07,1.1841407874798957,1.1841415338189314,2.3682821331028037
d:735:1.3043628577236177e-07,1.1841407922514298,1.1841415390973886,2.3682822009125326
d:736:2.7680349701242335e-07,1.1841407970229634,1.1841415443758452,2.3682820645953115
d:737:1.26155159652086e-07,1.1841408017944965,1.1841415496543017,2.3682822252936386
d:738:1.4130791781141738e-07,1.1841408070729769,1.1841415544258445,2.3682822201909035
d:739:1.3470853987840314e-07,1.1841408118445103,1.1841415597043008,2.368282236840271
d:740:9.595501992976097e-08,1.1841408171229908,1.184141564982757,2.3682822861507278
d:741:1.5951914988932003e-07,1.1841408218945242,1.1841415697543003,2.3682822321296744
d:742:1.2706287755293033e-07,1.1841408266660574,1.1841415750327564,2.368282274635936
d:743:1.39424856548942e-07,1.1841408319445388,1.1841415798043,2.3682822723239823
d:744:1.4932068292949907e-07,1.1841408367160717,1.1841415850827566,2.3682822724781456
d:745:9.37119524202501e-08,1.1841408419945534,1.1841415903612125,2.3682823386438137
d:746:1.6822091453150279e-07,1.1841408467660868,1.1841415956396681,2.3682822741848404
d:747:2.550218920482905e-07,1.1841408520445686,1.184141600411213,2.36828219743389
d:748:1.0399269889660445e-07,1.1841408144075753,1.1841416051827578,2.368282315597634
d:749:1.6101823829828277e-07,1.1841408191791085,1.1841416104612141,2.3682822686220844
d:750:1.6110409317704466e-07,1.1841408239506412,1.1841416157396703,2.3682822785862183
d:751:1.549459689442756e-07,1.1841407863136375,1.1841416205112154,2.3682822518788837
d:752:1.5639546946388805e-07,1.1841407910851696,1.1841416257896715,2.3682822604793716
d:753:1.7252084028029913e-07,1.184140778929473,1.1841416305612171,2.3682822369698497
d:754:6.418137310504335e-08,1.1841407837010047,1.1841416358396735,2.3682823553593053
d:755:1.7506235439057605e-07,1.1841407889794882,1.1841416411181296,2.3682822550352634
d:756:1.5798622676754803e-07,1.1841407937510202,1.184141646396585,2.3682822821613785
d:757:1.927971244874982e-07,1.184140799029504,1.1841416511681317,2.3682822574005113
d:758:8.627393999205424e-08,1.1841408043079877,1.1841416564465876,2.3682823744806356
d:759:1.233600932515344e-07,1.1841408095864705,1.1841416188094946,2.368282305035872
d:760:1.6718855500030827e-07,1.1841408148649533,1.184141581172392,2.3682822288487904
d:761:1.938851816873921e-07,1.1841408201434354,1.1841415859439388,2.3682822122021925
d:762:1.1501365726473978e-07,1.184140825421917,1.1841415912223943,2.368282301630654
d:763:1.702734642172743e-07,1.1841408307003984,1.1841415535852815,2.3682822140122157
d:764:1.0557029117563843e-07,1.1841408354719343,1.1841415414297378,2.368282271331381
d:765:5.5458257985918635e-08,1.1841408407504157,1.1841415292741921,2.36828231456635
d:766:2.3590706810239226e-07,1.1841408460288967,1.1841414916370683,2.368282101758897
d:767:8.962928532696424e-08,1.1841408508004334,1.1841414969155235,2.368282258086672
d:768:1.1010530265309626e-07,1.1841408555719695,1.1841415016870707,2.3682822471537373
d:769:7.831801607238731e-08,1.1841408603435055,1.184141489531522,2.3682822715570113
d:770:7.511557686967762e-08,1.1841408651150407,1.1841414943030693,2.3682822843025333
d:771:1.1609854677629983e-07,1.1841408698865754,1.184141482147518,2.3682822359355464
d:772:1.2393897996787473e-07,1.1841408746581097,1.1841414699919646,2.3682822207110945
d:773:1.0941213135495786e-07,1.1841408794296435,1.1841414752704214,2.3682822452879333
d:774:8.27500792333069e-08,1.184140884201177,1.1841414805488777,2.3682822819999756
d:775:1.2596858800506539e-07,1.1841408889727096,1.184141468393322,2.3682822313974436
d:776:1.3281710797841129e-07,1.184140893744242,1.1841414736717781,2.368282234598912
d:777:1.406313918650426e-07,1.1841408985157738,1.1841414615162202,2.3682822194006024
d:778:5.1429547287540345e-08,1.1841409032873051,1.1841414662877698,2.368282318145528
d:779:9.554842472780933e-08,1.184140908058836,1.1841414715662266,2.368282284076638
d:780:1.2469960930516777e-07,1.1841409128303664,1.1841414768446827,2.36828226497544
d:781:1.0978837305941624e-07,1.184140918108856,1.1841414821231386,2.368282290443622
d:782:8.513034766011174e-08,1.184140923387345,1.1841414868946898,2.368282325151687
d:783:4.121440566606793e-08,1.1841409281588762,1.184141492173146,2.3682823791176166
d:784:7.56764499953988e-08,1.184140932930407,1.184141496944697,2.368282354198654
d:785:8.472684820404197e-08,1.1841409382088968,1.1841415022231532,2.3682823557052015
d:786:1.1730229410034099e-07,1.1841409429804277,1.1841415075016088,2.3682823331797422
d:787:1.443035628767575e-07,1.1841409482589178,1.184141495346051,2.3682822993014057
d:788:2.1312513265314692e-07,1.1841409530304488,1.1841414831904906,2.3682822230958065
d:789:1.1538240718422799e-07,1.1841409578019795,1.1841414710349274,2.3682823134545
d:790:2.2861414050723283e-07,1.1841409625735093,1.1841414763133833,2.3682822102727523
d:791:1.089366672424319e-07,1.184140967852001,1.184141464157818,2.3682823230731516
d:792:1.296300649045179e-07,1.1841409726235312,1.1841414694362742,2.3682823124297405
d:793:9.895363417555814e-08,1.1841409773950609,1.1841414747147296,2.368282353156156
d:794:1.03936971473928e-07,1.18414098216659,1.1841414794862848,2.3682823577159033
d:795:4.434863143387702e-08,1.184140986938119,1.184141484257839,2.3682824268473266
d:796:1.088265473292438e-07,1.1841409922166126,1.1841414895362956,2.368282372926361
d:797:6.270794505880417e-08,1.1841409974951058,1.1841414773807288,2.3682824121678894
d:798:8.587975708351792e-08,1.1841410022666352,1.1841414652251596,2.3682823816120377
d:799:1.5391912322471057e-07,1.1841410070381644,1.1841414705036164,2.368282323622658
d:800:1.5727110991292648e-07,1.1841410123166585,1.1841414752751722,2.3682823303207208
d:801:1.6167860117377586e-07,1.1841410170881876,1.184141463119601,2.3682823185291877
d:802:6.5737823629064e-08,1.1841410218597161,1.184141468398058,2.3682824245199505
d:803:6.675486119434026e-08,1.1841410266312447,1.1841414736765146,2.3682824335528982
d:804:1.758914724980798e-07,1.1841410319097403,1.1841414615209414,2.3682823175392094
d:805:1.1344971850846264e-07,1.1841410366812686,1.1841414493653655,2.3682823725969153
d:806:1.4037716500325814e-07,1.1841410419597642,1.184141454136923,2.368282355719522
d:807:1.2340349719863752e-07,1.1841410467312927,1.18414145890848,2.3682823822362753
d:808:2.4141846477476747e-07,1.1841410520097888,1.1841414636800365,2.3682822742713605
d:809:9.324902316976136e-08,1.1841410572882842,1.184141468958495,2.368282432997756
d:810:1.1942741595660777e-07,1.1841410625667794,1.1841414737300515,2.3682824168694148
d:811:1.7565007226494345e-07,1.1841410673383093,1.1841414790085107,2.3682823706967477
d:812:1.2471803767510892e-07,1.1841410726168045,1.1841414668529338,2.3682824147517003
d:813:1.1352070394821112e-07,1.1841410773883347,1.184141471624491,2.3682824354921217
d:814:1.3582858793270702e-07,1.18414108266683,1.1841414769029501,2.368282423741192
d:815:6.421371967491041e-08,1.184141087945325,1.1841414816745073,2.3682825054061123
d:816:2.0097599984225667e-07,1.1841410932238197,1.184141486446064,2.3682823786938836
d:817:1.8174306237739302e-07,1.1841410979953513,1.1841414917245243,2.368282407976813
d:818:8.409456864200138e-08,1.184141103273846,1.1841414795689464,2.368282498748224
d:819:1.338648050186464e-07,1.1841411080453776,1.1841414848474063,2.368282459027979
d:820:1.3208314575408053e-07,1.1841411133238724,1.184141472691826,2.3682824539325527
d:821:1.549024846170255e-07,1.1841411180954045,1.1841414605362435,2.3682824237291635
d:822:1.741052586545777e-07,1.1841411233738997,1.1841414653078017,2.3682824145764427
d:823:9.795941258161633e-08,1.1841411281454317,1.1841414531522165,2.3682824833382354
d:824:1.307374852821397e-07,1.184141133423927,1.1841414155150622,2.368282418201504
d:825:2.440041093620948e-07,1.1841411381954592,1.18414142028662,2.3682823144779697
d:826:2.2354812889702202e-07,1.184141142966991,1.1841414250581774,2.3682823444770396
d:827:1.7293336407320226e-07,1.1841411482454869,1.184141387421013,2.3682823627331357
d:828:8.188580613577301e-08,1.184141153017019,1.1841413497838387,2.3682824209150515
d:829:1.9571861420430992e-07,1.1841411577885501,1.1841413121466546,2.3682822742165905
d:830:1.6015020420923065e-07,1.1841411630670473,1.184141317425116,2.368282320341959
d:831:1.917153120700732e-07,1.1841411683455436,1.1841412797879223,2.368282256418154
d:832:1.289558833050819e-07,1.1841411731170761,1.1841412850663828,2.3682823292275756
d:833:1.0938427674744844e-07,1.1841411778886075,1.184141290344843,2.3682823588491737
d:834:1.4156155536682036e-07,1.1841411831671051,1.1841412956233028,2.3682823372288526
d:835:1.8146577751565474e-07,1.1841411884456021,1.1841413003948615,2.3682823073746864
d:836:2.389022917270722e-07,1.1841411508085673,1.1841413051664194,2.3682822170726947
d:837:1.80743213284984e-07,1.1841411131715232,1.1841413104448801,2.36828224287319
d:838:1.616544018645527e-07,1.1841411010158454,1.1841413157233405,2.368282255084784
d:839:2.0679634227249721e-07,1.1841411062943419,1.1841413210018001,2.3682822204998
d:840:1.4058042108189284e-07,1.1841410941386619,1.1841413262802596,2.3682822798385006
d:841:1.6041458339444148e-07,1.1841410819829794,1.1841413315587184,2.368282253127114
d:842:1.4522001556827036e-07,1.184141069827294,1.184141336837177,2.368282261444455
d:843:2.1710448994127773e-07,1.1841410751057913,1.184141342115635,2.368282200116936
d:844:1.8843947069413503e-07,1.1841410803842873,1.1841413473940927,2.3682822393389094
d:845:2.0623423857557555e-07,1.1841410856627832,1.1841413526725495,2.368282232101094
d:846:2.492485164928837e-07,1.1841410904343188,1.1841413579510065,2.3682821991368086
d:847:3.4980451379951205e-07,1.184141095712815,1.1841413627225703,2.3682821086308716
d:848:2.0494463504050486e-07,1.1841411004843505,1.1841413674941335,2.368282263033849
d:849:1.8304533266899625e-07,1.184141105762847,1.1841413722656964,2.368282294983211
d:850:2.334736746156807e-07,1.1841411110413427,1.1841413770372589,2.3682822546049267
d:851:2.061072099657224e-07,1.1841411163198385,1.1841413818088207,2.368282292021449
d:852:3.507604957597721e-07,1.1841411215983333,1.1841413870872801,2.3682821579251176
d:853:1.7965298715338918e-07,1.1841411263698711,1.1841413923657393,2.3682823390826235
d:854:2.984236076031266e-07,1.1841411311414083,1.184141397137302,2.3682822298551027
d:855:1.0280803985907028e-07,1.184141135912945,1.1841413849817186,2.3682824180866238
d:856:1.3401630694076516e-07,1.1841411411914415,1.1841413728261325,2.368282380001267
d:857:8.465985290584399e-08,1.1841411464699376,1.1841413351889218,2.3682823969990063
d:858:1.945361711719329e-07,1.184141151241475,1.1841413230333326,2.3682822797386365
d:859:2.2052257486748772e-07,1.1841411565199715,1.1841413283117925,2.368282264309189
d:860:1.5760462446223755e-07,1.1841411612915094,1.1841412906745714,2.3682822943614563
d:861:2.305651567446887e-07,1.1841411660630463,1.1841412959530304,2.36828223145092
d:862:1.0118961579763663e-07,1.1841411708345833,1.1841413012314892,2.3682823708764564
d:863:1.542837577694911e-07,1.1841411756061195,1.1841413060030535,2.368282327325415
d:864:1.2961599704652826e-07,1.1841411808846178,1.1841413112815125,2.3682823625501332
d:865:7.233857424182588e-08,1.1841411861631157,1.184141316559971,2.3682824303845127
d:866:6.160277798983316e-08,1.1841411909346529,1.1841413218384291,2.368282451170304
d:867:1.4626928690475438e-07,1.184141196213151,1.1841413271168868,2.368282377060751
d:868:1.9383899285685402e-07,1.1841412009846881,1.1841413318884533,2.3682823390341485
d:869:1.1911267172592943e-07,1.1841412062631864,1.1841413371669112,2.368282424317426
d:870:1.4193100472681408e-07,1.1841412110347238,1.1841413419384779,2.368282411042197
d:871:6.900715510127498e-08,1.1841412158062607,1.184141346710044,2.3682824935091493
d:872:1.6957550341700767e-07,1.18414122108476,1.184141351988503,2.3682824034977594
d:873:1.8875643315041657e-07,1.1841412258562969,1.184141357266961,2.3682823943668248
d:874:1.447061896975299e-07,1.1841412306278334,1.1841413625454187,2.3682824484670624
d:875:3.7221108861729135e-08,1.1841412359063335,1.1841413678238761,2.3682825665091007
d:876:9.41707996027219e-08,1.1841412411848329,1.1841413725954444,2.3682825196094774
d:877:9.716561200079354e-08,1.1841412459563703,1.1841413604398567,2.3682825092306152
d:878:1.7026157728139424e-07,1.1841412507279072,1.1841413482842664,2.3682824287505966
d:879:1.4945999771143192e-07,1.1841412560064075,1.1841413361286734,2.3682824426750835
d:880:8.410963925342685e-08,1.1841412607779445,1.184141341407132,2.3682825180754374
d:881:1.1719272086097021e-07,1.184141265549481,1.1841413461787011,2.3682824945354612
d:882:1.6474865738302924e-07,1.1841412708279822,1.1841413340231062,2.3682824401024307
d:883:1.2623993095317587e-07,1.1841412755995189,1.1841412963858684,2.3682824457454563
d:884:1.502970610189891e-07,1.1841412808780203,1.184141258748621,2.3682823893295804
d:885:2.0628394636901248e-07,1.1841412856495572,1.1841412211113636,2.3682823004769746
d:886:1.4402947945413302e-07,1.1841412904210935,1.1841411834740967,2.368282329865711
d:887:1.1186871384794017e-07,1.1841412956995958,1.18414114583682,2.3682823296677022
d:888:4.966425182217904e-08,1.1841413009780977,1.1841411506083876,2.3682824019222335
d:889:1.274284788799207e-07,1.1841413057496348,1.184141112971101,2.368282291292257
d:890:1.5103665962357127e-07,1.1841413110281365,1.1841411182495591,2.368282278241036
d:891:1.711253894143283e-07,1.1841413157996739,1.1841411230211265,2.368282267695411
d:892:1.202098700581189e-07,1.1841413210781762,1.1841411277926939,2.368282328661
d:893:1.0229071101264253e-07,1.184141326356678,1.1841411325642603,2.3682823566302273
d:894:8.980129528879388e-08,1.1841413316351792,1.1841411378427198,2.3682823796766037
d:895:9.21331011483062e-08,1.184141336406718,1.184141143121179,2.368282387394796
d:896:5.845796424708283e-08,1.1841413411782562,1.1841411483996378,2.3682824311199298
d:897:1.4078108412363122e-07,1.1841413464567585,1.1841411536780961,2.3682823593537705
d:898:2.2258303289390824e-07,1.1841413517352604,1.1841411589565538,2.368282288108781
d:899:1.6799691593405441e-07,1.184141356506799,1.184141163728123,2.368282352238006
d:900:1.5181507784234327e-07,1.1841413612783376,1.184141169006581,2.368282378469841
d:901:1.2682140804187725e-07,1.1841413660498756,1.1841411737781504,2.368282413006618
d:902:1.240102314170599e-07,1.1841413713283788,1.1841411785497196,2.368282425867867
d:903:2.2716419856294578e-07,1.1841413766068816,1.1841411838281783,2.3682823332708614
d:904:1.6624986409752296e-07,1.1841413818853839,1.184141189106637,2.3682824047421565
d:905:2.0231000208426053e-07,1.1841413866569233,1.1841411938782067,2.368282378225128
d:906:1.5556956967088809e-07,1.184141391935426,1.1841411991566653,2.368282435522522
d:907:1.034257670617933e-07,1.1841413967069656,1.1841412044351236,2.368282497716322
d:908:7.037369531559534e-08,1.1841414014785048,1.1841412097135813,2.3682825408183907
d:909:1.9898241010452011e-07,1.184141406757008,1.1841412144851524,2.3682824222597505
d:910:7.479060704085327e-08,1.184141369119935,1.1841412197636105,2.368282514092938
d:911:1.2329232745855734e-07,1.1841413738914737,1.1841412245351817,2.368282475134328
d:912:6.87813304089957e-08,1.184141379169977,1.1841412293067526,2.3682825396953993
d:913:9.634226572075022e-08,1.1841413839415165,1.1841412340783228,2.368282521677574
d:914:1.7238382943318697e-07,1.184141388713055,1.1841412393567823,2.368282455686008
d:915:1.4221324340368824e-07,1.1841413510759708,1.1841412441283528,2.3682824529910804
d:916:1.34961387843191e-07,1.1841413563544751,1.1841412488999228,2.36828247029301
d:917:1.45872369738953e-07,1.1841413616329783,1.1841412541783831,2.368282469938992
d:918:1.780599800937921e-07,1.1841413664045177,1.1841412589499531,2.368282447294491
d:919:1.1656675935611815e-07,1.1841413542488493,1.1841412642284137,2.3682825019105036
d:920:7.369250099031888e-08,1.1841413595273533,1.184141268999984,2.3682825548348365
d:921:1.4134443615532177e-07,1.184141364298893,1.184141273771554,2.3682824967260108
d:922:7.525986722711764e-08,1.184141369070432,1.1841412785431233,2.368282572353688
d:923:1.2552337169680072e-07,1.184141374348937,1.1841412833146923,2.3682825321402574
d:924:1.0642944747729643e-07,1.1841413796274414,1.1841412885931548,2.3682825617911485
d:925:1.330597734217065e-07,1.1841413843989812,1.184141293364724,2.368282544703932
d:926:9.240105569574553e-08,1.1841413896774857,1.1841412981362924,2.3682825954127225
d:927:8.521349714740722e-08,1.1841413944490258,1.1841413034147559,2.3682826126502845
d:928:1.2407886007537172e-07,1.1841413992205656,1.1841413081863246,2.36828258332803
d:929:4.73633190445355e-08,1.1841413870648971,1.1841413134647882,2.3682826531663665
d:930:4.910546280711969e-08,1.1841413918364365,1.1841413187432512,2.368282661474225
d:931:1.0418294715819343e-07,1.1841413971149428,1.1841413235148208,2.3682826164468165
d:932:1.5330875813290845e-07,1.1841414018864824,1.184141328793284,2.368282577371008
d:933:1.1284490231133759e-07,1.1841413897308124,1.184141334071747,2.368282610957657
d:934:1.638806765846823e-07,1.1841413775751397,1.1841413388433173,2.36828255253778
d:935:1.0936398320282592e-07,1.1841413828536467,1.1841413441217803,2.368282617611444
d:936:1.0486190893388425e-07,1.1841413706979718,1.1841413319661924,2.368282597802255
d:937:1.110117864300264e-07,1.1841413585422944,1.184141336737763,2.368282584268271
d:938:1.5581212498005925e-07,1.184141346386614,1.1841412991004543,2.368282489674943
d:939:6.317355971674488e-08,1.1841413342309313,1.1841413043789175,2.368282575436289
d:940:1.5028775912639958e-07,1.1841413390024726,1.1841413091504882,2.3682824978652017
d:941:2.46317901630988e-07,1.1841413268467875,1.1841412715131694,2.3682823520420553
d:942:1.4745271537108806e-07,1.1841413321252963,1.1841412762847392,2.36828246095732
d:943:1.0522726689998763e-07,1.1841413374038046,1.1841412386474104,2.368282470823948
d:944:2.403060723743522e-07,1.184141342175347,1.1841412010100718,2.3682823028793467
d:945:1.9996736488891997e-07,1.1841413474538554,1.1841412062885353,2.3682823537750255
d:946:2.9418492619726067e-07,1.184141335298169,1.1841412110601046,2.3682822521733473
d:947:6.866472990196826e-08,1.1841413231424798,1.1841412158316735,2.368282470309423
d:948:1.7754735948116718e-07,1.184141327914023,1.1841412211101379,2.3682823714768015
d:949:1.278606354127021e-07,1.1841413331925323,1.1841412263886018,2.3682824317204987
d:950:1.159241618253759e-07,1.1841413379640753,1.1841412316670652,2.3682824537069784
d:951:1.4607123199894545e-07,1.184141343242585,1.1841412364386357,2.3682824336099886
d:952:1.7532700757882935e-07,1.1841413310868942,1.1841412412102057,2.3682823969700926
d:953:7.726508144401123e-08,1.1841413189312013,1.1841412464886698,2.3682824881547897
d:954:1.0846933928831959e-07,1.1841413067755053,1.1841412512602398,2.368282449566406
d:955:2.2565249135908516e-07,1.1841413120540152,1.1841412560318096,2.3682823424333335
d:956:1.5037120437710882e-07,1.18414131682556,1.1841412613102746,2.36828242776463
d:957:1.632248669558578e-07,1.1841413221040702,1.1841412660818444,2.368282424961048
d:958:1.2017289918730967e-07,1.1841413273825796,1.1841412708534138,2.368282478063094
d:959:1.9488655089716644e-07,1.1841413321541254,1.1841412756249827,2.3682824128925573
d:960:1.9955122265713499e-07,1.1841413374326353,1.1841412803965512,2.368282418277964
d:961:9.365516850934341e-08,1.1841413427111447,1.1841412856750182,2.3682825347309944
d:962:1.5013619636405906e-07,1.184141347482691,1.1841412904465867,2.3682824877930813
d:963:8.429716435998102e-08,1.184141335326995,1.184141295725054,2.3682825467548847
d:964:1.9669475337380504e-07,1.1841413231712963,1.184141300496623,2.368282426973166
d:965:8.482642099849613e-08,1.1841413284498066,1.184141305268191,2.368282548891577
d:966:1.0760863622394368e-07,1.1841413332213535,1.1841413100397586,2.368282535652476
d:967:3.800983705559702e-08,1.1841413379929002,1.1841413153182274,2.3682826153012906
d:968:1.4466557418657544e-07,1.1841413427644465,1.184141320596696,2.3682825186955685
d:969:8.516730698460151e-08,1.184141348042958,1.184141325875164,2.368282588750815
d:970:1.9780084858922464e-07,1.1841413533214693,1.1841413311536315,2.3682824866742522
d:971:1.3255920583432612e-07,1.1841413411657697,1.1841413364320985,2.3682825450386624
d:972:1.8361173381720164e-07,1.1841413035286559,1.184141341710565,2.368282461627487
d:973:1.9454069999369494e-07,1.1841412913729532,1.1841413469890316,2.368282443821285
d:974:1.7420874343088144e-07,1.1841412966514644,1.1841413522674973,2.3682824747102185
d:975:1.4452898433603423e-07,1.18414125901434,1.1841413575459627,2.3682824720313187
d:976:1.208954589770883e-07,1.184141221377206,1.184141362824428,2.368282463306175
d:977:1.4235965162257003e-07,1.1841412261487536,1.1841413675960013,2.3682824513851033
d:978:8.587780042645932e-08,1.1841412314272646,1.1841413728744665,2.3682825184239307
d:979:8.723824329592844e-08,1.1841412367057746,1.18414137764604,2.3682825271135712
d:980:1.341076734107105e-07,1.1841412419842845,1.1841413829245055,2.368282490801117
d:981:1.1303134472839815e-07,1.1841412472627941,1.1841413876960794,2.368282521927529
d:982:7.330448958953184e-08,1.1841412520343435,1.1841413924676527,2.368282571197507
d:983:6.066965863027463e-08,1.1841412568058924,1.1841413977461188,2.368282593882353
d:984:1.443748698370939e-07,1.184141262084403,1.1841414030245845,2.3682825207341174
d:985:1.1768842478332431e-07,1.1841412673629126,1.1841414077961587,2.3682825574706468
d:986:1.0106455450298313e-07,1.1841412726414222,1.1841414125677325,2.3682825841446005
d:987:6.785443229517796e-08,1.1841412774129725,1.1841414178461989,2.368282627404739
d:988:9.987536797595453e-08,1.1841412821845225,1.1841414231246652,2.3682826054338197
d:989:1.395740434340098e-07,1.184141286956072,1.1841414278962397,2.368282575278268
d:990:1.2974198604354115e-07,1.1841412917276208,1.184141433174706,2.368282595160341
d:991:9.338102957556771e-08,1.1841412964991693,1.1841414384531719,2.368282641571312
d:992:1.2549994998778402e-07,1.1841413012707172,1.184141443224747,2.368282618995514
d:993:1.0694502838859421e-07,1.1841413060422648,1.184141448503213,2.368282647600449
d:994:9.161174485683432e-08,1.184141310813812,1.1841414532747887,2.3682826724768558
d:995:8.841420440219849e-08,1.1841413160923258,1.1841414580463638,2.3682826857244854
d:996:7.717415417829443e-08,1.1841413208638731,1.1841414628179379,2.3682827065076566
d:997:1.5384265861229096e-07,1.1841413261423872,1.1841414680964055,2.368282640396134
d:998:1.0093723457060833e-07,1.1841413314209013,1.1841414728679802,2.368282703351647
d:999:1.1632399310457231e-07,1.1841413366994145,1.1841414781464479,2.3682826985218695
d:1000:6.751595149623313e-08,1.1841413419779276,1.1841414829180226,2.368282757379999
