data: dataset/foma/
d:1:0.11146424436330804,0.8860269939437373,0.8860270296586279,1.6605897792390572
d:2:0.10568176178893296,0.8860269985867646,0.8860270343016516,1.6663722710994833
d:3:0.09843734471234811,0.8860269937229148,0.8860270121024243,1.673616661112991
d:4:0.09117012368867705,0.8860269888590651,0.8860269899031898,1.6808838550735778
d:5:0.08489326994523694,0.8860269935020852,0.88602699454621,1.6871607181030583
d:6:0.07932606707227308,0.8860269981451054,0.8860269896823603,1.6927279207551926
d:7:0.07453506904574425,0.8860270027881292,0.886026984818514,1.697518918560899
d:8:0.07013227584630144,0.8860269979242794,0.8860269894615307,1.7019217115395087
d:9:0.06609840265035416,0.8860269930604296,0.8860269845976809,1.7059555750077564
d:10:0.062354283452616954,0.8860269977034498,0.8860269623984465,1.7096996766492794
d:11:0.05879800256786183,0.8860269928396001,0.8860269670414702,1.7132559573132085
d:12:0.0554130534601569,0.8860269974826238,0.8860269716844904,1.7166409157069573
d:13:0.05226802804847708,0.886026992618774,0.8860269494852524,1.7197859140555494
d:14:0.04926482660761167,0.8860269877549243,0.8860269541282726,1.7227891152755852
d:15:0.04640527652895443,0.8860269923979409,0.8860269587712892,1.7256486746402757
d:16:0.043675824157254794,0.8860269875340911,0.8860269353880526,1.728378098764889
d:17:0.04119472550359404,0.8860269826702449,0.8860269120048123,1.7308591691714632
d:18:0.03890830681362445,0.8860269873132651,0.8860269166478325,1.7331455971474732
d:19:0.036845860484504556,0.8860269824494118,0.8860268932645887,1.735208015229496
d:20:0.03495589486053774,0.886026977585562,0.8860268979076125,1.7370979806326368
d:21:0.033304766110841655,0.8860269727217087,0.8860268745243616,1.7387490811352286
d:22:0.031933750529017146,0.8860269678578554,0.8860268791673818,1.74012009649622
d:23:0.03081030343476243,0.8860269629940021,0.8860268557841309,1.7412435153433705
d:24:0.02987496069549067,0.8860269676370294,0.8860268324008764,1.7421788393424151
d:25:0.029131843474967667,0.8860269627731725,0.8860268370438966,1.7429219563421015
d:26:0.028642978051948376,0.8860269579093192,0.8860268136606422,1.743410793518013
d:27:0.02822078754615376,0.8860269625523394,0.8860268183036624,1.743832993309848
d:28:0.02824048894730069,0.8860269671953667,0.8860268229466861,1.743813301194752
d:29:0.027925624463907894,0.8860269718383869,0.8860268275897099,1.7441281749641888
d:30:0.02786154028448351,0.88602696697453,0.88602683223273,1.7441922589227765
d:31:0.0277880939870343,0.8860269716175573,0.8860268368757538,1.7442657145062768
d:32:0.027830137569239355,0.886026976260581,0.886026841518774,1.7442236802101156
d:33:0.02786618620173087,0.8860269713967277,0.8860268461617942,1.744187631356791
d:34:0.027876477748556283,0.886026976039755,0.8860268508048215,1.7441773490960202
d:35:0.02780229946777979,0.8860269806827752,0.8860268554478381,1.7442515366628335
d:36:0.027757802418726385,0.8860269853257989,0.8860268600908618,1.7442960429979344
d:37:0.02767909882021513,0.8860269899688227,0.886026864733882,1.7443747558824896
d:38:0.027529566517252135,0.8860269851049694,0.8860268693769022,1.7445242879646194
d:39:0.027406856195593576,0.8860269897479967,0.8860268740199295,1.7446470075723326
d:40:0.027186644073193378,0.8860269943910168,0.8860268786629497,1.7448672289807732
d:41:0.02698740038402292,0.8860269990340441,0.8860268833059699,1.7450664819559911
d:42:0.026755746068499064,0.8860269941701873,0.8860268879489936,1.7452981360506818
d:43:0.026472308077917006,0.8860269988132075,0.8860268925920174,1.7455815833273078
d:44:0.02619657271707254,0.8860269939493541,0.8860268972350376,1.7458573184673192
d:45:0.025886903407947415,0.8860269890855008,0.8860269018780578,1.7461669875556112
d:46:0.025575659575629572,0.8860269842216439,0.886026906521078,1.7464782311670923
d:47:0.0252957917366885,0.8860269888646712,0.8860269111641017,1.7467581082920844
d:48:0.0249682218291305,0.8860269840008144,0.8860269158071254,1.7470856779788093
d:49:0.02462393571890331,0.886026979136961,0.8860269204501492,1.747429963868207
d:50:0.024308563913617576,0.8860269742731006,0.8860269250931694,1.7477453354526524
d:51:0.023987006220952622,0.8860269789161244,0.8860269297361931,1.7480669024313649
d:52:0.023684382880702515,0.8860269835591517,0.8860269343792133,1.7483695350576625
d:53:0.02335291400847339,0.8860269786952983,0.8860269390222371,1.748701003709062
d:54:0.023010080827628343,0.8860269738314415,0.8860269436652608,1.749043836669074
d:55:0.02267796288040813,0.8860269784744617,0.886026948308281,1.7493759639023345
d:56:0.022379712056732615,0.886026983117489,0.8860269529513047,1.749674224012061
d:57:0.02204031072346524,0.8860269877605162,0.8860269575943249,1.750013634631376
d:58:0.02175241522872895,0.8860269924035364,0.8860269622373487,1.7503015394121562
d:59:0.021437378662742645,0.8860269970465602,0.8860269668803724,1.75061658526419
d:60:0.02114671213184849,0.8860270016895875,0.8860269715233962,1.7509072610811351
d:61:0.0208006469549602,0.8860270063326077,0.8860269761664163,1.7512533355440638
d:62:0.02053692523297812,0.8860270014687543,0.8860269808094401,1.7515170570452163
d:63:0.020232950113673098,0.8860269966048975,0.8860269854524638,1.7518210319436882
d:64:0.019911010515105687,0.8860270012479248,0.8860269900954876,1.7521429808283067
d:65:0.01964230884187046,0.8860270058909485,0.8860269947385113,1.7524116917875894
d:66:0.019347242266416487,0.8860270010270916,0.8860269993815386,1.7527067581422138
d:67:0.019065024810505093,0.8860270056701189,0.8860270040245588,1.7529889848841727
d:68:0.018766234376929702,0.8860270008062656,0.8860270086675825,1.7532877750969185
d:69:0.018493931003533248,0.8860270054492894,0.8860270133106027,1.7535600877563589
d:70:0.018233257219566923,0.8860270100923096,0.8860270179536265,1.7538207708263691
d:71:0.017973741877124638,0.8860270147353368,0.8860270225966538,1.754080295454866
d:72:0.017697014778846665,0.8860270193783641,0.886027027239674,1.7543570318391914
d:73:0.017442618363521234,0.8860270145145037,0.8860270318826977,1.7546114280336802
d:74:0.017168596463431385,0.8860270191575346,0.8860270365257215,1.7548854592198246
d:75:0.016922182360222138,0.8860270142936741,0.8860270411687452,1.7551318731021972
d:76:0.016651458226625948,0.8860270094298137,0.8860270458117689,1.7554025970149567
d:77:0.016418461573941556,0.8860270045659568,0.8860270504547927,1.755635593446808
d:78:0.016161383621572156,0.8860270092089806,0.8860270550978129,1.7558926806852213
d:79:0.015923656044357415,0.8860270043451273,0.8860270597408402,1.75613040804161
d:80:0.015667193816863545,0.8860270089881546,0.8860270643838639,1.756386879555155
d:81:0.01543632955914731,0.8860270041242941,0.8860270690268877,1.7566177435920345
d:82:0.015229536599569826,0.8860270087673214,0.8860270736699114,1.756824545837663
d:83:0.014976996308813995,0.886027003903461,0.8860270783129351,1.7570770859075822
d:84:0.014745480597216698,0.8860270085464883,0.8860270829559553,1.757308610905227
d:85:0.014531744917519518,0.8860270036826279,0.8860270875989826,1.757522346364091
d:86:0.014303557969803649,0.886026998818771,0.8860270922420064,1.7577505330909737
d:87:0.014082570374625902,0.8860270034617947,0.8860270968850301,1.757971529972199
d:88:0.013875775153110226,0.8860269985979343,0.8860271015280574,1.7581783249728815
d:89:0.013674208469232951,0.8860269937340703,0.886027106171074,1.7583798914359114
d:90:0.01347234734820546,0.8860269983771012,0.8860271108141013,1.758581761842997
d:91:0.013283603922118914,0.8860270030201285,0.8860271154571251,1.7587705145551347
d:92:0.0130915959544744,0.8860269981562681,0.8860271201001488,1.7589625223019425
d:93:0.012883921376026564,0.8860270027992989,0.8860271247431761,1.7591702061664485
d:94:0.012691302060837018,0.8860269979354314,0.8860271293861999,1.7593628252607942
d:95:0.012515716332259785,0.8860269930715745,0.8860271340292236,1.7595384107685383
d:96:0.012326365715090049,0.8860269977146018,0.8860271386722474,1.7597277706717591
d:97:0.012148565793385302,0.8860270023576327,0.8860271433152747,1.759905579879522
d:98:0.011960378564275231,0.8860269974937687,0.8860271479582948,1.7600937668877883
d:99:0.011799444899537548,0.8860270021367995,0.8860271526013221,1.7602547098385841
d:100:0.011620524059871684,0.8860269972729355,0.8860271572443423,1.7604336304574062
d:101:0.011453430363516759,0.8860269924090751,0.8860271618873696,1.760600723932928
d:102:0.011290000140011358,0.8860269875452111,0.8860271665303969,1.7607641539355967
d:103:0.011132025317944994,0.8860269826813472,0.8860271711734207,1.7609221285368228
d:104:0.010975756682309878,0.8860269778174867,0.886027175816448,1.7610783969516248
d:105:0.01082281410624475,0.886026982460514,0.8860271804594682,1.7612313488137374
d:106:0.010674566218231263,0.8860269871035413,0.8860271851024955,1.7613796059878055
d:107:0.010520754854443481,0.8860269917465651,0.8860271897455227,1.7615334266376443
d:108:0.01036725660506832,0.8860269963895959,0.8860271943885465,1.761686934173074
d:109:0.010214293651483075,0.8860269915257319,0.8860271990315702,1.761839896905819
d:110:0.010067082435465835,0.8860269961687628,0.886027203674594,1.761987117407891
d:111:0.009909220813771213,0.8860270008117865,0.8860272083176177,1.762144988315633
d:112:0.009757931296284994,0.8860270054548209,0.8860272129606486,1.7622962871191845
d:113:0.009599764448960713,0.8860270100978482,0.8860272176036723,1.7624544632525598
d:114:0.009432046370555724,0.8860270052339843,0.8860272222466925,1.762622181110121
d:115:0.009265656884501539,0.886027009877008,0.8860272268897198,1.7627885798822263
d:116:0.009087648150810423,0.8860270050131511,0.8860272315327471,1.7629665883950878
d:117:0.008891427553137987,0.8860270001492871,0.8860272361757708,1.76316280877192
d:118:0.008685086866734082,0.8860269952854232,0.8860272408187981,1.7633691492374872
d:119:0.008468332806444323,0.8860269999284469,0.8860272454618219,1.7635859125838245
d:120:0.008236294103760144,0.8860269950645865,0.8860272501048456,1.763817951065672
d:121:0.007969755327909667,0.886026990200719,0.8860272547478729,1.7640844896206822
d:122:0.007696959381554791,0.8860269948437498,0.8860272593908967,1.7643572948530917
d:123:0.007391107030375821,0.8860269899798823,0.886027264033924,1.7646631469834304
d:124:0.007072274178842264,0.8860269851160183,0.8860272686769513,1.7649819796141273
d:125:0.0067232258379874565,0.8860269897590456,0.886027273319975,1.7653310372410331
d:126:0.006369463803583386,0.8860269944020764,0.8860272779630023,1.7656848085614953
d:127:0.005994262995976385,0.8860269990451037,0.886027282606026,1.7660600186551534
d:128:0.005594740196908532,0.8860269756618493,0.8860272872490533,1.766459522713994
d:129:0.005178406021595805,0.8860269522785948,0.8860272918920806,1.7668758381490797
d:130:0.004770021078318365,0.8860269474147309,0.8860272965351079,1.7672842228715204
d:131:0.00436412109057116,0.8860269425508633,0.8860273011781317,1.7676901226384238
d:132:0.003946516731183181,0.8860269191676018,0.8860273058211554,1.768107708257574
d:133:0.0035456672100906417,0.8860269238106326,0.8860273104641827,1.7685085670647247
d:134:0.0031595243626654224,0.8860269284536599,0.88602731510721,1.7688947191982045
d:135:0.002796445096411304,0.8860269330966908,0.8860273197502373,1.7692578077505168
d:136:0.0024560433190039532,0.8860269108974421,0.886027324393261,1.7695981919716992
d:137:0.002139860014324313,0.886026915540473,0.8860273290362883,1.769914384562437
d:138:0.001871918203409706,0.8860268933412243,0.8860273336793192,1.7701823088171338
d:139:0.0016321824519351935,0.8860268711419685,0.8860273383223429,1.7704220270123763
d:140:0.001437459121515161,0.8860268757849994,0.8860273429653702,1.7706167596288545
d:141:0.0012948105650316677,0.8860268535857401,0.886027347608394,1.7707593906291024
d:142:0.0012094228947674424,0.8860268487218761,0.8860273522514213,1.77084477807853
d:143:0.001180328900623806,0.8860268265226168,0.886027356894445,1.770873854516438
d:144:0.00122259293230087,0.8860268043233575,0.8860273615374759,1.7708315729285324
d:145:0.001314357211835926,0.886026782124091,0.8860273661804996,1.7707397910927547
d:146:0.0014734947011980637,0.8860267772602235,0.8860273708235304,1.7705806533825559
d:147:0.001711255012615709,0.8860267819032508,0.8860273754665542,1.7703429023571893
d:148:0.002017310770924041,0.8860267585199857,0.8860273801095815,1.7700368278586431
d:149:0.0024020260551402828,0.8860267363207193,0.8860273847526088,1.7696520950181878
d:150:0.002859848222175998,0.8860267129374506,0.8860273893956325,1.7691942541109071
d:151:0.0033361077848184095,0.8860266907381842,0.8860273940386634,1.7687179769920292
d:152:0.0036560664063181036,0.8860266685389071,0.8860273986816871,1.7683980008142761
d:153:0.004082468107732495,0.8860266451556349,0.8860274033247144,1.7679715803726168
d:154:0.004583522560071884,0.8860266045768306,0.8860274079677417,1.7674704899845004
d:155:0.005136683441413936,0.886026609219865,0.886027412610769,1.76691733838922
d:156:0.0057153917026582235,0.8860266138628923,0.8860274172537963,1.7663386394140304
d:157:0.006320167634893181,0.8860266185059196,0.88602742189682,1.7657338727678464
d:158:0.006969716177128049,0.8860266231489469,0.8860274265398473,1.7650843335116662
d:159:0.007604511594625052,0.8860266277919777,0.8860274311828782,1.7644495473802309
d:160:0.008233819211461935,0.8860266324350015,0.8860274358259055,1.763820249049445
d:161:0.008886746202563245,0.8860266370780323,0.8860274404689292,1.7631673313443983
d:162:0.00950856455276039,0.8860266417210632,0.8860274451119565,1.7625455222802593
d:163:0.010137762989305799,0.8860266463640905,0.8860274497549838,1.7619163331297685
d:164:0.010741673246933203,0.8860266510071177,0.8860274543980147,1.7613124321581992
d:165:0.011327510815466013,0.8860266556501486,0.886027459041042,1.7607266038757245
d:166:0.011877941517685286,0.8860266602931759,0.8860274636840693,1.7601761824595599
d:167:0.012391141809899864,0.8860266649362067,0.886027468327093,1.7596629914533999
d:168:0.012876383777939537,0.886026669579234,0.8860274729701239,1.7591777587714184
d:169:0.013310795727019098,0.8860266742222649,0.8860274776131511,1.758743356108397
d:170:0.013695077807533096,0.8860266788652957,0.886027482256182,1.7583590833139446
d:171:0.014039602511285665,0.8860266835083266,0.8860274868992093,1.7580145678962502
d:172:0.014294779042486994,0.8860266881513539,0.886027491542233,1.7577594006511
d:173:0.014513055625091198,0.8860266927943812,0.8860274961852639,1.7575411333545539
d:174:0.014669983097128636,0.886026697437412,0.8860275008282947,1.7573842151685781
d:175:0.014777037515294467,0.8860267020804429,0.886027505471322,1.7572771700364704
d:176:0.014803095256265664,0.8860267067234737,0.8860275101143493,1.7572511215815574
d:177:0.014760303066292835,0.886026711366501,0.8860275147573766,1.7572939230575848
d:178:0.014671188043372752,0.8860267160095319,0.8860274741785936,1.7573830021447527
d:179:0.01453442767948232,0.8860267206525592,0.8860274519793343,1.7575197449524111
d:180:0.014319858153104548,0.88602672529559,0.886027429780075,1.7577342969225604
d:181:0.014036585845225602,0.8860267299386209,0.8860274075808086,1.7580175516742038
d:182:0.01368202324729495,0.8860267345816482,0.8860273841975363,1.7583720955318896
d:183:0.013336943320346961,0.886026739224679,0.8860273793336937,1.7587171752380257
d:184:0.012896084509094408,0.8860267438677099,0.8860273571344308,1.7591580164930463
d:185:0.012407610782876333,0.8860267485107371,0.8860273617774617,1.7596464995053225
d:186:0.011895964388134672,0.8860267531537716,0.8860273383941859,1.7601581271598228
d:187:0.011355005498664639,0.8860267577967988,0.8860273335303468,1.760699085828481
d:188:0.010769036152964873,0.8860267624398261,0.8860273381733705,1.7612850644602318
d:189:0.010180988239110178,0.886026767082857,0.8860273333095314,1.7618731121532782
d:190:0.009516877837807414,0.8860267717258878,0.8860273284456888,1.7625372223337692
d:191:0.008902738111185471,0.8860267763689151,0.8860273235818461,1.7631513618395758
d:192:0.008263624798914293,0.8860267810119495,0.8860273187180105,1.7637904749310458
d:193:0.00759436725030227,0.8860267856549768,0.8860272965187406,1.7644597149234151
d:194:0.0069698204637731465,0.8860267902980077,0.886027274319467,1.7650842441537016
d:195:0.0063214046628097265,0.8860267949410385,0.8860272789624908,1.7657326692407196
d:196:0.005703739670742891,0.8860267995840694,0.8860272555792115,1.766350315492538
d:197:0.0051189915755962545,0.8860268042271002,0.8860272507153724,1.7669350633668763
d:198:0.004550718125383213,0.8860268088701311,0.8860272273320824,1.7675033180768303
d:199:0.004053129380334752,0.8860268135131584,0.8860272319751168,1.7680009161079404
d:200:0.0035962783476080062,0.8860268181561928,0.8860272366181405,1.7684577764267253
d:201:0.0032693490944808445,0.8860268227992201,0.8860272317543014,1.7687847054590407
d:202:0.002773088969604487,0.8860268274422545,0.8860272363973287,1.7692809748699787
d:203:0.00230704983237473,0.8860268320852853,0.886027241040356,1.7697470232932666
d:204:0.0019000999122802398,0.8860268367283126,0.8860272456833833,1.7701539824994157
d:205:0.0015706284842949003,0.886026841371347,0.8860272408195407,1.7704834537065928
d:206:0.0013034355456547075,0.8860268460143779,0.886027245462568,1.770750655931291
d:207:0.001110501725960944,0.8860268506574087,0.8860272405987288,1.7709435895301766
d:208:0.0009801775217148645,0.8860268553004396,0.8860272357348862,1.7710739135136109
d:209:0.0009156545930473214,0.8860268599434704,0.8860272308710435,1.7711384362214666
d:210:0.0009100682523666137,0.8860268645864977,0.8860272260071973,1.7711440223413284
d:211:0.0009541547080971213,0.8860268692295321,0.8860272211433546,1.7710999356647896
d:212:0.001057498840186355,0.886026873872563,0.886027216279512,1.7709965913118886
d:213:0.0011976357706764418,0.8860268785155938,0.8860272114156658,1.7708564541605831
d:214:0.0013874284697052985,0.8860268831586247,0.8860272065518195,1.770666661240739
d:215:0.0016141053383194048,0.8860268878016555,0.8860272016879733,1.7704399841513094
d:216:0.0018708681085861656,0.8860268924446864,0.8860272063310042,1.7701832306671044
d:217:0.0021558105262542426,0.8860268970877172,0.886027201467158,1.769898288028621
d:218:0.002466857686467705,0.886026901730748,0.8860271966033118,1.769587240647592
d:219:0.0027912032397310327,0.8860269063737825,0.8860271917394691,1.7692628948735205
d:220:0.0031304857849967505,0.8860269110168097,0.8860271963824964,1.7689236216143094
d:221:0.0034685237070419817,0.8860269156598441,0.8860272010255237,1.7685855929783258
d:222:0.0038083450642218963,0.8860269203028714,0.886027205668551,1.7682457809072005
d:223:0.004143533947981837,0.8860269249459058,0.8860272103115818,1.7679106013095058
d:224:0.0044726051248744625,0.8860269295889367,0.8860272149546091,1.7675815394186714
d:225:0.004788204750919789,0.8860269342319675,0.8860272100907629,1.7672659395718107
d:226:0.005081960062280899,0.8860269388749984,0.8860272052269167,1.7669721840396342
d:227:0.00535920491125097,0.8860269435180363,0.8860272098699511,1.7666949484767365
d:228:0.005618574028986245,0.8860269481610636,0.8860272145129784,1.7664355886450558
d:229:0.005843217093012498,0.8860269528040945,0.8860272191560092,1.7662109548670912
d:230:0.006055731202522452,0.8860269574471289,0.886027214292163,1.7659984405367695
d:231:0.0062374632154558185,0.8860269620901597,0.8860272094283168,1.7658167083030207
d:232:0.006398248985338029,0.8860269667331906,0.8860272140713441,1.7656559318191967
d:233:0.006533471327635709,0.8860269713762214,0.886027218714375,1.7655207187629607
d:234:0.006653726361925294,0.8860269760192594,0.8860272233574058,1.76540047301474
d:235:0.006754759421603751,0.8860269806622867,0.886027218493556,1.765299439734239
d:236:0.0068378530020716255,0.8860269853053211,0.8860272136297098,1.7652163459329593
d:237:0.006902885359039601,0.8860269899483519,0.8860272087658636,1.765151313355176
d:238:0.006958511227253439,0.8860269945913828,0.8860272039020138,1.7650956872661432
d:239:0.0070010257912151985,0.8860269992344136,0.8860271990381641,1.7650531724813625
d:240:0.007038986977175199,0.886027003877448,0.8860271941743143,1.7650152110745871
d:241:0.007068722400067173,0.8860270085204824,0.8860271988173452,1.7649854849377604
d:242:0.007093949710679226,0.8860270131635133,0.8860271939534954,1.7649602574063294
d:243:0.007112727454916978,0.8860270178065441,0.8860271890896456,1.7649414794412728
d:244:0.007127912266174263,0.8860270224495785,0.88602719373268,1.7649263039160843
d:245:0.007137889453467494,0.8860270270926094,0.8860271888688303,1.7649163265079721
d:246:0.007147247475444374,0.8860270317356473,0.8860271935118611,1.764906977772064
d:247:0.007152650947201522,0.8860270363786782,0.886027198154892,1.7649015835863686
d:248:0.007159563798122548,0.886027041021709,0.8860272027979228,1.7648946800215093
d:249:0.00716173444287449,0.8860270456647434,0.8860272074409572,1.7648925186628261
d:250:0.007163982313404205,0.8860270503077778,0.8860272120839845,1.7648902800783581
d:251:0.0071672390410491005,0.8860270549508051,0.8860272072201312,1.7648870231298872
d:252:0.00716741824837186,0.8860270595938395,0.886027202356285,1.7648868437017526
d:253:0.0071687449952264615,0.8860270642368739,0.8860272069993158,1.7648855262409633
d:254:0.00716885250616528,0.8860270688799083,0.8860272116423502,1.7648854280160933
d:255:0.007169559978027706,0.8860270735229392,0.8860272162853775,1.764884729830289
d:256:0.007172100465655973,0.8860270781659736,0.8860272209284119,1.7648821986287295
d:257:0.007169926709025276,0.8860270828090044,0.8860272160645621,1.7648843721645413
d:258:0.0071676375514364565,0.8860270874520353,0.886027220707593,1.7648866706081918
d:259:0.007168275863168816,0.8860270920950697,0.8860272158437432,1.764886032075644
d:260:0.007164662661569565,0.8860270967381005,0.8860272204867705,1.7648896545633015
d:261:0.007160390394826521,0.8860271013811385,0.8860272251298085,1.7648939361161204
d:262:0.007158579715085267,0.8860271060241693,0.8860272202659552,1.7648957465750392
d:263:0.007156609064960406,0.8860271106672037,0.8860272154021089,1.7648977170043523
d:264:0.007148807942165547,0.8860271153102346,0.8860272200451362,1.7649055274132053
d:265:0.007149745942232499,0.8860271199532725,0.8860272246881706,1.7649045986992107
d:266:0.007142729806179915,0.8860271245963034,0.8860272198243173,1.7649116146144408
d:267:0.0071333277236007575,0.8860271292393413,0.8860272244673482,1.7649210259830888
d:268:0.00712229173448975,0.8860271338823722,0.8860272196034984,1.7649320617513808
d:269:0.0071081615601862325,0.886027138525403,0.8860272147396451,1.7649461917048619
d:270:0.0070886151875981795,0.8860271431684374,0.8860272193826795,1.7649657473635187
d:271:0.007065825349243937,0.8860271478114718,0.8860272145188262,1.764988536981054
d:272:0.00703968395708543,0.8860271524545063,0.8860272191618606,1.7650146876592814
d:273:0.007009099760697524,0.8860271570975371,0.8860272238048914,1.765045281141731
d:274:0.006972974577347912,0.886027161740575,0.8860272284479258,1.765081415611153
d:275:0.006925648907852633,0.8860271663836059,0.8860272330909602,1.7651287505667135
d:276:0.006877202376038838,0.8860271710266403,0.8860272282271033,1.7651771968777048
d:277:0.006812868126822025,0.8860271756696747,0.8860272233632536,1.7652415309061062
d:278:0.006744509008690613,0.8860271803127091,0.8860272184994002,1.7653098898034187
d:279:0.006662703071057763,0.88602718495574,0.8860272231424311,1.7653917050271133
d:280:0.006569734164909136,0.8860271895987779,0.886027227785462,1.7654846832193307
d:281:0.0064668034412243,0.8860271942418123,0.8860272324284963,1.7655876232290844
d:282:0.006353741084392794,0.8860271988848432,0.8860272370715307,1.7657006948719811
d:283:0.006228239536550717,0.8860272035278776,0.8860272417145652,1.765826205705892
d:284:0.006093441826834578,0.886027208170912,0.8860272368507083,1.7659610031947857
d:285:0.005938223025658829,0.8860272128139464,0.8860272414937427,1.7661162312820302
d:286:0.00577289188240826,0.8860272174569843,0.8860272366298929,1.766281562204469
d:287:0.005598102643904923,0.8860272221000152,0.8860272412729273,1.7664563607290376
d:288:0.005410031714102814,0.8860272267430531,0.8860272459159617,1.766644440944912
d:289:0.005216102718694771,0.8860272313860875,0.8860272505589961,1.7668383792263889
d:290:0.0050093650458507,0.8860272360291184,0.8860272456951392,1.767045116678407
d:291:0.004787770429857119,0.8860272406721528,0.8860272408312859,1.7672667110735816
d:292:0.004565184191733351,0.8860272453151872,0.8860272454743203,1.7674893065977741
d:293:0.004339144261408023,0.8860272499582251,0.886027240610467,1.767715346307284
d:294:0.004099758140068133,0.886027254601256,0.8860272357466101,1.767954732207798
d:295:0.0038579621353029836,0.8860272592442939,0.8860272308827568,1.7681965279917478
d:296:0.003621323617906569,0.8860272638873283,0.8860272260189035,1.7684331662883253
d:297:0.0033713609774217446,0.8860272685303627,0.8860272211550466,1.7686831287079876
d:298:0.0031254514328971084,0.8860272731733971,0.886027225798081,1.768929047538581
d:299:0.002878379332504011,0.886027250974113,0.8860272209342277,1.7691760925758366
d:300:0.002641685459813914,0.8860272287748217,0.8860272160703708,1.7694127593853786
d:301:0.0023955915628057767,0.8860272065755304,0.886027211206514,1.7696588262192385
d:302:0.002161539423592984,0.886027184376232,0.8860272063426571,1.769892851295296
d:303:0.001930967641513348,0.8860271621769371,0.8860272014788002,1.770123396014224
d:304:0.001703448974666344,0.8860271399776352,0.8860272061218346,1.7703508971248034
d:305:0.0014910543370980633,0.8860271446206696,0.8860272107648655,1.770563301048437
d:306:0.0012916207241708832,0.8860271224213712,0.8860272154079034,1.7707627171051037
d:307:0.0011048712116128456,0.8860271002220621,0.8860272200509378,1.770949449061387
d:308:0.0009413648864331492,0.8860270953582088,0.8860272246939758,1.7711129551657514
d:309:0.0007940790991192159,0.8860270904943448,0.8860272293370066,1.7712602407322322
d:310:0.0006644836321392233,0.8860270951373792,0.8860272244731533,1.7713898359783933
d:311:0.0005590415228802215,0.8860270729380701,0.8860272196092929,1.7714952510244828
d:312:0.00047431888760129937,0.8860270680742133,0.886027214745436,1.771579963932048
d:313:0.0004157335596559619,0.8860270727172477,0.8860272098815791,1.7716385490391708
d:314:0.0003815767735240172,0.8860270773602821,0.8860272145246135,1.7716727151113716
d:315:0.00036560518670825104,0.8860270539769886,0.8860272191676515,1.7716886679579318
d:316:0.0003852588905601806,0.8860270305936915,0.8860272238106823,1.7716689955138136
d:317:0.0004255104246233543,0.8860270352367294,0.886027218946829,1.771628743758935
d:318:0.0004960504835658242,0.8860270130374168,0.8860272140829686,1.7715581766368196
d:319:0.0005842840735645893,0.8860270176804548,0.8860272092191117,1.771469942826002
d:320:0.0007065303261981626,0.8860270128165944,0.8860272138621461,1.7713476963525423
d:321:0.0008547344444558291,0.8860270079527375,0.8860272089982857,1.7711994825065673
d:322:0.0010180743136949388,0.8860269845694368,0.8860272041344288,1.7710361143901707
d:323:0.00121483447384918,0.8860269611861362,0.8860271992705684,1.7708393259828554
d:324:0.0014372474685337977,0.8860269389868165,0.8860272039136063,1.770616895431889
d:325:0.0016741651732345986,0.8860269341229561,0.8860271990497459,1.7703799679994674
d:326:0.001935960097231515,0.8860269387659905,0.8860271941858819,1.770118172854641
d:327:0.002228346002937087,0.8860268981871187,0.8860271988289163,1.769825751013098
d:328:0.0025222682921821615,0.8860269028301531,0.8860271939650595,1.7695318285030304
d:329:0.002841771118344383,0.886026907473191,0.8860271986080939,1.7692123349629405
d:330:0.0031739382619555556,0.8860269121162219,0.8860272032511354,1.7688801771054017
d:331:0.0035127461864270515,0.8860269167592563,0.8860271983872714,1.7685413689601006
d:332:0.0038711600084369024,0.8860269214022907,0.8860272030303094,1.7681829644241631
d:333:0.004234620525515709,0.8860269260453251,0.8860272076733473,1.7678195131931567
d:334:0.004609433896419546,0.8860269306883595,0.8860272028094869,1.7674446996014268
d:335:0.00497697548872722,0.8860269353313939,0.8860272074525177,1.7670771672951844
d:336:0.005339222949864109,0.8860269399744318,0.8860272120955592,1.766714929120127
d:337:0.005713255424392827,0.8860269446174662,0.8860272167385972,1.7663409059316706
d:338:0.006066150538948989,0.8860269492605006,0.8860272118747332,1.7659880105962849
d:339:0.006428402662727706,0.886026953903535,0.8860272070108728,1.76562575825168
d:340:0.006764312476416734,0.8860269585465694,0.8860272021470088,1.7652898482171615
d:341:0.0070882259643809675,0.8860269631896038,0.8860272067900468,1.7649659440152696
d:342:0.0074174926013235165,0.8860269678326382,0.8860272114330812,1.7646366866643959
d:343:0.007700545693371197,0.8860269724756762,0.8860272160761227,1.7643536428584277
d:344:0.007981499078542953,0.8860269771187106,0.8860272207191571,1.7640726987593247
d:345:0.00820706922069192,0.886026981761745,0.8860272158552966,1.7638471283963497
d:346:0.00841422310064388,0.8860269864047794,0.8860272109914362,1.7636399742955717
d:347:0.008627315736763563,0.8860269910478102,0.8860272061275722,1.763426881438619
d:348:0.008767122218056755,0.8860269956908482,0.8860272012637083,1.7632870747364997
d:349:0.008887531771364365,0.8860270003338826,0.8860271963998443,1.7631666649623625
d:350:0.008974559726581788,0.8860270049769206,0.8860271915359803,1.763079636786319
d:351:0.009029980114867442,0.8860270096199585,0.8860271866721199,1.763024216177211
d:352:0.009060534587106872,0.8860270142629929,0.8860271913151543,1.7629936709910403
d:353:0.009026141845520641,0.8860270189060273,0.8860271864512903,1.763028063511797
d:354:0.008968413872601388,0.8860270235490617,0.8860271815874263,1.7630857912638866
d:355:0.0088631283229752,0.8860270281920961,0.8860271767235588,1.7631910765926797
d:356:0.008740595647083182,0.8860270328351341,0.8860271718596948,1.7633136090477457
d:357:0.008570469875081699,0.8860270374781685,0.8860271765027328,1.7634837441058195
d:358:0.008359552238058399,0.8860270421212064,0.8860271811457707,1.7636946710289187
d:359:0.008148325384919275,0.8860270467642408,0.8860271762819032,1.7639058976612247
d:360:0.00789477557493612,0.8860270514072788,0.8860271714180392,1.7641594472503819
d:361:0.007624173834489767,0.8860270560503096,0.8860271665541717,1.7644300487699915
d:362:0.007325229749319817,0.8860270606933476,0.8860271616903042,1.764728992634332
d:363:0.007019623641443928,0.886027065336382,0.8860271568264366,1.7650345985213747
d:364:0.00667260047071494,0.8860270699794199,0.8860271614694781,1.7653816309781831
d:365:0.00633634442300135,0.8860270746224543,0.8860271661125161,1.765717896311969
d:366:0.005993422271874493,0.8860270792654887,0.8860271707555576,1.7660608277491718
d:367:0.005613791632963938,0.8860270839085231,0.886027175398592,1.7664404676741512
d:368:0.005239732948208342,0.8860270885515611,0.886027170534728,1.7668145261380808
d:369:0.004888364291712577,0.886027093194599,0.8860271299558669,1.7671658588587533
d:370:0.004503926345275744,0.886027097837637,0.8860271345989084,1.7675503060912696
d:371:0.004144188079798994,0.886027102480675,0.8860271392419463,1.7679100536428223
d:372:0.003774503668612539,0.8860271071237058,0.8860271343780752,1.7682797378331685
d:373:0.003425469292828609,0.8860271117667473,0.8860271390211167,1.7686287814950354
d:374:0.003090306409355037,0.8860271164097817,0.8860271436641547,1.7689639536645814
d:375:0.002752611814464956,0.8860271210528161,0.8860271214648563,1.7693016307032075
d:376:0.0024419814150284935,0.8860271256958541,0.8860271166009923,1.7696122608818179
d:377:0.002152134156794716,0.886027130338892,0.8860270944016939,1.7699020905837912
d:378:0.0018699776120492118,0.8860271349819264,0.8860270722023849,1.770184229572262
d:379:0.0016110886636049315,0.8860271396249644,0.8860270768454264,1.7704431278067858
d:380:0.0013781655787177272,0.8860271442679988,0.8860270814884608,1.7706760601777418
d:381:0.001162883395164016,0.8860271489110367,0.8860270592891588,1.7708913248050315
d:382:0.0009768490395281049,0.8860271535540747,0.8860270544252877,1.7710773589398343
d:383:0.0008103481890486819,0.8860271581971091,0.8860270322259822,1.7712438422340426
d:384:0.0006700952928540005,0.886027162840147,0.8860270273621111,1.7713840949094042
d:385:0.0005579382136318145,0.886027167483185,0.8860270039787999,1.771496233248353
d:386:0.00047123748494826145,0.8860271721262194,0.8860269991149252,1.7715829337561964
d:387:0.00041210592966578474,0.8860271767692574,0.8860270037579632,1.7716420745975547
d:388:0.00037628702286696125,0.8860271814122953,0.8860269803746483,1.7716778747640767
d:389:0.00036140147573249237,0.8860271860553333,0.8860269755107772,1.771692760090378
d:390:0.000380894920482433,0.8860271906983677,0.8860269706469062,1.7716732664247914
d:391:0.0004195665440072105,0.8860271953414021,0.8860269484475936,1.7716345772449884
d:392:0.0004824689828240025,0.8860271999844436,0.8860269530906351,1.7715716840922546
d:393:0.0005687956639839342,0.8860272046274815,0.8860269297073131,1.7714853386708107
d:394:0.0006783918829746938,0.8860272092705159,0.8860269343503511,1.7713757517378923
d:395:0.0008116531967878871,0.8860272139135539,0.8860269109670256,1.7712424716837916
d:396:0.0009618927372372355,0.8860272185565883,0.88602691561006,1.771092241429411
d:397:0.0011295949465512933,0.8860272231996262,0.8860269107461889,1.7709245389992638
d:398:0.0013153859406571655,0.8860272278426677,0.8860269058823214,1.770738747784332
d:399:0.0015121487793265942,0.8860272324857021,0.8860269010184503,1.7705419847248258
d:400:0.0017270865390912604,0.8860272371287401,0.8860269056614918,1.7703270562511406
d:401:0.0019528171950646822,0.8860272417717816,0.8860269007976171,1.770101325374334
d:402:0.002185810331223337,0.886027246414816,0.8860268959337461,1.7698683320173387
d:403:0.002433528474412583,0.886027251057854,0.8860269005767805,1.7696206231602218
d:404:0.0026582243256889626,0.8860272557008884,0.886026905219822,1.7693959365950214
d:405:0.002903919609888561,0.8860272603439263,0.8860269098628599,1.7691502505968977
d:406:0.003146868729992036,0.8860272649869678,0.8860269145058979,1.7689073107628737
d:407:0.0033894536524563534,0.8860272696300058,0.8860269191489394,1.7686647351264888
d:408:0.0036336210223808507,0.8860272742730437,0.8860269142850683,1.7684205675357312
d:409:0.003885931167385337,0.8860272789160817,0.8860269189281098,1.7681682666768062
d:410:0.004125326955101372,0.8860272835591196,0.8860269140642352,1.7679288706682534
d:411:0.004359325198006303,0.8860272882021576,0.8860269187072767,1.767694881711428
d:412:0.004589581734748549,0.8860272928451955,0.8860269233503217,1.7674646344607687
d:413:0.004814838926559872,0.8860272974882335,0.8860269279933597,1.7672393865550333
d:414:0.00502662529025244,0.8860273021312715,0.8860269326363976,1.7670276094774167
d:415:0.005240864739043616,0.8860273067743094,0.8860269277725266,1.7668133698077924
d:416:0.005436816550616896,0.8860273114173509,0.8860269229086519,1.766617417775386
d:417:0.005618918232460857,0.8860273160603853,0.8860269275516934,1.766435325379618
d:418:0.005790981413788643,0.8860273207034233,0.8860269321947349,1.7662632714843696
d:419:0.005950894667783757,0.8860273253464612,0.8860269273308568,1.7661033580095342
d:420:0.006101607074292303,0.8860273299894992,0.8860269224669857,1.7659526453821925
d:421:0.006240533986513697,0.8860273346325371,0.886026917603111,1.7658137182491345
d:422:0.0063628018565395905,0.8860273392755786,0.8860269127392364,1.7656914501582754
d:423:0.006480912433580954,0.8860273439186166,0.8860269078753618,1.7655733393603974
d:424:0.006572651152115583,0.8860273485616545,0.8860269030114871,1.765481600421026
d:425:0.006659819324255523,0.8860273532046925,0.8860268981476125,1.7653944320280495
d:426:0.006741069587871351,0.8860273578477305,0.8860268932837343,1.7653131815435934
d:427:0.0068072825464078335,0.886027362490772,0.8860268884198561,1.7652469683642202
d:428:0.006855896917539184,0.8860273671338099,0.8860268835559815,1.7651983537722522
d:429:0.0068980653865970964,0.8860273717768443,0.8860268881990194,1.7651561945892666
d:430:0.006929107059651329,0.8860273764198858,0.8860268833351448,1.7651251526953793
d:431:0.006949361234820373,0.8860273810629238,0.8860268879781863,1.7651049078062897
d:432:0.006958007109407305,0.8860273857059617,0.8860268926212242,1.7650962712177787
d:433:0.006963718343914849,0.8860273903490032,0.8860268877573496,1.765090559762438
d:434:0.006960128775112651,0.8860273949920412,0.8860268828934714,1.7650941491104
d:435:0.006945579592180451,0.8860273996350827,0.8860268780295932,1.7651086980724955
d:436:0.006924042346842185,0.8860274042781207,0.886026873165715,1.7651302350969935
d:437:0.006898431424854579,0.8860274089211622,0.8860268778087601,1.7651558553050677
d:438:0.0068618792234502735,0.8860274135642001,0.8860268824518016,1.7651924167925515
d:439:0.006820652924840687,0.8860274182072345,0.8860268775879234,1.7652336428703173
d:440:0.0067737732806314455,0.886027422850276,0.8860268822309649,1.7652805318006095
d:441:0.006720572514343104,0.886027427493314,0.8860268868740064,1.7653337418529773
d:442:0.006659835173188355,0.886027432136359,0.8860268915170515,1.7653944884802222
d:443:0.0065905950766769195,0.886027436779397,0.8860268866531733,1.7654637283558934
d:444:0.006512752522489507,0.886027441422435,0.8860268912962113,1.7655415801961567
d:445:0.006431936477692801,0.88602744606548,0.8860268864323331,1.7656223960201203
d:446:0.006342292902900226,0.8860274507085144,0.8860268910753746,1.7657120488809888
d:447:0.0062442275500167455,0.8860274553515524,0.8860268957184161,1.7658101235199517
d:448:0.006141307094438275,0.8860274599945939,0.8860269003614611,1.7659130532616167
d:449:0.006028072465760204,0.8860274646376354,0.886026895497583,1.7660262876694581
d:450:0.005909489107573052,0.8860274692806733,0.8860269001406245,1.7661448803137247
d:451:0.005781310626307601,0.8860274739237113,0.8860268952767427,1.7662730585741464
d:452:0.005648838188950123,0.8860274785667528,0.8860268999197878,1.7664055402975904
d:453:0.005509725448021641,0.8860274832097943,0.8860268950559096,1.7665446528176822
d:454:0.005357582752850476,0.8860274878528287,0.8860268901920278,1.766696795292006
d:455:0.00520710800636337,0.8860274924958702,0.8860268948350729,1.7668472793245797
d:456:0.0050432793637291695,0.8860274971389153,0.8860268899711947,1.7670111077463808
d:457:0.004877166883890283,0.8860275017819532,0.8860268851073094,1.7671772200053724
d:458:0.004701180042363973,0.8860274795826264,0.8860268897503545,1.767353189290617
d:459:0.004520706748007086,0.8860274573832925,0.8860268848864727,1.7675336355217581
d:460:0.004337214342129414,0.8860274351839585,0.8860268895295142,1.7677171103713434
d:461:0.0041465478569655545,0.8860274129846211,0.8860268941725558,1.7679077593002113
d:462:0.003957730595068654,0.8860274176276626,0.8860268893086776,1.7680965763412715
d:463:0.003757572715336721,0.8860273954283215,0.8860268844447958,1.7682967071577806
d:464:0.0035635393039008534,0.8860273732289805,0.8860268795809141,1.7684907135059937
d:465:0.003363398363251946,0.8860273683651307,0.8860268747170323,1.7686908447189111
d:466:0.003167353966915698,0.8860273730081651,0.886026869853147,1.7688868888943965
d:467:0.0029737293278806476,0.8860273681443189,0.8860268649892689,1.7690805038057071
d:468:0.0027684342093046155,0.8860273459449708,0.8860268601253836,1.7692857718610497
d:469:0.0025704238908978994,0.8860273505880123,0.8860268552615018,1.7694837819586162
d:470:0.0023763166693200333,0.8860273552310538,0.8860268503976165,1.7696778889593503
d:471:0.0021894021523714002,0.8860273503671969,0.8860268550406616,1.7698648032554871
d:472:0.0019943790362546565,0.8860273281678523,0.8860268596837066,1.7700598088153043
d:473:0.0018094754600213037,0.8860273059685007,0.8860268643267482,1.7702446948352275
d:474:0.0016334549881591442,0.8860272837691454,0.8860268689697932,1.7704206977507795
d:475:0.001465240735551987,0.8860272789052992,0.8860268641059115,1.7705889022756587
d:476:0.0013001346263727953,0.886027256705944,0.8860268687489565,1.7707539908285277
d:477:0.001147628091747066,0.8860272333226185,0.8860268638850712,1.7709064691159426
d:478:0.0010028810597439985,0.8860272284587651,0.8860268685281163,1.7710512159271374
d:479:0.0008677556661922381,0.8860272050754396,0.8860268731711614,1.7711863225804088
d:480:0.0007442948937423921,0.8860272002115863,0.8860268778142064,1.7713097831320503
d:481:0.000630419622464018,0.886027195347733,0.8860268824572515,1.7714236581825205
d:482:0.0005282488949269748,0.886027171964404,0.886026887100293,1.77152581016977
d:483:0.0004397228456518576,0.8860271766074455,0.8860268822364112,1.7716143359982048
d:484:0.00036985718670479173,0.8860271717435886,0.8860268868794563,1.77168420143634
d:485:0.000308896550144766,0.8860271668797317,0.8860268915224978,1.7717451618520847
d:486:0.00026422366649470064,0.8860271620158784,0.8860268961655429,1.7717898345149266
d:487:0.00023776727957169896,0.8860271386325458,0.8860269008085915,1.7718162721615656
d:488:0.00022238499568416614,0.8860271432755873,0.8860269054516365,1.7718316637315397
d:489:0.00022181311116398206,0.8860271198922511,0.8860269005877548,1.771832207368842
d:490:0.00024455065765849326,0.8860271150283907,0.8860268957238695,1.7718094600946017
d:491:0.00027236497682636696,0.8860270916450546,0.8860268908599807,1.7717816175282088
d:492:0.00032705273016375713,0.8860270962880925,0.8860268955030293,1.771726939060958
d:493:0.0003930061598502732,0.8860270729047492,0.886026890639144,1.771660957384043
d:494:0.00047400585685153374,0.886027032325817,0.8860268857752551,1.7715799122442206
d:495:0.0005747137277936076,0.8860270369688585,0.8860268904183037,1.7714792136593687
d:496:0.0006899030233320502,0.8860270416119,0.8860268855544184,1.7713640241429864
d:497:0.0008145996542197054,0.886027046254938,0.8860268806905331,1.7712393272912514
d:498:0.0009557318386761438,0.8860270508979795,0.8860268853335782,1.7710982043928816
d:499:0.0011039251791800098,0.886027055541021,0.8860268804696929,1.770950010831534
d:500:0.0012741820201718213,0.886027060184059,0.8860268756058076,1.7707797537696948
d:501:0.0014588263254289302,0.8860270648270969,0.8860268802488527,1.7705951187505207
d:502:0.0016515430729562297,0.886027069470142,0.8860268848918977,1.7704024112890835
d:503:0.0018455532724068746,0.8860270741131764,0.8860268800280124,1.770208400868782
d:504:0.002051755388432497,0.8860270787562179,0.8860268751641236,1.770002198531909
d:505:0.0022628921616068,0.8860270833992594,0.8860268798071687,1.7697910710448213
d:506:0.002471618609607873,0.8860270880422974,0.8860268749432798,1.7695823443759693
d:507:0.002696377853215637,0.8860270926853353,0.886026870079391,1.7693575849115106
d:508:0.0029201544358379294,0.8860270973283839,0.8860268747224396,1.7691338176149856
d:509:0.0031439323333835034,0.8860271019714219,0.8860268698585507,1.768910039496589
d:510:0.0033768039457591215,0.8860271066144634,0.8860268745015993,1.7686771771703036
d:511:0.0035966395638631354,0.8860271112574978,0.8860268696377105,1.7684573413313451
d:512:0.003804410419711246,0.8860271159005428,0.8860268742807591,1.7682495797615907
d:513:0.00402578491391381,0.8860271205435843,0.8860268694168703,1.7680282050465408
d:514:0.004226869670741706,0.8860271251866223,0.8860268645529814,1.767827120068862
d:515:0.004422971195428005,0.8860271298296638,0.886026859689089,1.7676310183233248
d:516:0.004617134003332524,0.8860271344727053,0.8860268643321341,1.7674368648015069
d:517:0.004799580510344015,0.8860271391157433,0.8860268689751827,1.767254427580582
d:518:0.004970631070754905,0.8860271437587848,0.8860268736182313,1.7670833863062612
d:519:0.005117965605879959,0.8860271484018227,0.8860268687543389,1.7669360515502817
d:520:0.005266764470757579,0.8860271530448642,0.8860268733973875,1.7667872619714942
d:521:0.00538395621441623,0.8860271576879057,0.8860268780404361,1.7666700795139256
d:522:0.005498191809028441,0.8860271623309472,0.8860268731765437,1.7665558436984625
d:523:0.005589829924595335,0.8860271669739852,0.8860268778195923,1.7664642148689822
d:524:0.0056682479068292935,0.8860271716170303,0.8860268824626409,1.766385806172842
d:525:0.005729374507193796,0.8860271762600718,0.8860268775987521,1.76632467935163
d:526:0.005767028365333715,0.8860271809031097,0.8860268727348597,1.7662870252726357
d:527:0.005778302608835162,0.8860271855461512,0.8860268678709708,1.766275750808287
d:528:0.005789507508168867,0.8860271901891927,0.8860268630070784,1.7662645456881023
d:529:0.005775658116803584,0.8860271948322342,0.886026858143186,1.7662783948586167
d:530:0.0057503962309013446,0.8860271994752793,0.8860268532792936,1.7663036565236716
d:531:0.0056905874539303625,0.8860272041183173,0.8860268579223423,1.7663634745867292
d:532:0.005628660533766094,0.8860272087613552,0.8860268625653909,1.76642541079298
d:533:0.005543707415085919,0.8860272134044003,0.8860268219864622,1.7665103279757766
d:534:0.005439965677254577,0.8860272180474418,0.8860267997871318,1.766614052157319
d:535:0.005314912477764722,0.8860272226904833,0.8860267775877908,1.7667390878005094
d:536:0.00517136854501743,0.8860272273335248,0.8860267553884569,1.7668826141769642
d:537:0.005030317966983944,0.8860272319765627,0.8860267505245609,1.7670236645341397
d:538:0.0048741452325664625,0.8860272366196078,0.8860267551676095,1.7671798465546509
d:539:0.004698877787372879,0.8860272412626458,0.8860267598106546,1.7673551232859275
d:540:0.0045162072903544015,0.8860272459056908,0.8860267364273113,1.7675377750426478
d:541:0.004312731067717124,0.8860272505487288,0.8860267130439574,1.767741232524969
d:542:0.004125794529926452,0.8860272551917738,0.886026708180065,1.7679281688419124
d:543:0.0039003844973741764,0.8860272598348153,0.8860266847967075,1.7681535601341487
d:544:0.0036916139745493126,0.8860272644778604,0.8860266894397597,1.7683623399430708
d:545:0.0034714830727153867,0.8860272691209019,0.8860266845758638,1.7685824706240503
d:546:0.0032543949568193398,0.8860272737639399,0.8860266623765227,1.7687995411836432
d:547:0.0030325922395739724,0.8860272784069849,0.8860266401771781,1.769021326344589
d:548:0.002810834142412233,0.8860272830500264,0.8860266448202196,1.7692430937278338
d:549:0.0025951878406864637,0.8860272876930679,0.8860266226208715,1.769458722473253
d:550:0.0023770670161269436,0.8860272923361094,0.8860266177569756,1.769676843076958
d:551:0.0021691050109957644,0.8860272969791545,0.8860266128930832,1.769884804861242
d:552:0.001958133038840515,0.886027301622196,0.8860266080291872,1.7700957766125427
d:553:0.0017549566605197242,0.8860273062652375,0.8860265858298355,1.7702989354345533
d:554:0.0015679346283299367,0.886027310908279,0.886026562446478,1.7704859387264271
d:555:0.0013824622757780958,0.8860273155513205,0.8860265390631135,1.770671392338656
d:556:0.001211423710323345,0.886027320194362,0.8860265437061585,1.7708424401901972
d:557:0.0010457064255611215,0.8860273248374035,0.8860265483492107,1.771008166761053
d:558:0.0009012654249680452,0.886027329480445,0.8860265529922557,1.7711526170477327
d:559:0.0007622398964670651,0.8860273341234901,0.8860265576353044,1.7712916518623274
d:560:0.000646187523077657,0.8860273387665316,0.8860265527714084,1.7714077040148624
d:561:0.0005361411075348599,0.8860273434095731,0.8860265574144606,1.7715177597164988
d:562:0.0004472719109536172,0.8860273480526146,0.8860265525505611,1.771606628692222
d:563:0.00036792965416410084,0.8860273526956597,0.8860265571936132,1.7716859802351088
d:564:0.00030531023649515987,0.8860273573387012,0.8860265618366583,1.7717486089388643
d:565:0.00026081064021354905,0.8860273619817463,0.8860265569727588,1.7717931083142915
d:566:0.0002346893080442669,0.8860273666247913,0.8860265521088664,1.7718192294256134
d:567:0.00021777218456975334,0.8860273712678328,0.8860265567519185,1.7718361558351816
d:568:0.00022070210838975868,0.8860273759108743,0.88602656139496,1.7718332351974446
d:569:0.00024069969252593637,0.8860273805539158,0.8860265660380087,1.7718132468993986
d:570:0.00027077545086484633,0.8860273851969609,0.8860265611741127,1.7717831709202088
d:571:0.00031718708242678417,0.886027389840006,0.8860265658171649,1.771736768574744
d:572:0.0003808256068040805,0.8860273944830439,0.8860265704602099,1.7716731393364498
d:573:0.00045647697917772234,0.886027399126089,0.8860265655963104,1.7715974877432217
d:574:0.0005463945133854509,0.886027403769134,0.886026560732418,1.7715075699881666
d:575:0.000648935414691465,0.886027408412172,0.886026555868515,1.7714050288659955
d:576:0.0007625262925650134,0.8860274130552206,0.8860265605115707,1.7712914472742263
d:577:0.0008920875486531088,0.8860274176982585,0.8860265556476712,1.7711618857972766
d:578:0.0010291619367457372,0.8860274223413036,0.8860265602907198,1.7710248206952777
d:579:0.0011776889476813324,0.8860274269843451,0.8860265554268238,1.7708762934634876
d:580:0.0013295770826964315,0.8860274316273937,0.8860265505629243,1.7707244051076216
d:581:0.0014997378090058078,0.8860274362704352,0.8860265456990248,1.7705542441604543
d:582:0.0016707761770220486,0.8860274409134838,0.886026550342077,1.7703832150785388
d:583:0.0018472869765879807,0.8860274455565218,0.8860265549851221,1.7702067135650559
d:584:0.0020330019042908987,0.8860274501995669,0.8860265501212226,1.7700209984164985
d:585:0.002220038110664291,0.8860274548426119,0.8860265547642747,1.7698339714962223
d:586:0.0024163519270921086,0.8860274594856534,0.8860265499003752,1.7696376574589365
d:587:0.00260676930755821,0.8860274641286949,0.8860265545434238,1.7694472493645605
d:588:0.0028032978084091553,0.8860274687717435,0.886026559186476,1.7692507301498104
d:589:0.0029977514308257014,0.886027473414785,0.8860265638295246,1.769056285813484
d:590:0.0031904123112909133,0.8860274780578301,0.8860265589656251,1.7688636247121643
d:591:0.0033916689030100144,0.8860274827008716,0.8860265636086737,1.7686623774065353
d:592:0.0035822046053120005,0.8860274873439167,0.8860265587447742,1.7684718414833789
d:593:0.0037781935982934556,0.8860274919869617,0.8860265538808747,1.768275852269543
d:594:0.003961719789156604,0.8860274966300068,0.8860265585239269,1.768092335364777
d:595:0.004153467676090372,0.8860275012730483,0.8860265536600238,1.7679005872569817
d:596:0.004328661939769773,0.8860275059160898,0.8860265487961243,1.7677253927724443
d:597:0.004495756279688123,0.8860275105591349,0.8860265534391694,1.767558307718616
d:598:0.004665500085149432,0.8860275152021799,0.8860265580822215,1.767388573199252
d:599:0.00481676256372765,0.886027519845225,0.886026553218322,1.7672373104998194
d:600:0.004959887410478814,0.88602752448827,0.886026548354419,1.7670941854322102
d:601:0.005097463353681775,0.8860275291313151,0.8860265434905159,1.7669566092681492
d:602:0.005228178273956274,0.8860275337743566,0.8860265481335681,1.7668259036339684
d:603:0.0053446768046825355,0.8860275384174017,0.8860265527766202,1.7667094143893394
d:604:0.00545475832437603,0.8860275430604503,0.8860265479127172,1.7665993326487914
d:605:0.005548444037909661,0.8860275477034918,0.8860265525557693,1.7665056562213515
d:606:0.0056273527974362025,0.8860275523465333,0.8860265476918663,1.7664267472409634
d:607:0.005697654784231787,0.8860275569895819,0.8860265523349184,1.7663564545402686
d:608:0.005755169977121,0.8860275616326234,0.8860265474710154,1.7662989391265178
d:609:0.005801853319763239,0.886027566275672,0.8860265521140711,1.76625226506998
d:610:0.005831256646388283,0.8860275709187135,0.8860265567571162,1.7662228710294414
d:611:0.005848298641751626,0.8860275755617586,0.8860265518932131,1.76620582881322
d:612:0.0058455590772581445,0.8860275802048037,0.8860265565362688,1.7662085776638143
d:613:0.005836934684850803,0.8860275848478452,0.8860265516723658,1.7662172018353601
d:614:0.005817028059759366,0.8860275894908938,0.8860265468084592,1.7662371082395936
d:615:0.0057805757926914225,0.8860275941339388,0.8860265514515149,1.7662735697927623
d:616:0.005727198563555191,0.8860275987769839,0.8860265465876083,1.766326946801037
d:617:0.005664865403012698,0.8860276034200325,0.8860265417237052,1.766389279740725
d:618:0.005584910790599196,0.886027608063074,0.8860265368597986,1.7664692341322734
d:619:0.005510312687498242,0.8860276127061226,0.8860265415028508,1.7665438415214751
d:620:0.005420423208832403,0.8860276173491677,0.8860265461459029,1.7666337402862382
d:621:0.005317857191382558,0.8860276219922127,0.8860265412819999,1.76673630608283
d:622:0.005210728395621089,0.8860276266352543,0.8860265459250485,1.7668434441646816
d:623:0.00509180447317803,0.8860276312783029,0.8860265410611419,1.7669623678662667
d:624:0.004972407634685538,0.8860276359213479,0.8860265361972388,1.7670817644839012
d:625:0.004844760681340432,0.886027640564393,0.8860265313333322,1.7672094112163848
d:626:0.004712183875930975,0.8860276452074416,0.8860265264694291,1.7673419878009398
d:627:0.004573949762544771,0.886027623008065,0.886026521605519,1.7674801948510392
d:628:0.004424387286135811,0.8860276008086885,0.8860265262485711,1.7676297397711238
d:629:0.004274750556803042,0.8860275786093119,0.8860265308916233,1.7677793589441322
d:630:0.004119539629122926,0.886027583252357,0.8860265260277203,1.7679345696509543
d:631:0.003964732019088757,0.8860275610529769,0.8860265306707689,1.768089359704657
d:632:0.003807923404774982,0.8860275561891271,0.886026535313821,1.7682461680981731
d:633:0.003636231276949786,0.8860275513252809,0.8860265304499144,1.7684178504982455
d:634:0.003474158699685148,0.8860275291258972,0.8860265255860078,1.7685798960122199
d:635:0.0033126033227226515,0.8860275337689423,0.8860265302290635,1.7687414606752832
d:636:0.0031395885933953593,0.8860275384119873,0.8860265348721157,1.7689144846907077
d:637:0.0029670707721365375,0.8860275335481447,0.8860265300082091,1.7690869927842172
d:638:0.002801449840593051,0.8860275381911897,0.8860265251442989,1.7692526134948956
d:639:0.0026375429940763695,0.8860275333273435,0.8860265297873546,1.7694165201206218
d:640:0.002466204452268528,0.8860275099439825,0.8860265344304068,1.7695878399221208
d:641:0.0022982415238708143,0.8860275145870276,0.886026539073459,1.7697558121366157
d:642:0.0021324228684385105,0.8860275097231778,0.8860265342095488,1.769921621064288
d:643:0.0019771433782480585,0.8860274863398168,0.8860265293456422,1.770076872307211
d:644:0.0018219961047698519,0.8860274641404295,0.886026524481732,1.7702319925173917
d:645:0.0016662147143122752,0.8860274407570614,0.8860265196178254,1.7703877456605746
d:646:0.0015118919041441359,0.8860274358932152,0.8860265242608811,1.7705420682499522
d:647:0.0013750921215383016,0.8860274310293654,0.8860265193969674,1.7706788583047945
d:648:0.0012302980245770812,0.8860274356724105,0.8860265145330608,1.7708236521808942
d:649:0.0011036855731987316,0.8860274122890424,0.8860265191761165,1.7709502458919602
d:650:0.0009760928806237246,0.8860274074251961,0.8860265238191722,1.7710778383637447
d:651:0.0008618299966443033,0.8860273852258018,0.8860265284622244,1.771192083691382
d:652:0.0007471871618811576,0.8860273446468128,0.8860265331052837,1.7713066905902153
d:653:0.0006451734932149122,0.8860273492898614,0.8860265282413735,1.77140870403802
d:654:0.0005504438374899223,0.8860273539329064,0.8860265328844257,1.7715034429798422
d:655:0.00046740428276237367,0.8860273585759515,0.8860265375274814,1.7715864918206705
d:656:0.00039194809009401865,0.886027363218993,0.8860265326635712,1.7716619477924702
d:657:0.000326083483393802,0.8860273678620416,0.8860265373066198,1.7717278216852677
d:658:0.00027127553488526246,0.8860273725050831,0.8860265324427097,1.7717826294129075
d:659:0.00022404756939309323,0.8860273771481353,0.8860265370857654,1.7718298666645076
d:660:0.00018669544777338842,0.8860273817911768,0.8860265417288247,1.771867228072228
d:661:0.00016780292951423803,0.8860273864342219,0.886026536864911,1.7718861203696186
d:662:0.00015218571795116986,0.8860273910772669,0.8860265320010008,1.7719017373603165
d:663:0.0001513009496463269,0.8860273957203155,0.8860265271370942,1.7719026219077634
d:664:0.00016053112806702075,0.8860274003633606,0.8860265222731805,1.771893391508474
d:665:0.00017977545148895047,0.8860274050064056,0.8860265269162326,1.7718741564711493
d:666:0.00020807740384043427,0.8860274096494507,0.8860265220523225,1.7718458542979327
d:667:0.00025010499008359943,0.8860274142924993,0.8860265171884123,1.771803826490828
d:668:0.0003018248501618359,0.8860274189355444,0.8860265218314645,1.771752115916847
d:669:0.00036510975388992506,0.8860274235785894,0.8860265169675507,1.7716888307922503
d:670:0.00043540120842067154,0.886027428221638,0.88602652161061,1.7716185486238274
d:671:0.0005160151781211653,0.8860274328646831,0.8860265262536657,1.7715379439402277
d:672:0.0006063412161019244,0.8860274375077317,0.886026521389752,1.7714476176813818
d:673:0.0007030106168244288,0.8860274421507768,0.8860265260328077,1.77135095756676
d:674:0.0008146874711876251,0.8860274467938218,0.8860265306758635,1.7712392899984977
d:675:0.000921325026912001,0.8860274514368669,0.8860265258119497,1.7711326522219046
d:676:0.0010462580114563025,0.8860274560799155,0.8860265304550055,1.7710077285234647
d:677:0.0011720165062953924,0.8860274607229606,0.8860265350980576,1.7708819793147228
d:678:0.0013049309764063821,0.8860274653660092,0.8860265302341475,1.7707490646237503
d:679:0.0014408450535547956,0.8860274700090507,0.8860265348772032,1.770613159832699
d:680:0.0015818887248677527,0.8860274746520993,0.8860265300132895,1.770472115940521
d:681:0.0017289567620046853,0.8860274792951479,0.8860265346563452,1.7703250571894884
d:682:0.0018693351311576123,0.886027483938193,0.8860265392994009,1.7701846881064363
d:683:0.0020191013366748223,0.8860274885812416,0.8860265344354907,1.7700349216800575
d:684:0.0021618085383785512,0.8860274932242866,0.886026529571577,1.769892214257485
d:685:0.0023163905055660905,0.8860274978673353,0.8860265247076633,1.7697376320694325
d:686:0.0024567356129132634,0.8860275025103803,0.8860265293507155,1.7695972962481825
d:687:0.0026036525928461174,0.8860275071534254,0.8860265244868017,1.769450379047381
d:688:0.002740502409626089,0.886027511796474,0.8860265196228845,1.7693135290097324
d:689:0.0028802724603025354,0.8860275164395226,0.8860265242659473,1.7691737682451674
d:690:0.0030143954920696103,0.8860275210825641,0.88602651940203,1.7690396449925245
d:691:0.0031384111885266464,0.8860275257256127,0.8860265240450858,1.7689156385821718
d:692:0.0032561379830511328,0.8860275303686613,0.8860265191811685,1.7687979115667787
d:693:0.00337349873882431,0.8860275350117064,0.8860265143172548,1.7686805505901368
d:694:0.003474477785939456,0.8860275396547586,0.8860265189603105,1.7685795808291296
d:695:0.003580636135293247,0.8860275442978036,0.8860265140964003,1.7684734222589107
d:696:0.0036664559007562048,0.8860275489408522,0.886026518739456,1.768387611779552
d:697:0.0037506834397404987,0.8860275535838973,0.8860265233825153,1.768303393526672
d:698:0.0038158432463504255,0.8860275582269459,0.8860265185185945,1.76823823349919
d:699:0.003869831390751699,0.8860275628699945,0.8860265231616538,1.7681842546408966
d:700:0.003924296617228151,0.8860275675130396,0.8860265182977329,1.7681297891935444
d:701:0.003942931261288862,0.8860275721560882,0.8860265134338228,1.768111154328622
d:702:0.003970415832622365,0.8860275767991368,0.886026508569902,1.7680836695364164
d:703:0.00399196911712707,0.8860275814421819,0.8860265037059811,1.768062116031036
d:704:0.003992711738192156,0.8860275860852305,0.8860265083490404,1.7680613826960787
d:705:0.003977389074869109,0.8860275907282755,0.8860265129920997,1.768076714645506
d:706:0.003968522078071857,0.8860275953713206,0.8860265081281824,1.7680855814214311
d:707:0.003928657961122184,0.8860276000143728,0.8860265127712417,1.7681254548244922
d:708:0.0038844880192598907,0.8860276046574214,0.8860265079073244,1.7681696245454859
d:709:0.0038346942083720137,0.88602760930047,0.8860265030434,1.768219418135498
d:710:0.003777642782814894,0.886027613943515,0.8860264981794828,1.768276469340183
d:711:0.003703827228424217,0.8860276185865636,0.8860265028225456,1.768350294180685
d:712:0.0036141357599852597,0.8860276232296158,0.8860265074656049,1.7684399949352354
d:713:0.0035212846240391116,0.8860276278726609,0.8860265121086606,1.7685328553572823
d:714:0.003413194597872149,0.8860276325157095,0.8860265167517234,1.7686409546695607
d:715:0.0033059969492654773,0.8860276371587581,0.8860265213947756,1.7687481616042682
d:716:0.0032016837068695736,0.8860276418018067,0.8860265165308547,1.7688524746257919
d:717:0.0030693615468351254,0.8860276464448553,0.8860265116669375,1.7689847965649577
d:718:0.0029348529338371065,0.8860276510879004,0.8860265068030166,1.76911930495708
d:719:0.002807331118674483,0.886027655730949,0.8860265019390958,1.7692468265513703
d:720:0.002668039882550488,0.8860276603740012,0.8860264970751821,1.7693861175666328
d:721:0.0025224750621895,0.8860276650170498,0.8860264922112613,1.7695316821661216
d:722:0.0023846487644441083,0.8860276696600948,0.8860264968543206,1.7696695177499713
d:723:0.0022493030051471408,0.8860276743031399,0.8860264919903962,1.769804863288389
d:724:0.002093812146274132,0.8860276789461885,0.8860264871264754,1.7699603539263897
d:725:0.0019475513487030582,0.8860276835892407,0.8860264822625545,1.7701066145030921
d:726:0.0018053993949784797,0.8860276882322857,0.8860264773986337,1.770248766235941
d:727:0.0016541577254862716,0.8860276928753379,0.8860264725347093,1.770400007684561
d:728:0.0015204846223788593,0.886027697518383,0.8860264771777651,1.7705336900737692
d:729:0.001381404296839861,0.8860277021614351,0.8860264365987618,1.770672734463357
d:730:0.0012474727089397675,0.8860277068044837,0.8860264132153759,1.7708066473109199
d:731:0.0011087137697174398,0.8860277114475323,0.8860264083514551,1.77094540602927
d:732:0.0009890204233684585,0.886027716090581,0.8860264129945108,1.7710651086617233
d:733:0.0008694807714988428,0.8860277207336296,0.88602640813059,1.7711846480927207
d:734:0.0007660616278286625,0.8860277253766746,0.8860264032666656,1.7712880670155116
d:735:0.0006586012547700193,0.8860277300197268,0.8860264079097249,1.7713955366746816
d:736:0.0005612719474612504,0.8860277346627754,0.8860264030458005,1.7714928657611146
d:737:0.0004783214588464091,0.886027739305824,0.8860263981818761,1.7715758160288537
d:738:0.0004017230060604504,0.8860277439488726,0.8860263747984796,1.7716523957412917
d:739:0.00033472759033159605,0.8860277485919248,0.8860263514150866,1.7717193724166798
d:740:0.0002811558442452622,0.8860277532349699,0.8860263280316865,1.771772925422411
d:741:0.0002320927991554811,0.886027757878022,0.8860263326747457,1.7718219977536123
d:742:0.00019845656199279915,0.8860277625210706,0.8860263092913421,1.77185561525042
d:743:0.0001687587447705141,0.8860277671641228,0.8860262859079384,1.7718852943272907
d:744:0.00015420821168987686,0.8860277718071714,0.8860262625245312,1.7718998261200127
d:745:0.00014972265425328146,0.88602777645022,0.8860262576606068,1.7719043114565736
d:746:0.00015434886724818853,0.8860277810932686,0.8860262527966789,1.7718996850226993
d:747:0.0001700509726347832,0.8860277857363208,0.8860262305973023,1.7718839653609884
d:748:0.00019633614880376626,0.8860277903793694,0.8860262257333744,1.77185767996394
d:749:0.00023591816249179942,0.886027795022418,0.8860262303764301,1.7718181072363564
d:750:0.0002830176974271126,0.8860277996654666,0.88602620817705,1.7717709901450895
d:751:0.0003417952752791109,0.8860278043085188,0.8860262033131256,1.7717122123463653
d:752:0.00040889096371188316,0.8860278089515674,0.8860262079561814,1.771645125944037
d:753:0.0004887891698786007,0.8860278135946196,0.8860262030922534,1.7715652275169944
d:754:0.0005731235681842861,0.8860278182376682,0.8860261982283255,1.7714808928978094
d:755:0.000669376762655105,0.8860278228807168,0.8860261760289383,1.771384622147
d:756:0.0007703360385988844,0.8860278275237654,0.8860261538295511,1.7712836453147176
d:757:0.0008804408075100412,0.8860278321668176,0.8860261584726103,1.7711735498319179
d:758:0.000994833152400787,0.8860278368098662,0.886026136273216,1.7710591399306814
d:759:0.0011220696519984585,0.8860278414529148,0.8860261140738253,1.7709318858747416
d:760:0.001250543651238445,0.886027846095967,0.8860260918744274,1.770803394319156
d:761:0.0013854813442613079,0.8860278507390156,0.8860260965174866,1.770668465912241
d:762:0.001527387357750598,0.8860278553820677,0.8860261011605495,1.7705265691848666
d:763:0.0016719651570973326,0.8860278600251164,0.8860261058036087,1.7703820006716278
d:764:0.0018208148020768533,0.8860278646681685,0.8860261104466645,1.7702331603127561
d:765:0.0019689177126593904,0.8860278693112171,0.8860261150897273,1.770085066688285
d:766:0.0021166114241601974,0.8860278739542693,0.886026119732783,1.769937382262892
d:767:0.0022695785794404344,0.8860278785973179,0.8860261243758458,1.7697844243937233
d:768:0.0024226483743241545,0.8860278832403665,0.8860261290189051,1.7696313638849475
d:769:0.0025685114802804776,0.8860278878834187,0.8860261336619608,1.769485510065099
d:770:0.0027199036111476005,0.8860278925264709,0.8860261383050236,1.7693341272203469
d:771:0.0028746806034263273,0.8860278971695159,0.8860261429480829,1.7691793595141725
d:772:0.003019396257013085,0.8860279018125716,0.8860261475911422,1.7690346531467007
d:773:0.0031655813093287577,0.8860279064556202,0.886026152234205,1.7688884773804965
d:774:0.0032967737235196637,0.8860279110986724,0.8860261568772607,1.7687572942524135
d:775:0.0034405547728333374,0.8860279157417246,0.8860261615203235,1.7686135224892148
d:776:0.0035629893050703743,0.8860279203847732,0.8860261661633793,1.768491097243082
d:777:0.003683399470165938,0.8860279250278218,0.8860261708064421,1.768370696364098
d:778:0.003796808172729982,0.8860279296708704,0.8860261754494978,1.7682572969476382
d:779:0.0039060602175240433,0.8860279343139261,0.8860261800925642,1.7681480541889663
d:780:0.004008792372502512,0.8860279389569783,0.8860261847356199,1.7680453313200957
d:781:0.004100352964073295,0.8860279436000305,0.8860261893786827,1.7679537800146399
d:782:0.004179554947530306,0.8860279482430791,0.886026194021742,1.7678745873172907
d:783:0.004247943917420116,0.8860279528861312,0.8860261986648013,1.7678062076335124
d:784:0.004309050541362325,0.8860279575291834,0.8860262033078641,1.7677451102956852
d:785:0.004361656817486903,0.886027962172232,0.8860262079509198,1.767692513305665
d:786:0.004406202109933588,0.8860279668152842,0.8860262125939791,1.7676479772993297
d:787:0.004429637036075462,0.8860279714583363,0.8860262172370454,1.7676245516593063
d:788:0.00445246938789623,0.8860279761013885,0.8860262218801012,1.7676017285935934
d:789:0.004462557705842585,0.8860279807444371,0.886026226523164,1.7675916495617585
d:790:0.004461009756905554,0.8860279853874893,0.8860262311662233,1.767593206796807
d:791:0.004447766111347562,0.8860279900305379,0.8860262358092861,1.7676064597284764
d:792:0.004417598162358871,0.8860279946735901,0.8860262404523453,1.7676366369635765
d:793:0.004376194840066461,0.8860279993166458,0.8860262450954082,1.7676780495719875
d:794:0.004337662259835895,0.8860280039596979,0.8860262497384674,1.7677165914383295
d:795:0.0042715157054615815,0.8860280086027501,0.8860262543815303,1.7677827472788188
d:796:0.0042121872918201575,0.8860280132458023,0.8860262590245895,1.7678420849785716
d:797:0.0041348175349043,0.8860280178888544,0.8860262636676524,1.7679194640216025
d:798:0.004055194817574659,0.886028022531903,0.8860262683107152,1.7679990960250436
d:799:0.003959421696027476,0.8860280271749552,0.8860262729537709,1.7680948784326986
d:800:0.0038571778806471,0.8860280318180074,0.8860262775968337,1.768197131534194
d:801:0.003760185107946512,0.886028036461056,0.886026282239893,1.7682941335930025
d:802:0.003645889298592664,0.8860280411041082,0.8860262868829523,1.7684084386884678
d:803:0.0035290592144399113,0.8860280457471639,0.8860262915260151,1.768525278058739
d:804:0.0034091165961349645,0.8860280503902125,0.8860262961690779,1.7686452299631554
d:805:0.0032822336910527383,0.8860280550332646,0.8860263008121372,1.768772122154349
d:806:0.003152474328764754,0.8860280596763204,0.8860263054552,1.7689018908027556
d:807:0.00302129548688157,0.886028064319369,0.8860263100982628,1.7690330789307502
d:808:0.002881650578636652,0.8860280689624211,0.8860263147413221,1.7691727331251066
d:809:0.002750323715069669,0.8860280467630162,0.8860263193843814,1.7693040424323279
d:810:0.0026058251749034866,0.8860280245636041,0.8860263240274442,1.7694485234161448
d:811:0.0024670108527935497,0.886028002364192,0.8860263286705035,1.769587320181902
d:812:0.0023271786085032886,0.8860279801647799,0.8860263333135698,1.7697271348698465
d:813:0.0021942725617520864,0.8860279579653607,0.8860263379566327,1.7698600233602413
d:814:0.002052957719588022,0.8860279626084129,0.8860263425996919,1.7700013474885168
d:815:0.0019183465617906847,0.8860279577445738,0.8860263472427512,1.7701359584255343
d:816:0.0017761637563609156,0.8860279623876259,0.886026351885814,1.770278150517079
d:817:0.0016429961654580438,0.8860279575237868,0.8860263565288768,1.7704113178872056
d:818:0.0015195371622418463,0.8860279621668425,0.8860263611719397,1.7705347861765404
d:819:0.001390592719594963,0.8860279668098947,0.8860263658149989,1.7706637399052987
d:820:0.0012700723218976862,0.8860279619460592,0.8860263704580618,1.7707842600822232
d:821:0.0011515766085175017,0.8860279385626662,0.886026375101121,1.7709027370552697
d:822:0.0010356086407945497,0.8860279151792767,0.8860263797441839,1.771018686282666
d:823:0.0009306224437075628,0.8860278917958802,0.8860263843872502,1.7711236537394228
d:824:0.000832387390133249,0.8860278869320375,0.8860263890303095,1.7712218885722137
d:825:0.0007328261185222118,0.8860278915750897,0.8860263936733652,1.7713214591299327
d:826:0.0006407613264300949,0.8860278681916931,0.8860263983164316,1.7714135051816946
d:827:0.000557507993601547,0.886027844808293,0.8860264029594909,1.7714967397741823
d:828:0.00047987774227209457,0.8860278214248858,0.8860264076025537,1.7715743512851674
d:829:0.0004078616874565455,0.886027826067938,0.8860264122456201,1.7716463766261015
d:830:0.00034268275626203604,0.8860278307109937,0.8860264168886864,1.771711564843418
d:831:0.0002877885203069752,0.8860278258471546,0.8860264215317457,1.7717664588585933
d:832:0.00024155411547610584,0.8860278036477318,0.8860264261748085,1.7718126757070642
d:833:0.00019595319494314367,0.8860277987838927,0.8860264308178714,1.771858276406821
d:834:0.00016307772165191636,0.88602779392005,0.8860264354609342,1.7718911516593323
d:835:0.00013908407211715712,0.8860277985631022,0.8860264401039935,1.7719151545949785
d:836:0.00012007054696994146,0.886027775179695,0.8860264447470563,1.7719341493797813
d:837:0.00011115657868643325,0.8860277798227472,0.8860264493901191,1.7719430726341798
d:838:0.00010919882554105698,0.8860277576233173,0.8860264540331855,1.7719450128309617
d:839:0.0001147458594488171,0.886027735423891,0.8860264586762447,1.771939448240687
d:840:0.00012958096356285864,0.8860277305600519,0.8860264633193111,1.7719246129158002
d:841:0.00015092391057436316,0.8860277256962092,0.8860264679623704,1.7719032697480053
d:842:0.00018068705977825061,0.8860277303392614,0.8860264726054368,1.77187351588492
d:843:0.0002171032567908071,0.886027708139828,0.8860264772484925,1.7718370821315297
d:844:0.000259114062640009,0.8860277032759853,0.8860264818915589,1.7717950711049042
d:845:0.0003118065757128363,0.8860276984121427,0.8860264865346217,1.7717423783710515
d:846:0.00036803163466103683,0.8860276578330861,0.8860264911776881,1.7716861173761131
d:847:0.0004322519519668333,0.8860276624761383,0.8860264958207509,1.7716219063449223
d:848:0.0005044688775655004,0.8860276671191905,0.8860265004638102,1.771549698705435
d:849:0.0005798612871643627,0.8860276717622426,0.8860265051068765,1.7714743155819548
d:850:0.0006557741232704473,0.8860276764052948,0.8860265097499394,1.7713984120319637
d:851:0.0007374876609986813,0.886027681048347,0.8860265143929986,1.7713167077803469
d:852:0.0008310191049361038,0.8860276856913991,0.8860265190360685,1.7712231856225316
d:853:0.0009251340903944083,0.8860276903344477,0.8860265236791278,1.7711290799231811
d:854:0.0010222680550739938,0.8860276949774999,0.8860265283221871,1.771031955244613
d:855:0.0011229064540287936,0.8860276996205556,0.886026532965257,1.7709313261317838
d:856:0.0012179781717591709,0.8860277042636078,0.8860265376083163,1.770836263700165
d:857:0.0013243831471037026,0.8860277089066635,0.8860265422513827,1.7707298680109425
d:858:0.0014279774040169002,0.8860277135497121,0.8860265468944419,1.7706262830401371
d:859:0.0015369463977705777,0.8860277181927607,0.8860265515375048,1.770517323332495
d:860:0.001634461373591023,0.88602772283582,0.8860265561805711,1.7704198176428
d:861:0.0017341363388823083,0.8860277274788686,0.886026560823634,1.7703201519636202
d:862:0.0018268738233722104,0.8860277321219243,0.8860265654667003,1.7702274237652524
d:863:0.0019276560353809202,0.8860277367649765,0.8860265701097632,1.7701266508393587
d:864:0.0020282767690353865,0.8860277414080286,0.886026574752826,1.7700260393918192
d:865:0.002117450733784665,0.8860277460510808,0.8860265793958888,1.769936874713185
d:866:0.0022069385387695206,0.8860277506941365,0.8860265840389552,1.7698473961943222
d:867:0.002287847978649893,0.8860277553371887,0.8860265886820216,1.7697664960405604
d:868:0.0023725218338022103,0.8860277599802409,0.8860265933250808,1.7696818314715195
d:869:0.002447103522470684,0.886027764623293,0.8860265979681436,1.769607259068966
d:870:0.002512588904973967,0.8860277692663452,0.8860266026112136,1.7695417829725848
d:871:0.0025779174470095256,0.8860277739094009,0.88602660725428,1.7694764637166713
d:872:0.0026483580092566683,0.8860277785524531,0.8860266118973392,1.7694060324405356
d:873:0.002696034477107645,0.8860277831955052,0.8860266165404056,1.7693583652588032
d:874:0.002734875025684147,0.886027787838561,0.8860266211834684,1.7693195339963452
d:875:0.0027744490614196593,0.8860277924816131,0.8860266258265312,1.7692799692467247
d:876:0.0027971731202427463,0.8860277971246653,0.8860266304695941,1.7692572544740166
d:877:0.0028215805075504363,0.8860278017677174,0.8860266351126604,1.7692328563728275
d:878:0.0028429530249525214,0.8860278064107732,0.8860266397557233,1.769211493141544
d:879:0.00284848099813928,0.8860278110538289,0.8860266443987896,1.7692059744544792
d:880:0.0028431091953962095,0.886027815696881,0.886026649041856,1.7692113555433409
d:881:0.0028412550235579204,0.8860278203399403,0.8860266536849188,1.7692132190013012
d:882:0.002830606219660581,0.8860278249829889,0.8860266583279817,1.76922387709131
d:883:0.0028103384276256804,0.8860278296260411,0.8860266629710445,1.76924415416946
d:884:0.002774772850834495,0.8860278342690968,0.8860266676141109,1.7692797290323732
d:885:0.002740111840282111,0.8860278389121525,0.8860266722571772,1.7693143993290477
d:886:0.002697034921506969,0.8860278435552047,0.8860266769002436,1.7693574855339413
d:887:0.0026491541074626923,0.8860278481982569,0.8860266815433064,1.7694053756341006
d:888:0.0026085146837573348,0.8860278528413126,0.8860266861863693,1.7694460243439245
d:889:0.0025345312016007426,0.8860278574843683,0.8860266908294392,1.7695200171122067
d:890:0.002466585794824283,0.8860278621274169,0.8860266954724985,1.769587971805091
d:891:0.0023962429184258838,0.8860278667704726,0.8860267001155684,1.7696583239676151
d:892:0.002316901115889891,0.8860278714135283,0.8860267047586348,1.7697376750562732
d:893:0.002233324574866913,0.8860278760565805,0.8860267094016976,1.7698212608834112
d:894:0.002148812482637652,0.8860278806996362,0.8860266688226304,1.769905737039629
d:895:0.0020646436405087343,0.8860278853426884,0.8860266454392018,1.7699898871413815
d:896:0.001977323993031632,0.8860278899857441,0.8860266220557769,1.7700771880484893
d:897:0.00187598051549287,0.8860278946287963,0.8860265986723412,1.7701785127856446
d:898:0.0017772566164637738,0.8860278992718555,0.8860266033154005,1.7702772459707923
d:899:0.0016818485547531736,0.8860279039149077,0.8860265799319649,1.7703726352921194
d:900:0.0015746241371736858,0.8860279085579599,0.8860265750680476,1.7704798594888338
d:901:0.0014757246212582231,0.8860279132010156,0.8860265702041303,1.7705787587838877
d:902:0.0013714388285812618,0.8860279178440713,0.8860265748471967,1.7706830538626868
d:903:0.0012711648355221428,0.886027922487127,0.8860265526477846,1.7707833102993895
d:904:0.0011738687802385073,0.8860279271301792,0.8860265292643454,1.7708805876142861
d:905:0.0010704566668628956,0.8860279317732349,0.8860265244004246,1.7709839995067966
d:906:0.000980419381978237,0.8860279364162871,0.886026502201009,1.7710740192353178
d:907:0.0008867246264152584,0.8860279410593428,0.8860264800015933,1.7711676964345209
d:908:0.0007962960426226573,0.8860279457023985,0.8860264846446562,1.771258134304432
d:909:0.0007129749513126171,0.8860279503454542,0.8860264797807389,1.7713414551748805
d:910:0.0006287511826919001,0.88602795498851,0.8860264844238017,1.7714256882296198
d:911:0.0005505249218806796,0.8860279596315621,0.886026489066861,1.7715039237765424
d:912:0.0004746341828081313,0.8860279642746143,0.8860264937099274,1.7715798238017335
d:913:0.00040637786318242775,0.88602796891767,0.8860264983529937,1.7716480894074813
d:914:0.00034707229013264396,0.8860279735607257,0.8860265029960601,1.7717074042666532
d:915:0.00029337575362831103,0.886027978203785,0.8860264796126138,1.7717610820627705
d:916:0.0002472173124346,0.8860279828468407,0.8860264747486966,1.7718072402831027
d:917:0.00020303612964411855,0.8860279874898929,0.8860264525492738,1.7718514039095226
d:918:0.00016820577039311502,0.8860279921329486,0.886026447685353,1.7718862340479085
d:919:0.0001426857426096717,0.8860279967760043,0.8860264428214357,1.7719117538548304
d:920:0.0001205498207070832,0.88602800141906,0.8860264474645021,1.771933899062855
d:921:0.00011033368315338521,0.8860280060621157,0.8860264426005813,1.7719441149795436
d:922:0.00010593057461250055,0.8860280107051715,0.8860264377366605,1.7719485178672194
d:923:0.00010816080135356287,0.8860280153482272,0.8860264155372342,1.7719462700841078
d:924:0.0001205323477719844,0.8860280199912829,0.8860264201803005,1.7719339078238114
d:925:0.0001377201386318916,0.886028024634335,0.8860263979808707,1.7719167024765738
d:926:0.00016723846509592022,0.8860280292773943,0.8860263757814408,1.7718871665937392
d:927:0.0002016468792653825,0.8860280339204536,0.8860263804245072,1.7718527674656954
d:928:0.00024334751984511627,0.8860280385635022,0.88602638506757,1.7718110761112271
d:929:0.0002881464966009162,0.8860280432065579,0.8860263897106364,1.7717662864205934
d:930:0.000345797017295979,0.8860280478496172,0.8860263943537063,1.7717086451860276
d:931:0.000406669538435267,0.8860280524926729,0.8860263989967656,1.7716477819510033
d:932:0.0004768253655882404,0.8860280571357286,0.8860264036398355,1.771577635409976
d:933:0.0005508899287534064,0.8860280617787879,0.8860264082829019,1.7715035801329364
d:934:0.0006355705303633385,0.8860280664218401,0.8860264129259647,1.7714189088174415
d:935:0.0007222680930709657,0.8860280710648958,0.8860264175690311,1.771332220540856
d:936:0.0008172019131045261,0.8860280757079515,0.8860264222120939,1.771237296006941
d:937:0.0009124616183733281,0.8860280803510072,0.8860264268551639,1.7711420455877978
d:938:0.001011318026904462,0.8860280849940665,0.8860264314982267,1.7710431984653887
d:939:0.0011136740520889532,0.8860280896371187,0.8860264361412895,1.7709408517263192
d:940:0.0012232060573182935,0.8860280942801744,0.8860264407843559,1.770831329007212
d:941:0.0013334272441980488,0.8860280989232336,0.8860264454274223,1.7707211171064579
d:942:0.0014384376905809404,0.8860281035662858,0.8860264500704851,1.77061611594619
d:943:0.00154927832709717,0.8860281082093451,0.886026454713555,1.770505284595803
d:944:0.0016712176242918986,0.8860281128524008,0.8860264593566178,1.7703833545847267
d:945:0.0017849093467070531,0.8860281174954565,0.8860264639996842,1.7702696721484337
d:946:0.0019018634877490115,0.8860281221385158,0.8860264686427541,1.770152727293521
d:947:0.002020273765822367,0.8860281267815715,0.886026473285817,1.770034326301566
d:948:0.00213385590355486,0.8860281314246272,0.8860264779288833,1.7699207534499557
d:949:0.0022449520003959833,0.8860281360676829,0.8860264825719462,1.7698096666392331
d:950:0.0023545818313195355,0.8860281407107387,0.8860264872150125,1.7697000460944317
d:951:0.0024574301956441502,0.8860281453537979,0.8860264918580789,1.7695972070162327
d:952:0.0025625843762959732,0.8860281499968536,0.8860264965011488,1.7694920621217065
d:953:0.002657139480756854,0.8860281546399165,0.8860265011442152,1.7693975163033748
d:954:0.0027496275089688993,0.8860281592829722,0.8860265057872816,1.7693050375612849
d:955:0.002835477075077364,0.8860281639260279,0.886026510430348,1.7692191972812985
d:956:0.0029200626791023865,0.8860281685690836,0.8860265150734143,1.7691346209633956
d:957:0.002987974212746991,0.8860281732121429,0.8860265197164772,1.769066718715873
d:958:0.0030673061097523657,0.886028177855195,0.8860265243595435,1.7689873961049862
d:959:0.00312697492102032,0.8860281824982543,0.8860265290026135,1.7689277365798475
d:960:0.0031767075237887354,0.88602818714131,0.8860265336456798,1.7688780132632012
d:961:0.003223753708763155,0.8860281917843693,0.8860265382887462,1.7688309763643524
d:962:0.0032635874809123777,0.886028196427425,0.8860265429318126,1.7687911518783253
d:963:0.0032891220445314673,0.8860282010704843,0.8860265475748825,1.7687656266008354
d:964:0.0033061869274604305,0.8860282057135436,0.8860265522179489,1.768748571004032
d:965:0.003326007097836481,0.8860282103565957,0.8860265568610117,1.768728760119771
d:966:0.0033304639035129924,0.886028214999655,0.8860265615040817,1.7687243126002237
d:967:0.0033211577857450436,0.8860282196427143,0.886026566147148,1.7687336280041173
d:968:0.003302498501209783,0.88602822428577,0.8860265707902109,1.768752296574771
d:969:0.003280197777257854,0.8860282289288257,0.8860265754332808,1.7687746065848486
d:970:0.00325106223709426,0.886028233571885,0.8860265800763507,1.7688037514111414
d:971:0.003210625254883581,0.8860282382149407,0.8860265847194135,1.7688441976794707
d:972:0.0031662948703363725,0.886028242858,0.8860265893624799,1.7688885373501435
d:973:0.0031097541334084156,0.8860282475010557,0.8860265940055463,1.7689450873731936
d:974:0.0030462076698150042,0.886028252144115,0.8860265986486162,1.7690086431229162
d:975:0.0029725484756610854,0.8860282567871707,0.886026603291679,1.7690823116031886
d:976:0.0028965604011368384,0.88602826143023,0.886026607934749,1.769158308963842
d:977:0.0028224868113468915,0.8860282660732857,0.8860266125778153,1.7692323918397541
d:978:0.002740526283631084,0.8860282707163485,0.8860266172208853,1.7693143616536027
d:979:0.0026524157474270282,0.8860282753594007,0.8860266218639481,1.7694024814759217
d:980:0.002558699739580561,0.8860282800024635,0.8860266265070216,1.7694962067699045
d:981:0.0024605431406570233,0.8860282566190385,0.886026631150088,1.7695943446284694
d:982:0.002362641972545987,0.8860282344195909,0.8860266357931543,1.7696922282401992
d:983:0.00225965630636793,0.8860282122201433,0.8860266404362207,1.769795196349996
d:984:0.0021622051863978697,0.8860281888367112,0.8860266450792906,1.769892628729604
d:985:0.0020523361469102497,0.88602816663726,0.886026649722357,1.7700024802127068
d:986:0.0019489195479636123,0.8860281444378053,0.8860266543654234,1.770105879255265
d:987:0.0018345386366434013,0.8860281210543768,0.8860266590084898,1.7702202414262231
d:988:0.001729996176852211,0.886028125697429,0.8860266636515597,1.7703247931721364
d:989:0.0016288222055109713,0.8860281208336005,0.8860266682946261,1.7704259669227156
d:990:0.0015230741842344742,0.8860280986341422,0.886026672937696,1.7705316973876037
d:991:0.0014106846196391132,0.8860280752507066,0.8860266775807624,1.7706440682118298
d:992:0.0013112500624075096,0.8860280518672639,0.8860266822238287,1.770743484028685
d:993:0.001210657505673396,0.8860280470034319,0.8860266868668951,1.7708440763646536
d:994:0.0011102678870642535,0.88602802480397,0.8860266915099615,1.7709444484268673
d:995:0.0010143784102965014,0.8860280294470257,0.886026696153035,1.7710403471897642
d:996:0.0009189229503192564,0.886028034090085,0.8860267007961014,1.771135811935867
d:997:0.0008324106817703125,0.8860280107066423,0.8860267054391713,1.7712223054640432
d:998:0.0007438996060642467,0.8860279885071805,0.8860267100822412,1.7713107989833574
d:999:0.0006618710960282215,0.8860279663077151,0.8860267147253076,1.7713928099369944
d:1000:0.0005836707915811701,0.8860279441082461,0.8860267193683775,1.7714709926850425
d:1001:0.0005163942535979515,0.8860279487513054,0.8860267240114474,1.771538278509155
d:1002:0.00044800372157638435,0.8860279265518329,0.8860267286545138,1.7716066514847704
