823,49845,1106725105,640301,9210,
361,77791,1106467008,868211,11913,
103,90600,1106350846,971765,11970,
72,92690,1106314868,1006237,11417,
37,93603,1106294128,1026380,11136,
25,94849,1106280272,1038344,11794,
20,95049,1106272845,1045862,11508,
11,95280,1106268199,1050282,11512,
5,95683,1106265017,1052988,11591,
3,95558,1106263421,1054984,11318,
4,96081,1106260701,1057138,11360,
0,95688,1106260041,1058122,11433,
1,95485,1106259488,1058891,11419,
0,95244,1106257954,1060845,11241,
0,95754,1106256601,1061702,11227,
0,95963,1106256777,1061143,11401,
0,96091,1106255947,1061876,11370,
0,95784,1106254736,1063587,11177,
0,96070,1106254855,1063092,11267,
0,96066,1106253837,1064176,11205,
0,96223,1106253521,1064303,11237,
0,96235,1106252816,1065184,11049,
0,95964,1106252734,1065439,11147,
0,95966,1106251963,1066289,11066,
0,95566,1106252409,1066209,11100,
0,95913,1106251709,1066497,11165,
0,96009,1106251436,1066604,11235,
0,96063,1106251351,1066685,11185,
0,96290,1106250582,1067248,11164,
0,96284,1106250052,1067783,11165,
0,95765,1106250875,1067494,11150,
0,96119,1106250553,1067611,11001,
0,95766,1106250461,1068048,11009,
0,95943,1106249561,1068749,11031,
0,96170,1106249544,1068469,11101,
0,96090,1106249645,1068410,11139,
0,96032,1106249614,1068399,11239,
0,96046,1106248959,1069211,11068,
0,95926,1106248906,1069299,11153,
0,96420,1106247791,1070089,10984,
0,96312,1106249110,1068861,11001,
0,96211,1106248409,1069672,10992,
0,96058,1106248637,1069612,10977,
0,96188,1106248543,1069586,10967,
0,96023,1106247952,1070184,11125,
0,96586,1106247917,1069706,11075,
0,95922,1106248495,1069833,11034,
0,96072,1106248316,1069878,11018,
0,96561,1106247405,1070358,10960,
0,96111,1106247734,1070406,11033,
0,96285,1106247049,1070833,11117,
0,96198,1106247128,1070976,10982,
0,96381,1106247278,1070583,11042,
0,96206,1106247622,1070580,10876,
0,96560,1106247003,1070728,10993,
0,96252,1106246635,1071485,10912,
0,95864,1106247704,1070598,11118,
0,96040,1106247028,1071402,10814,
0,96058,1106247383,1070909,10934,
0,96269,1106246634,1071465,10916,
0,95780,1106246943,1071453,11108,
0,96367,1106246425,1071558,10934,
0,96665,1106246031,1071559,11029,
0,95904,1106247146,1071191,11043,
0,96294,1106246106,1071906,10978,
0,95890,1106247062,1071201,11131,
0,96458,1106245966,1071949,10911,
0,95835,1106246496,1072197,10756,
0,96175,1106247108,1071015,10986,
0,95853,1106246845,1071579,11007,
0,96105,1106246040,1072248,10891,
0,96176,1106246396,1071897,10815,
0,96055,1106246904,1071449,10876,
0,96122,1106246598,1071733,10831,
0,96444,1106245823,1072121,10896,
0,96632,1106245620,1072125,10907,
0,96251,1106245910,1072239,10884,
0,96438,1106246159,1071798,10889,
0,96430,1106245270,1072643,10941,
0,96077,1106246101,1072215,10891,
0,96120,1106245802,1072613,10749,
0,96653,1106245389,1072245,10997,
0,96456,1106245480,1072633,10715,
0,96468,1106245475,1072397,10944,
0,95952,1106245933,1072443,10956,
0,95899,1106245745,1072748,10892,
0,96074,1106245979,1072305,10926,
0,95869,1106245581,1072828,11006,
0,96152,1106245614,1072616,10902,
0,96444,1106245410,1072495,10935,
0,96366,1106244986,1072922,11010,
0,96139,1106245889,1072324,10932,
0,96313,1106245109,1072982,10880,
0,96294,1106245069,1073095,10826,
0,96167,1106245169,1072947,11001,
0,96075,1106246106,1072171,10932,
0,96603,1106244620,1073156,10905,
0,96441,1106246036,1071881,10926,
0,96311,1106245796,1072199,10978,
0,96006,1106244910,1073466,10902,
0,96381,1106245634,1072520,10749,
0,96529,1106244391,1073522,10842,
0,96591,1106245084,1072764,10845,
0,96033,1106245239,1073059,10953,
0,96276,1106244918,1073331,10759,
0,96241,1106245241,1072853,10949,
0,96117,1106245148,1073028,10991,
0,96305,1106245055,1072821,11103,
0,95950,1106245090,1073361,10883,
0,96108,1106244698,1073778,10700,
0,96419,1106244650,1073377,10838,
0,96212,1106244729,1073573,10770,
0,95993,1106244630,1073666,10995,
0,96345,1106244736,1073353,10850,
0,96201,1106244271,1073945,10867,
0,96228,1106244885,1073275,10896,
0,96477,1106244557,1073328,10922,
0,96141,1106244442,1073907,10794,
0,96470,1106244609,1073415,10790,
0,96167,1106244439,1073823,10855,
0,96132,1106244675,1073592,10885,
0,96126,1106245231,1073174,10753,
0,96284,1106244169,1074051,10780,
0,96444,1106244186,1073930,10724,
0,95780,1106245139,1073540,10825,
0,96717,1106244208,1073614,10745,
0,96108,1106245014,1073375,10787,
0,96057,1106244822,1073628,10777,
0,96476,1106244009,1074031,10768,
0,96529,1106244140,1073789,10826,
0,96103,1106244855,1073632,10694,
0,95972,1106244432,1074074,10806,
0,95772,1106245347,1073368,10797,
0,96788,1106243244,1074343,10909,
0,96808,1106244163,1073364,10949,
0,95890,1106244899,1073553,10942,
0,96187,1106244203,1074208,10686,
0,96254,1106244009,1074279,10742,
0,96447,1106244076,1074001,10760,
0,96196,1106244011,1074375,10702,
0,96226,1106244835,1073310,10913,
0,96405,1106244393,1073750,10736,
0,96450,1106243798,1074000,11036,
0,96446,1106244095,1073949,10794,
0,96769,1106244382,1073380,10753,
0,96091,1106244112,1074323,10758,
0,96218,1106244091,1074092,10883,
0,96653,1106243975,1074079,10577,
0,96290,1106244437,1073892,10665,
