data: dataset/hutter/text8w/.full
d:1:2.2378573252446063,7.4392069534907925,7.43920723236069,12.640556860606877
d:2:1.544550624252878,7.43920674982493,7.439207065771834,13.333863191343886
d:3:1.3212448006264772,7.4392068812880545,7.439207215959817,13.557169296621394
d:4:1.1959436003704926,7.439206669669693,7.4392074188804,13.6824704881796
d:5:1.1559502695739265,7.439206396436967,7.439207400174004,13.722463527037045
d:6:1.14168653673201,7.4392064954993415,7.439207638014686,13.736727596782018
d:7:1.1290170826796047,7.439206498875066,7.439207469893423,13.749396886088885
d:8:1.1213343396990894,7.439206605689998,7.439207531561799,13.757079797552707
d:9:1.1157068988447012,7.439206746297073,7.439207579410299,13.76270742686267
d:10:1.1139950643367023,7.439206693630208,7.439207569433242,13.764419198726747
d:11:1.1113825090887826,7.439206714875109,7.439207570346154,13.76703177613248
d:12:1.1103394030298794,7.439206371013626,7.439207483933581,13.768074451917327
d:13:1.1091633423664327,7.4392064773382724,7.439207421278562,13.769250556250402
d:14:1.105924668637222,7.439206537576963,7.439207161975469,13.77248903091521
d:15:1.1018191047104242,7.439206522299187,7.439207159804008,13.776594577392771
d:16:1.0997612437065083,7.43920679399301,7.439207431497872,13.778652981784374
d:17:1.0953454068382698,7.439206820890048,7.439207083240232,13.78306849729201
d:18:1.0928840521155863,7.439206679779003,7.439207321081,13.785529948744417
d:19:1.0894646374705736,7.439206533069406,7.439207592774874,13.788949488373706
d:20:1.088496748674256,7.439206734248188,7.439207602532504,13.789917588106436
d:21:1.084915433557402,7.439206586744886,7.439207510093752,13.793498663281236
d:22:1.0840006769517334,7.439206777642704,7.439207727317331,13.794413828008302
d:23:1.083451773324759,7.439206949870364,7.4392079990112485,13.794963175556854
d:24:1.0845713076082113,7.439206885949627,7.439207708288427,13.793843286629842
d:25:1.0843577384666592,7.439207157643585,7.439207270789284,13.79405668996621
d:26:1.0846945727085178,7.439207298250372,7.439207508630105,13.793720234171959
d:27:1.085091410771632,7.43920701764552,7.439207780324034,13.793323387197923
d:28:1.0835379123542417,7.439207025002897,7.439207772180183,13.794876884828838
d:29:1.0818577460245322,7.439206883826682,7.439207679713196,13.796556817515345
d:30:1.080635538219033,7.439206800050469,7.439207502899906,13.797778764731342
d:31:1.0773190856275665,7.439207002971438,7.439207774593857,13.801095691937729
d:32:1.0760780703568127,7.439207240812543,7.439207755879583,13.802336926335313
d:33:1.0745370253880022,7.439207207183365,7.439207925250047,13.80387810704541
d:34:1.0731048746401672,7.439207445024424,7.4392079074435244,13.805310477827781
d:35:1.0713870291978278,7.43920742973925,7.4392079552896675,13.80702835583109
d:36:1.0709038048675303,7.439207701433398,7.43920816594035,13.807512062506218
d:37:1.0697100298191877,7.439207830299317,7.4392083688613155,13.808706169341445
d:38:1.0695979188544822,7.439207810004595,7.439208107541262,13.808817998691374
d:39:1.0694468089550675,7.4392079510835245,7.439208082123196,13.808969224251653
d:40:1.0705928343740592,7.439207954454005,7.439208283302369,13.807823403382315
d:41:1.0704459305725944,7.439208097549685,7.43920816690755,13.80797033388464
d:42:1.0702464214945735,7.439207823683665,7.439208176543209,13.8081695787323
d:43:1.0694516244733627,7.439207557553015,7.439208115209745,13.808964048289397
d:44:1.0685166476880354,7.439207211534459,7.439208254572238,13.809898818418661
d:45:1.0672613306103358,7.439207428758396,7.439208302415928,13.811154400563987
d:46:1.0658708193596702,7.4392071459695295,7.439208143646198,13.812544470256057
d:47:1.0646829352986789,7.439206792956092,7.4392080925542,13.813731950211613
d:48:1.0640019028398342,7.439206662357941,7.439208293733316,13.814413053251423
d:49:1.0624665053412254,7.439206654518475,7.439208114840147,13.815948264017397
d:50:1.0625066414361957,7.439206325523374,7.4392083865344425,13.81590807062162
d:51:1.0624707805619469,7.439206184281801,7.4392083027096305,13.815943706429485
d:52:1.0620523580839443,7.43920587694927,7.4392085405508634,13.81636205941619
d:53:1.0623318125764474,7.439206148643601,7.43920848788412,13.816082823951273
d:54:1.0627325830818073,7.439206349822692,7.439208603926771,13.815682370667655
d:55:1.062434061751226,7.4392062227049625,7.439208681514343,13.815980842468079
d:56:1.0622162701710565,7.43920643335586,7.439208768356618,13.816198931541422
d:57:1.0616883710737497,7.439206243833869,7.43920882268646,13.81672669544658
d:58:1.0612442169894951,7.43920611135805,7.439208753541132,13.817170647909688
d:59:1.0603554974331573,7.439206383052458,7.439208766617581,13.818059652236881
d:60:1.0603063329259417,7.439206620893817,7.4392089168059226,13.818109204773798
d:61:1.0585956243186079,7.439206587254365,7.439209119727115,13.819820082662872
d:62:1.057901774838303,7.439206411394391,7.439208998864613,13.820513635420701
d:63:1.057709035310129,7.439206467639167,7.439208838847355,13.820706271176393
d:64:1.0561919516734921,7.439206739333633,7.439208979455195,13.822223767115336
d:65:1.0564879215813363,7.439206977175003,7.439208906701163,13.82192796229483
d:66:1.0561919796083483,7.4392071935598345,7.43920882497963,13.822224038931116
d:67:1.0558373735605642,7.439207163883918,7.439208597369447,13.8225783876928
d:68:1.057001388074939,7.439207304962636,7.439208869064066,13.821414785951763
d:69:1.0565315133198911,7.439207030456364,7.439208836433629,13.821884353570102
d:70:1.0564244799408993,7.4392069163573975,7.4392086319998665,13.821991068416365
d:71:1.0560078843739582,7.439206809486185,7.439208801370571,13.822407726482798
d:72:1.0557958316081617,7.439206925528923,7.439208698312751,13.822619792233512
d:73:1.0548315834118203,7.439207163370341,7.4392088140220665,13.823584393980587
d:74:1.0547506313034596,7.439207017088897,7.439209085716753,13.82366547150219
d:75:1.0536104459344546,7.439206882031094,7.439209040391676,13.824805476488315
d:76:1.0530937155409177,7.439207084952574,7.43920900731503,13.825322376726687
d:77:1.0527064347076855,7.439206970812641,7.439208601586037,13.825709137690993
d:78:1.0524297218001273,7.439206910283952,7.439208439645872,13.825985628129697
d:79:1.051633575202132,7.439207148125375,7.439208349746904,13.826781922670147
d:80:1.0519844432880667,7.439207167746133,7.439208332540483,13.82643105699855
d:81:1.052298004599752,7.439207066979099,7.4392081279131475,13.826117190292495
d:82:1.0517825872352322,7.439207076118985,7.439208278101281,13.826632766985034
d:83:1.0518814615803844,7.439206800965545,7.439208481022595,13.826533820407755
d:84:1.0515366395020411,7.439206598056423,7.439208459896522,13.826878418450903
d:85:1.051418074322772,7.4392067012175165,7.439208384843804,13.826997011738548
d:86:1.0508806037097287,7.4392064942171,7.439208554214378,13.82753444472175
d:87:1.0510500169419803,7.43920669539653,7.4392088259092475,13.827365504363797
d:88:1.0510289825626664,7.439206401169333,7.4392087180536315,13.827386136660298
d:89:1.049479821908573,7.43920632717446,7.439208857416153,13.82893536268204
d:90:1.0495656486758946,7.439206598869367,7.439208701232619,13.828849651426092
d:91:1.049202837877191,7.439206836710881,7.439208819845756,13.829212818679446
d:92:1.048685221801227,7.439206856327559,7.439208574175668,13.829730208702
d:93:1.0486754032205212,7.439206799050453,7.439208791400311,13.829740187230243
d:94:1.048160014630696,7.439206808185437,7.439208752357608,13.83025554591235
d:95:1.048123947896011,7.439206864395306,7.439208857986888,13.830291774486183
d:96:1.048125533513426,7.439206915425027,7.43920867023159,13.83029005214319
d:97:1.0482885536871738,7.4392067462586695,7.439208666013018,13.830126858584514
d:98:1.0480728286278076,7.43920688935445,7.4392087137605944,13.830342774487237
d:99:1.047402644472804,7.439206843053702,7.439208832373064,13.831013030953962
d:100:1.0477080242397712,7.439207044233164,7.439208612555781,13.830707632549174
d:101:1.047551173719926,7.43920691907822,7.439208424509657,13.83086416986795
d:102:1.0471930792697535,7.439206844504898,7.4392086623516605,13.831222427586805
d:103:1.0463394155419916,7.439207047426613,7.43920865360789,13.832076285492512
d:104:1.0461475074800095,7.439207264651346,7.439208756769283,13.832268513940619
d:105:1.0457414069034954,7.439207204529064,7.439208705663466,13.832674503289034
d:106:1.0454307954134823,7.4392072268852,7.4392085008418505,13.832984932313568
d:107:1.0456833818768683,7.439207437536798,7.439208587683243,13.832732643343173
d:108:1.045654525694724,7.439207070595131,7.439208480376534,13.832761025276941
d:109:1.0448668356150836,7.439206949502006,7.439208681556414,13.833548795443336
d:110:1.0450196981403543,7.439207152423659,7.4392086208481025,13.833396075131407
d:111:1.0450372523400677,7.439207148729842,7.439208571666567,13.833378468056342
d:112:1.0448159725402704,7.439206965305029,7.43920843788529,13.833599430650048
d:113:1.0444336591622072,7.4392070810146524,7.439208577247545,13.83398199909999
d:114:1.044858203814142,7.439207019166101,7.439208378861357,13.833557194213316
d:115:1.0442824310414736,7.439206799096507,7.439208650556701,13.834133018611734
d:116:1.0445989802356248,7.439206712709158,7.439208426838606,13.83381615931214
d:117:1.0437484806583228,7.439206580176963,7.439208664680772,13.834666764199412
d:118:1.0437377413600704,7.439206851872369,7.439208432277409,13.834677542789708
d:119:1.0433962994546544,7.439206992951146,7.439208299857553,13.835018993354044
d:120:1.0436845469656753,7.4392069675331705,7.43920822740451,13.834730647972005
d:121:1.043327962217024,7.439207074348296,7.439208499099905,13.835087611231177
d:122:1.0429483632028749,7.439207284999965,7.43920851385718,13.83546743565427
d:123:1.0427974188485845,7.439206921122663,7.439208785552577,13.835618287826655
d:124:1.0429238469879092,7.4392068299674445,7.439208752912117,13.835491735891653
d:125:1.042438031248242,7.439206816520695,7.439208490555867,13.83597727582832
d:126:1.0420846266698423,7.439206704274676,7.4392086407441145,13.836330718348949
d:127:1.0419024134875805,7.439206514901468,7.439208695499438,13.836512796913325
d:128:1.0422087810699647,7.4392063410170355,7.439208467600391,13.836206027547462
d:129:1.041859889738035,7.439206189060897,7.439208487221446,13.836554786544308
d:130:1.041892644149696,7.439206460756456,7.4392086032640865,13.836522419870846
d:131:1.041416676477029,7.439206698598554,7.439208565305327,13.836998587426852
d:132:1.0418287207624886,7.439206544159141,7.4392086516082685,13.836586475004921
d:133:1.0411590233105699,7.439206815854725,7.439208437761888,13.837256230306043
d:134:1.041243355592412,7.439206837899709,7.439208239026335,13.837171721333632
d:135:1.0409994140195575,7.439206976463858,7.439207919122426,13.837415481566726
d:136:1.0407292194586422,7.439207115027488,7.439208031730409,13.837685927299255
d:137:1.0404136467472362,7.439207302408626,7.439207603933509,13.838001259594899
d:138:1.0403330957994026,7.439207518794486,7.439207677518533,13.838082100513617
d:139:1.040146423932537,7.439207729446293,7.439207632494181,13.838268938007937
d:140:1.0405418657801686,7.439207563856245,7.439207835416148,13.837873533492225
d:141:1.0402204328892424,7.439207626995142,7.439207491552587,13.838194685658486
d:142:1.0396074487880806,7.439207457299183,7.439207423084101,13.838807431595203
d:143:1.0398745142011503,7.439207377765886,7.439207190367355,13.83854005393209
d:144:1.0392358383193816,7.439207493808601,7.439207137686312,13.839178793175531
d:145:1.0392579030787044,7.43920762527274,7.439207348338497,13.839157070532533
d:146:1.0389402605257096,7.439207648661181,7.439207311887792,13.839474700023263
d:147:1.0390677766960277,7.4392075821234,7.439207549730314,13.839347355157686
d:148:1.0393881023999398,7.43920778504549,7.439207540979901,13.83902722362545
d:149:1.038519881767252,7.439208002270847,7.439207659592066,13.839895780095661
d:150:1.0382541678824282,7.439208174499981,7.439207548445808,13.84016155506336
d:151:1.03851863886403,7.43920811191261,7.439207698633869,13.839897171682448
d:152:1.038515324750902,7.439208383608589,7.4392074656022995,13.839900524459987
d:153:1.0381671391164957,7.439208407813624,7.4392074444680265,13.840248713165154
d:154:1.0379908973928345,7.439208373730702,7.439207318163289,13.840424794501157
d:155:1.0377273496135917,7.439208512294099,7.439207535388716,13.840688698069224
d:156:1.0375371273314702,7.439208452155688,7.4392072429387035,13.840878567762921
d:157:1.0378101269117632,7.4392084745082006,7.4392071955678,13.840605543164237
d:158:1.0373745420977585,7.439208195313368,7.439207063091608,13.841040716307218
d:159:1.037412605942409,7.439208405965374,7.439206834902462,13.841002634925427
d:160:1.0374182482988648,7.439208261435448,7.439206636341467,13.84099664947805
d:161:1.0373647016953988,7.439208359210657,7.4392065871464155,13.841050244661673
d:162:1.0365898286357016,7.439208107773991,7.439206499212663,13.841824778350952
d:163:1.0365743300398833,7.43920789324226,7.439206487983329,13.841840051185706
d:164:1.036362018946523,7.4392081649384085,7.439206431335293,13.842052577327179
d:165:1.0362308451264717,7.439208167165804,7.439206221437681,13.842183543477013
d:166:1.0362841638310076,7.439207979699274,7.439206134179017,13.842129950047283
d:167:1.0362467887138074,7.439208196924794,7.439206372021719,13.842167780232705
d:168:1.036041370456907,7.439208158999261,7.439206185272175,13.842372973814529
d:169:1.0359190693219702,7.439208076687709,7.439206077709606,13.842495085075345
d:170:1.0356883238843793,7.439208132895953,7.439205887282782,13.842725696294355
d:171:1.0357066861586812,7.439208075371571,7.439205762028427,13.842707151241317
d:172:1.0359180276855628,7.439207663170791,7.439205979253897,13.842495614739125
d:173:1.035094913822542,7.439207488480577,7.439205906479469,13.843318481137503
d:174:1.03503854875561,7.439207629088582,7.439205668510031,13.843374748843003
d:175:1.0353965686794115,7.439207487584932,7.439205680905385,13.843016599810905
d:176:1.035283628627294,7.439207297912407,7.439205475888251,13.843129145173364
d:177:1.0352985674820534,7.439207165323783,7.439205645259548,13.843114243101278
d:178:1.034847166002793,7.4392074370201,7.43920570001278,13.843565971030086
d:179:1.0354331571296953,7.439207552729629,7.439205579287419,13.842979974887353
d:180:1.0354277063278907,7.439207377574,7.439205497542057,13.842985168788166
d:181:1.0350839654255157,7.439207615416919,7.439205638150542,13.843329288141945
d:182:1.034816973023867,7.439207508073503,7.439205629393408,13.843596164443044
d:183:1.0344451477980368,7.439207725299115,7.439205745435633,13.84396832293671
d:184:1.0340388909860945,7.439207634226575,7.43920591480672,13.844374658047201
d:185:1.0342458291863181,7.439207612692954,7.439205904823208,13.844167688329843
d:186:1.0340116501697292,7.439207753300588,7.439205676342587,13.844401779473445
d:187:1.0342428153271772,7.439207442471556,7.439205763183194,13.844170390327573
d:188:1.0341513642724287,7.439207057188019,7.43920562252517,13.844261315440761
d:189:1.0342644411941304,7.439207002623572,7.439205501616005,13.844148063045447
d:190:1.0338700309872682,7.439206982320961,7.439205262606558,13.844542213940251
d:191:1.0338852716112026,7.439207055906357,7.439205500449521,13.844527284744675
d:192:1.0337583445555065,7.4392069823007105,7.439205491685708,13.844654129430912
d:193:1.0335075760153938,7.439206830265784,7.4392055528247525,13.844904807075142
d:194:1.033619159982937,7.439207101962335,7.439205469845216,13.844793411824615
d:195:1.0329914083752065,7.4392073398053835,7.439205671026036,13.845421602456213
d:196:1.0331013055057081,7.439207479169582,7.439205776655156,13.84531195031903
d:197:1.0330700165641673,7.439207680350366,7.439205979577709,13.845343643363908
d:198:1.0328457171915684,7.439207478002027,7.439205792398711,13.84556755320917
d:199:1.0326999302152995,7.439207152195824,7.439205759311877,13.845712981292401
d:200:1.0329326834185615,7.439207174544537,7.439205706616505,13.84548019774248
d:201:1.0333429238476945,7.4392073774672305,7.439205733514395,13.845070187133931
d:202:1.032616283936333,7.439207506334293,7.439205635853224,13.845796858251184
d:203:1.0329395426525796,7.439207439470016,7.439205661986486,13.845473558803922
d:204:1.0326098990929893,7.439207425292217,7.439205618272149,13.845803144471377
d:205:1.0325479893471616,7.439207696988962,7.439205724598594,13.845865432240394
d:206:1.0324533454315645,7.439207611183555,7.43920552673139,13.84595979248338
d:207:1.0324173390618903,7.439207812364314,7.439205474021749,13.845995947324173
d:208:1.031931830591759,7.439207679887939,7.43920540866543,13.84648125796161
d:209:1.032507728178949,7.439207404078692,7.439205404971824,13.845905080871567
d:210:1.0317248372962986,7.439207237790233,7.439205256883342,13.846687657377277
d:211:1.0315655701029627,7.439207288132248,7.4392050811403845,13.84684679916967
d:212:1.0314736365966422,7.439207391293596,7.439205029700437,13.846938784397391
d:213:1.0314759603651193,7.439207522757876,7.439205161165782,13.846936723558539
d:214:1.031337670319953,7.439207353379633,7.43920502674905,13.84707470980873
d:215:1.0310995716254272,7.43920713768742,7.439205227929968,13.84731279399196
d:216:1.0317129133776621,7.439207280784114,7.439205090720105,13.846699458126556
d:217:1.0310106413927471,7.439207004313058,7.439205138465667,13.847401501385978
d:218:1.030920079085261,7.439207242156396,7.439205307836856,13.84749247090799
d:219:1.0311149868671645,7.4392068143576875,7.439205394676412,13.847297222166935
d:220:1.030479128850736,7.439206419742016,7.4392051542506845,13.847932445141964
d:221:1.0307959690887323,7.439206691438956,7.439205180380322,13.847615902730546
d:222:1.0308533193003555,7.439206822902692,7.439205136653756,13.847558640256093
d:223:1.0305500868663415,7.439206692249433,7.439205339576482,13.847861944959574
d:224:1.0304709278100912,7.4392066844038816,7.439205306479476,13.847941063073266
d:225:1.0312173794004984,7.439206552207315,7.43920525375556,13.847194426562377
d:226:1.0303293235327793,7.439206486921899,7.439205188381495,13.848082351770614
d:227:1.0304076931995052,7.439206345614213,7.439205294009943,13.848003946424651
d:228:1.030117312654589,7.439206270978417,7.439205206983006,13.848294165306834
d:229:1.0306560921305739,7.439206542675448,7.439205233109002,13.847755683653876
d:230:1.0297104532139887,7.439206449981695,7.439205101357457,13.848701098125163
d:231:1.0302558467480747,7.439206651162566,7.4392053185836975,13.848156122998189
d:232:1.0299847826696418,7.439206402266285,7.439205081296654,13.848426700893297
d:233:1.0294901626550548,7.439206378719341,7.43920474345982,13.848920959524106
d:234:1.02954203564461,7.4392065218157075,7.439204960685949,13.848869446857046
d:235:1.0299468017577595,7.439206094016614,7.439204922215593,13.848464214474447
d:236:1.0294107604274814,7.439206331860113,7.439204792049669,13.8490003634823
d:237:1.028945232262572,7.439206299229779,7.439204931412611,13.849465998379818
d:238:1.0298679518505498,7.439206242581742,7.439204923652749,13.848543214383941
d:239:1.0292582846063727,7.439206076692887,7.4392048213345365,13.849152613421051
d:240:1.029334988500585,7.439206219788813,7.439204834902524,13.849076066190753
d:241:1.0291599545422763,7.439206078415689,7.439204807218557,13.84925093109197
d:242:1.0289529646643487,7.439206279596524,7.439204754480354,13.84945806941253
d:243:1.0285604371874832,7.439205967553487,7.439204895561472,13.849850425927476
d:244:1.0286879015782322,7.439205836845673,7.439204761779397,13.849722697046838
d:245:1.028697916744001,7.4392058289935346,7.439204890647412,13.849712802896946
d:246:1.0286196489794008,7.4392056091747065,7.439204692607051,13.849790652802357
d:247:1.0289985663846366,7.439205329277012,7.439204566754341,13.849411329646717
d:248:1.0286014376194093,7.439205402861122,7.4392046215057235,13.849808586747436
d:249:1.028965374947438,7.439205145504406,7.439204384218462,13.84944415477543
d:250:1.0283988829839625,7.439205128945748,7.439204261912007,13.850010507873792
d:251:1.0281742530436784,7.439205400643081,7.439203922133881,13.850235069733284
d:252:1.0281208262233132,7.439205540007286,7.439204139360115,13.850288853144088
d:253:1.0279102190163734,7.439205239088594,7.439203862888416,13.850498882960636
d:254:1.0283890499862203,7.439204961947651,7.439204073541964,13.850019985503394
d:255:1.0279596989718183,7.439204765612423,7.43920385831596,13.850448924956565
d:256:1.028093065666761,7.439204872427794,7.439203997678538,13.850315804439571
d:257:1.027933658632417,7.439205083080987,7.439203809338725,13.850475233787295
d:258:1.0274891295141977,7.439204865965078,7.439203485063718,13.850919221514598
d:259:1.027943888725476,7.439205009060659,7.439203333419551,13.850464453754734
d:260:1.0274857527672214,7.439204731242553,7.439203412793384,13.850922391268716
d:261:1.0277189616533633,7.4392049418956425,7.439203112878394,13.850689093120673
d:262:1.0276706179079511,7.439204708862796,7.4392033301046006,13.850737421059446
d:263:1.0271260076078441,7.43920476319375,7.439203101623065,13.85128185720897
d:264:1.0272687086940557,7.4392048435207005,7.439203008101272,13.851139142927916
d:265:1.0272553773837245,7.4392050447016285,7.439203245945285,13.851152913263189
d:266:1.0270405980229995,7.439204959770663,7.439203134642566,13.85136749639023
d:267:1.0267531861615922,7.439205078385395,7.4392028782361965,13.85165477046
d:268:1.0273391806473597,7.439204629235007,7.439202724608496,13.851068173196143
d:269:1.0268862691466243,7.439204607693041,7.439202837216662,13.851521175763079
d:270:1.0267420666473388,7.43920484553694,7.439202545633901,13.851665324523502
d:271:1.0271268743324953,7.439204551307123,7.439202528241259,13.851280205215886
d:272:1.027049685814239,7.43920476853385,7.439202745467451,13.851357828187062
d:273:1.0262810259354147,7.439204589638901,7.439202805707714,13.8521263694112
d:274:1.0263908026779323,7.439204732734149,7.4392026985457225,13.85201662860194
d:275:1.0268230745928282,7.439204559303985,7.4392026023472475,13.851584087058404
d:276:1.0267992608174499,7.4392048310017085,7.439202803528758,13.851608373713017
d:277:1.0265514886914247,7.439205048228393,7.439202701042905,13.851856260579874
d:278:1.026620758660174,7.439204769725013,7.439202638640781,13.85178664970562
d:279:1.026762085617003,7.439204913633834,7.439202365404389,13.85164519342122
d:280:1.0265100019037874,7.439204663480146,7.439202136630028,13.851896798206386
d:281:1.0264760210416082,7.439204806574985,7.439202134453156,13.851930919986533
d:282:1.0258531173384267,7.439204665136158,7.43920240615118,13.852553953948911
d:283:1.0260229534560423,7.439204448972626,7.439202677849183,13.852384173365767
d:284:1.0259179774127087,7.439204555787331,7.439202414966109,13.852488993340732
d:285:1.026424984260382,7.43920479363139,7.439202248877157,13.851982058248165
d:286:1.0260385437672905,7.4392048498380206,7.439202466103424,13.852368772174154
d:287:1.0259384866816372,7.439205060491366,7.439202194725425,13.852468768535154
d:288:1.0258772272391585,7.439204906295986,7.439202108894381,13.852529787951209
d:289:1.0257971575681335,7.4392050131098415,7.439201910680206,13.852609766221914
d:290:1.0255745898216464,7.439205163301191,7.439201689589318,13.852832263068862
d:291:1.025173046680587,7.439204884104452,7.439201900243166,13.853233737667031
d:292:1.0256770145001646,7.439204777268639,7.43920161119209,13.852729373960564
d:293:1.0254326607472422,7.439204635764256,7.439201726902434,13.852973701919447
d:294:1.025119873564032,7.4392048079948285,7.439201666226406,13.853286600657203
d:295:1.0254079623671775,7.4392049465590855,7.439201602753123,13.85299858694503
d:296:1.025859847418273,7.439205133942139,7.439201260966216,13.852546547490082
d:297:1.0253363317695836,7.4392053503302815,7.439201240671684,13.853070259232382
d:298:1.0253678632427103,7.439205560983675,7.439201199667364,13.853038897408329
d:299:1.0253704476497703,7.439205378888403,7.439201101974836,13.853036033213469
d:300:1.024227558479117,7.439205151847997,7.439201312628631,13.854178905997511
d:301:1.02451878454203,7.439205258174406,7.439200994108191,13.853887467740567
d:302:1.0251167352384094,7.439205468827701,7.439200674201313,13.853289407790605
d:303:1.024685750045327,7.4392053797329805,7.439200912045749,13.853720541733402
d:304:1.0250216355349497,7.439205520813312,7.439200484244843,13.853384369523205
d:305:1.0247753546859801,7.439205083307858,7.439200442524498,13.853630171146376
d:306:1.0243442666222347,7.439204843238434,7.439200643706158,13.854061220322357
d:307:1.0246379832491783,7.439204783083579,7.439200299839412,13.853767099673812
d:308:1.0240251986380535,7.439204805428732,7.439199978512191,13.854379585302869
d:309:1.0244870651926785,7.439205022655795,7.439199678596328,13.853917636059444
d:310:1.0248197033938986,7.439204704135426,7.439199950294638,13.853584951036165
d:311:1.024347857307884,7.439204941979849,7.439199589325,13.854056673996965
d:312:1.024575719759719,7.439204880414122,7.439199827169434,13.853828987823837
d:313:1.0243161278050756,7.4392049242213325,7.439200098867758,13.854088895284015
d:314:1.0245256976344237,7.439204798368376,7.439200113620883,13.853879214354835
d:315:1.0241363114321445,7.439204649018254,7.4392001767605755,13.854268514346685
d:316:1.0238528388903259,7.439204642323151,7.439199995188861,13.854551798621687
d:317:1.0242401126378535,7.439204721697516,7.439200212415358,13.85416482147502
d:318:1.0245308874296342,7.439204582819835,7.439199784614111,13.853873480004312
d:319:1.023733605129312,7.439204441249741,7.439200001840485,13.854670837960914
d:320:1.0235604215506893,7.4392044325063456,7.439199820528973,13.85484383148463
d:321:1.0240210134774852,7.439204298953042,7.439200092227395,13.854383377702952
d:322:1.0241288249344862,7.439204398017132,7.439199917997406,13.854275491080053
d:323:1.0237087692163165,7.439204249854576,7.439200155841952,13.854695636480212
d:324:1.0236423586263719,7.439203919191334,7.439200427540399,13.854761988105361
d:325:1.0238357718737507,7.439203961013119,7.439200294499122,13.85456848363849
d:326:1.0236337075329711,7.439203722002148,7.439200277098701,13.854770291567878
d:327:1.0236400166071338,7.439203336715744,7.4392005149432325,13.854763835051843
d:328:1.0232994614861681,7.4392034798105655,7.439200786641724,13.855104804966121
d:329:1.0237504786634517,7.4392033381747105,7.439200710211438,13.854653569722696
d:330:1.0239057912036529,7.439203064304801,7.439200981909922,13.85449825501107
d:331:1.023472723146801,7.439203302149377,7.4392007027124265,13.854931281715002
d:332:1.0231183255149947,7.439203158915349,7.439200940556974,13.855285773957329
d:333:1.023254564141281,7.439203264546574,7.439201156945725,13.855149857351018
d:334:1.0228297277918923,7.439203465728269,7.439201292195504,13.855575030131881
d:335:1.0230528205214728,7.439203298630753,7.439201309037728,13.855351787147008
d:336:1.0233983521671615,7.439203018731776,7.439201312218023,13.855005978782637
d:337:1.023453029831776,7.439202877030137,7.439201273118734,13.854951120317095
d:338:1.0232231155075358,7.439203020939054,7.439201391731723,13.855181297163242
d:339:1.0228315082254547,7.439202853125128,7.43920135981419,13.855572704713863
d:340:1.022844629955289,7.439202614462623,7.439201330138387,13.85555931464572
d:341:1.0228475775444448,7.439202817386999,7.439201531320441,13.855556771162995
d:342:1.0225864153586635,7.43920268513382,7.439201636948836,13.855817906723992
d:343:1.0226698884876217,7.43920243540124,7.439201577084814,13.855734123998433
d:344:1.0223688440314085,7.439202636582859,7.4392012332175135,13.856035025768964
d:345:1.0221421574431773,7.439202786774297,7.439201471062221,13.85626210039334
d:346:1.0228212124361526,7.4392024654466375,7.4392014564486235,13.855582709459108
d:347:1.0222653795789327,7.439202123658941,7.439201251234383,13.856137995314391
d:348:1.022111063315677,7.439201973249064,7.439201017565793,13.85629192749918
d:349:1.0226175323787103,7.439201939548049,7.439200863369836,13.855785270539174
d:350:1.021977678974487,7.4392019498505135,7.439201074024247,13.856425344900273
d:351:1.0222728419484515,7.439202167077946,7.439201180842163,13.856130505971658
d:352:1.022661641771741,7.439202181835828,7.4392011944058325,13.85574173446992
d:353:1.0219072755753178,7.4392021676507465,7.439201432250581,13.85649632432601
d:354:1.0225756443028935,7.4392024393497795,7.43920139213772,13.855828187184606
d:355:1.0218948272481398,7.439202677194631,7.439201317063386,13.856509167009877
d:356:1.0222487819474928,7.439202614012359,7.4392011267864895,13.856154958851356
d:357:1.0216977506586638,7.439202885711419,7.439201266149549,13.856706401202304
d:358:1.021818397778251,7.439203029620087,7.439201537848547,13.856586169690383
d:359:1.0222018114132876,7.439202856075749,7.43920125794917,13.856202302611631
d:360:1.0217523008067833,7.439203006266945,7.439200957028715,13.856651662488877
d:361:1.021768881936966,7.439202852396111,7.439201013240016,13.856634983699161
d:362:1.0219238430351911,7.439202571786661,7.439200995831941,13.85647972458341
d:363:1.0216076388081792,7.439202715694883,7.4392009997127,13.856796076599403
d:364:1.0215418367548974,7.439202615767288,7.439201060850648,13.856861839863038
d:365:1.021372281345423,7.439202513881678,7.439201009883089,13.857031242419344
d:366:1.0222054814266262,7.439202580742993,7.439201149245717,13.856198248562084
d:367:1.021487807249141,7.439202791396994,7.439201420944826,13.85691640509268
d:368:1.0218495309569455,7.43920279231086,7.439201367126252,13.856554628480167
d:369:1.0212647262611068,7.439202618652713,7.4392013353582715,13.857139227749878
d:370:1.0209421077688816,7.439202550519369,7.439201348720598,13.857461791471085
d:371:1.0215151293789546,7.439202323192665,7.439201454348316,13.856888648162027
d:372:1.0213182879944664,7.4392025948919365,7.439201250678996,13.857085557576466
d:373:1.0213647815892593,7.439202812119619,7.439201349543062,13.857039380073422
d:374:1.0211857731690213,7.4392026703519925,7.439201302314929,13.8572181994979
d:375:1.0214005743390082,7.439202696860351,7.439201143542865,13.857003266064208
d:376:1.020875506625936,7.439202647369024,7.4392012841528405,13.857528424895929
d:377:1.021298724139747,7.439202396789089,7.439201555852097,13.857105228501439
d:378:1.020978848775334,7.439202321589006,7.439201463355817,13.857424936169489
d:379:1.020989424944922,7.439202524513766,7.439201344213112,13.857414443781956
d:380:1.0215040607460786,7.439202285151367,7.439201459923533,13.856899684328821
d:381:1.0212097736254009,7.4392020722034164,7.439201563086128,13.857193861664143
d:382:1.0203603853300418,7.439202289431073,7.4392013193407305,13.858043223441761
d:383:1.020993017554547,7.439202119306261,7.439201380476812,13.857410482228525
d:384:1.0209898433289482,7.439201853725709,7.4392011606564274,13.857413171053189
d:385:1.020794281201363,7.43920183337416,7.4392012595195425,13.857608811692339
d:386:1.021051632414407,7.439201976469077,7.439201089179983,13.857351433234653
d:387:1.0205594494366697,7.439201834635467,7.439201360879366,13.857843746078164
d:388:1.0207633992626093,7.439202072480757,7.439201010285947,13.857639683504095
d:389:1.0205684113475382,7.439202074402413,7.439201122894376,13.857834785949251
d:390:1.0204418994295157,7.4392020779803225,7.439201052118024,13.857961230668831
d:391:1.020674540473692,7.439202288634517,7.439200652205116,13.857728400365941
d:392:1.0203217479186009,7.43920200730577,7.439200731578373,13.858080990965542
d:393:1.0206543966290358,7.439202245151058,7.4392008379054015,13.857748686427424
d:394:1.0203759699985238,7.439202010516919,7.439200838813566,13.85802687933196
d:395:1.0205370991297187,7.439201935295802,7.439200411010692,13.857865247176775
d:396:1.019924890166843,7.439202138220628,7.439200351259386,13.85847759931317
d:397:1.0200672130934478,7.439202070531669,7.4392003733052245,13.858335230743446
d:398:1.020040102858795,7.439202211612381,7.439200645004721,13.858362753758307
d:399:1.0199050207668332,7.439202069712783,7.43920068663798,13.85849773558393
d:400:1.019833365332909,7.439201749804477,7.439200924483412,13.85856930895498
d:401:1.0202313302785715,7.439201987649794,7.439201196182944,13.858171853554166
d:402:1.0204128325400887,7.43920192606727,7.4392012059368415,13.857990299464022
d:403:1.0195270731510746,7.4392017841016145,7.439201143837046,13.858875854787586
d:404:1.019418681344554,7.439201985283917,7.439201166194225,13.858984470133588
d:405:1.0200504706021647,7.4392016455031325,7.439201383421921,13.858352558322888
d:406:1.0191291492298458,7.439201856157384,7.439201502034866,13.859274208962404
d:407:1.0194538665573951,7.439202073385289,7.439201472349579,13.858949679177472
d:408:1.0196692801113105,7.43920192023899,7.439201612959424,13.858734253087103
d:409:1.0196374712821346,7.439201707066806,7.439201673350025,13.858765909134696
d:410:1.0194487794269236,7.439201908249016,7.4392018235404525,13.858954952362545
d:411:1.0192275646185767,7.43920176015928,7.439201477515413,13.859175673056116
d:412:1.0191321863646827,7.439201970813475,7.439201715360998,13.85927149980979
d:413:1.0193866149791724,7.439202143045193,7.439201700740174,13.859017228806195
d:414:1.019036508392137,7.4392024147452105,7.439201495329314,13.859367401682388
d:415:1.018992493125701,7.439202441250094,7.439201705984628,13.85941165410902
d:416:1.0192162167732217,7.439202156187177,7.439201977684441,13.859187917098396
d:417:1.019119034046014,7.439201995896589,7.439201963056224,13.859284924906799
d:418:1.019558631510332,7.439202075270128,7.4392018708697645,13.85884531462956
d:419:1.019440196562737,7.439202123019301,7.439202142569592,13.858964069026156
d:420:1.0189112815469255,7.4392019122644335,7.439202204238535,13.859492834956043
d:421:1.0191017222622456,7.439201999109397,7.439202405421669,13.85930268226882
d:422:1.0191265815486883,7.439201857077556,7.4392024250395785,13.859277700568446
d:423:1.018745883065666,7.439201762628079,7.439202696739462,13.859658576301875
d:424:1.0190202967532223,7.439201133934036,7.439202678017841,13.859383515198655
d:425:1.0186262067612777,7.4392009138611765,7.439202879200877,13.859777586300776
d:426:1.018854745957782,7.439200735584391,7.439202777777922,13.859548767404531
d:427:1.0191711116437325,7.4392005221871536,7.439202674921653,13.859232085465074
d:428:1.0186203768656288,7.4392006285135786,7.4392027435549135,13.859782995202863
d:429:1.0186100826289817,7.43920070884017,7.439202780506831,13.859793406718019
d:430:1.018904207311456,7.439200683189878,7.439202581593134,13.859499057471556
d:431:1.019061424595952,7.4392004011326645,7.4392027226758,13.859341699212512
d:432:1.0183277574215914,7.43920040204093,7.439202625321778,13.860075269941117
d:433:1.0183098586555523,7.439200374012664,7.439202334593103,13.860092849950215
d:434:1.0188801595750796,7.439200321117076,7.439202140076095,13.85952230161809
d:435:1.0187499247180334,7.439200531771393,7.439202127028215,13.859652734081575
d:436:1.0188684138104058,7.439200592010602,7.439201614792198,13.859533792992394
d:437:1.0184956795972173,7.439200689786793,7.439201825447707,13.859906835637283
d:438:1.01839197034254,7.439200829152339,7.439201932265579,13.860010791075378
d:439:1.0183771143104838,7.439200690022737,7.43920153764533,13.860025113357583
d:440:1.0184413336981972,7.439200830632393,7.439201268654587,13.859960765588783
d:441:1.0178010776160153,7.439200598536685,7.439200936276693,13.860600457197362
d:442:1.0179974118473023,7.439200603972635,7.4392008995556544,13.860404091680987
d:443:1.0180662063285322,7.439200321178184,7.439200787506218,13.86033490235587
d:444:1.0180529937589355,7.439200202257947,7.439200349997421,13.860347558496432
d:445:1.0177164721187157,7.439200405183239,7.439199837761061,13.860683770825585
d:446:1.0184032763496589,7.439200280273505,7.439200054151415,13.859997058075262
d:447:1.0183170882601402,7.439199874536516,7.439200188050862,13.860082974327238
d:448:1.0180504783416229,7.4392000166494086,7.4392003789544905,13.860349917262276
d:449:1.017986943911021,7.439200155214619,7.439200521067422,13.86041373237102
d:450:1.0179858333766507,7.439200342599364,7.439200533253414,13.860415042476127
d:451:1.0178901564013962,7.439200558989546,7.439200631030804,13.860511033618954
d:452:1.017959578324719,7.439200830690146,7.4392005545145725,13.860441806879999
d:453:1.017786406330007,7.4392009295549215,7.439200826214872,13.860615349439787
d:454:1.0180601283365505,7.439200875093155,7.439200669007949,13.860341415764553
d:455:1.017503048968404,7.439200885391147,7.439200710788095,13.860898547210837
d:456:1.017396769478653,7.439201035582958,7.439200658035446,13.86100492413975
d:457:1.017577014424841,7.439200886006461,7.4392007571016165,13.860824628683236
d:458:1.017339988744542,7.439200972850374,7.439200817340987,13.86106180144682
d:459:1.0174219448024253,7.439201113931224,7.439200845162986,13.860980014291785
d:460:1.017622236883895,7.439201211706578,7.439200859912297,13.86077983473498
d:461:1.0174668487475618,7.439201208007384,7.439200778001659,13.860935137261482
d:462:1.0173384428984047,7.439201311169747,7.439200488116386,13.861063356387728
d:463:1.0169130678854472,7.439201451779189,7.4392003023536475,13.86148868624739
d:464:1.0168017420068232,7.439201299585193,7.439200414961947,13.861599972540317
d:465:1.0176092598942024,7.439201175701317,7.439200323750461,13.860792239557576
d:466:1.017212627147046,7.439201161509109,7.439200227430897,13.86118876179296
d:467:1.0175485839300045,7.4392009803263015,7.439200377621489,13.860852774017786
d:468:1.0174066327017108,7.439200903292573,7.439200387924339,13.860994658515201
d:469:1.0175332182468022,7.439201047201452,7.439200598580118,13.860868427534768
d:470:1.0178352451919945,7.439201264430187,7.439200335165353,13.860566354403545
d:471:1.0171127330289504,7.439201124921734,7.439200180887116,13.8612885727799
d:472:1.0177278015656892,7.439201021726806,7.43920012976708,13.860673349928197
d:473:1.017452607589453,7.439201128541281,7.4392003326931455,13.860948853644974
d:474:1.0170846285193882,7.4392012724497505,7.439200117464921,13.861316761395283
d:475:1.0169652926105268,7.439201140363393,7.439200334693538,13.861436182446404
d:476:1.0175353585520348,7.439201105129795,7.439200254247959,13.86086600082572
d:477:1.0172625452921054,7.439201306312796,7.439200464903703,13.861139225924394
d:478:1.0170156472208625,7.439201165394174,7.43920073660442,13.861386254777731
d:479:1.0170734299770334,7.439201232254405,7.439200778381894,13.861328580659265
d:480:1.0167473838845904,7.439201347965827,7.439200695377679,13.861654659458916
d:481:1.017141890106048,7.4392012697948235,7.43920063561028,13.861260015299056
d:482:1.0165200717484506,7.439201507641409,7.439200713199243,13.861882149092201
d:483:1.0166692808168474,7.439201088155166,7.439200524268605,13.861732331606923
d:484:1.0169240099184957,7.439200981246275,7.439200409177097,13.861477380504876
d:485:1.0169249974300527,7.4392012529474805,7.4392005485405335,13.861476804057961
d:486:1.016918982628079,7.439201396855614,7.439200646317168,13.861483060544703
d:487:1.0164739492406145,7.4392012790800965,7.439200815691347,13.861928145530829
d:488:1.0168135533218585,7.439201083742448,7.43920092201836,13.86158845243895
d:489:1.016288431831546,7.43920122482314,7.4392007236286695,13.862113516620264
d:490:1.0164736233747664,7.4392013225976985,7.439200940857425,13.861928640080357
d:491:1.0170447162440954,7.439201204208526,7.439200954808829,13.86135744277326
d:492:1.0166731753869964,7.439201442055184,7.439201073421884,13.861729340090072
d:493:1.0164483363249737,7.43920119189891,7.439201129631874,13.86195398520581
d:494:1.0171657367613527,7.439201463600247,7.439201236449321,13.861236963288215
d:495:1.0168388958435859,7.439201674255418,7.4392010331589145,13.861563811570747
d:496:1.0164470868282542,7.43920149815524,7.439201243814848,13.861955655141834
d:497:1.0166644098245357,7.439201604969053,7.439201460205959,13.861738655350477
d:498:1.0165595760244788,7.439201627011487,7.4392015941054765,13.861843645092485
d:499:1.0163711404298912,7.439201487439563,7.4392017814914695,13.862032128501141
d:500:1.0163304561383164,7.439201527421911,7.439201923604575,13.86207299488817
d:501:1.0165623661207608,7.439201765268644,7.439202134260485,13.861841533408368
d:502:1.0164056023660208,7.439201496859445,7.439202405961705,13.861998300455129
d:503:1.0162848595479694,7.439201768560919,7.439202201330426,13.862119110343375
d:504:1.016167325393205,7.439201969744186,7.439202439177546,13.862237083528527
d:505:1.016142651787236,7.4392019306112385,7.439202710878789,13.862261989702791
d:506:1.0159609250171542,7.439202117996656,7.4392027027293945,13.862443895708896
d:507:1.0161989678516044,7.439202260109864,7.439202610232924,13.862205902491183
d:508:1.0160587888999348,7.439202447495102,7.439202547813894,13.862346206409061
d:509:1.0162343093857178,7.43920266388619,7.439202273941685,13.862170628442158
d:510:1.0159428983921703,7.439202874541511,7.439202226362131,13.862462202511471
d:511:1.0161124108254977,7.439202849159738,7.43920233268852,13.86229277102276
d:512:1.01626489287424,7.439202871501802,7.439202030744411,13.862140009371974
d:513:1.0154901683835433,7.439202905650543,7.439201879098778,13.862914616365778
d:514:1.0160730982898212,7.439203143497485,7.4392018579566646,13.862331903164328
d:515:1.015722509035749,7.439202925410591,7.439201742237204,13.862682158612046
d:516:1.0156153363694074,7.439203197112343,7.4392017380133435,13.86278959875628
d:517:1.0153519629669727,7.43920306457821,7.439201463501105,13.863052565112342
d:518:1.015644615674205,7.439203127717562,7.439201437851029,13.862759949894386
d:519:1.015564519940039,7.439203011829562,7.4392015241554965,13.86284001604502
d:520:1.0157159790204098,7.439202855474331,7.439201543769684,13.862688420223606
d:521:1.0157216709632042,7.439203056657734,7.439201815471128,13.862683201165657
d:522:1.015511635612775,7.439202978641177,7.439201782820749,13.862893125849151
d:523:1.0152086365636634,7.4392030329714665,7.439201577212236,13.863195973620039
d:524:1.01610722543586,7.439203113297509,7.439201628507938,13.862297516369587
d:525:1.015302186737415,7.43920314556453,7.439201633944256,13.863102592771371
d:526:1.0153699792566453,7.439202787364124,7.439201404873318,13.863034212980796
d:527:1.0155500032805662,7.439202774316525,7.43920148520219,13.86285425623815
d:528:1.0153272690803803,7.439202586266834,7.439201374015489,13.863076691201943
d:529:1.0156923876398132,7.439202857968763,7.439201477178493,13.862711947507442
d:530:1.0155729026684828,7.439203075198424,7.439201457047746,13.862831629577688
d:531:1.015493132806359,7.439203064727488,7.439201607238745,13.862911539159875
d:532:1.0155924802137175,7.439203070226942,7.439201878940349,13.862812468953573
d:533:1.015392335415978,7.439203261131754,7.439201940608063,13.863012866323839
d:534:1.0150727544038034,7.439203433364865,7.439201924561305,13.863332603522366
d:535:1.0154588524444907,7.439203649756291,7.439201725996957,13.862946523308757
d:536:1.015517617387486,7.439203528569012,7.439201657378138,13.862887568559664
d:537:1.0152225949663887,7.43920338472318,7.439201874607566,13.863182664364357
d:538:1.014965633880598,7.43920352328907,7.439201599448076,13.863439488856548
d:539:1.0152813289523213,7.439203465748944,7.439201749638745,13.863123886435368
d:540:1.0151187324002198,7.439203571381224,7.439202021340458,13.863286860321463
d:541:1.0153582625704924,7.439203603645041,7.439201886514484,13.863047227589032
d:542:1.0154099412099757,7.439203719690786,7.43920212436214,13.86299590284295
d:543:1.0152946500493876,7.43920362927514,7.439201987150595,13.863110966376347
d:544:1.0152069852292112,7.439203622178029,7.439201781344529,13.863198418293347
d:545:1.014947300776866,7.439203562795942,7.439201854930708,13.863458116949785
d:546:1.015004194050924,7.439203636380604,7.43920195379428,13.86340139612396
d:547:1.015318493053332,7.43920353298161,7.439202056956502,13.86308709688478
d:548:1.0145592505720327,7.439203743637421,7.439202028778977,13.863846521844366
d:549:1.0150553199677255,7.439203382663807,7.439202056597919,13.863350119294001
d:550:1.014874930966677,7.439203369609089,7.439201857858592,13.863530296501004
d:551:1.01551253853588,7.439203181413319,7.43920179807515,13.862892440952589
d:552:1.0150512268794696,7.43920345311567,7.439201712344337,13.863353938580538
d:553:1.0147491211827706,7.4392035819857,7.439201561780401,13.86365602258333
d:554:1.0150930484690868,7.439203570757266,7.439201779009958,13.863312301298137
d:555:1.0149326692281235,7.439203361278766,7.439202050711902,13.863472742762545
d:556:1.014690451664837,7.439203467605653,7.439202031982591,13.863715047923407
d:557:1.0151489669576552,7.439203573237151,7.439201519743367,13.863256126022863
d:558:1.01479427061955,7.439203605497745,7.439201660826932,13.863610995705127
d:559:1.0147923381922705,7.4392034088229195,7.439201682270001,13.86361275290065
d:560:1.0149244595484852,7.439203680525381,7.439201577805235,13.863480798782131
d:561:1.014931774917498,7.439203918373082,7.439201727995734,13.863473871451317
d:562:1.01492587958003,7.439203898939384,7.439201834321658,13.863479853681012
d:563:1.0144750357168295,7.439203827851001,7.439201549256763,13.863930341390935
d:564:1.014881255796002,7.439204099553509,7.439201188282757,13.863524032040264
d:565:1.0148599524786626,7.439204198418437,7.4392013288938905,13.863545574833665
d:566:1.0150725967691532,7.4392043415151115,7.4392016005959665,13.863333345341925
d:567:1.0143208325888615,7.439204244099436,7.439201329214443,13.864084740725017
d:568:1.0145878812022406,7.439204205896864,7.43920089170294,13.863817216397564
d:569:1.0148404528067285,7.439204443744634,7.439200990565604,13.86356498150351
d:570:1.0142968340535,7.43920421164783,7.439201046813444,13.864108424407775
d:571:1.0149657314340335,7.439204483350441,7.439200895556155,13.863439647472562
d:572:1.0143600443053238,7.4392045203032495,7.439200819510184,13.86404529550811
d:573:1.014510881034024,7.439204429860334,7.439201030167004,13.863894578993314
d:574:1.0141398853753447,7.439204395767415,7.439201301869163,13.864265812261234
d:575:1.0141983752779176,7.439204170958748,7.439201293713255,13.864207089394085
d:576:1.0143008343578792,7.439203979610459,7.439201201188309,13.86410434644089
d:577:1.0139147172567728,7.4392041902665955,7.439201472890483,13.864490945900306
d:578:1.014386536928379,7.439204035660625,7.439201534556489,13.864019033288734
d:579:1.014097601808004,7.439203891746349,7.439201461761327,13.864307751699672
d:580:1.0144283044394555,7.439204033860008,7.439201217250108,13.863976946670661
d:581:1.013513295837278,7.439203912626336,7.439201018335085,13.864891635124144
d:582:1.013771215023331,7.439203768643692,7.439200854691174,13.864633408311535
d:583:1.0141135999037783,7.439203915772513,7.43920075217088,13.864291068039615
d:584:1.013969272393778,7.439204133002965,7.439200463935952,13.86443532454514
d:585:1.013691214770958,7.439204122525338,7.439200579981167,13.864713487735546
d:586:1.0139730962928422,7.439203967837187,7.439200749356337,13.864431620900682
d:587:1.0138082701791813,7.4392038237860945,7.439200671865844,13.864596225472757
d:588:1.013940401159525,7.439203996019668,7.439200620884515,13.864464215744658
d:589:1.013719158963296,7.43920402022273,7.4392007602486245,13.864685621508059
d:590:1.0137555675621623,7.43920389894274,7.4392008762931265,13.864649207673704
d:591:1.0141488790926907,7.439203754823115,7.439200670089791,13.864255545820216
d:592:1.0137091853593336,7.439203888724402,7.439200660366755,13.864695363731823
d:593:1.013618501319268,7.439203912923672,7.439200642748798,13.864786054353202
d:594:1.0140644938967895,7.439204018554607,7.439200479008859,13.864340003666676
d:595:1.0140149255742426,7.439204050812107,7.439200376454949,13.864389501692813
d:596:1.0136256179808143,7.4392041668576425,7.4392000873996995,13.864778636276528
d:597:1.0138083274493024,7.439204153302859,7.439200039807009,13.864595865660565
d:598:1.0135659387033087,7.439203524603174,7.439200031037336,13.864837616937201
d:599:1.0137533527437412,7.439203578931723,7.439200200412335,13.864650426600317
d:600:1.0137360409641136,7.439203659256959,7.439200104062296,13.864667722355142
d:601:1.014030147605565,7.439203691511153,7.439200314719356,13.864373858624944
d:602:1.0136054864366777,7.439203609999478,7.4392005311119505,13.86479865467475
d:603:1.0138750858543961,7.439203881702614,7.439200678240823,13.864529474089041
d:604:1.0136377616756835,7.439204119550874,7.439200816809986,13.864767174685177
d:605:1.0134944917413389,7.439203887142311,7.439201007715713,13.864910403116685
d:606:1.0135209149266533,7.439204158845465,7.439201147079519,13.86488439099833
d:607:1.0137564165981523,7.439204061491129,7.4392014187822095,13.864649063675186
d:608:1.013307944897715,7.439204272147597,7.439201400045022,13.865097727294904
d:609:1.0134177432186107,7.439203998274239,7.439201200953862,13.86498745600949
d:610:1.0130180832366875,7.4392041413709205,7.439201342037499,13.865387400171732
d:611:1.0134053766103381,7.43920404392439,7.439201242205421,13.864999909519472
d:612:1.0128583301820164,7.439204005710737,7.4392013923960825,13.865547067924803
d:613:1.0130748213223164,7.439204134580821,7.439201595324173,13.865330908582678
d:614:1.0126628369790218,7.439204123345588,7.43920152250884,13.865742808875407
d:615:1.01303250473733,7.4392040418105285,7.439201394822742,13.86537293189594
d:616:1.0131806583256768,7.43920369793884,7.439201510866752,13.865224550479915
d:617:1.0131176612318136,7.43920351245476,7.439201680241757,13.865287531464704
d:618:1.0127719492994025,7.439203618781322,7.439201824154392,13.865633493636311
d:619:1.0131763758279657,7.439202990080911,7.439201927316306,13.865228541569252
d:620:1.012795225111752,7.439203261784229,7.43920183213155,13.865609868804027
d:621:1.0134831190502247,7.4392031257773965,7.43920197149505,13.864921978222222
d:622:1.0129117015540228,7.439203326962158,7.439202031885101,13.865493657293236
d:623:1.0129999941518086,7.439203183047621,7.439201939190298,13.86540512808611
d:624:1.0130802307774882,7.439202899504416,7.439201649302907,13.865324318029835
d:625:1.0130023360068314,7.4392028800627426,7.439201799493315,13.865402343549226
d:626:1.0128574861337682,7.439202862694289,7.439202071196357,13.865547447756878
d:627:1.0127690540737682,7.43920313439768,7.439201936311537,13.865636016635449
d:628:1.0131665907595906,7.439203233262072,7.439202174160583,13.865238816663064
d:629:1.0129903044173147,7.439203036417387,7.4392021595254985,13.865414891525571
d:630:1.012750608967643,7.439203019690627,7.439201960257755,13.865654370980739
d:631:1.0123764230002585,7.4392029747912485,7.439201936155504,13.866028487946494
d:632:1.0135848063586952,7.439203117370457,7.439202146812997,13.86482045782476
d:633:1.0128331539425837,7.43920294232818,7.439202138036844,13.86557192642244
d:634:1.0127758916712857,7.43920308444191,7.439202307411799,13.865629500182424
d:635:1.012927869012639,7.439203045207412,7.439202211031619,13.865477387226392
d:636:1.0127332427610476,7.439203248135595,7.439201920300171,13.865671925674718
d:637:1.0132827497471286,7.439203198306043,7.439201713696983,13.865122162255897
d:638:1.013160177978774,7.439202926310784,7.439201845166233,13.865244593498243
d:639:1.0122614253169555,7.439203031941151,7.439202116869465,13.86614372349366
d:640:1.0124899456885892,7.439203233125999,7.439202059174084,13.865915346611494
d:641:1.0125182481171624,7.43920337420807,7.439201781350935,13.865886907441842
d:642:1.0123199376212266,7.439203255774407,7.439201684940507,13.866085003093687
d:643:1.0127269873240436,7.4392031910698755,7.43920185431524,13.865678058061071
d:644:1.0124960618199967,7.439203109417603,7.439201629231087,13.865908676828694
d:645:1.0130217756550124,7.439203188791552,7.439201839888616,13.865383253025156
d:646:1.0124885631978575,7.43920307031375,7.439201943049802,13.865916450165695
d:647:1.0121923729822768,7.439203214223394,7.439201939351239,13.866212780592356
d:648:1.0125563742338635,7.43920307024038,7.439202037128348,13.865848733134865
d:649:1.0123435186503649,7.4392029408761715,7.4392019199595545,13.866061342185361
d:650:1.0125551582142087,7.439203009511084,7.43920219166295,13.865850042959826
d:651:1.0122176074034819,7.4392032812148905,7.439202029251611,13.86618770306302
d:652:1.0127610895265615,7.439203519063849,7.439202267100981,13.865644696638268
d:653:1.0122464808850236,7.439203385337265,7.439201974643881,13.866158879096123
d:654:1.0125815012062773,7.439203327781637,7.439201878203219,13.86582370477858
d:655:1.0123568149668607,7.439203518688016,7.439201429043832,13.866048132764988
d:656:1.012099161354998,7.4392036572547315,7.439201419314202,13.866305915213935
d:657:1.0119323264304256,7.439203844641952,7.439201431496414,13.86647294970794
d:658:1.0126021112407084,7.439204061035227,7.439201256918318,13.865803206712837
d:659:1.0122519902731408,7.4392042031488135,7.439201337246796,13.866153550122469
d:660:1.01228414516887,7.439204375383074,7.43920125798318,13.866121488197384
d:661:1.012086068026349,7.439204308917157,7.43920119735612,13.866319438246927
d:662:1.0120205127143862,7.439204205483826,7.439201398542464,13.866385091311903
d:663:1.012003657213226,7.43920441614101,7.439201418153175,13.866402177080959
d:664:1.0121088011272015,7.4392037874391495,7.439201635384348,13.866296621696296
d:665:1.0123832479538724,7.439203482316072,7.4392014671549145,13.866021701517115
d:666:1.011771482447413,7.439203699547674,7.439201534018352,13.866633751118613
d:667:1.0121539603551195,7.43920355744857,7.4392014375474,13.86625103464085
d:668:1.0119780363608495,7.439203688916445,7.439201587737877,13.866427240293472
d:669:1.0119287970217083,7.439203660879448,7.439201648873947,13.866476512731687
d:670:1.0119764151303166,7.439203376579432,7.439201471573149,13.866428433022264
d:671:1.0120708117733859,7.439203398918345,7.439201523532978,13.866334110677936
d:672:1.0122276858589032,7.4392036706225255,7.439201673723073,13.866177658486695
d:673:1.0115472547163353,7.4392037144290875,7.439201381265667,13.866857840978419
d:674:1.0122563088760739,7.439203340816736,7.439201255059391,13.866148287000053
d:675:1.0116050102268748,7.439203287562567,7.439201398972179,13.86679967630787
d:676:1.0117711980161133,7.439203559266765,7.439201234749746,13.866633596000398
d:677:1.0118759733320033,7.439203699878298,7.439201445407594,13.86652917195389
d:678:1.0116849837412705,7.439203435927006,7.4392015085479795,13.866719960733715
d:679:1.0119300374185674,7.43920335988107,7.439201472086822,13.866474794549324
d:680:1.0115517457378793,7.439203500963089,7.4392011804984115,13.866852935723621
d:681:1.01166568487705,7.439203718194795,7.439201071188537,13.866739104506282
d:682:1.011578609524646,7.439203860774132,7.439201062405752,13.866826313655238
d:683:1.0116282014040259,7.4392039993406485,7.439201160182055,13.866776958118677
d:684:1.0118276050925612,7.439204186728041,7.439201180541863,13.866577762177343
d:685:1.01165880486535,7.439204403121629,7.439201012312276,13.866746610568555
d:686:1.0117716974390927,7.439204613779026,7.439200904711317,13.86663382105125
d:687:1.011762918094183,7.439204495257018,7.439200959260004,13.86664253642284
d:688:1.0117630327950682,7.439204733106566,7.439201039587248,13.866642739898746
d:689:1.0116877571341707,7.439204680567942,7.4392009526620555,13.866717876095827
d:690:1.0119530238553107,7.439204952272432,7.439200892018627,13.866452820435748
d:691:1.0114571609020722,7.439205092883695,7.439201093205215,13.866949025186837
d:692:1.011772312142611,7.439204903207083,7.439201112811922,13.866633703876394
d:693:1.0115972207214607,7.43920504428883,7.439201010291358,13.866808833858727
d:694:1.0119051092723215,7.43920464966377,7.4392009427311585,13.866500483122607
d:695:1.011720725169365,7.439204637583071,7.439201159962662,13.866685072376368
d:696:1.0116136091740255,7.439204909287623,7.439201026521758,13.866792326635355
d:697:1.0116092838902286,7.439204749266366,7.439201237179754,13.866796702555892
d:698:1.011562167445252,7.439204697854494,7.439201025554862,13.866843555964104
d:699:1.011949873704241,7.43920483893579,7.439201157024142,13.866456122255691
d:700:1.0111547306360347,7.439204954981639,7.43920103111933,13.867251255464934
d:701:1.0111869802865208,7.439204950764751,7.439201268969388,13.867219239447618
d:702:1.0111043299751774,7.439204550845883,7.439201066242575,13.86730128711328
d:703:1.0113460397800011,7.4392044603754535,7.439201283474077,13.86705970406953
d:704:1.0112312343752432,7.439204456787765,7.439201167711847,13.867174390124369
d:705:1.0116121379047343,7.439204405222235,7.439200875253974,13.866793142571474
d:706:1.0113222083012001,7.439204608151385,7.439201018357036,13.867083418207221
d:707:1.010893988442911,7.43920447208458,7.439200861576202,13.86751134521787
d:708:1.011343630580635,7.439204673270355,7.439201099426274,13.867062142115994
d:709:1.011200212837407,7.43920467678986,7.439200835474454,13.867205299426907
d:710:1.0106713363995663,7.4392045436337035,7.439200934541901,13.867734141776038
d:711:1.0106999572143476,7.439204401468189,7.439201032317374,13.867705476571215
d:712:1.010856072923664,7.43920414313955,7.439201052673237,13.867549122889123
d:713:1.0110530660990396,7.439204380989413,7.43920069446944,13.867352009359813
d:714:1.0109324408825326,7.4392042371427465,7.439200844172376,13.86747264043259
d:715:1.0106586651421097,7.439204508847585,7.439200745576301,13.867746589281776
d:716:1.011062742199515,7.439204719505307,7.439200851902708,13.8673428292085
d:717:1.0111711220279211,7.439204476134597,7.439200734733614,13.86723408884029
d:718:1.0109325097460395,7.439204713984466,7.439200667868679,13.867472872107106
d:719:1.0109881581603783,7.439204613669746,7.439200680046422,13.86741713555579
d:720:1.0109622238944098,7.43920488537465,7.439200572408726,13.867443233888967
d:721:1.010911047653197,7.4392050355694685,7.439200789640351,13.867494777556622
d:722:1.0112797986406754,7.439205018835363,7.439200746133569,13.867125966328256
d:723:1.0109711605802971,7.439205169029776,7.439200735448569,13.867434743898048
d:724:1.010464323471016,7.439205019452103,7.439200668964343,13.86794136494543
d:725:1.0108766015406268,7.439205125082474,7.439200940669057,13.867529464210904
d:726:1.0108878984748024,7.439205326268375,7.439200849622642,13.867518277416215
d:727:1.0106532158050587,7.439205242125116,7.439201087472943,13.867753113793
d:728:1.0107912233255565,7.439205141778093,7.439201154334983,13.867615072787519
d:729:1.0109751857767115,7.43920499820366,7.439201040233529,13.867430852660478
d:730:1.0109625601310555,7.439205201133031,7.439201014251283,13.86744365525326
d:731:1.0105705057095449,7.439205135170745,7.439200900108867,13.867835529570067
d:732:1.0107480342170074,7.439205234237589,7.439200797453829,13.86765799747441
d:733:1.010892899652296,7.439204828495104,7.439200896520429,13.867512825363237
d:734:1.0105521802246287,7.439204379334093,7.439200777242368,13.867852976351832
d:735:1.0103829878031902,7.439204429676824,7.439201048947222,13.868022490820856
d:736:1.0105089301270755,7.4392047013819695,7.439200953376346,13.86789672463124
d:737:1.0107556146990522,7.43920461721418,7.439201191226731,13.86765019374186
d:738:1.0103874366401122,7.43920470405938,7.439201104787143,13.86801837220641
d:739:1.0102645968776898,7.439204418992329,7.4392011464195775,13.868140968534217
d:740:1.0105635418468246,7.4392043592894925,7.4392010477920945,13.867841865234762
d:741:1.0106678186331113,7.439204107411525,7.439201258450627,13.86773754722904
d:742:1.0103674506117688,7.439204248022813,7.439201198327922,13.868037995738966
d:743:1.0103458914110544,7.439204163830505,7.4392013014890015,13.868059573908452
d:744:1.010368437729868,7.439203964029344,7.439201333757072,13.868036860056549
d:745:1.010177411537951,7.439203855207511,7.4392011707793095,13.86822761444887
d:746:1.0101615950954947,7.439203990462085,7.43920131014368,13.86824370551027
d:747:1.0101374073088696,7.439204132576194,7.439201337959998,13.868268063227323
d:748:1.010007930364715,7.439204319964281,7.439201554354849,13.868397943954415
d:749:1.010240492526087,7.4392045363587584,7.4392015866196495,13.86816563045232
d:750:1.010296541724161,7.439204808064121,7.439201422299874,13.868109688639834
d:751:1.0102602235192801,7.439204951974602,7.439201538013267,13.868146266468589
d:752:1.0102801085403446,7.439204803883259,7.4392018097184405,13.868126505061355
d:753:1.0097543253091743,7.439204645548331,7.439201695535017,13.868652015774174
d:754:1.010624177041441,7.439204917253726,7.439201933385638,13.867782673597922
d:755:1.0096183099156306,7.439205058335171,7.439201894904533,13.868788643324073
d:756:1.0099566420572632,7.439204918698795,7.439201768647548,13.86845004528908
d:757:1.0097336743073875,7.439204958679909,7.439201757955772,13.868673042328293
d:758:1.0102972935559453,7.4392051693381624,7.439201567827057,13.868109443609274
d:759:1.0100108360531053,7.439205037805653,7.439201414115782,13.86839561586833
d:760:1.0102221371305724,7.4392050994791425,7.439201349516164,13.868184311864734
d:761:1.0098438804701058,7.4392053711846415,7.439201560174871,13.868563050889406
d:762:1.009886857241689,7.439205059133881,7.439201474594396,13.868519676486589
d:763:1.0096645633788839,7.439204430428772,7.43920121377616,13.868741080826048
d:764:1.009931251273633,7.439204384115563,7.439200901725128,13.868474034567058
d:765:1.009559449703044,7.4392042970619485,7.439201008051086,13.86884585540999
d:766:1.0099730023331421,7.439204499991652,7.439200920115965,13.868432417774475
d:767:1.0101864553325512,7.4392047378422745,7.439200887009308,13.868219169519032
d:768:1.0098255771184732,7.439204670282249,7.439200787496331,13.868579880660107
d:769:1.0099018284996824,7.439204941987827,7.439200819757872,13.868503933246016
d:770:1.009992185444279,7.4392049045696,7.439200925388427,13.868413644513748
d:771:1.0099060314212167,7.4392051057559865,7.439200909871731,13.868499984206501
d:772:1.0100829449002564,7.43920524683713,7.4392009229460765,13.86832322488295
d:773:1.0098706587852195,7.439205345903305,7.439201124133723,13.868535811251808
d:774:1.0099639598923371,7.439205227336853,7.439201037617657,13.868442305062173
d:775:1.0098947366591506,7.4392049623011065,7.439200866626731,13.868511092268687
d:776:1.0101874801049693,7.439205163487392,7.439200998096247,13.86821868147867
d:777:1.009278027186756,7.439205023787421,7.439200901866451,13.869127898467116
d:778:1.0098283918397293,7.439204988543885,7.439201103053987,13.868577699758143
d:779:1.0099081723451917,7.439205189730032,7.439201374759598,13.868498392144438
d:780:1.0099534066749172,7.439205067937795,7.439201323625879,13.868452984888757
d:781:1.0100668228429939,7.439205154782085,7.439201561476844,13.868339893415936
d:782:1.0099381975455923,7.439205295862834,7.439201501337957,13.868468599655198
d:783:1.0098298439902802,7.439205010018835,7.439201207996762,13.868576374025317
d:784:1.0095053455710197,7.439204861780373,7.439201351100262,13.868900867309616
d:785:1.010035064853886,7.439204928641216,7.439201253375737,13.868371117163067
d:786:1.0097891507073076,7.439205072551632,7.439201332750706,13.86861725459503
d:787:1.0092443626180003,7.439204791936806,7.439201192347346,13.869161621666152
d:788:1.0098295529662238,7.439204687436906,7.43920116490494,13.868576299375622
d:789:1.009382383606173,7.439204550285222,7.43920115674301,13.86902332342206
d:790:1.0094359667928483,7.439204629658944,7.439201070277878,13.868969733143974
d:791:1.0092690734894205,7.4392040009528735,7.439201007605359,13.869135935068812
d:792:1.0099307570287088,7.439204010459104,7.439200873763227,13.868474127193622
d:793:1.009806970314468,7.439203840117047,7.439201090995882,13.86859796079846
d:794:1.0098367462236162,7.439204077967998,7.43920119781529,13.868568529559672
d:795:1.009590026454065,7.439203740121954,7.439201032910473,13.868814746578362
d:796:1.0095988284002253,7.439204011827938,7.439201112284033,13.868806295711746
d:797:1.0099654499029018,7.439204001852882,7.439201010629098,13.868439562579079
d:798:1.0097906449332612,7.439203900790126,7.4392012212882115,13.868614477145076
d:799:1.009549750572793,7.439203757147327,7.4392014929941634,13.868855499568697
d:800:1.008934577423135,7.439203960077338,7.439201400440513,13.869470783094716
d:801:1.0095275344421175,7.439203835559386,7.439201638291733,13.868877939409002
d:802:1.0096456766923367,7.439204036745638,7.439201854687324,13.868760214740625
d:803:1.009224898355864,7.439203952528725,7.439202001818206,13.869181055991067
d:804:1.0097933876419791,7.439204093609147,7.439202140389201,13.868612846356369
d:805:1.0095070159167499,7.439204310842735,7.439202287519661,13.868899582445646
d:806:1.0094546013544043,7.439204015695687,7.439202498178821,13.868951912520103
d:807:1.0090804050327797,7.439203962427198,7.439202455458469,13.869326012852888
d:808:1.0093772595374197,7.439204234133371,7.4392021612211305,13.869029135817081
d:809:1.0098551894732797,7.439204349847513,7.439202304324487,13.86855146469872
d:810:1.0095184647145992,7.439204262354833,7.439202229228814,13.868888026869048
d:811:1.0093667522526761,7.439204169914312,7.439202467080163,13.869039884741799
d:812:1.0095692960310014,7.439204085525626,7.439202370578691,13.868837160073316
d:813:1.0090245995615401,7.439204226605646,7.439202539955401,13.869382166999507
d:814:1.009528825556579,7.439204222901601,7.439202461273863,13.868877858618886
d:815:1.0086875784158131,7.439204366000206,7.439202577319174,13.869719364903567
d:816:1.0090877794502422,7.439204079368814,7.439202718404767,13.869319018323338
d:817:1.0089592205626055,7.43920397590097,7.439202668913666,13.86944742425203
d:818:1.008804729219765,7.43920418655995,7.439202879572877,13.869602336913061
d:819:1.0086953230869007,7.439203945042731,7.439203082504012,13.869711704459842
d:820:1.009367307712436,7.439203926401605,7.439203090254345,13.869039708943514
d:821:1.0091779641284475,7.439204060304881,7.439203328105817,13.869229424282251
d:822:1.0091313657439969,7.439204202419365,7.439203284220513,13.869276120895881
d:823:1.009012565568959,7.439204389808296,7.439203308428464,13.869395132667801
d:824:1.009138694994009,7.439204606203836,7.439203415247368,13.869269326457195
d:825:1.0090205857292371,7.439204877910322,7.439203238308034,13.869387530489119
d:826:1.0093235537094714,7.439205021820715,7.43920345554122,13.869084923652464
d:827:1.0087179959426216,7.439204725749121,7.4392035032879065,13.869690233094406
d:828:1.0095551257309747,7.439204711550682,7.4392036219038165,13.868853207723523
d:829:1.0092602485415991,7.439204983257197,7.439203401827296,13.869148136542893
d:830:1.0089764378201682,7.43920489901579,7.4392032136294155,13.869431674825037
d:831:1.0095508276979164,7.439204611586554,7.439203451480969,13.868857235369607
d:832:1.0090420811852034,7.439204745489413,7.4392035118705095,13.869366176174719
d:833:1.009031837575428,7.439204887603564,7.439203749722017,13.869376799750153
d:834:1.0089273796460905,7.439205074992458,7.43920385654012,13.869481551886487
d:835:1.0088866399618848,7.439205291388074,7.4392037587847195,13.869522410210909
d:836:1.008652910973737,7.439205502047258,7.439203902699065,13.869756493772586
d:837:1.0090517508105723,7.4392053081751435,7.439203958946651,13.869357516311222
d:838:1.0087718697022865,7.43920537503457,7.439203814825802,13.869637320158086
d:839:1.0086561619297019,7.439205612886289,7.439203687807073,13.86975313876366
d:840:1.0091773241446997,7.439205320426833,7.439203725843061,13.869231722125194
d:841:1.0085735092645063,7.439205592133559,7.439203649733058,13.86983573260211
d:842:1.008808532404636,7.439205829985244,7.439203490781809,13.869600788362417
d:843:1.0087892138586678,7.439205693438382,7.439203144749628,13.869619624329342
d:844:1.0085967935836546,7.439205772811123,7.439203287852958,13.869812267080427
d:845:1.0089239104631762,7.439205554964953,7.439202992705306,13.869484637207083
d:846:1.0083240094976418,7.439205519541616,7.439203203364823,13.870084713408797
d:847:1.0086674053535507,7.439205632156533,7.439203310182098,13.86974153698508
d:848:1.0083505589689956,7.439205586831834,7.439203581889059,13.870058609751897
d:849:1.0085789468284432,7.4392055261559555,7.439203322575965,13.869829901903477
d:850:1.009124018173619,7.439205676351502,7.439203539809402,13.869285197987285
d:851:1.0090950796354878,7.439205630331626,7.439203602949183,13.869314153645321
d:852:1.0091919999129413,7.439205409492148,7.439203582598761,13.869216992177968
d:853:1.0083218162931864,7.439205357912748,7.439203234326779,13.87008677594634
d:854:1.0084896331362394,7.439205629619668,7.439203111781872,13.8699191082653
d:855:1.0082422146882593,7.4392058674714825,7.439203251147088,13.870166903930311
d:856:1.0088023830180823,7.4392055741295415,7.439203305900136,13.869606497011596
d:857:1.0085435560651757,7.439205845836479,7.439203228387656,13.86986551815896
d:858:1.0083470986891214,7.439206047023511,7.439203125766047,13.870062074100437
d:859:1.0084197637810615,7.439205914150003,7.439203076557728,13.86998922692667
d:860:1.0085718321204862,7.439206117080875,7.439202944022105,13.869837228982494
d:861:1.0081452133148812,7.43920622271167,7.439202941841188,13.870263951237977
d:862:1.0083097888668089,7.439206254964072,7.439203213548337,13.8700996796456
d:863:1.007970340043327,7.439206036874118,7.439203058114144,13.870438754944935
d:864:1.0089479361306122,7.439206088835451,7.439203295966063,13.869461448670902
d:865:1.0081746334675756,7.439206006783076,7.439203310712761,13.870234684028262
d:866:1.0083810744581498,7.439206278490158,7.439203214180953,13.87002841821296
d:867:1.0087215665364528,7.439206489149726,7.439203364373077,13.86968828698635
d:868:1.008372330631211,7.439206512537673,7.439203567304807,13.870037749211269
d:869:1.0083337818630245,7.439206750389685,7.439203534997667,13.870076503524327
d:870:1.0083099925521086,7.439206621184169,7.43920348096087,13.870100109592931
d:871:1.0086592456477401,7.439206402849495,7.439203420301217,13.869750577502971
d:872:1.008626161681324,7.439206097723591,7.439203630961007,13.869783567003275
d:873:1.0084556978127335,7.439205780548962,7.439203622865804,13.869953705602033
d:874:1.0082746031172451,7.43920564756225,7.439203840099504,13.870134884544509
d:875:1.0081785453683985,7.439205679811371,7.439204111806903,13.870231246249876
d:876:1.0083741328814764,7.439205740955174,7.4392041047824495,13.870035712856147
d:877:1.008148854286377,7.439205880325536,7.439203949264922,13.870260975304081
d:878:1.0081986394071425,7.439205854900017,7.439204187117035,13.87021140260991
d:879:1.0083397006203452,7.439206057830999,7.439204134350447,13.870070491561101
d:880:1.008085823145004,7.439206109790071,7.439204213723388,13.870324500368454
d:881:1.007819204134469,7.439206320449694,7.439204019850852,13.870591136166077
d:882:1.008038834095382,7.4392061767385975,7.439203697059282,13.870371039702498
d:883:1.008230211924296,7.439206282368662,7.439203809671115,13.870179880115481
d:884:1.007975372049387,7.4392063146145535,7.439203560767433,13.8704345033326
d:885:1.0081024057829122,7.43920618519633,7.439203771427284,13.870307550840701
d:886:1.0082116460390118,7.439206235537691,7.439204043134836,13.870198632633516
d:887:1.007849733083594,7.439206291746212,7.439203946055539,13.870560504718156
d:888:1.0080227170041685,7.439206149513611,7.439203806924006,13.870387239433448
d:889:1.0078029620151128,7.439206290126204,7.439204044776201,13.870607372887292
d:890:1.0077034132287253,7.439206180816004,7.4392039919953294,13.870706759582609
d:891:1.0076897580978024,7.439205853425133,7.43920413136048,13.87072022668781
d:892:1.0080615503374357,7.439205829323626,7.4392044030681195,13.87034868205431
d:893:1.0080393654417659,7.439205932489326,7.439204295393495,13.870370862441055
d:894:1.0080860251409849,7.43920613367672,7.439204414009378,13.870324522545113
d:895:1.0076247698779852,7.439206091957276,7.43920447714757,13.87078579922686
d:896:1.0080574152590973,7.43920602090787,7.439204345614435,13.870352951263207
d:897:1.0074596886335314,7.439205754766773,7.439204443390718,13.87095050952396
d:898:1.008113230312416,7.439205992619145,7.439204239334654,13.870297001641383
d:899:1.0082115142884494,7.439205968508933,7.439203943262017,13.8701983974825
d:900:1.007305993435926,7.439206240216608,7.439204160496013,13.871104407276695
d:901:1.007828680512091,7.439206095820738,7.439204363428116,13.870581778736764
d:902:1.007755835148231,7.439205807581862,7.439204358103527,13.870654330537159
d:903:1.0076830547068454,7.439205678110255,7.439204595955902,13.870727219359312
d:904:1.0077894881905891,7.439205718089353,7.439204083707654,13.870620313606418
d:905:1.0074418056094547,7.439205553671815,7.439204294367693,13.870968042430054
d:906:1.0077563912653513,7.4392055660701715,7.4392043934350305,13.87065356823985
d:907:1.0077433305695287,7.4392055199739815,7.439204285723701,13.870666475128154
d:908:1.0074767900942465,7.439205361550627,7.439204317982863,13.870932889439244
d:909:1.00776801657614,7.439205633258389,7.439204065224031,13.87064168190628
d:910:1.0074954378101761,7.439205777169329,7.43920427588399,13.870914615243143
d:911:1.0071875835839101,7.439205602589768,7.439204064257373,13.87122208326323
d:912:1.0072308884119998,7.439205497426272,7.43920430210979,13.871178911124062
d:913:1.0076873783521325,7.439205700357572,7.439203882614661,13.870722204620101
d:914:1.0070551433466814,7.439205654248665,7.439203921435336,13.87135443233732
d:915:1.0076974348959524,7.439205420574538,7.439203963580361,13.870711949258947
d:916:1.0071617176665288,7.439205692282382,7.439204079625993,13.871248054241846
d:917:1.0077419680938409,7.439205930134982,7.439204220712341,13.870668182753482
d:918:1.0076046716094673,7.439205871262615,7.439204431372277,13.870805631025425
d:919:1.0070577420438926,7.439206142970487,7.439204498234071,13.871352899160666
d:920:1.007452045684122,7.439206293166487,7.439204425398501,13.870958672880866
d:921:1.0075634260572066,7.439206008863323,7.439204337437184,13.8708469202433
d:922:1.0073430607424907,7.439205859584995,7.439204538626914,13.871067337469418
d:923:1.0075619715711728,7.439205715395241,7.439204523866483,13.870848267690551
d:924:1.0075932173768294,7.439205853964092,7.439204537815375,13.870817174402637
d:925:1.0074425701523282,7.439205840512102,7.439204681730324,13.870967952090098
d:926:1.0077829624439332,7.439205789545058,7.43920468525061,13.870627512351735
d:927:1.0073530792819607,7.439205869871609,7.439204588688465,13.871057379278113
d:928:1.0073080625068798,7.43920590211439,7.439204506895036,13.871102346502546
d:929:1.0075256756418831,7.439205753948746,7.439204398963145,13.870884477270009
d:930:1.0078622863157367,7.439205739743269,7.439204425088855,13.870547878516387
d:931:1.0075892654569714,7.439206011451311,7.43920442731873,13.87082117331307
d:932:1.007386722580577,7.4392060086445575,7.43920436192659,13.87102364799057
d:933:1.0075162403348816,7.439206152555302,7.439204084099837,13.870893996320257
d:934:1.0073186046514788,7.4392060878333,7.439203876483232,13.871091359665053
d:935:1.0072677178870357,7.439206036407649,7.439203832744964,13.871142151265577
d:936:1.0073370040570744,7.439206115779674,7.439204033934695,13.871073145657295
d:937:1.0070164857599977,7.439206214846349,7.439203982145024,13.871393711231375
d:938:1.0071484883924953,7.43920645269924,7.439204183334606,13.871262147641351
d:939:1.007483514926827,7.439206507459783,7.439203996721542,13.870926989254498
d:940:1.0073638216289762,7.43920637793474,7.439204268430034,13.871046824735798
d:941:1.007506690896676,7.439206245286492,7.439204135102251,13.870903689492067
d:942:1.0071759148662434,7.4392062016827065,7.439204336291722,13.871234623108185
d:943:1.0072437229453204,7.43920625793114,7.4392043398066185,13.871166874792438
d:944:1.0069183007191622,7.439206309229789,7.439204133000121,13.871492141510748
d:945:1.007530827529754,7.43920654708271,7.439204036407608,13.870879755960564
d:946:1.0068446435854614,7.4392064881945235,7.439204253642213,13.871566098251275
d:947:1.0072360107552054,7.439206759902863,7.439204244853666,13.871174994001324
d:948:1.0069093533017526,7.43920686553264,7.4392042774963425,13.87150178972723
d:949:1.0076691969393163,7.439207066720739,7.439204357824437,13.87074222760586
d:950:1.0069746892212557,7.439207153565276,7.439204568484731,13.871437032828752
d:951:1.0068467894267457,7.439207294646566,7.439204493116064,13.871564998335884
d:952:1.0072789983159218,7.439207053853735,7.439204476559073,13.871132532096887
d:953:1.0069741036037918,7.439206951966888,7.439204615924442,13.871437464287538
d:954:1.0069555408964614,7.439207189819905,7.439204785302838,13.871456434226282
d:955:1.0072643319388757,7.439207020436848,7.439204709913124,13.871147398411097
d:956:1.0067172942528249,7.439207223368713,7.439204689554815,13.871694618670704
d:957:1.0072767185767582,7.439206952589247,7.439204703499316,13.871134937511805
d:958:1.0066671283767796,7.439206653651622,7.439204686773447,13.87174421204829
d:959:1.006324111037122,7.439206542463891,7.439204836966331,13.8720872683931
d:960:1.0068226281982398,7.439206332981994,7.439204869605815,13.87158857438957
d:961:1.0067541853967121,7.4392063335906276,7.439204652961676,13.871656801155591
d:962:1.006709036082917,7.43920647420356,7.43920440609342,13.871701844214064
d:963:1.007054192800009,7.439206494564955,7.439204556285903,13.871356858050849
d:964:1.0063982019852222,7.439206635645846,7.439204327797489,13.872012761458112
d:965:1.0063180494040207,7.439206751693703,7.439204360433674,13.872093062723357
d:966:1.0072317813350153,7.439206901889856,7.439204248343268,13.871179368898108
d:967:1.0065514998648002,7.4392070145052145,7.439204520052241,13.871860034692656
d:968:1.0067373671794044,7.439206803096344,7.439204146434541,13.87167358235148
d:969:1.0064914510246847,7.439206569421733,7.439204384287846,13.871919502684895
d:970:1.0063471307160565,7.439206668487682,7.43920465599683,13.872064193768455
d:971:1.0063197558114272,7.439206617520702,7.439204522611956,13.87209138432123
d:972:1.0069844818015046,7.439206855373914,7.439204172008779,13.871426545581189
d:973:1.0063523661870946,7.439206685884846,7.439204120596981,13.872058440294733
d:974:1.00626659476894,7.4392068888167895,7.439204140950157,13.872144434998006
d:975:1.006865837710503,7.43920712666997,7.439204086385708,13.871545375345175
d:976:1.0071291204298412,7.439207055208692,7.439204192712943,13.871282127491794
d:977:1.0066651949132108,7.439207326917586,7.439203993265476,13.871746125269851
d:978:1.006941107840639,7.439207270070934,7.439204091041399,13.871470253271694
d:979:1.006810768790297,7.439207373236549,7.439203988385911,13.871600592832163
d:980:1.0069337070542979,7.439206924070085,7.439204027203997,13.871477244219784
d:981:1.0065118283785655,7.439206842229691,7.439204298913118,13.871899312764244
d:982:1.0067205782026676,7.439206773760668,7.439204138799999,13.871690334358
d:983:1.0063989497806993,7.43920660625095,7.439203738875493,13.872011395345744
d:984:1.0066532692601005,7.439206823487419,7.439203597367696,13.871757151595014
d:985:1.0065146210557714,7.439206679228743,7.439203704185402,13.871895762358374
d:986:1.0064238970963544,7.439206895626727,7.4392036063987135,13.871986604929086
d:987:1.0066135459305823,7.4392070270977175,7.439203685771005,13.87179716693814
d:988:1.0063381612793307,7.439206968193696,7.439203545302476,13.872072352216842
d:989:1.0062899762746564,7.4392072399027604,7.439203674177891,13.872120937805995
d:990:1.0064762434827639,7.439207057538814,7.439203725474297,13.871934539530347
d:991:1.0062966997223661,7.4392067684786465,7.43920387518032,13.8721139439366
d:992:1.006326536477344,7.439206601478782,7.439203620621747,13.872083685623185
d:993:1.0063695928533178,7.439206376391512,7.439203391250684,13.872040174788879
d:994:1.006534940442533,7.439206648100585,7.439203387022221,13.871875094680274
d:995:1.0065032192447116,7.439206776974357,7.439203198676779,13.871906756406425
d:996:1.0064294013074768,7.4392065426578,7.4392034365303985,13.871980577880722
d:997:1.006091746271773,7.439206521109147,7.439203543347286,13.87231831818466
d:998:1.0064768496287506,7.439206659678355,7.439203478590034,13.871933288639639
d:999:1.006266332403877,7.439206801794054,7.439203597206205,13.872144066596382
d:1000:1.0063666318445925,7.4392069891852035,7.439203427291336,13.872043784631947
