data: dataset/hutter/text8_small
d:1:2.6396801344887386,7.449581079005977,7.449582652525999,12.259483597043237
d:2:2.0700912644655602,7.449580685676258,7.449583754926818,12.829073176137516
d:3:1.8870099953718373,7.4495805958433206,7.44958445390031,13.012155054371792
d:4:1.7626258754492792,7.449579634302452,7.449583820591207,13.136537579444381
d:5:1.7261878134424915,7.449580736703613,7.449584342301343,13.172977265562464
d:6:1.716807558409208,7.4495794611845625,7.449583474205039,13.182355376980393
d:7:1.7056084018258186,7.449580167362463,7.449584188614191,13.193555954150835
d:8:1.6995871852163837,7.449579551467485,7.449583717455826,13.199576083706926
d:9:1.6942756462546509,7.449579883795748,7.449584151762691,13.204888389303788
d:10:1.6968009423813886,7.449579968857613,7.44958356130158,13.202362587777804
d:11:1.6944643255220697,7.449581346462372,7.449584112584823,13.204701133525125
d:12:1.6950775030962948,7.4495811811602985,7.4495841220689,13.204087800132903
d:13:1.6956103648739234,7.449582558765052,7.449583306175073,13.203555500066203
d:14:1.6921003828154362,7.449583763685472,7.449582696257645,13.207066077127681
d:15:1.6893052468233094,7.449583648325317,7.449583423514529,13.209861825016535
d:16:1.6873933998800101,7.449585025930929,7.4495828929288574,13.211774518979777
d:17:1.6820677334564937,7.449585543417068,7.44958304060825,13.217100850568825
d:18:1.680337861340094,7.4495839462915185,7.449580940367511,13.218827025318935
d:19:1.6758720197418064,7.449582221904673,7.4495823179764695,13.223292520139335
d:20:1.6742332869648386,7.4495833243093,7.449582637417008,13.224932674761469
d:21:1.6712951445797195,7.4495824674219255,7.44958233219944,13.227869655041646
d:22:1.6705099873095204,7.449581501920329,7.449583348024595,13.228654862635404
d:23:1.6709994744270418,7.449582259153272,7.44958276521223,13.22816554993846
d:24:1.6730956916001052,7.449582505733305,7.449582513357043,13.226069327490242
d:25:1.6724814950282187,7.449581601167,7.449583270590897,13.226683376729678
d:26:1.6743834296574587,7.449580488705218,7.4495821446623545,13.224779203710114
d:27:1.6753841779815453,7.449580895303511,7.449581561849294,13.22377827917126
d:28:1.6731789772083374,7.4495803744796305,7.449579964718761,13.225981361990055
d:29:1.6726260275750118,7.449580717472253,7.449580484239948,13.226535174137188
d:30:1.6714735606520907,7.4495807002184415,7.449579847056453,13.227686986622805
d:31:1.6674348029212993,7.449580424411677,7.449580546023378,13.231726167513756
d:32:1.6667109540576721,7.449581520970216,7.449581140131512,13.232451707044055
d:33:1.6651159698623346,7.4495822482075145,7.449581993467883,13.234048271813062
d:34:1.6624675884644358,7.449582975433013,7.449582427746095,13.236697814714672
d:35:1.6614680743023662,7.449583857764858,7.44958380536198,13.237699588824473
d:36:1.6616365091151266,7.449584960173083,7.449583291440053,13.23753174249801
d:37:1.659878539121916,7.449584672403979,7.449584496370774,13.239290629652837
d:38:1.6599383291141017,7.449583619307295,7.449585061172743,13.239230351365936
d:39:1.6605115250032814,7.449584584299145,7.449585629088242,13.238658688384104
d:40:1.6632023199639558,7.449585549286179,7.449585643108343,13.235968872430567
d:41:1.6628557252149232,7.449586514268399,7.449585051535592,13.236315840589066
d:42:1.662151202981427,7.449587396596439,7.449585750493677,13.23702194410869
d:43:1.6619442906624151,7.449588087054002,7.449587128113113,13.2372309245047
d:44:1.6608841624198138,7.449589291986788,7.449586015648628,13.238291145215603
d:45:1.6590771950589218,7.449588770289977,7.449586403449789,13.240097978680845
d:46:1.6580018248963189,7.449587831428545,7.44958742443279,13.241173430965016
d:47:1.6556931274781963,7.449587499529158,7.449587256005594,13.243481628056555
d:48:1.6546382806581548,7.44958677350958,7.449588271837562,13.244536764688988
d:49:1.6538594841073344,7.449588151130914,7.449588656048261,13.245317323071841
d:50:1.6538898419007957,7.4495878749480315,7.449589671876811,13.245287704924046
d:51:1.6530171970713408,7.449588581128043,7.449591049499973,13.246162433556675
d:52:1.6543843060825019,7.449589515453447,7.449589845004025,13.24479505437497
d:53:1.6539624844375354,7.44959048043578,7.449591049941274,13.245219045939518
d:54:1.6555545863445325,7.449591170883454,7.449591614727746,13.243628199266666
d:55:1.6543247992768695,7.449592273298166,7.449592182627987,13.244859656649284
d:56:1.6548241864328155,7.449591214776059,7.449592196510842,13.244359224854087
d:57:1.6558466829045688,7.449592179754899,7.4495914704915,13.24333696734183
d:58:1.6532940507370597,7.449593144728921,7.449590575472989,13.245889669464852
d:59:1.6528714869915593,7.449594109698126,7.449590755983786,13.246313378690354
d:60:1.6529988610980375,7.4495952062685795,7.44959127768424,13.246187622854782
d:61:1.6503161427097535,7.4495963028362695,7.449591628311804,13.24887178843832
d:62:1.651628333559307,7.449597399401202,7.449591273066087,13.247560338907983
d:63:1.6506379332468875,7.4495958348038425,7.4495917925736554,13.24854969413061
d:64:1.6483895659817502,7.4495948692978855,7.449591181468331,13.250796484784466
d:65:1.6496345199841045,7.449594851894593,7.449591746236165,13.249552078146653
d:66:1.64978900992695,7.44959482591642,7.449591200840499,13.249397016829969
d:67:1.6486660198443328,7.449594303342875,7.449592265839802,13.250520549338344
d:68:1.6502281324773254,7.449593227917723,7.449592830587263,13.24895792602766
d:69:1.6504316551189184,7.449592895561328,7.449592680941468,13.248753921383877
d:70:1.6500143030114174,7.449592980523334,7.4495924169959205,13.249171094507837
d:71:1.6497856631975765,7.449594358155914,7.449591717847759,13.249400412806096
d:72:1.649116823049992,7.449592404328863,7.4495911091083675,13.250066690387238
d:73:1.648743524128502,7.449590621346252,7.449588423084885,13.250435520302634
d:74:1.6482419933951942,7.449591826290532,7.449589519662858,13.250939352558197
d:75:1.6464251058895876,7.449591290237215,7.449590266864966,13.252756451212594
d:76:1.6463658422904235,7.449592495180159,7.449590994117675,13.25281764700741
d:77:1.6458959686471069,7.449592151125483,7.449591741309323,13.253287923787699
d:78:1.6470085060508026,7.449591169226877,7.4495928378864065,13.252175501062482
d:79:1.64425230762299,7.449591896456122,7.449593585067705,13.254933173900836
d:80:1.6453341370043564,7.449592623673566,7.449594275537734,13.253852762206945
d:81:1.6460223852388616,7.44959372609591,7.4495953721132935,13.25316671297034
d:82:1.6454949387303177,7.449593303068493,7.44959496431217,13.253693328650344
d:83:1.6463459379460232,7.449593709645218,7.449593181325946,13.252840953025142
d:84:1.6441280235389542,7.449593433085245,7.449593235854349,13.25505864540064
d:85:1.646051878903176,7.449594180291547,7.449592933137567,13.253135234525939
d:86:1.6451420844650304,7.44959511462474,7.449593690382122,13.254046720541831
d:87:1.6445314624811136,7.44959392760986,7.449595068022741,13.254657533151487
d:88:1.645446291745511,7.449595024181187,7.4495953511285276,13.253744083564204
d:89:1.6429799756031969,7.449596126604083,7.449595187900519,13.256211338901405
d:90:1.644712077577335,7.449595122837797,7.449593590750294,13.254476636010757
d:91:1.644339329465426,7.449594633438673,7.449592236654827,13.254847540628075
d:92:1.6426882251405548,7.4495957300083475,7.449592801386869,13.256500306254662
d:93:1.641909409969168,7.449595112899639,7.44959246857101,13.257278171501481
d:94:1.6422891236050319,7.449595827337867,7.449591922222576,13.256898625955412
d:95:1.6413944539666971,7.449595427729415,7.449592987229342,13.25779396099206
d:96:1.6420367932647402,7.449595262175189,7.4495943648728185,13.257152833783266
d:97:1.6418619904368335,7.449596639819821,7.449593521413252,13.257328170796239
d:98:1.6428862693987227,7.449597704833045,7.44959472636891,13.256306161803233
d:99:1.6413800442010604,7.4495967970037125,7.449593613893448,13.2578103666961
d:100:1.6434830569664758,7.4495961311883,7.449594716334103,13.255707790555928
d:101:1.6425548266334893,7.4495968584748145,7.449594079147619,13.256636110988945
d:102:1.6418932185758823,7.449595224710432,7.449592883514374,13.257294889648923
d:103:1.640638774551947,7.449593368495411,7.449593985952622,13.258548579896086
d:104:1.6410936139326946,7.449592145385975,7.449592501659294,13.258091033112574
d:105:1.6401927681807376,7.449591514621406,7.44959302115219,13.258991767592859
d:106:1.6405891522374656,7.4495913488067576,7.4495923283499925,13.258594524919284
d:107:1.6404617044655652,7.44959203925599,7.449591868037517,13.258722202827942
d:108:1.6403653262579567,7.449593135827926,7.449591365813367,13.258819175383337
d:109:1.638580918038354,7.449594070163011,7.449592219170245,13.2606053712949
d:110:1.6396119663877045,7.449595166732868,7.449592503119073,13.259575703464236
d:111:1.6400001794837689,7.449596231746946,7.449591415848743,13.25918746811192
d:112:1.6401695865539168,7.449595846221623,7.449591611344197,13.259017871011903
d:113:1.6390096406941836,7.449597051179724,7.449590963576353,13.260178374061894
d:114:1.639327552251574,7.4495973706414365,7.449589973118393,13.259859791508257
d:115:1.639348599065979,7.4495961172080305,7.449591038128653,13.259838556270704
d:116:1.6390178812240173,7.449596243668118,7.4495906823853675,13.260169044829468
d:117:1.6382220211437257,7.449596765408613,7.449591747392747,13.260966491657634
d:118:1.637835107017537,7.44959692505934,7.44959066609775,13.261352484139554
d:119:1.6376604208541643,7.449597163998252,7.449589962088866,13.261526705232953
d:120:1.6382352007609295,7.4495959683611535,7.4495909830968685,13.260951750697092
d:121:1.637938154713943,7.449596490077686,7.449590264022049,13.261248599385791
d:122:1.6377728985661708,7.449596052962891,7.449591468984871,13.261414623381592
d:123:1.6381893422867613,7.449596179328044,7.4495908925684375,13.26099772960972
d:124:1.6372985018015918,7.4495961347264155,7.449591989157015,13.261889622081839
d:125:1.6352613465427233,7.449595968653952,7.449592736340578,13.263927358451806
d:126:1.6374975389049435,7.449597346311643,7.449593670693794,13.261693478100494
d:127:1.6370320913371152,7.449596829818631,7.449594357143669,13.262159095625185
d:128:1.6370449000769813,7.449597557101107,7.449593681123578,13.262146338147703
d:129:1.6371203749315733,7.44959815123942,7.449592862814102,13.262070639121948
d:130:1.637197768484457,7.449598878461324,7.449591967783302,13.261993077760168
d:131:1.636325534953274,7.4495999750376445,7.4495918506771295,13.2628662907615
d:132:1.6359746452008288,7.44960068123167,7.449590511212565,13.263216547243406
d:133:1.6368451744447423,7.4496016462248775,7.44958904943757,13.262345521217705
d:134:1.6360830686488974,7.449602163718457,7.449590151883947,13.263109246953507
d:135:1.6362050856446402,7.449600488102194,7.449589944557496,13.26298534701505
d:136:1.635616739924913,7.449601203748101,7.449588088325819,13.263572552149007
d:137:1.636659511918996,7.449599990079825,7.449588348823163,13.262528826983992
d:138:1.6357315233665233,7.4496011950476975,7.449589413834325,13.2634590855155
d:139:1.6357867085559956,7.449600408679844,7.449590791496456,13.263404491620305
d:140:1.6363743303543057,7.449599915332173,7.449590101813739,13.262815686791606
d:141:1.6360331193284523,7.449598661892199,7.449588377377543,13.263153919941288
d:142:1.6353300340647188,7.449598873295176,7.449587636924531,13.263856476154988
d:143:1.6350596298848235,7.4496002509607,7.449587815769292,13.26412843684517
d:144:1.6348003094631558,7.44960096540232,7.449587470276533,13.264388126215696
d:145:1.63476916516505,7.449600325604003,7.4495870034998335,13.264418163938785
d:146:1.6351068430139417,7.449599307878075,7.449586182765257,13.264078647629391
d:147:1.6350473148857638,7.449599258605252,7.449585364450813,13.264137308170302
d:148:1.6342899304382073,7.449600636272,7.449586121701108,13.264896827534901
d:149:1.6341216849802649,7.449601841242477,7.449586472299204,13.265066628561417
d:150:1.6341818477585157,7.449601550309998,7.449585459292316,13.2650051618438
d:151:1.6341941743375976,7.449601160909519,7.449584561106346,13.264991547678267
d:152:1.6340731840060663,7.449602538577444,7.449582704865768,13.265112059437145
d:153:1.6334309592274465,7.449602148060382,7.449583420511488,13.265754609344423
d:154:1.633537283877546,7.449601564161641,7.4495845171065955,13.265648797390691
d:155:1.633359405252211,7.449600264686866,7.449585451461763,13.265826310896419
d:156:1.6330258370114485,7.449599894170818,7.449586185995931,13.266160243155301
d:157:1.632373052893838,7.449599320903359,7.449587068370708,13.26681333638023
d:158:1.6324011193967483,7.449600341933242,7.449584382286464,13.266783604822956
d:159:1.6333709902665863,7.449599171404895,7.44958169620073,13.26580987733904
d:160:1.6334815569483645,7.44960018728788,7.449582423488336,13.26570105382785
d:161:1.6338015091891958,7.449599884158064,7.449581902656022,13.26538027762489
d:162:1.632805708464499,7.4496009491899216,7.449582617097579,13.266377857823002
d:163:1.633558922037924,7.449600301419613,7.449583994768128,13.265625374149817
d:164:1.632423566121858,7.449599614828057,7.449583546278764,13.266759594984963
d:165:1.6324432363711932,7.449599699692188,7.449582105411197,13.266738568732192
d:166:1.633087602458719,7.449600904667439,7.449582862654959,13.26609616486368
d:167:1.6321251780332418,7.4496002487035655,7.449583194443629,13.267058265113953
d:168:1.6325935769999536,7.449601626377715,7.449582007404045,13.266590056781807
d:169:1.631437520097327,7.449602340814252,7.4495827290263295,13.267747549743254
d:170:1.6324675113743492,7.449601698381098,7.449583750046939,13.266717937053688
d:171:1.632068293928425,7.44960210494151,7.449583321332046,13.267117132345131
d:172:1.6311580296897326,7.449601377146102,7.449582603961402,13.268025951417773
d:173:1.6311151226327922,7.449602754821694,7.44958229537914,13.268069927568042
d:174:1.6321631526071787,7.449601429294432,7.449582603533426,13.267020880220679
d:175:1.632111434552865,7.449602144939325,7.449581743857318,13.267072454243777
d:176:1.633169134974647,7.449600880642497,7.44958025953528,13.26601200520313
d:177:1.6325648305344025,7.449601896527902,7.449578920053525,13.266615986047025
d:178:1.6314971694366154,7.449601559082995,7.449578099311632,13.26768248895801
d:179:1.6316982068262273,7.449602624118218,7.449578773517983,13.267483190809974
d:180:1.6312210080370555,7.44960149815777,7.4495780039385675,13.267958494059283
d:181:1.631510417368066,7.4496024631634326,7.449577986696152,13.26767003249152
d:182:1.630882081322829,7.44960319038982,7.4495768466108965,13.268297955677888
d:183:1.629640550915271,7.4496042869850765,7.449575984142371,13.269539720212178
d:184:1.6298952486850258,7.449605383577573,7.449575156014623,13.26928529090717
d:185:1.6311899188265961,7.449605397616494,7.449575854997791,13.26799133378769
d:186:1.6310364792349894,7.449606112046288,7.449574684455333,13.268144317266632
d:187:1.6307961718139232,7.4496053404257365,7.449575889439697,13.26838505805151
d:188:1.6312359150229252,7.449605411277101,7.449575388839928,13.267944885094105
d:189:1.6309236135655976,7.449605643766681,7.4495748462647935,13.268256876465877
d:190:1.6304508560678386,7.449606370984077,7.449575573547046,13.268731088463284
d:191:1.6310117831806892,7.449607077184009,7.449576007823338,13.268171301826658
d:192:1.6303085725450064,7.449608173777089,7.449575161704442,13.268874762936525
d:193:1.6294202487684366,7.449609138783661,7.44957583589914,13.269764725914364
d:194:1.6308316830316159,7.4496096562684775,7.44957499762551,13.268352970862372
d:195:1.62971424275384,7.449607931815369,7.449575719240917,13.269469408302447
d:196:1.6296658513707492,7.449608659109103,7.449575673088854,13.269518480827209
d:197:1.6300393332289964,7.449607025310869,7.449574984944759,13.269142677026633
d:198:1.6294652754604506,7.449606796251012,7.449573685449521,13.269715206240082
d:199:1.6284021553561558,7.449605617578474,7.449572820161162,13.27077628238348
d:200:1.6306893754360168,7.449606995267181,7.449571037117389,13.268488656948552
d:201:1.6299277708380693,7.449606221582327,7.44957033954798,13.269248790292238
d:202:1.628509561380433,7.449607324051264,7.44957106115155,13.270668823822382
d:203:1.6304983637874937,7.449605223719709,7.449569204883664,13.26867606481588
d:204:1.629394751309869,7.4496040610971495,7.449570307349415,13.269779617136695
d:205:1.6303128698316698,7.449605438786511,7.449569589970856,13.268862158925696
d:206:1.6287636028464796,7.449606153209355,7.449570154703456,13.270412705066331
d:207:1.630792119182269,7.449604428750187,7.449570113175225,13.268382422743143
d:208:1.6282447725118647,7.449604950465114,7.4495697347041165,13.270929912657365
d:209:1.6302795712171996,7.449605966359384,7.449569123578819,13.268895518721003
d:210:1.62912451151535,7.4496040124685985,7.44956835194421,13.27004785289746
d:211:1.628681772903958,7.449603950360658,7.4495691091866725,13.270491286643372
d:212:1.6285721231475971,7.449603232991082,7.449568015784119,13.270599125627603
d:213:1.628457139450651,7.449604335460217,7.449567242086157,13.270714438095723
d:214:1.6277270684826775,7.449602235121963,7.449566272530084,13.271441439169369
d:215:1.627158722269547,7.449601141728409,7.449567477521863,13.272009896980725
d:216:1.628443988755972,7.449600829319912,7.449568855212572,13.270725695776513
d:217:1.6279622652153645,7.449602207012863,7.449567515715216,13.271207457512714
d:218:1.6276604750098418,7.449601011351328,7.449566576815017,13.271507113156504
d:219:1.6282064082823666,7.44960202724368,7.4495668598784635,13.270962478839778
d:220:1.626398466831601,7.449602784532114,7.449567587155027,13.27277190485554
d:221:1.6276111578533445,7.449602831135667,7.449568138463064,13.271559811745387
d:222:1.6278171528681096,7.449603588413835,7.449566697571818,13.271353133117543
d:223:1.6274180889386791,7.449603311478029,7.449565622103055,13.271750844642405
d:224:1.6270139073721683,7.449604413948265,7.44956682709618,13.272157333672277
d:225:1.6280290259930066,7.4496035883045435,7.4495660921178235,13.271140654429361
d:226:1.6271657420510302,7.449604294500672,7.449565226822716,13.272003779272357
d:227:1.62748962461378,7.44960500068407,7.449565643226886,13.271681019297176
d:228:1.627647565418476,7.449605747925821,7.449565697639426,13.271523880146772
d:229:1.627482088461731,7.449605218233062,7.449565981432746,13.271689111204077
d:230:1.6260713409184184,7.449605508568618,7.449565070279611,13.273099237929811
d:231:1.6275957626506319,7.4496061827977265,7.44956582751615,13.271576247663244
d:232:1.627162274870555,7.449604082450484,7.44956503895493,13.27200684653486
d:233:1.6262009334908871,7.449601396318653,7.4495661414278915,13.272966604255657
d:234:1.626576782706282,7.449602774018751,7.449565339500333,13.272591330812803
d:235:1.6275049314661842,7.449601569477374,7.4495651843949044,13.271661822406095
d:236:1.626475091066034,7.449602585371811,7.449564678029786,13.272692172335564
d:237:1.62602697027752,7.4496018157914135,7.449565693918396,13.273140539432289
d:238:1.6259700469979936,7.449602143243447,7.44956671495567,13.273198811201123
d:239:1.6260591283261103,7.4496012320992735,7.449566754549213,13.273108858322376
d:240:1.6261407213185368,7.449601061842715,7.449567959547278,13.273028300071458
d:241:1.625983859756749,7.449601370014292,7.4495679102719805,13.273185420529524
d:242:1.6253918943308001,7.449602472487894,7.44956717709972,13.273777755256813
d:243:1.624361605657647,7.449601397025023,7.4495663728829005,13.274806164250275
d:244:1.6260122184796373,7.4496002845167055,7.449565955414473,13.27315402145154
d:245:1.624971399320744,7.449601011736651,7.449565929441827,13.274195541857734
d:246:1.6270797827446195,7.449602216744975,7.449564876293341,13.272087310293696
d:247:1.62571996816129,7.449601676980755,7.449563506725561,13.273445215545026
d:248:1.626171609456783,7.449603054686451,7.449561552803853,13.27299299803352
d:249:1.6263733815491506,7.449603572157337,7.449562655278914,13.2727928458871
d:250:1.6265933904643166,7.449604674631433,7.449561622872501,13.272572907039619
d:251:1.6252828076116455,7.449604249719234,7.449562337321514,13.273883779429102
d:252:1.6256558298842112,7.449604083393744,7.449562645432183,13.273510898941716
d:253:1.6252183066326662,7.449604004788544,7.4495617772879115,13.273947475443789
d:254:1.6270040598541495,7.449605382496519,7.449562085347254,13.272163407989623
d:255:1.6244277685749449,7.449606034162065,7.449560862187513,13.274739127774634
d:256:1.6255444936938126,7.449605508932442,7.449562067188464,13.273623082427093
d:257:1.6255476678282648,7.449604304385994,7.449563444896316,13.273620081454045
d:258:1.625108137364359,7.449603656606794,7.449563212908815,13.27405873215125
d:259:1.6254871315967296,7.4496025374388575,7.449564309537248,13.273679715379375
d:260:1.624302644031193,7.4496026222039555,7.449565243918167,13.27486522209093
d:261:1.6239778364514752,7.4496038272169205,7.449565347385556,13.275191338151002
d:262:1.6257150175219657,7.449601141064686,7.449565379544024,13.273451503086743
d:263:1.623610775173212,7.44960210608952,7.449564522611419,13.275555853527727
d:264:1.6236769672971647,7.449603202706957,7.4495641045276875,13.27549033993748
d:265:1.6242282764388545,7.449604085109395,7.449565309531126,13.274941118201665
d:266:1.6237951035799671,7.449605050130726,7.449565125218472,13.275375071769231
d:267:1.623815764070633,7.449605567581267,7.449564388414959,13.275354191925594
d:268:1.6244396266508083,7.449605140774951,7.449564635028311,13.274730149152454
d:269:1.6242258811210561,7.449604550297412,7.449565392265294,13.27494406144165
d:270:1.624023368879758,7.449604064785682,7.449564127930956,13.275144823836879
d:271:1.6240386039497672,7.449604397121686,7.449565230412345,13.275131023584263
d:272:1.6243565906484196,7.449603660329022,7.449566608127125,13.274813677807726
d:273:1.6233716623526586,7.449603282402548,7.449565222279699,13.275796842329589
d:274:1.6242961444314457,7.449602229258766,7.449566427285004,13.274872512112324
d:275:1.6247158736052043,7.449602243164243,7.449565541470897,13.274451911029935
d:276:1.6235160553334342,7.4496030004477385,7.449566746474763,13.275653691589067
d:277:1.6250548932267463,7.449602723132122,7.449566792191494,13.274114622096869
d:278:1.6244513812721966,7.449603825613991,7.4495678080918415,13.274720252433637
d:279:1.6252675396788714,7.449602997479506,7.449567543049245,13.273903000849879
d:280:1.6235265980375146,7.449603683975997,7.449566767264436,13.275643853202919
d:281:1.6243725013940882,7.449604411195381,7.449567013816993,13.274798923618285
d:282:1.6229800755160664,7.449605158441909,7.449566339250884,13.276191422176728
d:283:1.6237621321459645,7.449604627844013,7.449566755631425,13.275409251329473
d:284:1.6235304885102941,7.4496049181338835,7.449566604013808,13.275641033637397
d:285:1.6228485338090408,7.4496055923633575,7.449566887760881,13.276323946315198
d:286:1.623984393039045,7.449605671333213,7.4495669936045505,13.275188271898719
d:287:1.6223064835542118,7.4496043318251814,7.44956601996593,13.2768638682369
d:288:1.6230953647160593,7.449601645654868,7.449566734414284,13.276073015353093
d:289:1.6222195708198228,7.4496017491361695,7.449568112136487,13.276950290452834
d:290:1.6221912728033967,7.449600850930329,7.4495667579717075,13.27697633609864
d:291:1.6231560567002763,7.449602228654149,7.449567854610714,13.276014026564587
d:292:1.6243009847243801,7.449603433678189,7.449569059619866,13.274871508573675
d:293:1.62261687179201,7.449602902175089,7.449570437343372,13.27655646772645
d:294:1.6231281468308776,7.449604279899642,7.44957072126097,13.276046854329733
d:295:1.6225056373436004,7.449604797331396,7.449569259424718,13.276668419412513
d:296:1.6235077279552748,7.449603858427356,7.449568273230525,13.275664403702606
d:297:1.6226996127501856,7.4496023230344495,7.449569478239584,13.276472188523847
d:298:1.623546209819743,7.449603344114574,7.449569992468377,13.275627126763208
d:299:1.6218690763313166,7.449602764503308,7.449569299636828,13.277302987808818
d:300:1.6219113228910498,7.449601705929558,7.4495700269256995,13.277260409964208
d:301:1.6217409791577069,7.449600606283822,7.449569084349311,13.277428711475427
d:302:1.623167643099503,7.449600439698766,7.44956936737138,13.276002163970642
d:303:1.6225671984439565,7.449601536328098,7.449569646495874,13.276603984380015
d:304:1.6225846904349837,7.449599860643209,7.449569443918255,13.276584614126481
d:305:1.62286190559686,7.449599054120394,7.449570821646409,13.276307970169942
d:306:1.6219574897617512,7.449600431848355,7.4495701791901,13.277213121276702
d:307:1.6225016874666895,7.449601636876042,7.449570230162484,13.276670179571836
d:308:1.6222415473874978,7.449601109863755,7.44957028556267,13.276929848038927
d:309:1.6212136788032545,7.449600939081656,7.449570807291698,13.2779580675701
d:310:1.6228244762037392,7.4496005530017815,7.449569024199324,13.276345100997366
d:311:1.6229115411432407,7.449601649630912,7.449570126695073,13.276260235182745
d:312:1.6228782634734955,7.449602301295195,7.449570409663012,13.276294447484712
d:313:1.6219921541947908,7.449603266327854,7.449569097397808,13.27718020953087
d:314:1.6226285855187754,7.449604231355697,7.44956788367239,13.276543529509311
d:315:1.6221905399361134,7.449605113768397,7.449568598116392,13.276983171948675
d:316:1.6212105297939186,7.4496060787920495,7.449569975848343,13.277965524846474
d:317:1.6218815409512075,7.449606596204342,7.44956873281076,13.277293788063893
d:318:1.621596505693704,7.449606980473757,7.449569937826758,13.277580412606811
d:319:1.6219484442799192,7.449606702779108,7.449570269591941,13.277228528091129
d:320:1.6217314579478224,7.4496078052758925,7.449568486495047,13.277444833823116
d:321:1.6214525091805214,7.449606974632574,7.449568113341377,13.27772257879343
d:322:1.6223053143784174,7.449607939653512,7.449566773811617,13.276869399086712
d:323:1.6215472473590555,7.449608822062801,7.449567978826825,13.277629553530572
d:324:1.6225167254572614,7.449609556654376,7.449569356561175,13.276662187758289
d:325:1.6215907655250028,7.4496090242440225,7.449568547701815,13.277586806420835
d:326:1.6223207275537597,7.449609314487607,7.449569752716449,13.276858339650296
d:327:1.6217982007824734,7.449609988715508,7.44957113045145,13.277382918384484
d:328:1.6215643735677805,7.4496107232966144,7.449571261208325,13.277617610937158
d:329:1.6216494731706952,7.449611605701534,7.449571054777837,13.277533187308677
d:330:1.621876488006814,7.449612488099808,7.449571576487261,13.277307576580254
d:331:1.6204565234383086,7.449613370491432,7.44957146634144,13.278728313394563
d:332:1.6216719874379333,7.44961388788421,7.449572531420929,13.277514431867205
d:333:1.6225964342351151,7.449613676044863,7.449571969397776,13.276589211207524
d:334:1.6207412707896331,7.449613277010745,7.449572252313835,13.278444258534947
d:335:1.6211078847511171,7.4496137834881955,7.449572967997446,13.278078866734523
d:336:1.6220427562594537,7.449611097287004,7.449572175035133,13.277140516062683
d:337:1.6221289685492906,7.449609991268107,7.44957170969239,13.277052732411207
d:338:1.6212653448388181,7.449609678432662,7.449572914710802,13.277917248304647
d:339:1.6212952866125843,7.449609599641544,7.449571877238104,13.277886190267063
d:340:1.6204262231373168,7.449610977387896,7.449570368447536,13.278755122698115
d:341:1.6214167190687245,7.449609763667464,7.449569470223461,13.277762514822202
d:342:1.621089117214968,7.449610779600338,7.449569539455106,13.278091201840475
d:343:1.6202118176901799,7.44961000795928,7.449570917196536,13.278969107465636
d:344:1.6212763444136264,7.449610392195131,7.4495694328127,13.277903480594205
d:345:1.6212161263523992,7.449609477705754,7.449566746592212,13.277960097945567
d:346:1.620947212504321,7.449608810431394,7.449566878386356,13.278228476313428
d:347:1.6209863544817136,7.449609537758196,7.449567117351986,13.278190300628468
d:348:1.6203505423724813,7.449606851547349,7.4495679707739955,13.278824279948864
d:349:1.6215824704813375,7.449606940598767,7.449568097254455,13.277592567371885
d:350:1.62047694988469,7.449604254385758,7.44956713954752,13.278694444048588
d:351:1.6210244826509594,7.4496045866890395,7.449567791228424,13.278147895266503
d:352:1.6203018203794493,7.449605285770025,7.4495691689724115,13.278872634362987
d:353:1.6202897491986352,7.449604032271979,7.449567843381172,13.278882126454516
d:354:1.6216944008330199,7.449604747957698,7.449568411328621,13.2774787584533
d:355:1.620287373488269,7.449602891630078,7.449567373851115,13.278882891992923
d:356:1.6208804008999298,7.449601963431127,7.449568578873746,13.278290141404943
d:357:1.6199911993781484,7.449600501582798,7.449567840228903,13.279177142433554
d:358:1.619925546881948,7.449600058494928,7.449568905313788,13.279243416926768
d:359:1.6196913935087949,7.449601079593352,7.449568843387835,13.279478529472392
d:360:1.619687816239253,7.449601836891228,7.449567695933164,13.279481716585138
d:361:1.6197570438153015,7.449601670308716,7.449566131216105,13.279410757709519
d:362:1.6194212720715733,7.449603048062172,7.449567233728429,13.279749009719026
d:363:1.6196596528171927,7.449603243596941,7.449564547494674,13.279508138274421
d:364:1.6203582872948612,7.44960268258343,7.449562447065355,13.278806842353925
d:365:1.6189583599114616,7.449602165214914,7.449563168702495,13.280206974005948
d:366:1.6202139033588132,7.44960244920991,7.4495631223863406,13.278951668237436
d:367:1.620338286568698,7.4496025755110855,7.449562772045429,13.278827060987817
d:368:1.6204321559485848,7.449602982075307,7.449563977069564,13.278734803196286
d:369:1.6183799445702949,7.449602476542699,7.449563236579649,13.280785768552052
d:370:1.6195268503433695,7.44960319221988,7.449563993836172,13.279640335712681
d:371:1.6187942271032973,7.449603025377543,7.449565014919616,13.280373813193862
d:372:1.61977895504711,7.449602545227103,7.449564452891187,13.27938804307118
d:373:1.6207219440932938,7.4496039229848625,7.449565555404097,13.278447534295665
d:374:1.620462831071718,7.4496023257287005,7.449565403542258,13.27870489819924
d:375:1.6206012452958145,7.449601679280354,7.449564189799304,13.278564623783844
d:376:1.6201269499937148,7.44960119836851,7.44956393302299,13.279038181397786
d:377:1.6206828818092003,7.449601119384211,7.449564998110401,13.278483235685412
d:378:1.6191763848868508,7.449602324440842,7.449564278995888,13.279990218549878
d:379:1.6200598778837918,7.449601101259099,7.449563191654936,13.279104415030243
d:380:1.6195804840702905,7.449600343656013,7.449563575884213,13.279583435469934
d:381:1.6195767163253354,7.449601721415708,7.449564093450469,13.279589098540841
d:382:1.6184520137137142,7.4496009638125305,7.449565471206716,13.280714421305532
d:383:1.619183527790156,7.449599239278045,7.449565450989695,13.279981162477583
d:384:1.6198528261399954,7.4495999549456,7.44956566241869,13.279312791224294
d:385:1.618858110157161,7.449598679323097,7.449565989886848,13.280306559052784
d:386:1.6191195156527929,7.449599781841085,7.449564677598552,13.280044943786844
d:387:1.61810386818021,7.449598995436973,7.449564258895007,13.281059386151771
d:388:1.6188863184652575,7.449599711092824,7.449565463925946,13.280278856553512
d:389:1.6186640546441335,7.449598487907593,7.449565037735763,13.280499470999223
d:390:1.6189709726408434,7.449599692966307,7.449563995110947,13.28019271543641
d:391:1.6195871008152292,7.449599337716941,7.449561308856616,13.279573545758327
d:392:1.6180302950264132,7.449600715480388,7.449562373945339,13.281132794399314
d:393:1.6197862128506593,7.4496007943478135,7.4495630256205265,13.27937760711768
d:394:1.6189056224190335,7.4496000143572045,7.449562283273219,13.28025667521139
d:395:1.61964463329749,7.449600579253404,7.449563385791065,13.279519331746979
d:396:1.6184985050138962,7.449600587057967,7.449561788514627,13.280663870558698
d:397:1.6186284482788196,7.449599766288561,7.449562006043202,13.280533324052943
d:398:1.6181502600597888,7.449600172821294,7.449562525571855,13.28101243833336
d:399:1.6177800532570252,7.449599443221219,7.449561063697596,13.28138045366179
d:400:1.6187425361207612,7.449600820987274,7.449558377436098,13.280416662302612
d:401:1.618513810535502,7.449601520067833,7.449558720491564,13.280646430023895
d:402:1.6194581120206006,7.449601167779969,7.449557849449408,13.279700905208776
d:403:1.6184391520850063,7.449599658975543,7.449557697338704,13.28071820422924
d:404:1.6174297730748002,7.4495990381770785,7.449557052211757,13.281726317314035
d:405:1.6183723695188466,7.4495996362797845,7.449557809466118,13.280785076227057
d:406:1.6185519972530251,7.449598899468305,7.449556555939253,13.280603458154534
d:407:1.6188853521578555,7.44959991541832,7.449555681995552,13.280270245256016
d:408:1.6184900952656083,7.449598474473837,7.449554623383786,13.280663002592016
d:409:1.6178069278124472,7.449598108617384,7.449554214965594,13.281345395770531
d:410:1.617967353517198,7.4495988359475644,7.449552581067753,13.28118406349812
d:411:1.6182508846825439,7.449598584101738,7.449551740160551,13.280899439579745
d:412:1.6167049377618845,7.449597296754776,7.4495503542642725,13.282442713257165
d:413:1.6184138443543858,7.449597375510679,7.449550006830951,13.280733537987246
d:414:1.6174530257813586,7.44959690433498,7.449549636294319,13.281693514847941
d:415:1.6180221020045717,7.4495965143677605,7.449550489725699,13.281124902088889
d:416:1.6174734151514851,7.4495970792467725,7.449550544030423,13.28167420812571
d:417:1.6167381639434346,7.449596564450109,7.449549801676434,13.28240820218311
d:418:1.6191807091073862,7.449597580399061,7.449550558921553,13.279967430213228
d:419:1.6181689202705591,7.449596979766121,7.4495515800150205,13.280979639510583
d:420:1.617445159569785,7.449595495363393,7.449551536108026,13.281701871901634
d:421:1.6178476238433586,7.449596211015156,7.449552741147308,13.281301328319104
d:422:1.6171197606035648,7.449594911460092,7.449552485076061,13.282027635932588
d:423:1.6169285289078896,7.449593678500588,7.4495517071744155,13.282216856767114
d:424:1.6178613217182587,7.449594400202067,7.449551885967384,13.281284964451192
d:425:1.6164018906244184,7.4495925438393575,7.449551539979594,13.282742193194533
d:426:1.6176919816241302,7.449591339243985,7.449552267288605,13.28145162490846
d:427:1.617145492215041,7.449590160507763,7.449553288381135,13.281997956673857
d:428:1.6168441363947945,7.449589593414542,7.449552802070584,13.28229825909033
d:429:1.617623567094018,7.449588804831683,7.449551126320791,13.281516364058456
d:430:1.6168527204204715,7.449589907361344,7.449552331361492,13.282289518302363
d:431:1.617326681951532,7.4495887743619065,7.4495506067926325,13.281812699203007
d:432:1.6177277364462572,7.44958933922123,7.44954997214625,13.281411574921224
d:433:1.6165084009298791,7.449587898265242,7.449549192135191,13.282628689470554
d:434:1.6178601274404425,7.449588914213193,7.4495502572331835,13.281279044005933
d:435:1.6175620014016285,7.449587429802868,7.449551635009979,13.281577063411218
d:436:1.6179905988910726,7.449586186737279,7.449551163081924,13.28114675092813
d:437:1.6166854042821228,7.449585500110106,7.44955083435612,13.282450930184103
d:438:1.6168984319876643,7.449586565239757,7.449552212133215,13.282240345385308
d:439:1.6164922798480443,7.449584611231876,7.449551960274065,13.282644291657897
d:440:1.6175813906600869,7.4495856271765675,7.4495530628038615,13.281557299320342
d:441:1.61633922009797,7.4495848364049095,7.449552892012409,13.282798508319349
d:442:1.6169840100521018,7.449584164762592,7.449552194409122,13.282152349119611
d:443:1.6172281673348774,7.4495848804047196,7.44955153421714,13.281908247286983
d:444:1.6169293638500886,7.449583626875093,7.449552132316111,13.282206395341115
d:445:1.6163059353953937,7.449583599792958,7.449553510095673,13.282831174493237
d:446:1.6168118976860377,7.449582809019977,7.449552996138328,13.282323907472268
d:447:1.6175668234000753,7.449583824962227,7.4495542011846245,13.281571202746775
d:448:1.6166869587710977,7.449583812706457,7.449553324304154,13.282450178239515
d:449:1.6167730050264524,7.4495829584859985,7.449554389405437,13.282364342864984
d:450:1.616625795387339,7.449583478108245,7.449555767186771,13.282513449907677
d:451:1.6174999287107497,7.449584235417844,7.44955529451947,13.281639601226566
d:452:1.617311044432432,7.449583453291571,7.449554965341296,13.281827374200434
d:453:1.6158608140703148,7.449584831077542,7.44955581877899,13.283279835786216
d:454:1.6167211896625755,7.449583626472431,7.449555466967472,13.282417903777327
d:455:1.6165872540107138,7.449584642413391,7.449555057952621,13.282552446355297
d:456:1.616800714120096,7.44958400126519,7.44955573220117,13.282339019346264
d:457:1.615974098292364,7.44958383415958,7.449555040913302,13.283164776780518
d:458:1.6172885795006913,7.449584399002547,7.449553505447503,13.28184932494936
d:459:1.6166578844607074,7.4495839024345765,7.449552812592379,13.282478830566248
d:460:1.6165022993921578,7.4495827764003195,7.449551247834079,13.282631724842242
d:461:1.615392518011495,7.449583878937465,7.449551975141148,13.283743336067117
d:462:1.617504797414087,7.449582841441153,7.449552526481753,13.281630570508819
d:463:1.6165110480027085,7.449584046524901,7.449552535853707,13.2826255343759
d:464:1.614904494309089,7.449583443582075,7.449553418317063,13.284232367590048
d:465:1.616438549048656,7.449584464711912,7.449554383457026,13.282700299120282
d:466:1.6154218541830865,7.449583955834527,7.449554486841421,13.283716588492862
d:467:1.6167209846553696,7.4495844754360885,7.449554518884049,13.282418009664767
d:468:1.617127223533668,7.449583388080342,7.449554057831849,13.282010222378522
d:469:1.6161894875785414,7.44958339760468,7.449553705528916,13.282947615555056
d:470:1.6174479141700377,7.449583310195519,7.449553375895958,13.28168877192144
d:471:1.6157127342834396,7.4495821841584045,7.44955244413204,13.283421894007004
d:472:1.6178570321159285,7.449582113364375,7.449553460097966,13.281278541346413
d:473:1.6164548867825097,7.449583134492385,7.449552281338712,13.282680529048587
d:474:1.615866598971044,7.449582464303293,7.449551549928963,13.283267415261212
d:475:1.616022338609742,7.449583480246984,7.449552652469524,13.283113794106766
d:476:1.6154364745447882,7.44958241610146,7.449554030261737,13.28369997181841
d:477:1.6175265231276121,7.4495817682930845,7.449554075868377,13.28160932103385
d:478:1.615148059190071,7.449581286606999,7.449555091832482,13.28398831924941
d:479:1.615922724799324,7.449582351747838,7.449554547343472,13.283214174291986
d:480:1.6155303148414752,7.449580717830744,7.449555568452553,13.283605971441823
d:481:1.6151577802391266,7.449581433470274,7.4495544492168015,13.28397810244795
d:482:1.6149111952020885,7.449580790999053,7.449553777561145,13.28422337335811
d:483:1.6148961423724373,7.449580277898795,7.449553468545733,13.28423760407209
d:484:1.6164023820007412,7.44958165569767,7.449554846340763,13.282734120037691
d:485:1.6150798565674247,7.449582860788316,7.449554516253143,13.284057520474034
d:486:1.6154950495787315,7.449581791007401,7.449553428884431,13.2836401703131
d:487:1.614278466516284,7.449580478693576,7.4495528339092205,13.284854846086512
d:488:1.6161156357065032,7.449581443762451,7.4495521578365675,13.283017965892515
d:489:1.61506614869921,7.4495824088265055,7.449552404354143,13.284068664481438
d:490:1.615777904888521,7.44958350551969,7.449553161611054,13.283358762242223
d:491:1.6157986206954007,7.4495843879506545,7.4495530995071455,13.2833388667624
d:492:1.6161398075536901,7.449584905347705,7.449552411322288,13.282997509116303
d:493:1.6154280567423882,7.449584022520882,7.449553168569007,13.2837091343475
d:494:1.6156710610592846,7.449583543117029,7.4495541896785555,13.2834666717363
d:495:1.616665509147028,7.449584270456032,7.449553706451872,13.282472467760877
d:496:1.6153893062561586,7.449584393878523,7.449553012017666,13.28374809964003
d:497:1.6155112632994957,7.449583911427365,7.44955327250248,13.28362592063035
d:498:1.6155429752329376,7.44958528923282,7.449552578067912,13.283594892067795
d:499:1.6152691290059682,7.4495863543789,7.449550853470609,13.283868078843541
d:500:1.615239788099263,7.449585067002724,7.449550435374218,13.28389571427768
d:501:1.6158119220198977,7.4495849878282545,7.449551500491453,13.283324566299811
d:502:1.615893794260984,7.449586090379387,7.44955067725048,13.283242973368882
d:503:1.6152605776956435,7.449586175056098,7.449549854009106,13.28387545136956
d:504:1.6146297970185266,7.449586294288588,7.44954974171001,13.284506238980072
d:505:1.615352236980204,7.449585218760923,7.449550176012135,13.283783157792854
d:506:1.6142436976917445,7.449585413173832,7.449550466378719,13.284892181860807
d:507:1.6151698350800388,7.449586790982792,7.449549568119381,13.283966524022134
d:508:1.6149579197746196,7.449587490076776,7.4495491494069555,13.284178719709113
d:509:1.615081845694501,7.44958615049536,7.449550214523108,13.284054519323966
d:510:1.6142622265670923,7.449586566964458,7.449548617199254,13.284872957596619
d:511:1.614750357160105,7.449586522216365,7.449548849721751,13.28438501477801
d:512:1.6156654407091455,7.449586279629715,7.449550227527796,13.283471066448366
d:513:1.6147974298361163,7.449585626381632,7.449551324248829,13.284339520794344
d:514:1.6163806207077176,7.4495846314685,7.4495520715274886,13.282756082288271
d:515:1.6154008777933786,7.449584272216956,7.449552758062326,13.283736152485904
d:516:1.6153923044182719,7.4495840678766605,7.449553854781832,13.283745618240221
d:517:1.6150719263042372,7.449585089017663,7.449552392864628,13.284065555578055
d:518:1.6153442468926453,7.449583776695548,7.449552305051426,13.283791834854329
d:519:1.6154040608014455,7.449581676189797,7.449551522906195,13.283729138294547
d:520:1.6143231349536915,7.449582778743893,7.4495495688486395,13.28480921263884
d:521:1.6159765802551913,7.4495825894205305,7.449548182916829,13.283154192082169
d:522:1.6155261580687892,7.449582260249609,7.4495495607262345,13.283605662907053
d:523:1.6152385946806085,7.449582227620058,7.449546874375138,13.283890507314588
d:524:1.6159619401892407,7.449582984940633,7.449546795577229,13.283167840328622
d:525:1.6148335856408504,7.449581685351323,7.4495441092239165,13.284292208934389
d:526:1.6150194746121418,7.449581156529435,7.449545314299863,13.284106996217156
d:527:1.6159239111653676,7.449580210205489,7.449544434444519,13.283200733484641
d:528:1.6150738775586717,7.449580925845938,7.449543758364914,13.28405080665218
d:529:1.6149041701189208,7.449578825334058,7.449543540985675,13.284218196200813
d:530:1.615203324174887,7.449577992124184,7.449544643542952,13.28391931149225
d:531:1.6140494137760708,7.449577207846678,7.4495442496215185,13.285072043692127
d:532:1.6155270613751718,7.449577922344574,7.44954331427135,13.28359417524075
d:533:1.614597260217053,7.4495765191867855,7.449543912371996,13.284523171341728
d:534:1.616036444808664,7.449575650999232,7.4495444266236115,13.28308363281418
d:535:1.6151899994704095,7.449576057516155,7.449544096076847,13.283930154122594
d:536:1.615706697550543,7.449576564003597,7.44954547389057,13.283415340343623
d:537:1.6159842372601219,7.44957548260739,7.449543617462239,13.283134862809508
d:538:1.6138767580779056,7.449575403239085,7.4495437651082765,13.285242410269456
d:539:1.6149459456508097,7.449575753952103,7.449542303180581,13.284172111481874
d:540:1.6153001320676879,7.449576428215755,7.449542182539749,13.283818478687817
d:541:1.6144395264031726,7.449576507092183,7.449542090918148,13.284679071607158
d:542:1.6146416298621347,7.449575660916717,7.449540307716096,13.284474338770679
d:543:1.6156748650425854,7.449574691297901,7.449539365084949,13.283439191340264
d:544:1.614763104748949,7.4495747758653135,7.449537264552951,13.284348935669316
d:545:1.6143636969823643,7.449573910519263,7.449537202265649,13.284747415802547
d:546:1.616132037444583,7.449575288342603,7.449536240605914,13.282979491503934
d:547:1.614615187999238,7.449576045657103,7.449537445686359,13.284498303344225
d:548:1.6136031210819581,7.449575880891721,7.449537404003653,13.285510163813417
d:549:1.615001250544955,7.449575647607564,7.449535620797171,13.28411001785978
d:550:1.6150722240978261,7.449575124116271,7.449536348113943,13.284039248132387
d:551:1.615571669685032,7.449574808249561,7.449535964751277,13.283539103315807
d:552:1.6150456955160255,7.44957492738632,7.449537029876787,13.28406626174708
d:553:1.6141911619325136,7.449573794352473,7.449538126603258,13.284920759023217
d:554:1.6145870492086587,7.449573723373433,7.449538873878736,13.284525548043511
d:555:1.61428303109542,7.449573573496487,7.449539808352182,13.284830350753248
d:556:1.614149815447318,7.449574951323288,7.449540535721231,13.2849656715972
d:557:1.6151549676200538,7.449573918853976,7.44954129297304,13.283960244206963
d:558:1.6147658557002806,7.449574625112111,7.449542670795374,13.284351440207203
d:559:1.6148158025423776,7.449575507556633,7.449542990271421,13.284302695285676
d:560:1.6138093571498509,7.4495764726396425,7.449542919471638,13.28531003496143
d:561:1.6147130312538582,7.4495773550781434,7.449542223443277,13.284406547267563
d:562:1.614963501890438,7.449577872464531,7.449540440232531,13.284154810806625
d:563:1.6137505694508523,7.449576450989473,7.449540109228029,13.28536599076665
d:564:1.614483708322684,7.449577208298425,7.44953854442726,13.284632044403
d:565:1.6155242824395373,7.449576817202088,7.4495358580434905,13.283588392806042
d:566:1.6142960716514043,7.449575355274829,7.449536960609811,13.284816244233236
d:567:1.613736789246314,7.449574090858899,7.449535363260296,13.285372664872881
d:568:1.6152224581813446,7.449573082409745,7.449532676873494,13.283883301101893
d:569:1.6123162735453551,7.4495720010051265,7.449533392601831,13.286789120061602
d:570:1.614817481728343,7.449571146761314,7.449532954134608,13.28428661916758
d:571:1.614240720853985,7.449570551783861,7.449533675811775,13.284863506741651
d:572:1.613955007991878,7.449568695346845,7.4495350536373905,13.285148740992357
d:573:1.6144565560323194,7.449569577779949,7.449533197189521,13.284646218937151
d:574:1.6139421177081186,7.449569772122018,7.449532729648223,13.285160384062122
d:575:1.6147277133132985,7.4495679889136674,7.449531596596603,13.284371872196973
d:576:1.614730969482391,7.449568067565982,7.449530770876779,13.28436786896037
d:577:1.6142775751635803,7.449567356894023,7.449529988716931,13.284819770447374
d:578:1.6147171977406618,7.4495668666734245,7.449530586806276,13.28438025573904
d:579:1.614832511628908,7.449567553230957,7.449531607937409,13.284266649539457
d:580:1.6135527867289348,7.449566779481175,7.449531545468309,13.28554553822055
d:581:1.6142556746602086,7.44956564643805,7.449530855716981,13.284840827494824
d:582:1.613597961151342,7.449564915018344,7.449531088178508,13.28549804204551
d:583:1.6136881674564147,7.449566292854485,7.449532184911961,13.28541031031003
d:584:1.6139616158435448,7.449565152666045,7.449533119387803,13.285136656210303
d:585:1.6134277985450005,7.4495665305019,7.4495342161191775,13.285672948076076
d:586:1.6138529505067059,7.449567735630024,7.449534922453267,13.285249707576584
d:587:1.6143196474116497,7.449567039605862,7.449536300285255,13.284783692479467
d:588:1.614500619381884,7.449567553902505,7.449534346190151,13.284601280710772
d:589:1.61221696515409,7.44956861907531,7.449533855171822,13.286885509093043
d:590:1.6133759245435098,7.449567456343691,7.449533464622146,13.285724996422326
d:591:1.6137989966032897,7.449567540803644,7.449534062696755,13.285302606897108
d:592:1.6135487123002754,7.449568561964157,7.44953336507017,13.285553214734051
d:593:1.6139703550513467,7.449566837332116,7.449531731094341,13.28512821337511
d:594:1.6138646386696784,7.449567853312255,7.449531575742983,13.285234790385559
d:595:1.6140703797868117,7.449566513698723,7.44953259174076,13.285028725652671
d:596:1.6134097704046795,7.449567228199504,7.449533969575132,13.285691427369956
d:597:1.6134695272803903,7.449566452369766,7.449533245224252,13.285630170313627
d:598:1.613390438402531,7.449567554947867,7.44953445032379,13.285711566869127
d:599:1.6141283305454959,7.449567150661094,7.44953281634592,13.284971636461519
d:600:1.6137724308413723,7.449568355793134,7.449532728332779,13.285328653284541
d:601:1.6145611758079212,7.449568422008539,7.449532448324682,13.2845396945253
d:602:1.6137763917155556,7.449568492777378,7.449530772498852,13.285322873560675
d:603:1.6140898879492855,7.4495668169617,7.449531499817728,13.285008428830142
d:604:1.6137781238767133,7.449566587575056,7.449532520954237,13.285320984652579
d:605:1.6139308680739113,7.449565613872909,7.449532118993396,13.285166864792394
d:606:1.6144620890955181,7.4495650805202684,7.449531787528997,13.284634778953748
d:607:1.6146391987276,7.449565786776922,7.449532852671278,13.2844594407206
d:608:1.6140081867920557,7.449566502423964,7.449532626804004,13.285090942435911
d:609:1.6131498175821566,7.4495666869587325,7.449532054522155,13.285948923898731
d:610:1.614034919568212,7.4495665879968165,7.449533070521226,13.285064738949831
d:611:1.6131179744333402,7.449565103518523,7.449534167259679,13.285981296344861
d:612:1.6132215549904902,7.44956581801075,7.449535101740097,13.285879364760357
d:613:1.6134871161994973,7.449564753829101,7.449535984242395,13.285613621871999
d:614:1.612026006904049,7.4495646569275245,7.449537080979432,13.287075731002908
d:615:1.6129481187880579,7.449565678091531,7.449538183562721,13.286155742866194
d:616:1.612533045141392,7.449566780673341,7.449537732986121,13.286571468518071
d:617:1.6137023556634453,7.449565647621358,7.449538754124942,13.285402046082854
d:618:1.6127782330507898,7.449566212477752,7.449538351583157,13.28632633101012
d:619:1.6129665373630715,7.449566926959499,7.449538019662741,13.28613840925917
d:620:1.6120561793268227,7.4495665463212815,7.449539084808131,13.28704945180259
d:621:1.613466613751985,7.44956533251231,7.449538572535815,13.28563729129614
d:622:1.6130116975342474,7.449565261347198,7.449538485122672,13.286092048935622
d:623:1.6127010811449054,7.449566282509942,7.4495398629706475,13.286405064335684
d:624:1.6135377222136338,7.449565163242718,7.44953938202704,13.285566823056124
d:625:1.612307289482695,7.449565040153176,7.44954047876606,13.28679822943654
d:626:1.6132561978286404,7.449566418007725,7.449541413247291,13.285851633426375
d:627:1.6131309959730178,7.449567433995798,7.44954211958226,13.28597855760504
d:628:1.6132746122188948,7.449566868917606,7.449543084773513,13.285835341472225
d:629:1.6131531386276876,7.449565593215173,7.449543800509815,13.2859562550973
d:630:1.612183432038087,7.449564856364596,7.449545178361438,13.286926602687947
d:631:1.6129951374443579,7.44956540779568,7.449544582244432,13.286114852595754
d:632:1.6134902547065817,7.449565603282236,7.449543904666265,13.28561925324192
d:633:1.6122364634556288,7.4495654036428895,7.449545109781871,13.286874049969132
d:634:1.614024369615052,7.449566468829077,7.449546487634497,13.285088586848522
d:635:1.6126525857732776,7.449566680223779,7.449546671065072,13.286460765515573
d:636:1.6127930657467253,7.449566622117858,7.449544814591749,13.286318370962881
d:637:1.6130453977078574,7.449567999976917,7.449544410297076,13.286067012566136
d:638:1.6138183637927632,7.449568721721923,7.449545475447611,13.285295833376772
d:639:1.6128265134800692,7.449569408283061,7.449546572190627,13.286289466993619
d:640:1.612483653613225,7.449570505030004,7.4495475066726025,13.286634358089382
d:641:1.6124122738623772,7.449571439543637,7.449548471864756,13.286707637546016
d:642:1.6124210827954766,7.4495725362885015,7.449549199249734,13.28670065274276
d:643:1.6124041973191048,7.449573053667482,7.4495502643997735,13.28671912074815
d:644:1.6122379970969778,7.449571989480953,7.449551642257468,13.286885634641443
d:645:1.6135151439177573,7.449571822117676,7.449551492377825,13.285608170577744
d:646:1.6129179620958265,7.449571239249026,7.449550070867599,13.286203348020798
d:647:1.6133161636168385,7.449571973902783,7.449548287622047,13.285804097907992
d:648:1.6126151572446084,7.4495715142670855,7.449549390218685,13.286505747241161
d:649:1.6122797616518856,7.449572229915101,7.449548647833814,13.28684111609703
d:650:1.6124395642887848,7.449569543481605,7.449549668984018,13.286679648176838
d:651:1.6140192190338016,7.449568707702666,7.449549606342378,13.285099095011242
d:652:1.613043943437665,7.449567921251145,7.449548915029961,13.28607289284344
d:653:1.612434751371179,7.449567569439737,7.449549931045858,13.286682749114416
d:654:1.6132639321202937,7.449566836214244,7.449547976922634,13.285850881016586
d:655:1.6129894240567992,7.4495682140808395,7.449549042073203,13.286127832097243
d:656:1.6132830464140682,7.449569230075958,7.449550063221315,13.285836246883203
d:657:1.6115731730603216,7.449568597976445,7.449548708937157,13.287544133853281
d:658:1.6129568730164898,7.449567895523567,7.449548399495514,13.28615942200259
d:659:1.613503957260047,7.4495671763748215,7.449549464643911,13.285612683758686
d:660:1.6121651365215577,7.4495644899328335,7.449550561393155,13.286949914804431
d:661:1.6120748293472786,7.449565592529272,7.449551495877777,13.28704225905977
d:662:1.6137261780366554,7.449564083622177,7.449552378394498,13.28539028398002
d:663:1.6118678780014033,7.449564810993373,7.449553113059559,13.287250046051529
d:664:1.6123700262050562,7.449564414229925,7.449554209808011,13.28674859783288
d:665:1.6126978758346269,7.4495656193872755,7.449555175005507,13.286422918558156
d:666:1.611623052062555,7.449564701459338,7.449556140198187,13.287497789594969
d:667:1.6131968521233322,7.44956526630632,7.449557105386048,13.285925519569036
d:668:1.6123019390186162,7.449565477633854,7.449558070569093,13.286821609184331
d:669:1.6123067356003205,7.4495659919237065,7.449559035747321,13.286818292070707
d:670:1.611844744295082,7.449565709227567,7.449558842453388,13.287279807385874
d:671:1.6119646962667975,7.449565279209724,7.449558101922371,13.287158684865297
d:672:1.6126016758524617,7.449565169509672,7.449558776218248,13.286522269875457
d:673:1.6118599166313814,7.449566547383252,7.449560154091292,13.287266784843162
d:674:1.6126632633387956,7.449565612012894,7.4495599388807765,13.286462287554876
d:675:1.6107097829905541,7.449565944316759,7.449561144017101,13.288417305343305
d:676:1.612540383930984,7.449564618626867,7.4495612230164205,13.286585457712302
d:677:1.6126522236552407,7.4495653459408215,7.44956223904053,13.28647536132611
d:678:1.6129173059382325,7.449566442695065,7.449562973700982,13.286212110457814
d:679:1.6114586327611367,7.449567377215099,7.449563938878864,13.287672683332827
d:680:1.613021938908501,7.449568473967263,7.449564904051929,13.286111439110691
d:681:1.6130506617727107,7.449569188455101,7.449565869220176,13.286084395902567
d:682:1.612041193578559,7.449570153575748,7.449566834383605,13.287095794380793
d:683:1.6122182957836717,7.449571118691577,7.4495677995422165,13.286920622450122
d:684:1.6128515609048542,7.449572053208707,7.449567687041395,13.286288179345249
d:685:1.6114315473044503,7.449573149960786,7.449568121353632,13.287709724009968
d:686:1.612407950241467,7.449573382450709,7.44956721011854,13.286732642327783
d:687:1.612476140474179,7.449572719415238,7.449566384391825,13.286662963332883
d:688:1.6119234008098218,7.4495720755948955,7.44956671186703,13.287215386652104
d:689:1.611665896038188,7.449571052943256,7.449565985760037,13.287471142665105
d:690:1.6127861779727795,7.449571003526338,7.449566700301274,13.286351525854833
d:691:1.6115300503557997,7.4495723814091,7.449565820423997,13.287608151477297
d:692:1.6126952388334708,7.449573055700064,7.449566923040338,13.286444739906932
d:693:1.6123604995322314,7.44957245157539,7.449566302204528,13.286778254247688
d:694:1.6130499849219202,7.449569765111107,7.449565629064167,13.286085409253355
d:695:1.6130538175854525,7.449570830318955,7.449563528459908,13.28608054119341
d:696:1.612366262145489,7.4495710415805485,7.449564549623144,13.286769329058203
d:697:1.612559684446623,7.449570983300165,7.449563962400179,13.28657526125372
d:698:1.612177367488174,7.44957200448894,7.449565167545363,13.286959804546129
d:699:1.6132746038712256,7.449572726240698,7.4495645315860735,13.285862653955546
d:700:1.6116730720463242,7.449571944075512,7.449565230702203,13.28746410273139
d:701:1.6118594986947041,7.449571864522886,7.449565618588843,13.287277984417026
d:702:1.6121589156854839,7.449573069696245,7.449564996520979,13.28697915053174
d:703:1.612027168294638,7.449572672361895,7.449565256982076,13.287110761049334
d:704:1.6128029780685917,7.449574050250171,7.4495635811245355,13.286334653306115
d:705:1.6113914956304516,7.449572096109194,7.449561797857619,13.287742398336361
d:706:1.6123198032977069,7.449571026275062,7.449560335878021,13.286811558855376
d:707:1.6117447045709383,7.449569913646689,7.449559358027892,13.287384567103643
d:708:1.6130404778299052,7.449569600367825,7.449559956121477,13.286089078659398
d:709:1.611196604593685,7.4495690228388005,7.449559652146633,13.287932070391749
d:710:1.611573754833838,7.449569905311914,7.449560534675019,13.287556685153096
d:711:1.611466224056569,7.44957062096496,7.449561499836637,13.287665896745027
d:712:1.611012645054231,7.44956866681957,7.449562464993434,13.288118486758773
d:713:1.6125757531978824,7.449567735014846,7.449563171346513,13.286555153163478
d:714:1.6109667697937127,7.449567252546761,7.449562016290466,13.288162499043516
d:715:1.6108755852745666,7.449567769916065,7.449561470838089,13.288253655479586
d:716:1.6119601750989627,7.449566636840007,7.449561361139283,13.287167822880328
d:717:1.6119340285787072,7.449565813570067,7.449560734093103,13.287192519084462
d:718:1.6113429289968675,7.44956719146185,7.449562111987408,13.28778637445239
d:719:1.6112631206936765,7.449565948311565,7.449561223043534,13.287864050661423
d:720:1.6129570813453693,7.449566107947543,7.44956082455756,13.286169851159734
d:721:1.6114642819207212,7.449566702211076,7.44956045816859,13.287662878458946
d:722:1.6121037165483347,7.449566033439929,7.449559819607513,13.287022136499107
d:723:1.6118675168045904,7.449565393572646,7.449559670470785,13.287257547238841
d:724:1.6111419755935419,7.449564380438502,7.4495591012927775,13.287981506137738
d:725:1.6108861980335938,7.449565758331954,7.449560203917222,13.288239764215582
d:726:1.611466214101025,7.449565842806335,7.449560531349286,13.287660160054596
d:727:1.6122212534700822,7.4495669454267315,7.449559553495203,13.286905245451852
d:728:1.6119851351640495,7.449566916413713,7.449559007090056,13.28714078833972
d:729:1.6126688818174255,7.4495682943085315,7.449558897176624,13.286458309667731
d:730:1.611986905878192,7.449569499490721,7.449558416232753,13.287141009845282
d:731:1.6113475493805733,7.4495690116116595,7.44955901049663,13.287780472727716
d:732:1.6117067451428024,7.4495703895072225,7.449558139398674,13.287421783763094
d:733:1.6119796130522062,7.449571111256057,7.44955773510477,13.287149233308622
d:734:1.6111321490888475,7.449570429167402,7.449557361938245,13.2879956420168
d:735:1.6119203805735278,7.4495709940117,7.449556720753594,13.287207334191766
d:736:1.611296483429106,7.449569760959002,7.4495562715473405,13.287829549077236
d:737:1.6114809825619858,7.449570776981034,7.4495554433271165,13.287645237746165
d:738:1.6110118882758986,7.4495700993985965,7.449555048836117,13.288113259958815
d:739:1.6099837201309128,7.449571477296568,7.449554839109711,13.289142596275365
d:740:1.612217078175469,7.449570439735988,7.4495530558249525,13.28690641738547
d:741:1.6109680188724962,7.449571455755156,7.449553462561515,13.288156899444175
d:742:1.6119768466740965,7.44957066273293,7.449553078652282,13.287146894711116
d:743:1.611624477801799,7.449571184540793,7.4495541438315795,13.287500850570574
d:744:1.611627549424929,7.449571344095934,7.449555521735343,13.287499316406349
d:745:1.6108452830873716,7.449569560813829,7.449556618513984,13.28828089624044
d:746:1.6110106326135476,7.44957093871373,7.449557365841877,13.288117671942059
d:747:1.6112005927412483,7.449570588368714,7.449558052430676,13.287928048058141
d:748:1.610925816256163,7.449571108008214,7.449559017594264,13.288204309346314
d:749:1.6122837069269735,7.449569981899678,7.449559733357876,13.286846008330581
d:750:1.6106540291193365,7.4495705467261635,7.449560830136295,13.288477347743122
d:751:1.610750268311671,7.449571611952632,7.449561764650212,13.288383108291173
d:752:1.6117808976638681,7.449571498371572,7.449562729810892,13.287353330518597
d:753:1.610503395683132,7.449572876274132,7.449563694966752,13.288633175557752
d:754:1.6120667693228476,7.4495738922944,7.449564797600976,13.28707192057253
d:755:1.6109388751067542,7.449573727017913,7.449565894379424,13.288200746290583
d:756:1.6103953791811083,7.4495725398215455,7.449566828890551,13.288743989530987
d:757:1.6106395168737482,7.449573059438727,7.449567925666919,13.288501468231898
d:758:1.6106653725508995,7.449573786767044,7.449568890820673,13.28847730503682
d:759:1.6102696683989457,7.449574514083558,7.449570268734764,13.288875114419376
d:760:1.6109812801306642,7.449575261455473,7.449570551666032,13.28816453299084
d:761:1.6109519601732636,7.44957635823594,7.449570099715309,13.288194497777987
d:762:1.6105412430143229,7.449576875593841,7.449570827080908,13.288606459660427
d:763:1.610216877036379,7.449576964573944,7.449572204996185,13.288932292533751
d:764:1.6111753878680606,7.449575793883211,7.449570104357316,13.287970510372466
d:765:1.6106958659156732,7.449574494221021,7.449570012555356,13.288448640860704
d:766:1.610574371720638,7.449575515432485,7.449568550557618,13.288569694269466
d:767:1.611006359424584,7.449576580662889,7.449567696280402,13.288137917518707
d:768:1.6107636974632857,7.449574983248174,7.449565595638092,13.28837688142298
d:769:1.611264979427828,7.449573970107345,7.449565576870912,13.287874567550428
d:770:1.6111691240048636,7.449574129581168,7.4495646112169895,13.287969616793294
d:771:1.6105348836640463,7.449573484421169,7.449565816391991,13.288604417149115
d:772:1.609981296077489,7.449574049232756,7.449565342969114,13.289158096124382
d:773:1.6100173962403819,7.449575151870939,7.4495638584339146,13.289121614064472
d:774:1.6099277559153808,7.449574358845107,7.4495634535532975,13.289210056483023
d:775:1.610766637792354,7.449575374869266,7.44956451874448,13.288373255821393
d:776:1.6105595871553913,7.44957490587077,7.449565615524416,13.288580934239794
d:777:1.6100354841328262,7.4495742800745575,7.449566550036938,13.289105345978669
d:778:1.6102473033874674,7.449573849413924,7.449567646814793,13.28889419284125
d:779:1.6113181534898455,7.449574283881931,7.4495686119707365,13.287824742362822
d:780:1.6105975066827813,7.44957501127877,7.4495680386429495,13.288545543238937
d:781:1.6108240019996245,7.449575605541102,7.4495690547043365,13.288320658245814
d:782:1.6110085765947666,7.449576304697867,7.449570432627057,13.288138160730158
d:783:1.6098256974398986,7.449575473972549,7.449571529404595,13.289321305937246
d:784:1.6107914809513506,7.449574186510453,7.4495724639152945,13.288355169474398
d:785:1.6108973972833116,7.449574255790477,7.4495731702791455,13.28825002878631
d:786:1.6102441611978886,7.44957546099658,7.449574135433816,13.288905435232508
d:787:1.610198345468648,7.44957533769347,7.449574851200273,13.288951843425094
d:788:1.611322164253238,7.449574691194448,7.44957622912629,13.2878287560675
d:789:1.6110519827919632,7.449573663639875,7.449574720177073,13.288096401024983
d:790:1.6104607279068723,7.449573614056173,7.449575447540079,13.288688333689379
d:791:1.610629609515792,7.4495749919766165,7.449576825466405,13.28852220792723
d:792:1.610717797532775,7.449574376005943,7.449576754503727,13.288433332976894
d:793:1.6106763578435626,7.44957539203241,7.44957649738086,13.288475531569707
d:794:1.6105384165175032,7.4495747455327805,7.449577562579533,13.28861389159481
d:795:1.6114343842556735,7.449574733149029,7.449577112692245,13.2877174615856
d:796:1.6109040147229123,7.449573876131098,7.4495766509177574,13.288246512325944
d:797:1.6117567801360675,7.449574260406491,7.449576298124228,13.287393778394652
d:798:1.611952865964355,7.449573081568998,7.449575810243334,13.287196025847976
d:799:1.6105529987164289,7.449572218996592,7.44957648456562,13.288595704845783
d:800:1.609754406676263,7.449572653435116,7.4495775057681675,13.289395752527021
d:801:1.6100720318451156,7.4495725294568995,7.449576768898844,13.289077266510628
d:802:1.610525562826858,7.449571189781268,7.4495779740886,13.28862360104301
d:803:1.6093537010193284,7.449569406473796,7.449579070872999,13.289794776327467
d:804:1.610575744215014,7.449570120985335,7.449579798303043,13.288574175073364
d:805:1.6104071342517692,7.449568887913376,7.449580545644201,13.288742299305808
d:806:1.6107411223881272,7.44956836352046,7.449580280244831,13.288407521377163
d:807:1.6110239882773634,7.449568047216063,7.4495813454459,13.2881254043846
d:808:1.609325299526958,7.449568612013648,7.449582442229831,13.28982575471652
d:809:1.610220608889506,7.449569628039963,7.449583376746642,13.288932395897099
d:810:1.6106400187328092,7.4495685153864475,7.449584111441008,13.288512608094646
d:811:1.6098758871563295,7.449569893313848,7.449584817802652,13.28927882396017
d:812:1.6103147677636667,7.449571098527675,7.449586195740664,13.288842526504672
d:813:1.6096413130769243,7.449570050580635,7.449584660154771,13.289513397658482
d:814:1.60948418480735,7.449567364031511,7.449584351992887,13.289667531217049
d:815:1.6106593355447885,7.449568429274736,7.449585373198997,13.288494466928945
d:816:1.6102970875095775,7.449567799700996,7.449585302052359,13.288856014243779
d:817:1.609934173687785,7.449567507961267,7.449584977829076,13.289218312102557
d:818:1.6094797916065051,7.449568223632404,7.449586043032008,13.289674475057907
d:819:1.6088835239865453,7.449566923952073,7.44958742097247,13.290270820937998
d:820:1.6105440080447302,7.449565067400408,7.449586970400873,13.28860802975655
d:821:1.6098620527511862,7.449566170052162,7.449586627286865,13.289290744587841
d:822:1.6091338007028746,7.449564965343302,7.449586750749808,13.290017915390235
d:823:1.6100421793992172,7.449566170558099,7.449586929528052,13.289110920686934
d:824:1.61024585630126,7.449564387239989,7.4495873692188095,13.28890590015754
d:825:1.6088655013238071,7.44956540846669,7.449586584901732,13.290286492044615
d:826:1.6098448830484209,7.449564096046831,7.449587650104429,13.289306863102839
d:827:1.6095926569123051,7.449564830740666,7.449587136983994,13.289559310812354
d:828:1.6099967500031163,7.449565565423007,7.449585280434587,13.289154095854478
d:829:1.6104824603050893,7.449566312801823,7.44958529113151,13.288669143628244
d:830:1.6100707756217467,7.449567409604267,7.449583829116327,13.289080463098848
d:831:1.6101886489979318,7.449567926950699,7.449582195061782,13.28896147301455
d:832:1.6101657286224853,7.449566814291405,7.449580630173491,13.28898171584241
d:833:1.609808947713308,7.449567916945155,7.449580538176732,13.28933950740858
d:834:1.609640591642286,7.4495674442612465,7.449580944903606,13.289507797522568
d:835:1.609769904122997,7.449568460292591,7.449580412449093,13.289378968618687
d:836:1.6100802325184507,7.449567812442805,7.449579755019707,13.289067334944061
d:837:1.6100130941135795,7.44956837722615,7.449580820220893,13.289136103333464
d:838:1.6087666046737787,7.449567704070358,7.4495821981677866,13.290383297564365
d:839:1.60944753291656,7.449566391647291,7.4495813438827305,13.289700202613462
d:840:1.60966228000345,7.449565212796591,7.449580829053963,13.289483761847103
d:841:1.609053516642179,7.449566234025173,7.449580492526436,13.29009320990943
d:842:1.6092167673730629,7.449566450848469,7.449580755129081,13.289930438604486
d:843:1.6095895943999885,7.449565175084304,7.449579968653475,13.289555549337791
d:844:1.6101397703956728,7.449565902485289,7.449580696021842,13.289006828111457
d:845:1.6104858911353634,7.449566422096437,7.44957998026991,13.288660511230983
d:846:1.6102063801295188,7.449565067758308,7.4495794151780155,13.288938102806805
d:847:1.6092928314859236,7.449564776416896,7.4495784066719395,13.289850351602912
d:848:1.6100327685685087,7.449563688966943,7.449579422757459,13.289110343155894
d:849:1.6104914577276421,7.449562054899426,7.44958080070799,13.288651397879773
d:850:1.609250869407031,7.449562606361404,7.449578700026097,13.289890436980471
d:851:1.6094822517284264,7.449563671613673,7.449577879180079,13.289659299065324
d:852:1.610186500699987,7.449563742291873,7.449578981855101,13.288956223446986
d:853:1.6083663058541475,7.449564758324437,7.4495803598061245,13.290778812276415
d:854:1.6085249787938363,7.4495644203926155,7.449579516220364,13.290618957819143
d:855:1.6097830086930038,7.449565485643119,7.449578687988448,13.289361164938564
d:856:1.6097549948836463,7.449564145948867,7.449577945584905,13.289387096650126
d:857:1.608979951729184,7.449563566279254,7.44957901078963,13.290162625339699
d:858:1.6103098061484555,7.449564280792149,7.449578303406007,13.2888327780497
d:859:1.6084234394909576,7.449562796226616,7.449579368607746,13.290718725343405
d:860:1.6091826844092285,7.44956320276954,7.449579008340405,13.289959526700716
d:861:1.609234537572732,7.4495624677077625,7.449580073539258,13.289908003674288
d:862:1.609639344574779,7.449563845657016,7.449581170341312,13.28950567142355
d:863:1.6088219438023028,7.4495628462271615,7.449582104871093,13.290323007295951
d:864:1.6103388050892171,7.449561963329766,7.449582987451835,13.288806145692384
d:865:1.609784552041198,7.4495615578573675,7.449583870025928,13.289360875842098
d:866:1.6098183852110939,7.449560245424435,7.449585247983411,13.289327108196753
d:867:1.6097280866699144,7.44956095174254,7.449583683082973,13.289416548155598
d:868:1.6090882966897144,7.449560333334497,7.449584410447282,13.290056447092065
d:869:1.6094381445449937,7.449561049005781,7.449583830782596,13.289706735243383
d:870:1.6097978461806406,7.449560399800306,7.449584505112587,13.289347058732252
d:871:1.6087459675774731,7.449559885817461,7.449585883071368,13.290399801311356
d:872:1.6097638180963614,7.449561263769517,7.4495857302434425,13.289383175916598
d:873:1.6095289071810974,7.449562469002765,7.449585051155549,13.289618612977216
d:874:1.6098137137285793,7.44956198957184,7.449584621135221,13.28933289697848
d:875:1.6095928394595802,7.4495627469611225,7.449585172565077,13.28955508006662
d:876:1.6093991624830082,7.449562542327361,7.4495844733189935,13.289747853163346
d:877:1.6092791130537734,7.449563299706303,7.449582616746358,13.289866803398887
d:878:1.6094153907558688,7.449562623592943,7.449581868707318,13.289729101544392
d:879:1.6096762020363755,7.449562817900522,7.44958288480114,13.289469500665287
d:880:1.609393455794379,7.449561903299793,7.449584262762515,13.28975271026793
d:881:1.608797518921044,7.449562409837707,7.4495845822589475,13.29034947317561
d:882:1.608291146758562,7.449561763325161,7.449584429182371,13.290855045748971
d:883:1.6092753095842252,7.449561019047196,7.44958385058178,13.289869560044751
d:884:1.6080019206466982,7.449561533361093,7.449583149724754,13.291142762439149
d:885:1.6092258554546905,7.449562598618801,7.449581424974516,13.289918168138627
d:886:1.6091248961416245,7.449562982868811,7.449580754739391,13.290018841466578
d:887:1.6091402623172524,7.449561126285302,7.4495815120933875,13.290002376061437
d:888:1.609945828063589,7.449560894959002,7.44958253332225,13.289197600217664
d:889:1.6086934031948044,7.4495597242314195,7.44958205313745,13.290448374174066
d:890:1.6102662152334624,7.449559644493407,7.4495817956620645,13.288875224922009
d:891:1.6096537513503453,7.449559226385256,7.449582860869782,13.289488335904693
d:892:1.6098970809982234,7.449560604345573,7.449583121306111,13.28924664465346
d:893:1.6089072363087435,7.449561256142657,7.449580434705419,13.290234454539332
d:894:1.609426508534817,7.449560543755917,7.449580406197437,13.289714441418536
d:895:1.6087660823947072,7.449561748996198,7.4495799401055915,13.290375606707082
d:896:1.6093156333927645,7.449561707005884,7.4495801356341795,13.289826209247298
d:897:1.6087384250884789,7.4495627282504815,7.44958120083991,13.290405504001914
d:898:1.6083758839887263,7.449561900006904,7.449582578808265,13.290768594826442
d:899:1.6097152055550783,7.449561337936016,7.449583675622625,13.289429808003563
d:900:1.6081966319230183,7.449560741799852,7.449584610160374,13.290948720037207
d:901:1.608992253754046,7.44956008015269,7.449585706972653,13.290153533371296
d:902:1.6091736996893449,7.449558815636945,7.44958667216828,13.28997178811588
d:903:1.610103417414237,7.4495595313050105,7.449587387959871,13.289043501850644
d:904:1.6093141785808047,7.449558176946828,7.44958827054143,13.289832268907453
d:905:1.6085663182371484,7.449558067042592,7.449589235733446,13.290580984538888
d:906:1.609110655959693,7.449558782698501,7.449589951513855,13.290038078252664
d:907:1.6089822568093055,7.449557456936624,7.449591054211482,13.2901662543388
d:908:1.610023013984911,7.449556538961987,7.449591788925585,13.289125313902662
d:909:1.6087747126668042,7.449555745910926,7.449592754114634,13.290373787358757
d:910:1.609231541457735,7.449554376131357,7.449593469884442,13.289916304558064
d:911:1.6088019908405293,7.449555050464338,7.449594847861418,13.290347907485227
d:912:1.6087773888850538,7.449555261681481,7.449594586455334,13.290372459251762
d:913:1.6091717602254914,7.449555581224727,7.449593480294399,13.289977301293634
d:914:1.6073342332988751,7.449556959193409,7.449592649553473,13.291815375448007
d:915:1.6096137029286535,7.449557680979855,7.4495923171871326,13.289536295238333
d:916:1.6080554867530807,7.44955710130339,7.449592059715024,13.291093674265333
d:917:1.6093895097540702,7.449557828711512,7.449592913311403,13.289761232268845
d:918:1.609728526055271,7.449557423824409,7.449593978525344,13.289422876294482
d:919:1.6083537664598175,7.4495567732565044,7.449593464549227,13.290796471345914
d:920:1.6104428172019993,7.449556636149825,7.449594529760236,13.288708348708061
d:921:1.6087966282274557,7.449558014120904,7.449595907741079,13.290357293634528
d:922:1.6094081069782735,7.44955897931579,7.4495958637122754,13.289746736049791
d:923:1.6098411300515227,7.449559714012998,7.449597068958318,13.289315652919793
d:924:1.609952595735967,7.44956046140755,7.449598446940039,13.289206312611622
d:925:1.608523880978531,7.4495615582434676,7.4495957603213965,13.290633437586333
d:926:1.608617490481107,7.449562272762973,7.449595668132511,13.290540450414378
d:927:1.6098561177384525,7.449563369596747,7.449595605340213,13.289302857198507
d:928:1.6086332320893764,7.4495642521360175,7.449594748306585,13.290525768353225
d:929:1.6089439607484906,7.449565186733162,7.449592061684059,13.290213287668731
d:930:1.608741294931452,7.44956628356552,7.449593164388284,13.290418153022351
d:931:1.6092534114999673,7.449565235590974,7.449594542370949,13.289906366461956
d:932:1.6077177616734293,7.449563699955622,7.449592944898826,13.291438883181018
d:933:1.6093043128471418,7.449563403382428,7.449594322881068,13.289853413416354
d:934:1.609194463243476,7.449563106402835,7.44959222215865,13.289960865318008
d:935:1.6091114081843507,7.449562985788034,7.449591702149412,13.290043279753096
d:936:1.6095646452578265,7.4495640884793515,7.449592723395221,13.289592166616746
d:937:1.6088454204650269,7.449562412527075,7.449592028920574,13.290309020982622
d:938:1.6077479329232194,7.449562115140309,7.4495921078448175,13.291406290061907
d:939:1.6096512996378394,7.449561929182842,7.449591369130873,13.289501998675876
d:940:1.608472406881317,7.4495626436937155,7.449592574380651,13.290682811193049
d:941:1.6092697375516316,7.449561880064589,7.449593265084463,13.28988540759742
d:942:1.6080480918643225,7.449560646952484,7.449594230280636,13.291106785368797
d:943:1.6090151888089839,7.4495611642982915,7.44959519547199,13.290141170961297
d:944:1.6091157129260392,7.4495605150851265,7.449596160658525,13.290040962817612
d:945:1.6088740695559274,7.449561893067752,7.4495971258402385,13.290284949352063
d:946:1.608589726412859,7.449562491281647,7.449598228549068,13.290570993417855
d:947:1.6092846860347034,7.44956345648159,7.449597831214627,13.289876601661513
d:948:1.6090088067425015,7.449564421676713,7.449597956914113,13.290153571848325
d:949:1.609282483164641,7.449565356275025,7.449598978162243,13.289881851272627
d:950:1.6087898982272666,7.449566453112087,7.449598712404158,13.290375267288978
d:951:1.608660205258829,7.449566589369269,7.449597896370895,13.290504280481334
d:952:1.6087578661635913,7.449567106693719,7.449598961592047,13.290408202122174
d:953:1.6089577320867132,7.4495664547625156,7.449598510330004,13.290207233005807
d:954:1.609248482819913,7.449566539151719,7.449595823691049,13.289913880022855
d:955:1.609946147320576,7.449567917139668,7.449595278230821,13.289217048049913
d:956:1.6079256908547812,7.449569122406473,7.449595621354771,13.291239052906462
d:957:1.6092097445350326,7.44956847047544,7.449595109924115,13.289953835864523
d:958:1.6076352802290241,7.449567216796361,7.449593155666183,13.29152509223352
d:959:1.6078417192270837,7.4495661169850145,7.449592411387367,13.291316809145298
d:960:1.608469587958739,7.449565278586159,7.449592294103922,13.290687984731342
d:961:1.6093689465620447,7.449564489918926,7.449593672098342,13.289789215455224
d:962:1.6086169581200078,7.449564463840697,7.449593521998119,13.290541027718808
d:963:1.6084491850851528,7.449564185755513,7.449592841399996,13.290707842070356
d:964:1.6080075958501325,7.449565288455209,7.449591487032915,13.29114917963799
d:965:1.6093886826481505,7.44956445517252,7.449590854909321,13.289766627433691
d:966:1.6089430887606753,7.44956533771794,7.44959195762107,13.290214206578334
d:967:1.6081370242262718,7.449566072418241,7.449593335616993,13.291022383808963
d:968:1.6077450524558703,7.449567037616033,7.44959303372585,13.291415018886012
d:969:1.6089812434684418,7.449568134457832,7.449591663938592,13.290178554927982
d:970:1.6082279500110062,7.449569339728433,7.449590930679399,13.290932320396827
d:971:1.6074990314249256,7.449568802683464,7.4495923086756415,13.29166207993418
d:972:1.6082362657400253,7.449568816501091,7.4495915877717005,13.290924138532766
d:973:1.6073780461948814,7.4495700217708,7.449590990506813,13.291782966082732
d:974:1.608001097310554,7.449570712449588,7.449589454863718,13.29115907000275
d:975:1.6086253437721751,7.449571096679887,7.449588856462539,13.290534609370251
d:976:1.6087783118188437,7.449571386968641,7.449588174351495,13.290381249501293
d:977:1.6084718032004304,7.449570761151895,7.449589379614165,13.29068833756563
d:978:1.6078142980085328,7.449571643696044,7.449590757612045,13.291348103299557
d:979:1.6074898282985526,7.449572708990227,7.449590941024715,13.291673821716389
d:980:1.6091679587981371,7.449572037284666,7.449591380717237,13.289995459203766
d:981:1.6087046125282036,7.449573139990195,7.449590744737289,13.290459272199282
d:982:1.608528712877547,7.449573218800978,7.449589913984849,13.29063441990828
d:983:1.608970110783968,7.449571797185697,7.4495907965871,13.290192482988829
d:984:1.6083002185453044,7.449572303724455,7.449591761776149,13.290863846955299
d:985:1.6085397935090775,7.449570819117287,7.449592726960375,13.290623752568585
d:986:1.6082595958323758,7.44956999824808,7.449593692139781,13.290904094555486
d:987:1.6078470015322264,7.449568989709898,7.449592996075991,13.291314984253662
d:988:1.607624524519693,7.449568394694914,7.449592802515755,13.291536672690977
d:989:1.6079115788171254,7.449569122066272,7.4495922228434495,13.291249766092596
d:990:1.6082883029934418,7.449570087267594,7.449591679272679,13.29087346354683
d:991:1.608305241429628,7.449570821964498,7.44959288454011,13.29085846507498
d:992:1.608106662047799,7.449569903978397,7.449592182054277,13.291055423984876
d:993:1.6074017543781185,7.449570786520203,7.44959039867,13.291759430812084
d:994:1.6083209910312402,7.449571883369788,7.449591501389642,13.29084239372819
d:995:1.6080110782510229,7.449573088647641,7.449590778749108,13.291152789145725
d:996:1.6086309134217291,7.449573046497677,7.449590179206529,13.290532312282478
d:997:1.6073533235089705,7.449574067779578,7.449588322580597,13.291809066851204
d:998:1.608793684673742,7.449572113496014,7.449587878118704,13.290366306940976
d:999:1.6077655994187108,7.449573216205501,7.44958857731501,13.2913961941018
d:1000:1.6075295830372962,7.449571491404116,7.449588904756937,13.291630813123758
