data: dataset/time_series/
d:1:2.0757742463,4.86669069984,4.86527025164,7.65618670518
d:2:2.03487752644,4.86706023904,4.86551431615,7.69769702875
d:3:2.03348869963,4.86426522523,4.86541467018,7.69619119578
d:4:2.04341043471,4.8614667683,4.86570421778,7.68376055136
d:5:1.99810721187,4.85866486129,4.86552720118,7.7260848506
d:6:1.98755320377,4.85895104914,4.86472620955,7.73612405491
d:7:1.99384272042,4.85914692019,4.86192364334,7.72722784311
d:8:1.9955951006,4.85939068144,4.85911761499,7.72291319583
d:9:2.01805732671,4.859832961,4.85630811752,7.69808375181
d:10:2.00500211522,4.86024098138,4.85655121539,7.71179008156
d:11:1.99752768865,4.86044032359,4.85658386161,7.71949649655
d:12:1.9863551363,4.86098256877,4.85577613184,7.73040356431
d:13:1.99115667846,4.86101940901,4.85550642837,7.72536915891
d:14:1.99488008802,4.85997811267,4.85487522454,7.71997324919
d:15:2.01144385578,4.85980079663,4.85496797289,7.70332491374
d:16:1.9997944322,4.85970270356,4.85493751818,7.71484578954
d:17:2.00378466205,4.85889684351,4.8550314534,7.71014363485
d:18:2.00164704613,4.85607373519,4.85527906651,7.70970575557
d:19:2.00344607772,4.85611027279,4.85517906297,7.70784325803
d:20:2.00829468361,4.85620676666,4.85521549659,7.70312757964
d:21:2.00737235322,4.85593988837,4.85518764813,7.70375518328
d:22:1.99728312559,4.85310864345,4.85533954491,7.71116506277
d:23:2.02443568932,4.85335831302,4.85537769966,7.68430032336
d:24:1.99890794313,4.85052219605,4.85474698135,7.70636123428
d:25:2.02139013133,4.84768253299,4.85495151508,7.68124391674
d:26:2.00534321886,4.84483931659,4.85524931369,7.69474541142
d:27:2.00080532146,4.84532016042,4.8544396021,7.69895444106
d:28:1.98659928678,4.8424722009,4.8533902945,7.70926320862
d:29:1.98995523689,4.84261933082,4.8532933445,7.70595743843
d:30:2.00154699018,4.84313379104,4.85280507256,7.69439187343
d:31:2.0225091243,4.84295054342,4.85338890276,7.67383032189
d:32:1.99398019396,4.8430998828,4.85336518165,7.70248487048
d:33:1.99040649364,4.84228103309,4.85340734583,7.70528188527
d:34:1.99995280389,4.84164150787,4.85199589331,7.69368459729
d:35:1.99155057636,4.84173636179,4.85241847299,7.70260425842
d:36:2.01735003497,4.84177179021,4.85262864337,7.6770503986
d:37:1.97198482972,4.83890744553,4.85283963721,7.71976225302
d:38:1.9984284542,4.83853046029,4.8529998837,7.69310188978
d:39:1.99109691366,4.83878078505,4.85316088344,7.70084475484
d:40:2.00359490364,4.83887652187,4.85210779121,7.68738940944
d:41:2.00028739426,4.83600388232,4.85267040693,7.68838689499
d:42:1.97515731265,4.83536028813,4.85271704485,7.71292002034
d:43:1.99214990091,4.83577744993,4.8532819665,7.69690951552
d:44:1.99505719293,4.83619574222,4.85387844809,7.69501699737
d:45:2.014701474,4.83331492137,4.85418950801,7.67280295537
d:46:1.98630645373,4.83303963515,4.85465914343,7.70139232485
d:47:1.99801485471,4.83015338854,4.85464396351,7.68678249735
d:48:2.00380911834,4.8272634723,4.85500062407,7.67845497803
d:49:1.98975209055,4.82436987879,4.85527003358,7.68988782182
d:50:1.99758818756,4.82466322601,4.85581173069,7.68288676914
d:51:2.01127688624,4.82500040599,4.85632161817,7.67004513791
d:52:2.00431670986,4.82496619206,4.85659417445,7.67724365664
d:53:1.99720131556,4.82538411855,4.85371566906,7.68189847204
d:54:2.00165664574,4.82563554038,4.85308574384,7.67706463847
d:55:1.99086447827,4.82578691693,4.85314003983,7.68806247848
d:56:1.99924418221,4.82620796404,4.85358109654,7.68054487836
d:57:2.02600177089,4.82624373392,4.85349714756,7.6537391106
d:58:1.99107309537,4.82670343488,4.85390162642,7.68953196593
d:59:2.0028147344,4.82700524826,4.85426650558,7.67845701943
d:60:2.02091587249,4.82635617469,4.85458930063,7.66002960283
d:61:2.00346741351,4.82674323202,4.85476582844,7.67804164696
d:62:2.01393968184,4.82713139761,4.85521325499,7.66840497076
d:63:1.99531229316,4.82675221246,4.85513337139,7.68657329069
d:64:1.99417718885,4.82731803719,4.85519438891,7.68833523726
d:65:2.02577698441,4.82721857786,4.85552176101,7.65696335446
d:66:2.01389725626,4.82694551966,4.85536167495,7.66840993834
d:67:2.0129574191,4.82629684715,4.85559548411,7.66893491216
d:68:2.00880182856,4.82484825345,4.85612080727,7.67216723216
d:69:1.99558282672,4.82401352545,4.85657535466,7.68500605338
d:70:2.01646653532,4.82256219416,4.85703111982,7.66312677866
d:71:2.0411026169,4.82191054466,4.85744917717,7.63825710494
d:72:2.01822197289,4.81897621789,4.85663836777,7.65739261278
d:73:2.02712279473,4.8181368577,4.85628369559,7.64729775856
d:74:2.02692822527,4.81704970557,4.85670377468,7.64682525499
d:75:2.01133271782,4.81410689098,4.85730246274,7.6600766359
d:76:1.99387145063,4.81116025768,4.8575442169,7.67483302394
d:77:2.00449504433,4.81087908223,4.8579678222,7.6643518601
d:78:2.00876611037,4.81084793778,4.85772179124,7.65980361865
d:79:1.99661158434,4.81000209564,4.85785567468,7.67124618598
d:80:1.98572451367,4.80989689927,4.85704475878,7.68121714437
d:81:2.01235314348,4.80999645449,4.85679915329,7.6544424643
d:82:2.00373503583,4.80971613703,4.85644720686,7.66242830806
d:83:2.00344002814,4.80932934788,4.85645273064,7.66234205038
d:84:2.02347819029,4.80993279836,4.8563841374,7.64283874547
d:85:2.00213123285,4.80883669395,4.85696012909,7.66366559019
d:86:2.00121432766,4.805869651,4.85743053049,7.66208585382
d:87:1.99482504895,4.80590761643,4.85728102637,7.66836359385
d:88:2.00337288537,4.80293505534,4.85786066502,7.65742283499
d:89:1.99812755639,4.80328659954,4.85492538245,7.66008442561
d:90:2.01292357231,4.80289688357,4.85539791588,7.64537122714
d:91:1.98149371935,4.80305529412,4.85587172201,7.67743329678
d:92:2.00175517554,4.80331825974,4.85626552156,7.65782860576
d:93:2.01896028213,4.80246572279,4.85656925749,7.64007469815
d:94:2.01194242116,4.80243687413,4.85700710812,7.64750156109
d:95:1.99857347964,4.80265146584,4.85726279187,7.66134077807
d:96:1.99785802116,4.80296428578,4.857661094,7.66276735862
d:97:2.03576544112,4.80245054732,4.8579187928,7.624603899
d:98:2.03701439102,4.80303166535,4.85822776421,7.62424503854
d:99:2.01245545874,4.8034335791,4.85808431931,7.64906243967
d:100:2.00717054463,4.80404895407,4.85839502426,7.6552734337
d:101:2.02442657115,4.80426916321,4.85870677102,7.63854936307
d:102:2.02426994576,4.80463258736,4.85847045424,7.63883309584
d:103:2.00936924871,4.80490522388,4.85873337197,7.65426934715
d:104:1.99786965895,4.80512830482,4.85792203225,7.66518067812
d:105:2.02080005186,4.8053522995,4.85855234174,7.64310458937
d:106:2.01273868599,4.80540129169,4.85870500392,7.65136760962
d:107:2.0234304914,4.80599380323,4.85808349231,7.64064680414
d:108:2.02218304003,4.80561114624,4.85864946528,7.64207757149
d:109:2.01845175319,4.8045055023,4.85783786369,7.6438916128
d:110:2.01634597441,4.80441091548,4.85840567048,7.64647061156
d:111:2.01352034535,4.80374844568,4.85806382676,7.64829192709
d:112:2.02701559597,4.80323810192,4.8583843076,7.63460681355
d:113:2.03446333001,4.80212959691,4.85870585999,7.6263721269
d:114:2.0123531088,4.80230350604,4.85924201676,7.649192414
d:115:2.02327888129,4.8020292769,4.85965863922,7.63840903484
d:116:2.02426592673,4.80208193091,4.85667973395,7.63449573813
d:117:2.02441976398,4.80206564259,4.8556110946,7.63325697321
d:118:2.01792387336,4.80140191995,4.85479683207,7.63827487866
d:119:2.059539773,4.79837324754,4.85372628459,7.59255975913
d:120:2.03434579785,4.79848956377,4.85349340627,7.61763717219
d:121:2.02620247295,4.79797694202,4.85344210462,7.62521657369
d:122:2.01897212007,4.79779811475,4.85398222252,7.6328082172
d:123:2.01615586576,4.79825797478,4.85407925317,7.6361813622
d:124:2.01788284956,4.79882927635,4.85361001691,7.6345564437
d:125:2.00649652273,4.79881511368,4.85370809602,7.64602668697
d:126:2.01558126573,4.79880152317,4.85347768352,7.63669794097
d:127:2.02309238387,4.79841893234,4.85370065589,7.62902720437
d:128:2.03919006552,4.79847640619,4.85407946825,7.61336580892
d:129:2.01225074102,4.79820456547,4.85435964318,7.64031346763
d:130:2.02970567535,4.79867140351,4.85464084916,7.62360657732
d:131:2.02481879248,4.79849723888,4.85486780377,7.62854625017
d:132:2.01381425766,4.79868148035,4.85482369905,7.63969092174
d:133:2.02217310696,4.79859438661,4.85505234773,7.63147362737
d:134:2.02468031662,4.79858533865,4.85515762641,7.62906264845
d:135:2.03161620784,4.79887910003,4.85511544956,7.62237834175
d:136:2.02344568704,4.79939110119,4.8548903519,7.63083576605
d:137:2.00714222411,4.79968715393,4.85492687005,7.64747179987
d:138:2.03471816643,4.80003291072,4.85446161054,7.61977635484
d:139:2.02366553399,4.8006213108,4.85480222592,7.63175800273
d:140:2.02220583815,4.80068829211,4.8551439793,7.63362643326
d:141:2.04018271812,4.80068507396,4.85510523516,7.61560759099
d:142:2.01799128747,4.80116549749,4.85498030167,7.63815451169
d:143:2.02009076565,4.80050321412,4.85532482335,7.63573727182
d:144:2.05899046291,4.79984050595,4.85571936089,7.59656940393
d:145:2.06241072522,4.80023857684,4.85589797717,7.59372582879
d:146:2.04358913249,4.80059182007,4.85619365794,7.61319634552
d:147:2.05815612869,4.80078902438,4.85597418923,7.59860708492
d:148:2.04110635852,4.80104317511,4.85621560003,7.61615241661
d:149:2.04777958288,4.80129834044,4.85639762626,7.60991638382
d:150:2.04993628974,4.8017021982,4.85674946183,7.60851537029
d:151:2.01540105322,4.80201192839,4.85679644558,7.64340732075
d:152:2.04191760272,4.80193782293,4.85617879141,7.61619901162
d:153:2.05246946847,4.80127710617,4.85510146649,7.6039091042
d:154:2.02518819652,4.80111598735,4.85428573817,7.63021352899
d:155:2.03278857337,4.801376139,4.85366650556,7.62225407119
d:156:2.03877409591,4.80178569803,4.85284960143,7.61586120355
d:157:2.03816576066,4.80171423345,4.85222950256,7.61577797535
d:158:2.03797611885,4.80232458069,4.85253254889,7.61688101073
d:159:2.0225522658,4.80278168904,4.85318420877,7.63341363201
d:160:2.04721777752,4.80271272101,4.85330630298,7.60880124648
d:161:2.03995086229,4.79961022333,4.8502438953,7.60990325634
d:162:2.05951627104,4.79987501329,4.85082336488,7.59118210713
d:163:2.04839711412,4.79971727739,4.85087361269,7.60219377596
d:164:2.06077540936,4.79660689736,4.8511808011,7.5870122891
d:165:2.06180460615,4.79668765475,4.85123267518,7.58611572378
d:166:2.03318713743,4.7935711799,4.85148507764,7.61186912011
d:167:2.07298269731,4.79402928361,4.85179538529,7.57284197159
d:168:2.04726754321,4.79376982672,4.8524568226,7.59895910611
d:169:2.05451405188,4.79224037044,4.8527696704,7.59049598897
d:170:2.04604744625,4.79070910932,4.85332002856,7.59798169163
d:171:2.04218903436,4.78984164125,4.85223632852,7.59988893541
d:172:2.06070369746,4.78976929604,4.85115153442,7.580217133
d:173:2.05637211557,4.78939429997,4.85069231081,7.5837144952
d:174:2.03798043542,4.78960391859,4.84960582395,7.60122930713
d:175:2.0387290551,4.78975287761,4.84811759645,7.59914141896
d:176:2.03469031378,4.79025919683,4.84749637629,7.60306525934
d:177:2.06832937914,4.79052926985,4.84667416054,7.56887405125
d:178:2.0318312982,4.7906812634,4.84646132787,7.60531129308
d:179:2.03478706358,4.79061369488,4.84659206253,7.60241869383
d:180:2.04211190028,4.79103788258,4.84550090498,7.59442688728
d:181:2.0086744965,4.79141603917,4.84487831065,7.62761985332
d:182:2.04157817978,4.79200869308,4.84530080546,7.59573131876
d:183:2.05010949206,4.79209853227,4.84519005748,7.58717909769
d:184:2.05805979916,4.79055891931,4.84207908982,7.57457820997
d:185:2.02598238088,4.78942134826,4.84213738987,7.60557635724
d:186:2.04249293316,4.78943777952,4.84131071775,7.58825556411
d:187:2.0369042879,4.78937398527,4.84163079649,7.59410049386
d:188:2.04751312645,4.78975751265,4.84205663707,7.58430102328
d:189:2.04484873722,4.78997976088,4.84232126709,7.58745229076
d:190:2.02391453487,4.79031502624,4.84245701084,7.60885750221
d:191:2.05431192551,4.79074997105,4.84272371151,7.57916175705
d:192:2.05222492258,4.79108772499,4.84304952969,7.58191233211
d:193:2.05195920752,4.79157049271,4.84343073865,7.58304202384
d:194:2.06265385776,4.79179842253,4.8436382756,7.57278284037
d:195:2.04031953476,4.79208555276,4.84331488264,7.59508090064
d:196:2.05979565084,4.79193884714,4.84330048382,7.57544368011
d:197:2.04848968767,4.79228226666,4.84297761676,7.58677019575
d:198:2.07122869005,4.79277130381,4.84187937821,7.56342199196
d:199:2.05397938436,4.79306283168,4.84221102705,7.58129447438
d:200:2.07127343685,4.79256382076,4.8390675475,7.56035793141
d:201:2.04894834513,4.79169641348,4.83755625347,7.58030432182
d:202:2.05690046039,4.79172558149,4.83693040503,7.57175552613
d:203:2.05405984046,4.79221951766,4.83377687952,7.57193655673
d:204:2.05210437114,4.79216847247,4.83266971383,7.57273381516
d:205:2.04165369396,4.79251970889,4.83156140365,7.58242741859
d:206:2.06220152354,4.79237887599,4.83162611949,7.56180347194
d:207:2.03351687598,4.79213569114,4.83228075437,7.59089956953
d:208:2.0628700486,4.79189278283,4.83217376793,7.56119650216
d:209:2.04125775182,4.79234759495,4.83266176044,7.58375160357
d:210:2.04787078058,4.79297350315,4.8329373712,7.57804009377
d:211:2.04193464441,4.79343131731,4.83292437645,7.58442104935
d:212:2.06615803329,4.79329461895,4.83326100446,7.56039759012
d:213:2.05871453271,4.79263397725,4.83340739615,7.56732684068
d:214:2.05298967303,4.79213835222,4.83394779111,7.5730964703
d:215:2.05931591966,4.79099413659,4.83422902514,7.56590724207
d:216:2.07138910682,4.79033200274,4.83444768022,7.55339057614
d:217:2.08631605978,4.78877117147,4.83466738489,7.53712249658
d:218:2.05525898548,4.78762337548,4.8352133684,7.56757775841
d:219:2.07844762268,4.78792914811,4.83489291816,7.54437444359
d:220:2.04678229057,4.78829153651,4.83517955306,7.576688799
d:221:2.07443863077,4.78847633566,4.83525840012,7.54929610501
d:222:2.0388165844,4.78911354911,4.83414825583,7.58444522054
d:223:2.05568294133,4.7891555264,4.83465324894,7.56812583401
d:224:2.06864936646,4.7891148659,4.83465053483,7.55511603427
d:225:2.05820487842,4.78942758335,4.83381743147,7.5650401364
d:226:2.0648850861,4.78961758443,4.83228744857,7.5570199469
d:227:2.08767059757,4.78912308558,4.8330418026,7.5344942906
d:228:2.07779111014,4.78797294973,4.83327001771,7.5434518573
d:229:2.09677081107,4.788492533,4.83362356356,7.52534528549
d:230:2.08186573401,4.78524578653,4.83330651618,7.5366865687
d:231:2.0735611842,4.78437125319,4.83360216838,7.54441223736
d:232:2.07281754658,4.78497740514,4.83383443447,7.54599429303
d:233:2.06139892136,4.7853503985,4.83413243773,7.55808391487
d:234:2.04107477589,4.78560858201,4.83449172352,7.57902552963
d:235:2.06364641557,4.78586790811,4.83485232211,7.55707381466
d:236:2.07201982325,4.78634693024,4.83465930467,7.54898641166
d:237:2.06185350708,4.78639696099,4.83531395918,7.55985741309
d:238:2.09463263111,4.78552320129,4.8355531061,7.52644367628
d:239:2.08779463116,4.78502874595,4.83585833853,7.53309245332
d:240:2.08719371871,4.78535262085,4.83609977721,7.53425867934
d:241:2.09612288812,4.78583680307,4.8364074183,7.52612133326
d:242:2.09604142921,4.78596716583,4.83693595701,7.52686169363
d:243:2.09460532747,4.78623427763,4.8372462627,7.52887521287
d:244:2.08473762896,4.78643731701,4.8376749427,7.53937463075
d:245:2.06103333144,4.7860869129,4.83842135598,7.56347493743
d:246:2.07979011241,4.78559503166,4.83890630575,7.54471122501
d:247:2.08881460718,4.78592636033,4.83900865245,7.53612040561
d:248:2.06770829791,4.78589932213,4.83911189705,7.55730292127
d:249:2.09865632261,4.785671846,4.83954761038,7.52656313377
d:250:2.10992596581,4.78555127255,4.84018045405,7.51580576078
d:251:2.08561934655,4.78552602544,4.84010701417,7.54001369306
d:252:2.07638871704,4.78573565893,4.84082623691,7.5501731788
d:253:2.08065127898,4.78538808093,4.84108404459,7.54582084654
d:254:2.08146743765,4.78552813072,4.84167826607,7.54573895914
d:255:2.09839358825,4.78436788786,4.84170391224,7.52767821185
d:256:2.10581309901,4.78450877013,4.84203124904,7.52072692015
d:257:2.08767236777,4.78363300973,4.84267515314,7.53863579511
d:258:2.08905593245,4.78275648205,4.84270392766,7.53640447725
d:259:2.07577393798,4.7825316976,4.84330577412,7.55006353374
d:260:2.12602275167,4.77921796422,4.8417639875,7.49495920005
d:261:2.07827506397,4.77985601401,4.84188032869,7.54346127873
d:262:2.1003300971,4.77897617435,4.84191147891,7.52055755616
d:263:2.08363079522,4.77895386622,4.84108511938,7.53640819038
d:264:2.07923102905,4.77860528475,4.83781344149,7.5371876972
d:265:2.10415659098,4.77794020845,4.83669575278,7.51047937024
d:266:2.09012869435,4.77822269811,4.83639796741,7.52449197118
d:267:2.07243641476,4.77877889332,4.83622399336,7.54256647192
d:268:2.09290649567,4.77892534542,4.83655893161,7.52257778136
d:269:2.08496897861,4.779385498,4.83716814197,7.53158466136
d:270:2.09633413269,4.77945538702,4.8371050488,7.52022630312
d:271:2.10889711392,4.77980617982,4.8375058847,7.5084149506
d:272:2.09799117742,4.78041565809,4.83689320257,7.51931768324
d:273:2.08907690986,4.78048888971,4.83723394989,7.52864592974
d:274:2.0899578277,4.78095618293,4.83640389707,7.52740225229
d:275:2.11643400786,4.78142504837,4.8369210619,7.50191210241
d:276:2.10341002742,4.7820410973,4.8371252832,7.51575635309
d:277:2.10545161712,4.78211904199,4.83725129438,7.51391871924
d:278:2.09731676107,4.78278196476,4.83753046454,7.52299566823
d:279:2.09617623234,4.78267768183,4.83597241532,7.52247386481
d:280:2.11179988989,4.78315392158,4.83441240462,7.50576643631
d:281:2.09253088867,4.78267081956,4.83435468114,7.52449461204
d:282:2.08714211327,4.78245891234,4.83391679676,7.52923359583
d:283:2.1193094076,4.78276255707,4.83412500418,7.49757815366
d:284:2.12936436329,4.78284699108,4.83433434735,7.48781697514
d:285:2.10792986327,4.77947982453,4.83416959249,7.50571955375
d:286:2.09701252222,4.77610750795,4.83400532068,7.51310030641
d:287:2.12103303184,4.77576700023,4.83421743194,7.48895140033
d:288:2.09947877916,4.77606995773,4.83457188762,7.51116306618
d:289:2.10808663343,4.77637422649,4.83440986477,7.50269745783
d:290:2.11047718606,4.7771305428,4.83462522762,7.50127858436
d:291:2.11566880776,4.77761504902,4.8352615658,7.49720780706
d:292:2.08799703193,4.77785581881,4.83510206413,7.52496085101
d:293:2.10202339085,4.77828807889,4.83505368208,7.51131837012
d:294:2.14836471392,4.77819011543,4.83564523233,7.46547063383
d:295:2.11373412932,4.77850258319,4.83618646815,7.50095492202
d:296:2.11500596925,4.77859353007,4.83623986745,7.49982742828
d:297:2.1051768034,4.77884017112,4.83672866183,7.51039202955
d:298:2.12178396029,4.77818148242,4.83746756852,7.49386509065
d:299:2.13046083563,4.7778486284,4.83703918017,7.48442697294
d:300:2.11923706696,4.77736756182,4.83643272674,7.4945632216
d:301:2.12047118146,4.77801335324,4.83692660594,7.49446877772
d:302:2.12136261932,4.77851210824,4.83767150182,7.49482099074
d:303:2.11569627082,4.77785416138,4.83837388149,7.50053177205
d:304:2.1158304393,4.77835526066,4.83881363407,7.50133845543
d:305:2.12395703831,4.77787648533,4.83853801173,7.49245745875
d:306:2.12097697265,4.77852961978,4.83869149544,7.49624414257
d:307:2.12505286255,4.77787253488,4.8393035692,7.49212324153
d:308:2.10289027575,4.77797349196,4.83936993528,7.51445315149
d:309:2.13299951491,4.77807543537,4.83968340371,7.48475932417
d:310:2.11863288407,4.77846821043,4.83965201236,7.49948733873
d:311:2.12647741649,4.77827013913,4.83996791348,7.49176063611
d:312:2.12790191825,4.77828504194,4.83993833985,7.49032146354
d:313:2.11478310802,4.77795936966,4.83966821108,7.50284447272
d:314:2.13821442686,4.77852621503,4.83991227346,7.48022406163
d:315:2.15804445885,4.77898539964,4.8402328008,7.4611737416
d:316:2.12048866963,4.77938600632,4.84055472252,7.49945205922
d:317:2.13432891084,4.7797235714,4.84041660234,7.4858112629
d:318:2.11536483409,4.77974476886,4.83959169854,7.5039716333
d:319:2.14359630619,4.77993974935,4.83932469496,7.47566813812
d:320:2.1566412562,4.78056675748,4.83849894715,7.46242444843
d:321:2.12864274367,4.78133206984,4.83836174647,7.49105107264
d:322:2.12995787276,4.78218037119,4.8349618536,7.48718435203
d:323:2.13825764814,4.78259219589,4.83503748504,7.47937203278
d:324:2.14254335655,4.78306625844,4.83420813506,7.47473103696
d:325:2.14066970616,4.78365250822,4.83484096214,7.4778237642
d:326:2.15472889617,4.78400417685,4.83523929299,7.46451457367
d:327:2.12868311622,4.78353907039,4.83510334613,7.48995930029
d:328:2.13399343852,4.78366356859,4.83427435516,7.48394448523
d:329:2.13404820577,4.78359615741,4.833856018,7.48340396964
d:330:2.14190923358,4.78341509504,4.83449559171,7.47600145317
d:331:2.11979150275,4.78345075785,4.83423099101,7.49789024611
d:332:2.1532066614,4.78427728416,4.83421225987,7.46528288263
d:333:2.15642690736,4.78482168697,4.83495569538,7.46335047499
d:334:2.13965240095,4.7847592343,4.83513313722,7.48023997057
d:335:2.1555373698,4.78541189589,4.83511771329,7.46499223938
d:336:2.14266571421,4.78523656621,4.83520532468,7.47777617668
d:337:2.15966318852,4.7843623834,4.83519163226,7.45989082715
d:338:2.19822526116,4.78440507374,4.83567065746,7.42185047005
d:339:2.144577842,4.78353021069,4.83627057415,7.47522294284
d:340:2.14135629304,4.78418900186,4.83661620093,7.47944890975
d:341:2.15492002484,4.78423420811,4.83696331996,7.46627750324
d:342:2.1469412399,4.78335932159,4.83670767097,7.47312575266
d:343:2.14500930906,4.78217502947,4.83680330164,7.47396902206
d:344:2.15942396872,4.78239799842,4.83654874596,7.45952277566
d:345:2.15389019892,4.7823420736,4.83654305375,7.46499492843
d:346:2.14190262587,4.78300858772,4.83308616294,7.47419212479
d:347:2.17987761667,4.78377258614,4.83350859229,7.43740356176
d:348:2.1270624384,4.78427886056,4.83309843912,7.49031486128
d:349:2.18457565449,4.7847869439,4.83371017198,7.43392146139
d:350:2.17956113763,4.78540991149,4.83370613849,7.43955491235
d:351:2.15127551126,4.78572115898,4.83329762748,7.46774327519
d:352:2.14199513046,4.78610568229,4.8328892246,7.47699977643
d:353:2.15814930449,4.78641990624,4.83277020556,7.46104080731
d:354:2.14295081295,4.78637511194,4.83296625449,7.47639055348
d:355:2.17096809114,4.78695177617,4.83271507429,7.44869875933
d:356:2.1814343546,4.78701328475,4.83271533844,7.43829426859
d:357:2.1894009106,4.78740521147,4.83315013762,7.43115443848
d:358:2.16588843626,4.7838737468,4.83371630105,7.45170161159
d:359:2.17760988645,4.78033652653,4.8340040055,7.43673064558
d:360:2.16736630918,4.7808558391,4.834740201,7.44822973092
d:361:2.22001460314,4.78168504721,4.83562014768,7.39729059175
d:362:2.17572946368,4.78220838381,4.83591311996,7.44239204008
d:363:2.18689780276,4.78253074953,4.83628615052,7.43191909729
d:364:2.19112169138,4.78086858026,4.83640181284,7.42614870172
d:365:2.15612203712,4.78119207321,4.83641356637,7.46148360246
d:366:2.16179499501,4.78198493337,4.83601514477,7.45620508313
d:367:2.1613849293,4.78169331639,4.83676437844,7.45707276553
d:368:2.19279940966,4.78050157025,4.83706547439,7.42476763498
d:369:2.16952809541,4.78109283489,4.83744710487,7.44901184435
d:370:2.19186139365,4.77942522233,4.83746440343,7.42502823212
d:371:2.18122748858,4.77938828618,4.83816865983,7.43632945744
d:372:2.14926157077,4.77992342287,4.83887516084,7.46953701294
d:373:2.16479869688,4.78046048503,4.83952789133,7.45518967948
d:374:2.18033420687,4.78131132814,4.83983877833,7.44081589961
d:375:2.18378992143,4.78116040924,4.84049549235,7.43786598016
d:376:2.16176102552,4.78071448418,4.83935806944,7.45831152811
d:377:2.19468744627,4.7808858614,4.84001740491,7.42621582004
d:378:2.17765257032,4.78060013864,4.83943739016,7.44238495849
d:379:2.17379968217,4.77972410824,4.84020945555,7.44613388162
d:380:2.18720292442,4.77852772546,4.83939065539,7.43071545643
d:381:2.19103169466,4.77860536788,4.83777145968,7.4253451329
d:382:2.18424391328,4.77868408136,4.83849354527,7.43293371334
d:383:2.21141808056,4.7792343129,4.83810619393,7.40592242627
d:384:2.23142241913,4.77859798654,4.83858216045,7.38575772786
d:385:2.20996630303,4.77772051356,4.83890558168,7.40665979221
d:386:2.1878490146,4.77757470139,4.83852029145,7.42824597824
d:387:2.19102480271,4.77792215778,4.83884613806,7.42574349313
d:388:2.20327936414,4.77728582946,4.83908571205,7.41309217736
d:389:2.21719227765,4.77777902001,4.83886346504,7.3994502074
d:390:2.17199576726,4.77804981804,4.83878001741,7.44483406819
d:391:2.21730415146,4.77840282826,4.837638376,7.3987370528
d:392:2.17419506307,4.77867663545,4.83681877053,7.4413003429
d:393:2.18788315293,4.77935936762,4.83518945377,7.42666566846
d:394:2.21356381506,4.77986167815,4.83355791374,7.39985577683
d:395:2.19790906101,4.78022160035,4.83397006963,7.41628260897
d:396:2.21785745435,4.78020794813,4.83339091075,7.39574140453
d:397:2.17878112095,4.78057080658,4.8342876015,7.43607728712
d:398:2.20971138981,4.78108005724,4.83390464514,7.40527331257
d:399:2.19439615784,4.78020626603,4.83352189356,7.41933200175
d:400:2.20061935518,4.7790058821,4.83401598605,7.41240251296
d:401:2.18068352032,4.77910446587,4.83443673473,7.43285768028
d:402:2.20313098355,4.77968339871,4.8343594094,7.41091182456
d:403:2.18939335812,4.78005362466,4.83470153994,7.42536180647
d:404:2.21516925677,4.78063654851,4.83495609006,7.4004233818
d:405:2.19556846228,4.78063182535,4.83474160502,7.4198049681
d:406:2.21478389445,4.78073731261,4.83508801546,7.40104143361
d:407:2.20495777074,4.78103187796,4.8347111307,7.41078523792
d:408:2.20838878471,4.78148588154,4.83562945463,7.40872655145
d:409:2.21603354329,4.78219758925,4.8360628603,7.40222690625
d:410:2.21307301643,4.78132606934,4.83585326728,7.40410632019
d:411:2.20456695918,4.78120432012,4.83528191666,7.41191927759
d:412:2.19689172735,4.78158810817,4.83554684731,7.42024322814
d:413:2.21839801736,4.78197363552,4.83497601961,7.39855163777
d:414:2.2052873807,4.78263595125,4.83134921085,7.40869778139
d:415:2.21506647962,4.78351585266,4.83222783573,7.40067720877
d:416:2.21963817431,4.78434883438,4.83140670192,7.39611736199
d:417:2.21012346199,4.78481904583,4.83176438997,7.40645997381
d:418:2.19601687324,4.78513172301,4.83119189434,7.4203067441
d:419:2.21664404527,4.78567677603,4.83178282403,7.40081555479
d:420:2.2144216549,4.78641133686,4.83222801717,7.40421769912
d:421:2.22724604801,4.78672952139,4.83267509392,7.3921585673
d:422:2.23383816867,4.78695852039,4.8329499926,7.38607034432
d:423:2.2123962333,4.78718897638,4.8336782008,7.40847094388
d:424:2.2353149346,4.78720957232,4.83347720723,7.38537184495
d:425:2.21907405269,4.78753383799,4.83384783326,7.40230761857
d:426:2.23372056716,4.78838920983,4.83451945719,7.38918809986
d:427:2.2339431327,4.78841409095,4.83512650239,7.38959746064
d:428:2.22483763159,4.78755106248,4.83550292762,7.39821635851
d:429:2.22975275706,4.78824404471,4.83545152354,7.3939428112
d:430:2.23276286538,4.78827189114,4.83583105948,7.39134008524
d:431:2.26049157763,4.78883881814,4.83468024136,7.36302748186
d:432:2.2360507755,4.78965366408,4.83100541358,7.38460830216
d:433:2.22078891594,4.79015301956,4.83080902966,7.40017313328
d:434:2.24481184326,4.79040044715,4.83024252509,7.37583112898
d:435:2.23338568952,4.78920307487,4.83104858863,7.38686597399
d:436:2.22561325849,4.78954419777,4.83196692311,7.39589786239
d:437:2.26000640654,4.78958073163,4.83277842463,7.36235274973
d:438:2.25288930274,4.78992498882,4.8333292342,7.37036492029
d:439:2.25352747271,4.79050642967,4.83328536922,7.37026432618
d:440:2.23515184355,4.79115790695,4.83246978981,7.38847585321
d:441:2.23579726568,4.79204546458,4.833165699,7.3894138979
d:442:2.24850828579,4.79239778382,4.83372329514,7.37761279317
d:443:2.26125950542,4.79323679157,4.83381135858,7.36578864473
d:444:2.24683410423,4.79382978571,4.83401413872,7.3810098202
d:445:2.2646460221,4.79449320326,4.83471864457,7.36456582573
d:446:2.28286876784,4.79409976685,4.8348111337,7.34604213271
d:447:2.23921248681,4.79469861083,4.83551999615,7.39100612017
d:448:2.25013116719,4.79410155048,4.8351699321,7.37914031539
d:449:2.25197931199,4.79463039562,4.83538040237,7.378031486
d:450:2.2446853427,4.79516138298,4.83569513537,7.38617117566
d:451:2.24852942217,4.79543611955,4.8361051012,7.38301179858
d:452:2.27559060878,4.7958919279,4.83688859986,7.35718991898
d:453:2.25384682405,4.79582360011,4.83779269229,7.37976946836
d:454:2.25194241098,4.79628287584,4.83844837746,7.38278884232
d:455:2.26571450599,4.79621694187,4.8393006882,7.36980312408
d:456:2.26978572779,4.79659353261,4.83980801014,7.36661581496
d:457:2.27374845121,4.79713787046,4.84003355812,7.36342297737
d:458:2.28258341581,4.79795323696,4.84036427324,7.35573409439
d:459:2.27788840623,4.79789305535,4.84116538093,7.36117003005
d:460:2.25939207892,4.79818285099,4.84150011149,7.38029088355
d:461:2.26092074722,4.79837037845,4.84173266729,7.37918229852
d:462:2.29434937137,4.79913353057,4.84207084703,7.34685500623
d:463:2.26198792669,4.7974194305,4.84152994555,7.37696144936
d:464:2.28640004049,4.79570284186,4.84152030963,7.350823111
d:465:2.25772522749,4.79564644813,4.84151174206,7.37943296271
d:466:2.26754708456,4.79392659975,4.84097182956,7.36735134476
d:467:2.30955128846,4.79411739311,4.8392986867,7.32386479134
d:468:2.29327701215,4.79406244458,4.8402358138,7.34102124622
d:469:2.29084089221,4.79413950571,4.84076520922,7.34406382272
d:470:2.28676857599,4.79421782849,4.84176326779,7.34921252029
d:471:2.28537628522,4.79441413138,4.84270924008,7.35174708625
d:472:2.29102297115,4.7932145087,4.84315858948,7.34535012703
d:473:2.29839522861,4.79329542225,4.84351429797,7.3384144916
d:474:2.26632489688,4.79369586652,4.84413652864,7.37150749828
d:475:2.29069959982,4.79364782391,4.84476118357,7.34770940766
d:476:2.267541579,4.79443275977,4.84501745272,7.37190863348
d:477:2.29512650131,4.79528265268,4.84579256884,7.34594872021
d:478:2.31316536647,4.79593653149,4.84615852791,7.32892969292
d:479:2.27087867355,4.79643576444,4.84617033338,7.37172742427
d:480:2.31691669901,4.79709449838,4.84695250448,7.32713030384
d:481:2.30696860947,4.79750980656,4.84710012455,7.33764132164
d:482:2.31320263531,4.79801568384,4.84795361993,7.33276666846
d:483:2.32800199783,4.79798083869,4.84832946526,7.31830830612
d:484:2.32159727913,4.7981985018,4.84905079471,7.32565201738
d:485:2.31370714778,4.79900599542,4.84984587074,7.33514471839
d:486:2.31475436228,4.79993841986,4.84986963876,7.33505369634
d:487:2.30933509749,4.80045528306,4.85025369085,7.34137387642
d:488:2.31370633402,4.80042856185,4.85082606262,7.33754829045
d:489:2.30390475446,4.80076279051,4.85131158314,7.34816961919
d:490:2.31968809263,4.80151609727,4.85179929198,7.33362729662
d:491:2.29440591773,4.80240234604,4.85183102123,7.35982744954
d:492:2.33573056998,4.80238220391,4.85069011813,7.31734175206
d:493:2.31996654799,4.80181529837,4.84990633938,7.33175508976
d:494:2.31325615039,4.80215859345,4.85030140092,7.33920384397
d:495:2.30463042549,4.80214159963,4.84915863735,7.34666981148
d:496:2.32261736214,4.80197162465,4.84944819342,7.32880245593
d:497:2.32125929422,4.80113650077,4.8504589133,7.33033611985
d:498:2.31773786482,4.79994037834,4.85075283483,7.33295534836
d:499:2.30631327484,4.79992558273,4.85170936805,7.34532167594
d:500:2.30561005367,4.79818618855,4.85159704189,7.34417317676
d:501:2.3278379975,4.79427499896,4.85164058982,7.31807759128
d:502:2.37095195291,4.79307093447,4.85134933632,7.27346831788
d:503:2.31141581796,4.793418659,4.85165171129,7.33365455234
d:504:2.31281879773,4.79324713887,4.85206474101,7.33249308214
d:505:2.35048842564,4.79307643039,4.85224988737,7.29483789212
d:506:2.34869084683,4.79290653752,4.8521445239,7.29636021458
d:507:2.33155731645,4.79345057631,4.85291518893,7.31480844879
d:508:2.3348160014,4.79357584597,4.85322688014,7.31198672471
d:509:2.33104352592,4.79403302333,4.85328212187,7.31627161929
d:510:2.32390157814,4.79402468946,4.85318221292,7.32330532425
d:511:2.32370426498,4.79386089669,4.85416832152,7.32432495322
d:512:2.34996405301,4.79411393943,4.85448756341,7.29863744983
d:513:2.33735462577,4.79395229595,4.85439226456,7.31098993474
d:514:2.33401107362,4.79311310455,4.8551011924,7.31420322333
d:515:2.35844139858,4.79358004281,4.85530377812,7.29044242236
d:516:2.34288679206,4.79437816834,4.85593289089,7.30742426717
d:517:2.33227119673,4.79354031498,4.85600130522,7.31727042348
d:518:2.3364450059,4.79441165909,4.85591323717,7.31387989037
d:519:2.33537945584,4.79514326979,4.8551440432,7.31490785715
d:520:2.33089649651,4.79116946197,4.85345152085,7.31372448631
d:521:2.33634214982,4.79182236542,4.85317923765,7.30865945326
d:522:2.34054854511,4.79255722562,4.85268560493,7.30469428544
d:523:2.3446293055,4.79221914204,4.85313170279,7.30072153934
d:524:2.36007117569,4.78822933612,4.85263938952,7.28079754995
d:525:2.34811296858,4.78870836102,4.85271461693,7.29331000937
d:526:2.33471804252,4.78936835364,4.85194451572,7.30659482685
d:527:2.36770003055,4.78937562104,4.84801173739,7.26968732788
d:528:2.32104602443,4.79012013514,4.8463060546,7.3153801653
d:529:2.35380888892,4.79078766688,4.84664363155,7.2836224095
d:530:2.36561863641,4.79145794624,4.84685879261,7.27269810244
d:531:2.34378742054,4.79184940821,4.84750770219,7.29556968986
d:532:2.35421922098,4.79243856538,4.84772683102,7.28594617543
d:533:2.35376340358,4.79311673797,4.84818491683,7.28753825122
d:534:2.33584036518,4.79387804724,4.84853281115,7.30657049322
d:535:2.34167526573,4.7942790563,4.84826830202,7.30087209258
d:536:2.35179616946,4.79395435309,4.84849434633,7.29065252996
d:537:2.33646772196,4.79464237947,4.84932454942,7.30749920693
d:538:2.37333894926,4.79493643886,4.84968039658,7.27127788618
d:539:2.35969335119,4.79496534775,4.84891204319,7.28418403976
d:540:2.33700706117,4.79574158872,4.84914495631,7.30787948385
d:541:2.36941096519,4.79635267473,4.84799889118,7.27494060073
d:542:2.38082234713,4.79622499262,4.84809198473,7.26349463022
d:543:2.36883608016,4.79445058291,4.84856852416,7.27418302692
d:544:2.37669757936,4.79515367183,4.84880726875,7.26726336122
d:545:2.35328424389,4.79545969735,4.84890548389,7.29108093735
d:546:2.36956968986,4.79616813622,4.84958715276,7.27618559912
d:547:2.35609588616,4.79659277558,4.8504410308,7.29093792022
d:548:2.34026835532,4.79677842033,4.85092948625,7.30743955126
d:549:2.35806041848,4.79749471812,4.85193725579,7.29137155543
d:550:2.38640139215,4.79737761729,4.85169160499,7.26266783013
d:551:2.37637350255,4.79617211196,4.85194501151,7.27174362092
d:552:2.39898750848,4.79636338381,4.85189278824,7.24926866357
d:553:2.38701610972,4.79699935013,4.85239230281,7.26237554322
d:554:2.37991048889,4.79291634139,4.85215132662,7.26515717912
d:555:2.37884137993,4.79380016874,4.8524117244,7.2673705132
d:556:2.38103593233,4.79349371243,4.8519421903,7.2643999704
d:557:2.36509747358,4.79381794366,4.852333914,7.28105438409
d:558:2.3731440502,4.79401580736,4.85259942623,7.27347118339
d:559:2.40248664988,4.79491034195,4.84856381571,7.24098750778
d:560:2.36471048859,4.79573104087,4.84809300185,7.27911355413
d:561:2.37162072987,4.79618074915,4.84404548705,7.26860550633
d:562:2.36936243418,4.7967384349,4.83998991774,7.26736591846
d:563:2.38364870806,4.79756816924,4.83592626739,7.24984572857
d:564:2.36779195664,4.7979092286,4.83476487022,7.26488214218
d:565:2.36400786201,4.79812293965,4.83360212265,7.26771720029
d:566:2.36855796439,4.79783148048,4.83311869052,7.2623922066
d:567:2.38907234925,4.79790229671,4.8336233833,7.24245333076
d:568:2.38289980215,4.797086313,4.83401366393,7.24820017477
d:569:2.37568494516,4.79784683754,4.83472735506,7.25688924745
d:570:2.3995799711,4.79371000951,4.83395537328,7.22808541169
d:571:2.36825077449,4.79361414236,4.83371112432,7.2590744922
d:572:2.36460476549,4.79279479145,4.83433318468,7.26252321063
d:573:2.38142020911,4.79099450294,4.83523066173,7.24480495556
d:574:2.36739858696,4.79121474805,4.83621016244,7.26002632353
d:575:2.381325686,4.79068864238,4.83703051412,7.2463934705
d:576:2.37906086497,4.78888366268,4.83766499041,7.24748778813
d:577:2.38937178298,4.78806083903,4.83807670133,7.23676575737
d:578:2.40343323299,4.78853407609,4.83914375685,7.22424459995
d:579:2.37364141058,4.78844233881,4.84014069098,7.25494161921
d:580:2.37276226111,4.78902780046,4.84097758178,7.25724312112
d:581:2.38464826894,4.78950809356,4.84162754099,7.2464873656
d:582:2.40744905055,4.79019812584,4.84047323174,7.22322230704
d:583:2.4006352056,4.7909827917,4.83872235159,7.22906993769
d:584:2.3739492586,4.79157973813,4.83696871663,7.25459919616
d:585:2.3924637205,4.791499487,4.83521231869,7.23424808519
d:586:2.39602982188,4.79142046982,4.83518552712,7.23057617506
d:587:2.39932155547,4.79179600402,4.83442246101,7.22689690957
d:588:2.40368191595,4.79204080306,4.83485137689,7.223210264
d:589:2.39146601086,4.79254075595,4.83462851881,7.2357032639
d:590:2.39890624941,4.79304334863,4.83548315623,7.22962025545
d:591:2.41181647181,4.79329485303,4.83563542963,7.21711381085
d:592:2.40219062596,4.79302551643,4.83680840322,7.22764329369
d:593:2.40612991964,4.79251601681,4.83635165407,7.22273775123
d:594:2.40226907651,4.79302680759,4.83691532257,7.22767305365
d:595:2.38427520158,4.79181448195,4.83736103651,7.24490031687
d:596:2.38293525136,4.79243850506,4.83714951251,7.24665276621
d:597:2.41849440894,4.79316639085,4.83802465506,7.21269663697
d:598:2.39231775173,4.79356509361,4.83801837602,7.2392657179
d:599:2.4315008452,4.79429905359,4.83756856894,7.20036677734
d:600:2.42149332359,4.79493501623,4.83835836249,7.21180005513
d:601:2.40696886798,4.79068364266,4.83893958211,7.22265435679
d:602:2.41955897574,4.7894684613,4.83926656041,7.20917604597
d:603:2.41705061446,4.78973699312,4.8394433826,7.21212976126
d:604:2.40615926673,4.79037643675,4.84003251768,7.2242496877
d:605:2.40880999493,4.79078555129,4.84036650382,7.22234206018
d:606:2.4259532905,4.79187251339,4.83921215865,7.20513138155
d:607:2.43134746609,4.79241001125,4.83968512176,7.20074766692
d:608:2.41608689189,4.79282763241,4.83924585971,7.21598660023
d:609:2.41891072291,4.79324778702,4.83849990046,7.21283696457
d:610:2.43374734602,4.79338006673,4.83897826039,7.19861098109
d:611:2.4234348992,4.79404007399,4.83899260367,7.20959777846
d:612:2.40913021022,4.79498890557,4.83783710751,7.22369580286
d:613:2.41464037259,4.79541988115,4.8360629966,7.21684250516
d:614:2.41493653345,4.79571610445,4.83722883049,7.21800840149
d:615:2.4418741922,4.79649151348,4.83795248135,7.19256980263
d:616:2.44137469532,4.79663796949,4.8372091445,7.19247241867
d:617:2.4442701752,4.79707926816,4.83646550055,7.18927459351
d:618:2.42928076884,4.79764742806,4.83695836384,7.20532502307
d:619:2.46200299471,4.79821854636,4.83731580034,7.17353135199
d:620:2.44610249202,4.79852973304,4.83842333708,7.1908505781
d:621:2.43358394251,4.79850926207,4.83892513775,7.20385045731
d:622:2.44819325874,4.7990882595,4.83977212308,7.19066712383
d:623:2.45467338859,4.79998422185,4.84089155931,7.18620239257
d:624:2.44950943594,4.80056964156,4.84193192445,7.19299213007
d:625:2.43005190737,4.80055788601,4.8411992361,7.21170521473
d:626:2.4518309519,4.80136726008,4.84077995772,7.1903162659
d:627:2.43982289344,4.80196134649,4.8419125786,7.20405103165
d:628:2.44673402644,4.80229295912,4.84213721165,7.19769614434
d:629:2.47600732105,4.80262699126,4.84140741563,7.16802708585
d:630:2.44734296238,4.80310356895,4.84179278186,7.19755338843
d:631:2.47532074262,4.80402633311,4.84163207228,7.17033766278
d:632:2.46599605901,4.80402997516,4.84168325635,7.17971717249
d:633:2.4607161214,4.80421605853,4.842457534,7.18595747112
d:634:2.45103161708,4.80456264632,4.84312015802,7.19665118727
d:635:2.48815155237,4.80491172219,4.84365916869,7.16041933852
d:636:2.48004261089,4.80510446666,4.84350785171,7.16856970747
d:637:2.47325053045,4.80529931817,4.84278524721,7.17483403494
d:638:2.46836060759,4.80624440991,4.84386908354,7.18175288587
d:639:2.48884656945,4.80579455733,4.84495730961,7.1619052975
d:640:2.48731278961,4.8050258999,4.84536832851,7.1630814388
d:641:2.46497383386,4.80504548606,4.84465092716,7.18472257936
d:642:2.46238498036,4.80321016563,4.84574924023,7.1865744255
d:643:2.49229324359,4.80276066968,4.84655497901,7.1570224051
d:644:2.47417586068,4.80371962493,4.84663288234,7.17617664659
d:645:2.48329458083,4.80458382251,4.84774292169,7.16903216337
d:646:2.49658998099,4.80509894843,4.84885747254,7.15736643998
d:647:2.48710643488,4.80491392271,4.84912770756,7.16693519539
d:648:2.48700868004,4.80529075818,4.84921597096,7.16749804909
d:649:2.4977204628,4.80606044144,4.85024945477,7.15858943341
d:650:2.49409784049,4.805622217,4.85128728393,7.16281166045
d:651:2.48846804029,4.80650561764,4.85116781893,7.16920539627
d:652:2.49040870061,4.80654576466,4.85104972409,7.16718678814
d:653:2.48824353194,4.80637125018,4.85093300696,7.1690607252
d:654:2.48812924374,4.80703754791,4.85138272556,7.17029102973
d:655:2.48177466531,4.80782564522,4.85068358481,7.17673456472
d:656:2.51028135536,4.80872614359,4.84954972498,7.1479945132
d:657:2.52490579035,4.80991139796,4.8498413132,7.1348469208
d:658:2.50761249371,4.80974865276,4.8509030521,7.15303921115
d:659:2.52847375061,4.81015594095,4.85164053075,7.13332272108
d:660:2.51868502476,4.8105660122,4.85050882932,7.14238981676
d:661:2.51912885712,4.81014617131,4.85062259668,7.14163991088
d:662:2.50339230026,4.80896041626,4.851090368,7.156658484
d:663:2.5128557221,4.80902326983,4.85120865572,7.14737620345
d:664:2.54524300545,4.8090880226,4.85182828812,7.11567330527
d:665:2.51966998812,4.8096546425,4.85195133548,7.14193598986
d:666:2.50130243752,4.80950371628,4.85082149691,7.15902277567
d:667:2.51675472366,4.80935413813,4.85181106576,7.14441048023
d:668:2.5180454004,4.80992861101,4.85112305122,7.14300626183
d:669:2.5399430693,4.81087008106,4.85144229436,7.12236930612
d:670:2.4969097824,4.81145161323,4.85221050942,7.16675234024
d:671:2.53521482922,4.81203645802,4.85331653026,7.13013815906
d:672:2.55621097697,4.81298980067,4.85395967006,7.11073849376
d:673:2.5132040433,4.8128542912,4.85497195686,7.15462220477
d:674:2.54560268433,4.80833657742,4.85511661648,7.11785050957
d:675:2.53252378401,4.8079306725,4.85504063139,7.13044751988
d:676:2.5312048608,4.80820756396,4.85469849494,7.13170119809
d:677:2.53910001379,4.80865455256,4.85402211507,7.12357665385
d:678:2.53626455604,4.80950993669,4.85493839525,7.1281837759
d:679:2.53765172056,4.80979547249,4.85528499081,7.12742874275
d:680:2.55912181214,4.81065831026,4.85494856278,7.1064850609
d:681:2.56109585593,4.81094978869,4.85315302383,7.10300695659
d:682:2.53637037116,4.81182014818,4.85308635124,7.12853612825
d:683:2.52272853309,4.81280729629,4.85324654736,7.14332531056
d:684:2.55366143702,4.81368617961,4.85144689468,7.11147163727
d:685:2.54054737841,4.81379708677,4.84693417138,7.12018387975
d:686:2.52919467366,4.81410396948,4.84808286372,7.13299215953
d:687:2.54812592799,4.81372124187,4.84695373062,7.1125490445
d:688:2.53179048285,4.81461353093,4.84800461263,7.13082766071
d:689:2.54550667697,4.81450663894,4.84882282419,7.11782278616
d:690:2.57065965127,4.81440131396,4.84876431529,7.09250597798
d:691:2.54390938641,4.81472041167,4.84958952518,7.12040055045
d:692:2.53080786391,4.81400323101,4.85013006398,7.13332543108
d:693:2.56202163586,4.81328595943,4.85050272478,7.10176704836
d:694:2.55930912617,4.81441606198,4.85068232392,7.10578925974
d:695:2.58113920363,4.81431928476,4.85123223636,7.08441231749
d:696:2.56658005658,4.81422413075,4.85178555107,7.09942962524
d:697:2.57460065077,4.81488217251,4.8521701084,7.09245163014
d:698:2.56406185021,4.81568186046,4.85314661984,7.1047666301
d:699:2.5547449651,4.81661122767,4.85248886101,7.11435512359
d:700:2.57442452871,4.81786552563,4.85217697451,7.09561797143
