data: dataset/wiki103C/.full
d:1:0.6918364590644774,3.1388563032025374,3.138856295209262,5.585876139347322
d:2:0.26636047920762707,3.138856299938052,3.1388562966631035,6.011352117393528
d:3:0.11189252634981095,3.1388563027640153,3.138856297116675,6.165820073530879
d:4:0.05632000476384569,3.138856295004672,3.138856289201236,6.221392579442062
d:5:0.03170079236178758,3.138856297830632,3.1388562732960104,6.246011778764855
d:6:0.02188881376322982,3.1388562992844733,3.1388562761219703,6.255823761643214
d:7:0.015079030878931476,3.1388562997136873,3.138856276575538,6.262633545410294
d:8:0.010958544197274378,3.1388562990209543,3.1388562769981547,6.266754031821835
d:9:0.007333975985270413,3.1388562983282284,3.138856279824111,6.270378602167069
d:10:0.005513177586516704,3.138856290967748,3.138856271097236,6.272199384478467
d:11:0.004052596502905459,3.1388562937937046,3.138856271816696,6.273659969107495
d:12:0.003326985732506671,3.1388562931009787,3.1388562711295123,6.274385578497984
d:13:0.002866005266310978,3.138856293554543,3.138856266834935,6.274846555123167
d:14:0.002523414851543393,3.13885629427401,3.138856264244705,6.275189143667172
d:15:0.002049103160800314,3.138856297099963,3.1388562644892133,6.275663458428376
d:16:0.0017871634381538826,3.1388562942318288,3.1388562649184273,6.275925395712102
d:17:0.0015260827034992985,3.138856297057785,3.138856265637891,6.276186479992177
d:18:0.0013818201816739872,3.138856297302297,3.1388562684638472,6.27633074558447
d:19:0.0012689180647900145,3.1388562987561386,3.138856261216901,6.27644364190825
d:20:0.001132628692815274,3.138856294461565,3.138856264042861,6.276579929811611
d:21:0.001048671883930652,3.1388562947060805,3.1388562544423664,6.276663877264516
d:22:0.0009500104419917221,3.1388562954255406,3.138856257268319,6.276762542251868
d:23:0.0008984636625211095,3.1388562888175997,3.1388562495089865,6.276814074664065
d:24:0.000846638206034811,3.1388562916435596,3.1388562523349393,6.276865905772464
d:25:0.000787630549240248,3.1388562909508337,3.1388562467704126,6.276924907172006
d:26:0.0007519786112606397,3.13885628359035,3.1388562464183316,6.276960551397421
d:27:0.0007013326766465156,3.1388562864163028,3.1388562466628365,6.277011200402493
d:28:0.0006891302502420871,3.1388562835481686,3.1388562470854566,6.277023400383383
d:29:0.0006611896576931287,3.138856286374125,3.1388562475390245,6.277051344255456
d:30:0.000653212814619053,3.138856286618637,3.138856247968235,6.277059321772253
d:31:0.0006179937284365167,3.1388562870412535,3.1388562467248775,6.2770945400376945
d:32:0.0005985883183932117,3.13885628635407,3.1388562460376974,6.277113944073374
d:33:0.0005823989781390537,3.1388562837638325,3.138856247491539,6.277130132277232
d:34:0.0005686084450005069,3.138856284483296,3.138856247658353,6.277143923696649
d:35:0.0005626326831578154,3.138856279468854,3.138856250484313,6.277149897270009
d:36:0.0005601411475009144,3.138856282294814,3.1388562433019587,6.277152384449272
d:37:0.0005455650906043275,3.1388562816020844,3.1388562461279186,6.277166962639399
d:38:0.0005324001730961925,3.138856274241597,3.1388562387666212,6.277180112835122
d:39:0.0005211943077885195,3.138856277067557,3.1388562394860813,6.27719132224585
d:40:0.0005155031564871848,3.1388562741994193,3.1388562373257933,6.277197008368725
d:41:0.0005145708824532136,3.1388562770253756,3.138856238045257,6.277197944188179
d:42:0.0005114419233844814,3.1388562774789435,3.138856238498825,6.277201074054384
d:43:0.0005033748729612597,3.1388562789327885,3.1388562399526663,6.2772091440124935
d:44:0.0004991862772811828,3.1388562782456013,3.138856240119484,6.277213332087804
d:45:0.0004950650687121083,3.138856277558414,3.138856241573329,6.277217454063031
d:46:0.0004900684168855918,3.1388562723051727,3.138856244399289,6.277222448287576
d:47:0.00048161997601248174,3.138856275131136,3.1388562347987836,6.277230889953907
d:48:0.0004888106683118565,3.1388562765849777,3.1388562376247364,6.277223703541402
d:49:0.0004767608333011708,3.138856277014188,3.1388562094365255,6.2772357256174125
d:50:0.00047596169238417474,3.1388562774677595,3.1388561810349636,6.277236496810339
d:51:0.000471045660511038,3.138856277921324,3.1388561572366065,6.277241389497419
d:52:0.00046368730176737927,3.138856278343944,3.1388561295749824,6.277248720617159
d:53:0.00046330887546375266,3.1388562716074624,3.1388561052344848,6.277249067966483
d:54:0.000457892664037729,3.138856274433426,3.1388560830125307,6.277254464781919
d:55:0.00045376576162148297,3.13885627232483,3.138856055190889,6.277258561754097
d:56:0.00044877634349482776,3.138856272778394,3.1388560270026744,6.277263523437574
d:57:0.0004488665640778322,3.1388562732076046,3.1388560024913907,6.2772634091349175
d:58:0.0004433873467615257,3.138856272514875,3.138855977691552,6.277268862859666
d:59:0.0004451991479275108,3.1388562709491303,3.138855970444599,6.277267042245802
d:60:0.0004436746706772965,3.138856270261943,3.1388559732705588,6.277268568861825
d:61:0.00043589579440173054,3.1388562690185857,3.138855970402421,6.277276343626605
d:62:0.00043241306200769714,3.1388562694721607,3.138855973228381,6.277279829638534
d:63:0.0004268631277533075,3.138856269901364,3.13885597254119,6.277285379314801
d:64:0.0004266505655738939,3.138856272727324,3.138855972970397,6.277285595132147
d:65:0.0004232244061004309,3.138856269859186,3.1388559737281128,6.2772890191811985
d:66:0.00042154125230098316,3.1388562726851426,3.138855976554069,6.277290707986911
d:67:0.000416333109725997,3.138856274138991,3.1388559732895907,6.277295914318856
d:68:0.00041492330136883027,3.138856274568198,3.138855976115547,6.277297327382376
d:69:0.00040642322393935615,3.138856273875465,3.138855967388661,6.277305818040187
d:70:0.00040821941132662687,3.138856273182739,3.138855968108121,6.277304021879534
d:71:0.0004047748455011657,3.1388562658222483,3.138855967420934,6.277307458397681
d:72:0.0004050876741974463,3.138856268648208,3.1388559631263604,6.277307144100371
d:73:0.0003994675939136272,3.1388562694059168,3.1388559605361266,6.27731276234813
d:74:0.0003970218258011471,3.138856269572731,3.138855960780635,6.277315208527565
d:75:0.00039440813339375325,3.138856270292198,3.138855961209849,6.277317823368653
d:76:0.00039101651084116895,3.1388562633835235,3.1388559619293055,6.277321208801988
d:77:0.0003914159712170573,3.13885626620948,3.138855964755262,6.277320814993525
d:78:0.00038983593879748923,3.1388562664539954,3.138855965177882,6.27732239569308
d:79:0.0003846447891771021,3.1388562668766085,3.138855963263122,6.2773275853505535
d:80:0.0003841512073368136,3.1388562649618486,3.138855966089082,6.277328079843594
d:81:0.0003821128334280388,3.1388562677878085,3.138855966846787,6.2773301218011675
d:82:0.0003815931506885306,3.138856267954626,3.138855966494706,6.277330641298644
d:83:0.0003761069193455313,3.138856267267439,3.1388559679485546,6.277336128296648
d:84:0.0003807691687978121,3.138856268721284,3.1388559707745074,6.277331470326994
d:85:0.0003728606610788887,3.138856268028551,3.1388559647822625,6.277339372149735
d:86:0.00037040898929419086,3.1388562684511676,3.1388559655017225,6.277341824963596
d:87:0.000368055663537703,3.138856266728567,3.138855966259431,6.27734417732446
d:88:0.0003633002185328138,3.138856269554527,3.1388559670171396,6.277348936353134
d:89:0.0003629295196638793,3.1388562697213445,3.138855966329956,6.277349306531637
d:90:0.0003611302071089284,3.1388562704408045,3.138855967783801,6.277351108017497
d:91:0.0003599823323092721,3.1388562732667644,3.138855965869041,6.277352256803496
d:92:0.00035620362651656023,3.138856272574035,3.1388559662982516,6.27735603524577
d:93:0.00035708505320286577,3.1388562740278765,3.1388559677520966,6.27735515672677
d:94:0.00035930801057837414,3.1388562706596552,3.138855967064913,6.27735292971399
d:95:0.00035875628851478325,3.1388562709041636,3.13885596637218,6.277353480987829
d:96:0.0003611172594304435,3.1388562723580087,3.1388559691981364,6.277351124296715
d:97:0.0003549163236389319,3.1388562725248264,3.13885596195119,6.277357318152378
d:98:0.00035540795098754074,3.1388562753507863,3.1388559647771466,6.277356832176945
d:99:0.00035460532284226076,3.1388562768046313,3.1388559575957693,6.277357629077558
d:100:0.0003530282207915292,3.1388562734364065,3.1388559604217328,6.277359205637348
d:101:0.0003531134361853816,3.1388562741558665,3.1388559575535915,6.277359118273273
d:102:0.000351457531703403,3.138856273803782,3.138855960379548,6.277360776651626
d:103:0.0003502936944848045,3.1388562766297454,3.138855959136194,6.277361942071455
d:104:0.0003466940717071765,3.138856277052362,3.1388559595588106,6.277365542539465
d:105:0.0003494364901737157,3.138856277810067,3.13885595783621,6.277362799156103
d:106:0.00034907610604406614,3.1388562806360305,3.138855956113609,6.277363160643596
d:107:0.00034936135246610434,3.1388562777678892,3.138855956536222,6.277362872951645
d:108:0.00035417300934703633,3.1388562805938456,3.1388559569897865,6.277358064574285
d:109:0.0003496191915299818,3.1388562780036153,3.138855956302603,6.277362615114688
d:110:0.00034724357136894923,3.1388562787613274,3.138855953712369,6.2773649889023275
d:111:0.00034323063950125743,3.138856279190531,3.1388559565383254,6.277369005089355
d:112:0.00034136065326428877,3.1388562785033507,3.1388559567828374,6.277370874632924
d:113:0.0003412162327869339,3.1388562789325576,3.1388559582366824,6.277371020936453
d:114:0.00033854342336248067,3.1388562761614125,3.1388559563219225,6.2773736890599725
d:115:0.0003387624982735815,3.1388562765906194,3.1388559577757675,6.277373471868113
d:116:0.0003371151955740004,3.13885627589789,3.138855958020276,6.277375118722592
d:117:0.00033503011891333756,3.1388562773517386,3.138855958264788,6.277377205497613
d:118:0.0003358448617198917,3.138856277596247,3.1388559597186365,6.277376392453164
d:119:0.00033516408577760615,3.1388562763528896,3.1388559590259035,6.2773770712930155
d:120:0.00033744386610301547,3.1388562791788495,3.13885596185186,6.277374797164606
d:121:0.0003340852356057411,3.138856277264093,3.1388559626095685,6.277378154638056
d:122:0.0003344455966196591,3.138856277686706,3.138855963032185,6.277377795122272
d:123:0.0003324917532960825,3.1388562805126696,3.138855965858145,6.2773797546175185
d:124:0.00032866126793784645,3.1388562806794873,3.138855966577605,6.2773835859891545
d:125:0.0003292211986867244,3.1388562821333323,3.1388559667444227,6.277383027679068
d:126:0.00032848755667025387,3.138856283587174,3.138855969570379,6.277383765600883
d:127:0.0003265444585043298,3.138856283831686,3.1388559608434896,6.277385700216671
d:128:0.0003249435974481685,3.13885628172309,3.1388559615629497,6.277387299688591
d:129:0.00032441432040464235,3.138856283176935,3.1388559608757625,6.277387829732293
d:130:0.00032555628692421124,3.1388562824842055,3.138855956581189,6.27738668277847
d:131:0.0003226404872656019,3.1388562853101654,3.1388559539909515,6.277389598813851
d:132:0.0003255700475612855,3.1388562855546738,3.13885595423546,6.277386669742572
d:133:0.00032235485718601353,3.1388562870085224,3.1388559546646704,6.277389886816007
d:134:0.00032150448893197847,3.1388562871753365,3.1388559553841304,6.277390738070535
d:135:0.0003180231502071251,3.138856287342154,3.138855958210087,6.277394222402034
d:136:0.0003184529168791528,3.1388562887960028,3.13885595264556,6.277393788524684
d:137:0.00031851149327799533,3.138856288108812,3.138855952293479,6.277393728909013
d:138:0.0003149880455275422,3.1388562909347755,3.138855952537984,6.277397255427232
d:139:0.00031617660622629273,3.138856291179284,3.138855952960604,6.277396067533662
d:140:0.00031291638244468345,3.1388562916019005,3.138855953414172,6.277399328633628
d:141:0.00031106191087815205,3.138856294427857,3.1388559538433753,6.277401186360354
d:142:0.0003127166893825972,3.138856294672369,3.1388559526000215,6.277399530583008
d:143:0.00031088392969813583,3.1388562961262174,3.138855951912838,6.277401364109357
d:144:0.0003101731285806153,3.138856296883926,3.1388559533666793,6.277402077122025
d:145:0.0003090373651932765,3.138856297603386,3.138855953533497,6.27740321377169
d:146:0.00030568644435291503,3.138856299057231,3.138855956359457,6.277406568972335
d:147:0.00030527763116516837,3.1388562993017395,3.1388559503214672,6.277406971992042
d:148:0.0003050834203452979,3.13885629719314,3.1388559442834776,6.277407158056272
d:149:0.00030566409252941185,3.138856300019107,3.138855938245488,6.2774065741720655
d:150:0.0003039272086429179,3.138856299667026,3.138855941071448,6.277408313529831
d:151:0.0003009000141567242,3.1388563004247345,3.1388559414940573,6.277411341904635
d:152:0.00030125394462743316,3.1388563008539414,3.1388559399283125,6.277410986837626
d:153:0.0003012303377669667,3.138856298452996,3.1388559406860246,6.277411008801254
d:154:0.0003040087802634872,3.1388563012789525,3.1388559408528423,6.277408233351531
d:155:0.00030048842955210375,3.1388562984108113,3.138855941282049,6.277411751263308
d:156:0.00030181871017020967,3.1388563012367747,3.1388559405893197,6.277410423115924
d:157:0.00029734755198518315,3.138856299514174,3.1388559420431648,6.277414894005354
d:158:0.00029818469333697806,3.1388562999433773,3.1388559448691247,6.277414060119165
d:159:0.0002966172821405877,3.1388563006628445,3.1388559375078238,6.277415620888528
d:160:0.00029522995066955104,3.1388562999756537,3.1388559382272874,6.277417008252272
d:161:0.0002929645603853004,3.1388562987323,3.1388559360669923,6.277419270238907
d:162:0.00029277860076248885,3.1388563015582562,3.138855936786456,6.27741945974395
d:163:0.00029140196083687897,3.1388563008655304,3.1388559372400238,6.277420836144717
d:164:0.00028983651437464175,3.138856300178343,3.13885594006598,6.277422403729949
d:165:0.00029074488736213766,3.1388562986125947,3.1388559371978424,6.277421490923075
d:166:0.0002893699520605253,3.138856299035215,3.138855940023806,6.27742286910696
d:167:0.00028897156900420384,3.138856296634259,3.1388559404530127,6.277423265518268
d:168:0.00028734751690961957,3.1388562994602225,3.138855940619827,6.27742489256314
d:169:0.00028370965300084094,3.1388562996270366,3.138855943445787,6.2774285334198225
d:170:0.00028344051535533765,3.1388562998715486,3.138855944165247,6.27742880352144
d:171:0.0002821281668570208,3.1388563013253936,3.1388559469912067,6.277430120149743
d:172:0.0002818838757931985,3.13885629873516,3.138855947748919,6.2774303626082855
d:173:0.00028232116832782594,3.1388562994546234,3.138855948468372,6.277429926754667
d:174:0.00028091966418131165,3.138856298767436,3.1388559472250215,6.277431326328276
d:175:0.0002787205824699157,3.1388562966071483,3.1388559479827336,6.277433524007412
d:176:0.00027905294300545336,3.1388562994331046,3.138855948411937,6.277433194902036
d:177:0.0002759130119951436,3.13885629967762,3.138855947168583,6.277436333834208
d:178:0.00027639600053497304,3.138856301131465,3.1388559478880467,6.277435853018977
d:179:0.00027572238352568945,3.1388563007793806,3.138855947200856,6.277436525596711
d:180:0.0002788572923844157,3.1388563015370927,3.138855950026816,6.277433394271524
d:181:0.00027600801774951833,3.138856293978762,3.1388559502713242,6.277436236232337
d:182:0.00027672910911036297,3.138856296804722,3.138855950693941,6.277435518389552
d:183:0.0002751239659524174,3.1388562935402398,3.13885595000675,6.2774371195810375
d:184:0.0002736192423409278,3.1388562963661997,3.138855951460595,6.277438628584454
d:185:0.00027232378223551734,3.1388562966107116,3.1388559542865586,6.277439927115035
d:186:0.0002718581761858019,3.138856298064553,3.138855949929109,6.277440389817476
d:187:0.00026920537496444297,3.1388562988222652,3.13885594368643,6.277443037133731
d:188:0.00026804015952208715,3.138856297578908,3.1388559393289803,6.277444196748366
d:189:0.00026805821054232126,3.138856298298375,3.1388559421549402,6.277444182242773
d:190:0.000268056700505781,3.138856298542887,3.1388559399946523,6.2774441818370335
d:191:0.0002659542141305593,3.138856299262347,3.1388559393074615,6.277446284355678
d:192:0.00026820990101938946,3.1388562989102624,3.1388559400269216,6.277444029036165
d:193:0.00026488572347815875,3.1388562976669085,3.1388559374366913,6.277447349380122
d:194:0.0002644809461163078,3.1388563004928685,3.1388559378658982,6.27744775741265
d:195:0.0002633905815763171,3.1388563019467135,3.1388559383194625,6.2774488496846
d:196:0.0002628977137657529,3.1388563015946325,3.13885593621087,6.277449340091737
d:197:0.00026460070852252215,3.138856302352341,3.13885593903683,6.2774476406806485
d:198:0.0002625048369857552,3.1388563051782974,3.1388559356686017,6.277449736009913
d:199:0.000262375807272619,3.138856303263541,3.1388559360978086,6.277449863554077
d:200:0.0002612046016885472,3.138856303686154,3.138855935405079,6.277451034489545
d:201:0.0002611427724765747,3.1388563065121176,3.1388559368589277,6.277451100598569
d:202:0.0002615540095582958,3.138856306965689,3.1388559372815372,6.277450690237668
d:203:0.0002591636644684314,3.138856307388302,3.1388559401075007,6.277453083831334
d:204:0.00025895143007304,3.138856307817509,3.138855937998901,6.277453294386337
d:205:0.0002582160475839146,3.1388563085752246,3.1388559387183648,6.277454031246005
d:206:0.00025793229203507906,3.1388563092946846,3.138855936995764,6.277454313998414
d:207:0.0002569061886692481,3.1388563107485297,3.138855938449609,6.2774553430094695
d:208:0.00025762880225776996,3.138856310993038,3.1388559412755654,6.277454623466346
d:209:0.00025761021533021733,3.138856309749684,3.138855940582836,6.27745464011719
d:210:0.0002561065102266724,3.138856312575644,3.138855942036681,6.2774561481020985
d:211:0.0002544285933172574,3.138856314029489,3.1388559386684527,6.277457824104625
d:212:0.0002564300865639524,3.138856313677408,3.1388559401222977,6.277455823713142
d:213:0.00025390310331196986,3.1388563144351203,3.1388559394351105,6.277458350766919
d:214:0.0002564873142105739,3.13885631726108,3.1388559398577236,6.277455769804593
d:215:0.0002545848874628831,3.138856317714648,3.1388559376974356,6.277457670524621
d:216:0.0002541110943639069,3.138856318143855,3.1388559391512807,6.277458146200772
d:217:0.0002518685044599067,3.1388563209698184,3.1388559384585513,6.27746039092391
d:218:0.0002498710171661145,3.13885632242366,3.138855941284511,6.277462392691005
d:219:0.0002498695649020277,3.1388563217364727,3.138855938513359,6.27746239068493
d:220:0.00024921423135104703,3.1388563221590857,3.138855935923125,6.27746304385086
d:221:0.0002487239967017274,3.1388563224035977,3.138855938749085,6.277463537155981
d:222:0.000247757108430946,3.1388563252295576,3.138855933581766,6.277464501702893
d:223:0.00025096037848193475,3.138856322639324,3.138855935035611,6.277461297296453
d:224:0.00024948269076219276,3.138856323092895,3.1388559329270116,6.277462773329145
d:225:0.0002477512975787022,3.1388563238123552,3.138855933646475,6.277464506161252
d:226:0.00024789529754620787,3.1388563266383187,3.138855936472435,6.277464367813208
d:227:0.00024548972518978474,3.1388563259455893,3.1388559371918916,6.277466773412291
d:228:0.00024594109900100136,3.1388563273994343,3.138855937645463,6.277466323945896
d:229:0.000244627157924171,3.1388563248092005,3.13885593695273,6.277467634604006
d:230:0.00024476230731451665,3.1388563255286606,3.13885593977869,6.277467503000036
d:231:0.00024356163624084104,3.1388563248414734,3.1388559338772843,6.277468697082517
d:232:0.00024392870786371645,3.1388563226811854,3.1388559353311294,6.277468329304451
d:233:0.00024591947719088125,3.1388563255071453,3.1388559346383964,6.277466340668351
d:234:0.00024482252471891286,3.1388563248144123,3.138855935067607,6.2774674373573
d:235:0.00024345901381472856,3.1388563255338724,3.1388559357870633,6.277468802307121
d:236:0.00024455729860228814,3.138856325181795,3.138855932522585,6.2774677004057775
d:237:0.00024428728966974234,3.1388563280077513,3.1388559237956812,6.277467964513763
d:238:0.00024278747068784412,3.1388563294615963,3.138855924224888,6.277469466215797
d:239:0.00024024382319609572,3.138856329915164,3.1388559243917094,6.277472010483677
d:240:0.00024112382179630742,3.1388563303377808,3.1388559248209127,6.277471131336897
d:241:0.00023673069851604112,3.1388563305822927,3.138855925243533,6.2774755251273096
d:242:0.00023837588008390753,3.138856332036138,3.1388559256971007,6.277473881853155
d:243:0.00023972119323012464,3.1388563313434084,3.138855928523057,6.277472538673235
d:244:0.00023952293716789086,3.138856331796976,3.138855926608297,6.2774727354681055
d:245:0.0002379278170163701,3.1388563325164363,3.13885592703091,6.27747433173033
d:246:0.00023825791355669423,3.138856325590435,3.1388559272754257,6.277473994952304
d:247:0.0002375229917870314,3.1388563284163915,3.138855930101382,6.277474735525987
d:248:0.00023776430331423626,3.1388563291741036,3.1388559308590906,6.27747449572988
d:249:0.00023773980067964828,3.1388563298935637,3.138855930507006,6.27747452059989
d:250:0.0002381057986582391,3.138856329541479,3.138855931960851,6.277474155703672
d:251:0.00023632048794830496,3.1388563302991983,3.1388559347868146,6.277475944598065
d:252:0.00023683375801297757,3.1388563331251547,3.13885592817887,6.277475427546012
d:253:0.00023567212850572616,3.1388563345789997,3.138855927491683,6.277476589942177
d:254:0.00023554629351529854,3.13885633266424,3.1388559282111466,6.277476714581871
d:255:0.00023424869808685855,3.1388563330934502,3.1388559256209057,6.277478010016269
d:256:0.00023298958786277524,3.1388563324062666,3.13885592045359,6.277479263271994
d:257:0.00023529095626706464,3.138856335232223,3.138855921211295,6.277476965487251
d:258:0.0002320784106633056,3.1388563353990406,3.138855921930759,6.277480178919136
d:259:0.00023450109464207003,3.1388563358282475,3.138855922688464,6.277477757422069
d:260:0.00023383325457615456,3.1388563354761665,3.138855923117678,6.277478425339268
d:261:0.0002331517593230359,3.13885633830213,3.138855923540291,6.277479110083098
d:262:0.00023548396355899115,3.13885633638737,3.1388559239938587,6.27747677641767
d:263:0.0002327157321726503,3.1388563368099867,3.1388559268198186,6.277479547897633
d:264:0.00023320238926594072,3.1388563396359466,3.1388559202118707,6.277479057458551
d:265:0.0002298409523060485,3.138856340393655,3.1388559206344873,6.277482420075836
d:266:0.00023089428286127145,3.138856340560473,3.1388559208789992,6.277481367156611
d:267:0.00022981080540951382,3.1388563420143214,3.1388559216367113,6.277482452845623
d:268:0.0002286546213028373,3.13885634225883,3.1388559223561714,6.277483609993698
d:269:0.00022928891723061895,3.1388563450847897,3.1388559195850227,6.277482975752582
d:270:0.00022886504549646247,3.1388563465386348,3.138855918897832,6.27748340039097
d:271:0.00022838542505176918,3.13885634618655,3.138855920351677,6.2774838811131755
d:272:0.0002285898361407135,3.1388563469442623,3.138855923177637,6.2774836802857585
d:273:0.0002270745434564958,3.1388563497702258,3.138855919913155,6.277485195139924
d:274:0.0002276029571852689,3.1388563500147377,3.138855922739115,6.277484669796667
d:275:0.00022612234264052233,3.138856350437351,3.138855916002637,6.277486144097347
d:276:0.00022671367092996775,3.138856348522591,3.138855917456482,6.277485552308143
d:277:0.00022724883631042303,3.138856351348551,3.138855916769291,6.2774850192815315
d:278:0.00022572345229399104,3.1388563506558214,3.1388559182231397,6.277486545426667
d:279:0.00022666249790326276,3.1388563521096664,3.1388559189425997,6.277485608554363
d:280:0.0002268138928016583,3.138856352538877,3.1388559191094174,6.277485457755493
d:281:0.00022664512813364013,3.1388563529924447,3.1388559205632625,6.2774856284275735
d:282:0.0002230137751286776,3.1388563544462897,3.138855919870533,6.277489260541694
d:283:0.00022573983171092493,3.1388563537535603,3.1388559226964894,6.277486536618339
d:284:0.00022349932402576655,3.1388563565795202,3.1388559231256963,6.277488780381191
d:285:0.00022387865284478892,3.1388563567463414,3.1388559235792677,6.277488401672764
d:286:0.00022556959541297772,3.1388563571755483,3.1388559264052276,6.277486713985363
d:287:0.000225740956830478,3.13885635380732,3.138855919043916,6.2774865318944055
d:288:0.00022362384295782078,3.138856355261165,3.138855919763376,6.277488651181583
d:289:0.00022427841189198716,3.1388563502467193,3.1388559202169475,6.277487992051775
d:290:0.00022283506591413982,3.1388563530726827,3.138855918651199,6.277489436657968
d:291:0.0002227454829615283,3.1388563533171947,3.1388559193706627,6.277489527204896
d:292:0.0002212856854537648,3.138856354771036,3.1388559196151746,6.277490988700757
d:293:0.00022222594575360688,3.1388563555287483,3.1388559170249373,6.277490046607932
d:294:0.0002228144782456809,3.138856354841561,3.1388559198508936,6.277489460214209
d:295:0.0002224919914315393,3.1388563555610247,3.1388559139119216,6.277489777481515
d:296:0.00022069096602983507,3.1388563486350165,3.138855908771106,6.2774915664400925
d:297:0.00022193195778541508,3.138856351460973,3.138855903829807,6.277490323332994
d:298:0.00022380677048516873,3.138856351705485,3.1388558988885116,6.277488443823511
d:299:0.00022201706412339206,3.1388563521281014,3.138855901714468,6.277490236778446
d:300:0.0002225479866115876,3.1388563517760204,3.1388559021436784,6.277489705933087
d:301:0.00022065770431467513,3.138856352533729,3.1388559025972427,6.277491597426657
d:302:0.00022042685649914517,3.138856350967984,3.1388559054232026,6.2774918295346875
d:303:0.00022016296455085183,3.138856345714739,3.138855898061891,6.277492080812079
d:304:0.00021841670524835877,3.138856348540699,3.138855898781351,6.277493830616802
d:305:0.0002190555381158532,3.1388563452762206,3.138855896621063,6.277493186359168
d:306:0.00021792929089059498,3.1388563481021805,3.1388558973405267,6.277494316151817
d:307:0.00021899828476890093,3.138856348268998,3.1388558977940946,6.277493247778324
d:308:0.00021784935838198294,3.138856349722843,3.1388559006200545,6.277494400984516
d:309:0.0002166315462268642,3.1388563499673516,3.138855897751913,6.277495616173038
d:310:0.0002185990802647808,3.138856348401603,3.138855900577873,6.2774936498992115
d:311:0.00021501382108546352,3.1388563491593153,3.13885590100708,6.27749723634531
d:312:0.00021773441912209535,3.1388563496128867,3.1388559017647886,6.277494516958553
d:313:0.00021575729938838606,3.1388563510667318,3.138855904590752,6.277496498358095
d:314:0.00021613128585862285,3.138856347698507,3.1388559050199625,6.277496121432611
d:315:0.0002141389094756363,3.1388563505244633,3.1388559051867766,6.277498116801764
d:316:0.00021433137618487308,3.1388563507689717,3.1388559080127365,6.277497927405523
d:317:0.00021346647546138797,3.138856352222817,3.1388559087704486,6.277498794517804
d:318:0.0002141490281850622,3.1388563518707358,3.138855908418364,6.277498111260915
d:319:0.00021433174122797993,3.138856352628448,3.138855909872209,6.277497930759429
d:320:0.0002144880291758966,3.1388563530510645,3.1388559126981725,6.277497777720061
d:321:0.00021433975411966344,3.1388563558770244,3.138855913455881,6.277497929578786
d:322:0.00021586766118453227,3.138856355184295,3.1388559131037965,6.277496400626907
d:323:0.00021333719569938125,3.138856355637863,3.138855913533007,6.27749893197517
d:324:0.0002147182290688221,3.138856356357323,3.138855913777512,6.277497551905766
d:325:0.00021308664409502853,3.1388563591832828,3.1388559130847824,6.27749918562397
d:326:0.00021315481994932384,3.1388563593501004,3.1388559159107423,6.277499120440893
d:327:0.00021290770048665308,3.1388563586629132,3.1388559138021463,6.277499364764573
d:328:0.00021215724422596338,3.138856359382377,3.138855914521603,6.277500116659754
d:329:0.0002112663001963,3.1388563608362254,3.1388559127990057,6.277501007335035
d:330:0.00021140385101325876,3.1388563601434925,3.1388559142528507,6.27750087054533
d:331:0.00021378971915630984,3.1388563629694524,3.1388559170788106,6.277498490329107
d:332:0.00021261188730115066,3.13885636342302,3.138855917508021,6.27749966904374
d:333:0.00021005097639559267,3.138856363845637,3.138855917961589,6.27750223083083
d:334:0.00021154601070705326,3.1388563642748437,3.1388559207875453,6.277500739051682
d:335:0.00021021612805149914,3.1388563644416614,3.1388559215452574,6.277502069858867
d:336:0.0002092387587637745,3.138856364870872,3.138855921193173,6.277503047305281
d:337:0.00020887518200751742,3.1388563615026435,3.138855922647018,6.277503408967654
d:338:0.00020877458338297572,3.138856362956492,3.1388559254729813,6.27750351384609
d:339:0.00020720593726508696,3.138856362269305,3.138855916746074,6.277505073078114
d:340:0.00020857529570150746,3.1388563637231535,3.1388559174655306,6.277503705892983
d:341:0.0002087317506482833,3.138856364480862,3.1388559167783434,6.277503549508557
d:342:0.00020789326351788873,3.138856367306822,3.1388559124837663,6.27750438652707
d:343:0.00020512662973182216,3.138856366614089,3.138855909893529,6.277507149877886
d:344:0.0002071003650936376,3.1388563670676604,3.1388559101380338,6.2775051768406005
d:345:0.0002088155168138428,3.1388563677871204,3.1388559105672442,6.277503462837551
d:346:0.00020856870272289996,3.1388563706130803,3.1388559112867043,6.277503713197062
d:347:0.00020667080089431522,3.138856366318503,3.138855914112664,6.277505609630273
d:348:0.00020769681954391217,3.138856366741127,3.1388559142794854,6.277504584201068
d:349:0.0002067610857885427,3.1388563671637435,3.1388559157333304,6.277505521811285
d:350:0.00020683177305613754,3.138856364392595,3.1388559159778424,6.277505448597381
d:351:0.00020535147577938062,3.1388563672185548,3.1388559164070458,6.277506932149821
d:352:0.00020594209778401762,3.1388563676411714,3.1388559178608944,6.277506343404282
d:353:0.0002040936987679487,3.1388563683988835,3.138855918027712,6.277508192727828
d:354:0.00020489936830259126,3.1388563688524513,3.1388559208536684,6.277507390337817
d:355:0.00020673127359316368,3.1388563692816582,3.138855917589183,6.277505555597248
d:356:0.00020457470987622628,3.138856372107618,3.1388559204151427,6.277507717812885
d:357:0.0002033638897387391,3.1388563703850174,3.1388559130546625,6.277508919549941
d:358:0.00020358022323385683,3.13885636969783,3.1388559113320618,6.277508700806658
d:359:0.0002044648243302305,3.1388563701270407,3.1388559091717703,6.277507814474481
d:360:0.00020591261125701976,3.1388563682122843,3.138855908484583,6.27750636408561
d:361:0.00020210481523186274,3.138856371038244,3.1388559089071997,6.277510175130212
d:362:0.00020268335190642972,3.1388563724920893,3.1388559063169623,6.277509595457145
d:363:0.000200851478508568,3.1388563721400047,3.1388559067461728,6.277511427407669
d:364:0.00020132394339533732,3.138856372897717,3.138855907199737,6.2775109561540585
d:365:0.00020103019346962014,3.1388563757236767,3.138855905091141,6.277511250621348
d:366:0.00020061559709994015,3.138856375371592,3.138855907917101,6.277511667691593
d:367:0.00020155095310769866,3.1388563761293042,3.1388559086748096,6.277510733851006
d:368:0.00020011356746074682,3.1388563765585147,3.138855908322725,6.277512171313779
d:369:0.00020070382441161883,3.138856374157566,3.1388559097765736,6.277511580109728
d:370:0.0002001649929894711,3.138856376983526,3.1388559126025335,6.27751212459307
d:371:0.00019955443710095722,3.1388563774370937,3.138855912769351,6.277512735769344
d:372:0.00020157286994226808,3.1388563778597067,3.138855913488811,6.277510718478576
d:373:0.00019975775038894028,3.138856378288917,3.1388559117662105,6.277512532304739
d:374:0.00019884474747655645,3.138856379046633,3.1388559132200555,6.277513447519212
d:375:0.00019938308757794232,3.138856379766093,3.1388559160460154,6.27751291272453
d:376:0.0001981165801243634,3.1388563801953033,3.1388559141312555,6.2775141777464345
d:377:0.00019947390657826247,3.1388563789519495,3.1388559125655107,6.277512817610882
d:378:0.00019931439823217545,3.138856379374566,3.138855912732325,6.277512977708659
d:379:0.00019927869386471286,3.1388563795413837,3.1388559131615352,6.277513014009054
d:380:0.00019869668161831555,3.1388563797082014,3.1388559135841483,6.277513596610731
d:381:0.00019646915572124612,3.1388563804276615,3.1388559140377197,6.27751582530966
d:382:0.00019758963671456797,3.138856383253625,3.1388559168636796,6.27751471048059
d:383:0.0001965115600999212,3.1388563834204426,3.1388559172862927,6.277515789146635
d:384:0.00019554326317816617,3.1388563838496495,3.1388559153715363,6.277516755958008
d:385:0.00019875614621867044,3.138856383497565,3.138855918197496,6.277513545548842
d:386:0.0001974745433788172,3.138856386323525,3.138855918955201,6.277514830735347
d:387:0.00019668271962736128,3.1388563856307954,3.1388559196746613,6.277515622585829
d:388:0.00019495498013100132,3.138856387084644,3.1388559184313074,6.27751735053582
d:389:0.00019457636843434045,3.13885638449441,3.1388559191890195,6.277517727314995
d:390:0.00019523468784043985,3.1388563852138702,3.138855919618223,6.277517070144253
d:391:0.00019538579506139797,3.1388563845266866,3.1388559183748725,6.277516917106498
d:392:0.00019556236125950477,3.138856384771195,3.1388559190943326,6.277516741504268
d:393:0.00019448744029482157,3.1388563854906586,3.1388559184071454,6.277517816457509
d:394:0.0001959359492467172,3.1388563833303706,3.1388559212331053,6.277516368614229
d:395:0.0001935791808200804,3.1388563861563306,3.1388559219525654,6.277518728928076
d:396:0.00019423078605562694,3.1388563854635976,3.138855922406133,6.277518077083675
d:397:0.0001943311749545984,3.138856385917169,3.1388559217134038,6.277517976455618
d:398:0.00019335710092782676,3.138856386636629,3.1388559245393637,6.277518954075065
d:399:0.0001941534572349468,3.138856389462589,3.138855924783872,6.277518160789226
d:400:0.00019272103167899957,3.1388563909164375,3.138855926237717,6.277519596122476
d:401:0.00019493854741803318,3.1388563891938333,3.138855926957177,6.277517377603592
d:402:0.00019369664142132592,3.138856389913297,3.13885592626999,6.2775186195418655
d:403:0.0001942830100372106,3.1388563903668647,3.13885592909595,6.277518036452777
d:404:0.00019424300056947175,3.138856386072291,3.138855924738497,6.2775180678102185
d:405:0.00019539172617122347,3.1388563848289337,3.138855918495821,6.277516911598584
d:406:0.00019486279389191452,3.138856385258144,3.138855914138368,6.27751743660262
d:407:0.00019292911420798475,3.138856385711712,3.138855916964328,6.277519373561832
d:408:0.00019388562157018896,3.1388563885376755,3.1388559177220365,6.277518420638142
d:409:0.0001937036625854205,3.138856388704493,3.1388559181512434,6.277518603193151
d:410:0.0001941276784371837,3.1388563894622052,3.1388559164286427,6.277518178212411
d:411:0.00019166885861565675,3.1388563901816653,3.1388559178824877,6.277520639205537
d:412:0.00019214596943584183,3.138856383272987,3.1388559207084477,6.277520158011999
d:413:0.00019284032190824973,3.138856386098947,3.1388559185998517,6.277519464376891
d:414:0.00019244310203525572,3.1388563868184107,3.138855919319308,6.277519863035684
d:415:0.000192822280313365,3.138856387576123,3.138855917596711,6.2775194828925205
d:416:0.00019216794433951634,3.138856387998736,3.138855919050556,6.277520139104952
d:417:0.00018993998061844763,3.138856388165557,3.1388559168902646,6.277522365075203
d:418:0.00019101525468556702,3.1388563896193986,3.138855916203074,6.277521290567787
d:419:0.00019126970292582257,3.13885639007297,3.1388559169225374,6.277521037292582
d:420:0.00019050124041442018,3.138856390526538,3.1388559143322965,6.27752180361842
d:421:0.00019085068926472104,3.1388563909557483,3.1388559171582564,6.27752145742474
d:422:0.00019150771756493157,3.1388563850543427,3.13885591787772,6.277520795214498
d:423:0.00019257421392815388,3.138856387880306,3.1388559180445412,6.277519731710919
d:424:0.00018939022215036516,3.1388563893341512,3.138855920870501,6.277522919982502
d:425:0.00019066631732478356,3.1388563889820738,3.138855921299708,6.277521643964457
d:426:0.00018987049812579926,3.1388563897397788,3.1388559220574166,6.2775224412990696
d:427:0.00019034690883046324,3.1388563925657422,3.1388559222242343,6.277521967881146
d:428:0.00019083170114164716,3.1388563918730092,3.1388559250501977,6.277521485222065
d:429:0.00019125691157917402,3.1388563933268543,3.1388559228899062,6.277521059305181
d:430:0.00019185430058499264,3.1388563940845664,3.1388559231344146,6.277520462918396
d:431:0.00019104038470985074,3.1388563919242785,3.1388559245882632,6.277521276127832
d:432:0.00018981499934511703,3.1388563923468915,3.1388559238955303,6.277522501243077
d:433:0.00018924484244386974,3.138856391654162,3.1388559253493753,6.2775230721610935
d:434:0.00018918553438140862,3.1388563923736257,3.1388559241060214,6.277523130945266
d:435:0.00018814672212386085,3.1388563951995856,3.1388559255598665,6.277524174037328
d:436:0.0001880417682400548,3.1388563926093482,3.138855925726684,6.277524276567792
d:437:0.00018782163664710083,3.1388563919221646,3.1388559258935054,6.277524496179023
d:438:0.00018842050352319006,3.1388563933760096,3.1388559263161184,6.277523899188605
d:439:0.000188095460035953,3.1388563941337217,3.1388559265606304,6.277524225234316
d:440:0.0001873099886182672,3.1388563948531853,3.138855926727448,6.277525011592015
d:441:0.00018825319754256498,3.1388563952823922,3.138855929553408,6.277524071638258
d:442:0.00018867167099223536,3.1388563945896593,3.138855926685263,6.27752364960393
d:443:0.00018690294886525294,3.138856396043508,3.138855929511223,6.277525422605866
d:444:0.00018646985064130206,3.138856394320907,3.138855930268935,6.277525854739201
d:445:0.0001854731112143071,3.138856392598303,3.1388559299168577,6.277526849403946
d:446:0.00018651893267396247,3.1388563930275133,3.138855931370699,6.2775258054655385
d:447:0.00018711799463488887,3.1388563958534768,3.1388559341966555,6.277525212055497
d:448:0.00018488897380208869,3.138856397307322,3.138855934363473,6.277527442696993
d:449:0.00018437630328449472,3.1388563977608896,3.138855935121189,6.277527956578794
d:450:0.0001848345662907036,3.13885639818351,3.138855935543802,6.277527499161021
d:451:0.0001835270135988054,3.1388563984280147,3.138855935788307,6.277528807202723
d:452:0.0001851213030246157,3.1388563998818597,3.1388559331980694,6.2775272117769045
d:453:0.00018452543723412873,3.1388563991891303,3.1388559360240293,6.2775278097759255
d:454:0.000184015866143028,3.138856399642698,3.1388559362685413,6.277528320045096
d:455:0.00018394064420057532,3.1388564003621617,3.1388559347027964,6.277528394420758
d:456:0.00018612709381038428,3.1388563934361464,3.1388559351563643,6.2775262014987
d:457:0.00018419765392962972,3.13885639626211,3.138855935323182,6.277528133931362
d:458:0.0001857401742881848,3.1388563929976243,3.138855938149142,6.277526590972478
d:459:0.00018425800409005433,3.1388563958235842,3.1388559359888504,6.2775280738083445
d:460:0.00018513464539360314,3.1388563903632978,3.1388559367083104,6.277527192426215
d:461:0.00018474357987585677,3.1388563931892612,3.138855936952819,6.277527586562204
d:462:0.00018456957879919855,3.1388563905990274,3.1388559376722824,6.277527758692511
d:463:0.00018421588570483038,3.138856391356736,3.1388559369850917,6.277528112456123
d:464:0.00018397746772080836,3.138856392114448,3.1388559362979045,6.277528350944632
d:465:0.00018243652266036747,3.1388563928339117,3.1388559377517495,6.277529894063001
d:466:0.0001817315793459784,3.13885638592523,3.1388559370645623,6.2775305914104464
d:467:0.00018195260347653175,3.13885638875119,3.138855939890526,6.277530376038239
d:468:0.00018282087472520914,3.138856384456613,3.1388559406482344,6.277529504230122
d:469:0.00018083892024556292,3.1388563847011213,3.1388559410708474,6.277531486851723
d:470:0.00018129781040343573,3.138856385123738,3.1388559438968073,6.277531031210142
d:471:0.00018166071144776197,3.138856375325613,3.1388559446545194,6.277530659268685
d:472:0.00018143211249821434,3.138856378151573,3.138855944302435,6.2775308903415095
d:473:0.00018157423457410005,3.138856375750624,3.1388559457562835,6.277530747272333
d:474:0.0001819800464684107,3.1388563772044726,3.1388559485822434,6.277530345740248
d:475:0.0001801410279789195,3.1388563701669945,3.138855946667487,6.277532175806503
d:476:0.00018110306936058862,3.1388563729929544,3.1388559470966904,6.277531217020284
d:477:0.00017884527425771068,3.1388563675326644,3.138855947341206,6.277533469599613
d:478:0.00018124294136967478,3.138856370358628,3.13885594750802,6.277531074925278
d:479:0.00017992311445169662,3.138856370525442,3.138855948265732,6.277532395676722
d:480:0.0001822759872496249,3.138856371244909,3.138855951091692,6.2775300463493515
d:481:0.0001805979967439697,3.138856374070869,3.1388559489830925,6.277531725057218
d:482:0.00018077750516454216,3.1388563745244404,3.138855949702556,6.277531546721832
d:483:0.0001792509923284058,3.138856372123481,3.1388559479799483,6.277533069111101
d:484:0.00017934604645830632,3.138856372546101,3.138855949433797,6.27753297593344
d:485:0.00018018674923503397,3.138856372999669,3.1388559522597568,6.277532138510191
d:486:0.00017650142450342798,3.1388563687050883,3.138855952979217,6.277535820259802
d:487:0.00017769590770910781,3.138856371531052,3.1388559534327847,6.277534629056127
d:488:0.00017940894332824087,3.1388563716978695,3.1388559527400552,6.2775329154945965
d:489:0.00017869013048610327,3.138856372417333,3.138855955566015,6.277533637852862
d:490:0.00018110184672437413,3.1388563700163843,3.138855953651259,6.277531221820919
d:491:0.00017952290989065034,3.138856372842344,3.138855954073872,6.277532804006325
d:492:0.00018154837431438864,3.1388563742961892,3.1388559533866847,6.2775307793085595
d:493:0.0001789051365062022,3.1388563725735885,3.138855952699494,6.277533420136576
d:494:0.00017844411275902416,3.1388563730028025,3.1388559531221105,6.277533882012154
d:495:0.00017930774269281358,3.138856373760511,3.138855950721158,6.2775330167389765
d:496:0.00017947486468727902,3.138856376586471,3.138855950887976,6.27753285260976
d:497:0.0001778065412487706,3.1388563780403196,3.1388559537139358,6.277534525213007
d:498:0.00017949336786493575,3.1388563776882386,3.138855954471648,6.2775328387920215
d:499:0.00017928410684575624,3.1388563784459507,3.138855954119567,6.277533048458672
d:500:0.0001788486856213467,3.138856381271914,3.138855955573412,6.277533488159705
d:501:0.00017864463499783767,3.1388563820296227,3.1388559583993683,6.277533695793993
d:502:0.0001794581768663761,3.1388563827490827,3.1388559529390783,6.277532877511295
d:503:0.00017928677486267475,3.1388563855750427,3.138855955765038,6.277533054565218
d:504:0.0001785447333482182,3.1388563859976593,3.1388559487275636,6.277533789991875
d:505:0.00018030655282075259,3.1388563856455747,3.138855949447027,6.277532028539781
d:506:0.00017778045489968974,3.138856383244626,3.138855947724423,6.277534550514149
d:507:0.00017815901121842614,3.138856386070586,3.1388559491782715,6.277534176237639
d:508:0.0001789151478917006,3.1388563832024445,3.1388559484910807,6.277533416545634
d:509:0.00017866449946168927,3.138856386028408,3.138855949944926,6.277533671473872
d:510:0.0001775155875041179,3.1388563874822566,3.1388559501117435,6.277534822006496
d:511:0.0001775973601194636,3.138856387935821,3.1388559502785647,6.277534740854266
d:512:0.00017739721952736431,3.1388563883584375,3.1388559531045246,6.277534944243435
d:513:0.0001775386699236492,3.1388563886029495,3.1388559476442346,6.27753479757726
d:514:0.00017614481642880264,3.138856390056798,3.1388559504701945,6.277536195710564
d:515:0.0001763709855922002,3.1388563893640615,3.138855947602053,6.2775359659805225
d:516:0.00017733231297967222,3.1388563898176294,3.1388559504280096,6.277535007932659
d:517:0.00017812277335060855,3.138856390537093,3.1388559511474696,6.277534218911212
d:518:0.00017698591170578482,3.138856383611074,3.1388559539734295,6.277535351672798
d:519:0.00017744299036692723,3.1388563864370376,3.1388559518131416,6.277534895259812
d:520:0.00017556327185630494,3.138856386890609,3.1388559532669866,6.277536776885739
d:521:0.00017652646739563238,3.138856387313222,3.1388559537205545,6.277535814566381
d:522:0.00017669887786553318,3.1388563901391855,3.138855954440018,6.277535645701338
d:523:0.00017642545374307872,3.1388563894464525,3.1388559537528273,6.277535917745537
d:524:0.00017788522252004668,3.138856390900301,3.138855956578791,6.277534462256572
d:525:0.00017649915894146773,3.1388563910671223,3.1388559548561865,6.277535846764367
d:526:0.00017652467789375237,3.138856391786579,3.1388559552853934,6.2775358223940785
d:527:0.00017396417215742588,3.1388563890154337,3.1388559545982027,6.277538379441479
d:528:0.00017546544736291025,3.1388563918413936,3.1388559550274167,6.277536881421447
d:529:0.0001745370922865419,3.1388563920082113,3.138855955785125,6.27753781070105
d:530:0.00017449809631209234,3.138856392727675,3.1388559565045853,6.277537851135948
d:531:0.00017358696883640334,3.1388563903267226,3.1388559567490972,6.277538760106983
d:532:0.00017565873676517185,3.138856393152686,3.1388559541588563,6.277536688574777
d:533:0.00017439678040354067,3.1388563933195073,3.13885595698482,6.2775379535239235
d:534:0.0001756255779348237,3.138856394077216,3.1388559554190714,6.277536723918352
d:535:0.0001733092111546597,3.1388563947966794,3.1388559558726428,6.2775390414581675
d:536:0.00017352877651966025,3.1388563878879943,3.138855956301853,6.277538815413328
d:537:0.00017324113031236266,3.1388563907139506,3.1388559570595618,6.2775391066432
d:538:0.00017307509233077667,3.1388563914334178,3.138855959885518,6.277539276226605
d:539:0.00017166516209954352,3.1388563921911263,3.1388559600523394,6.277540687081366
d:540:0.00017086000453936379,3.138856392613743,3.1388559615061844,6.277541494115388
d:541:0.00017158976134190596,3.1388563927805606,3.1388559617506964,6.277540764769915
d:542:0.00017271287136644276,3.138856394234409,3.1388559583824645,6.277539639745507
d:543:0.00017118780287539437,3.1388563946879806,3.1388559588116784,6.277541165696784
d:544:0.00017198776209426114,3.1388563951415485,3.1388559592652463,6.2775403666447005
d:545:0.00017218740423352585,3.138856395570759,3.138855957156647,6.277540165323172
d:546:0.0001703134009911622,3.138856389669346,3.138855959982603,6.277542036250958
d:547:0.00016997206916791185,3.1388563924953026,3.1388559607403117,6.277542381166446
d:548:0.0001713405926313527,3.138856390580546,3.1388559603882342,6.277541010376149
d:549:0.00016942853067192232,3.138856391003163,3.1388559618420793,6.27754292431457
d:550:0.00016952763936473048,3.1388563938291263,3.138855964668039,6.277542830857801
d:551:0.0001703191697082218,3.1388563940736347,3.1388559651216106,6.277542040025537
d:552:0.00016993563606604312,3.1388563955274797,3.138855965841067,6.277542425732481
d:553:0.0001690051259348735,3.1388563962851954,3.138855966598779,6.27754335775804
d:554:0.00017142255557445196,3.1388563950418344,3.138855967027986,6.277540939514246
d:555:0.0001693207632467164,3.1388563957613016,3.1388559674506027,6.277543042448658
d:556:0.00017049453816042615,3.1388563960058065,3.1388559679041705,6.277541869371817
d:557:0.00016905053714921792,3.13885639672527,3.138855970730134,6.277543316918255
d:558:0.00016895000556083062,3.138856396373189,3.138855971152747,6.277543417520375
d:559:0.00016798076018353925,3.138856395129835,3.1388559692379907,6.277544383607642
d:560:0.00016895542999151303,3.1388563979557986,3.138855972063954,6.277543414589761
d:561:0.00016842391999993822,3.1388563994096437,3.138855965006428,6.277543940496072
d:562:0.00017114964503406327,3.1388563990575555,3.138855965725888,6.27754121513841
d:563:0.00016978722966598525,3.138856399815271,3.1388559650386973,6.277542577624303
d:564:0.00016840195951495218,3.1388564026412347,3.13885596435151,6.27754396503323
d:565:0.00016931589247626277,3.138856403398947,3.138855964780717,6.277543052287188
d:566:0.00016898614577876003,3.138856404118407,3.138855965500177,6.277543383472805
d:567:0.00016802524902814753,3.138856403766326,3.1388559683261406,6.277544346843438
d:568:0.00016949071759952972,3.138856404524038,3.1388559676334076,6.277542881439846
d:569:0.00016845017078459534,3.1388564073500014,3.1388559660676627,6.2775439232468795
d:570:0.00017013577889457565,3.138856408803843,3.138855966312171,6.277542239337119
d:571:0.00016864800705818084,3.1388564089706605,3.1388559667413816,6.277543727704984
d:572:0.0001701859274287898,3.138856409690124,3.1388559671949494,6.277542190957645
d:573:0.00016808915620991627,3.138856411143969,3.13885596508635,6.277544287074109
d:574:0.00016641232516789728,3.138856410456782,3.1388559679123134,6.2775459660439275
d:575:0.0001666457481483974,3.1388564119106306,3.138855968670022,6.277545734832504
d:576:0.00016702956644643052,3.138856412155139,3.1388559683179373,6.27754535090663
d:577:0.00016658355975707195,3.138856414981099,3.1388559697717824,6.277545801193124
d:578:0.00016747995832488982,3.13885641514792,3.138855972597746,6.277544907787341
d:579:0.00016678611476450556,3.1388564090381834,3.1388559674304197,6.277545590353839
d:580:0.00016875973405028333,3.138856411864147,3.1388559688842683,6.277543621014365
d:581:0.0001679035563615372,3.1388564101415426,3.1388559676409145,6.2775444742260955
d:582:0.00016768363314589863,3.1388564094543554,3.138855968063531,6.277544693884741
d:583:0.0001686303148122903,3.1388564098835694,3.1388559685170954,6.2775437480858525
d:584:0.00016803509052820687,3.138856407968806,3.1388559678243624,6.27754434070264
d:585:0.00016778044020071547,3.1388564107947694,3.138855970650326,6.2775446010048945
d:586:0.00016801121950038578,3.1388564122486144,3.1388559632898385,6.277544364318953
d:587:0.00016640926551048096,3.13885641189653,3.13885596172409,6.2775459643551095
d:588:0.00016807237002680608,3.1388564126542455,3.138855961968602,6.277544302252821
d:589:0.00016732248088580093,3.138856415480209,3.1388559623912187,6.277545055390542
d:590:0.00016812933233190108,3.1388564135654455,3.1388559602309236,6.277544244464037
d:591:0.0001687015181648377,3.1388564139880586,3.1388559609503837,6.277543673420277
d:592:0.0001683382201065342,3.138856416814022,3.1388559614039515,6.277544039997867
d:593:0.00016678912997036832,3.1388564182678707,3.138855964229915,6.277545593367815
d:594:0.0001666447539037108,3.13885641654527,3.1388559573039068,6.277545729095273
d:595:0.00016720367005262915,3.1388564169744804,3.138855958023367,6.2775451713277945
d:596:0.00016691482121267143,3.138856417732189,3.1388559582678752,6.2775454611788515
d:597:0.00016549594241332954,3.138856420558149,3.1388559610938387,6.277546885709574
d:598:0.0001658382157625482,3.138856422011994,3.138855958692883,6.277546542489114
d:599:0.0001672959895309134,3.138856421659913,3.1388559583408053,6.277545084011187
d:600:0.00016644859962511305,3.138856422417625,3.138855958763422,6.277545932581422
d:601:0.00016519634839973207,3.1388564252435884,3.138855961589382,6.2775471904845705
d:602:0.00016500482158043894,3.1388564260013005,3.138855959429087,6.277547380608807
d:603:0.00016553119159645746,3.1388564267207606,3.138855960882932,6.277546856412096
d:604:0.00016519223712663234,3.138856429546724,3.1388559611274474,6.277547198437045
d:605:0.00016486795053971548,3.138856427145768,3.138855959212684,6.277547518407912
d:606:0.00016443911348318352,3.1388564285996203,3.1388559596353005,6.277547949121438
d:607:0.00016347769123647993,3.138856429028827,3.138855959879809,6.2775489112174
d:608:0.00016378653572779456,3.138856425660599,3.1388559581572046,6.277548597282076
d:609:0.0001644157048961148,3.1388564259051073,3.138855960983168,6.277547971183379
d:610:0.00016455179429719635,3.1388564273589523,3.1388559611499858,6.277547836714641
d:611:0.00016391385231528943,3.138856428116668,3.138855962603831,6.2775484768681835
d:612:0.00016195239105165626,3.1388564285702394,3.138855961360477,6.277550437539665
d:613:0.00016307192946030113,3.13885642899945,3.138855961604989,6.2775493186749785
d:614:0.00016237455541912027,3.1388564318254097,3.1388559630588304,6.277550020328821
d:615:0.00016420287336416095,3.1388564322789776,3.1388559638165425,6.277548193222156
d:616:0.00016365226272263556,3.138856432998441,3.138855966642506,6.2775487473782245
d:617:0.0001631295861663773,3.138856435824401,3.1388559638713573,6.277549270109592
d:618:0.00016196009006819168,3.1388564362779725,3.13885596318417,6.2775504393720745
d:619:0.00016293212760132292,3.1388564367071794,3.1388559639036266,6.277549468483205
d:620:0.0001624477251613854,3.138856439533143,3.138855962660273,6.277549954468254
d:621:0.00016123865477979393,3.1388564388404134,3.138855958365692,6.277551158551326
d:622:0.00016200172667879542,3.1388564402942585,3.138855961191652,6.277550399759232
d:623:0.00016286807671406223,3.1388564385716613,3.1388559616142686,6.277549532109216
d:624:0.00016350894051875287,3.1388564390008646,3.1388559594539736,6.277548889514319
d:625:0.00016378077027034976,3.1388564397203247,3.138855960907822,6.2775486198578765
d:626:0.00016201301131779644,3.138856439033141,3.1388559611523306,6.277550387174154
d:627:0.0001629318562130777,3.138856437789787,3.138855961871794,6.277549467805368
d:628:0.00016156969128644505,3.1388564406157506,3.1388559626295027,6.277550833553967
d:629:0.00016134459716710126,3.138856441044961,3.1388559630587096,6.277551059506504
d:630:0.0001617506202631347,3.1388564414985254,3.1388559634813262,6.2775506543595885
d:631:0.00016131710053635118,3.138856441921142,3.138855963934894,6.2775510887555
d:632:0.0001628576983137009,3.1388564406777917,3.1388559641017117,6.27754954708119
d:633:0.00016377203516704242,3.138856440844606,3.138855966927675,6.277548635737114
d:634:0.00016341822557741637,3.138856441267219,3.1388559676471317,6.277548990688773
d:635:0.00016331783021605872,3.138856435365806,3.138855968100703,6.277549085636293
d:636:0.00016301130975904243,3.1388564381917696,3.1388559674079737,6.277549394289984
d:637:0.00016105909651997763,3.1388564349272876,3.138855970233937,6.277551346064705
d:638:0.00016049952354180164,3.138856437753251,3.1388559709534007,6.27755190918311
d:639:0.00015977116745879982,3.1388564392070926,3.1388559711979056,6.277552639237539
d:640:0.00015982720408480589,3.138856439660664,3.138855972651754,6.277552585108333
d:641:0.00015999883327566522,3.1388564400832806,3.1388559754777106,6.2775524167277155
d:642:0.00016077879986653443,3.138856440327796,3.138855973317419,6.277551634845349
d:643:0.00016106503325019617,3.138856441781641,3.1388559737466295,6.27755135049502
d:644:0.00016048544989644142,3.138856441088908,3.1388559745043416,6.277551930143353
d:645:0.00016027341193591838,3.1388564415424796,3.13885597526205,6.277552143392594
d:646:0.00015983043093292792,3.1388564422619396,3.1388559767158988,6.2775525885469055
d:647:0.0001588644294336916,3.1388564353359207,3.138855976023166,6.277553546929653
d:648:0.0001597096847927304,3.1388564381618806,3.1388559788491257,6.277552707326214
d:649:0.00016039496493114314,3.138856436247117,3.1388559795685893,6.277552020850775
d:650:0.00015992836794431753,3.1388564355599335,3.1388559774599933,6.277552484651983
d:651:0.000159768239985425,3.13885643598255,3.1388559781794534,6.277552645922018
d:652:0.00015846059993229744,3.138856435289817,3.1388559786086603,6.277553953298545
d:653:0.000160143107443389,3.1388564337240688,3.138855979062228,6.2775522696788535
d:654:0.00015954897758518882,3.1388564269875836,3.138855979229046,6.277552857239044
d:655:0.0001593034418885253,3.1388564298135506,3.1388559799867615,6.277553106358424
d:656:0.0001593279076654852,3.1388564291208176,3.1388559828127214,6.2775530840258735
d:657:0.00015965525779293444,3.138856430574659,3.13885598357043,6.277552758887296
d:658:0.00015910412790276496,3.138856428852062,3.138855983218349,6.277553307942508
d:659:0.00015963672302632403,3.138856429571522,3.138855984672194,6.27755277752069
d:660:0.00015678916901507023,3.1388564300250934,3.1388559874981574,6.277555628354236
d:661:0.0001574040797613918,3.138856432851057,3.1388559814601606,6.277555010231456
d:662:0.0001571084434797143,3.1388564330955617,3.138855979737553,6.277555304389635
d:663:0.00015668899121479285,3.138856434549414,3.1388559775772613,6.27755572313546
d:664:0.00015780763162354106,3.1388564338622267,3.13885597903111,6.277554605261713
d:665:0.0001586986905071086,3.1388564346199352,3.138855979275622,6.27755371520505
d:666:0.00015930495893812235,3.1388564347867494,3.138855979704825,6.2775531095326365
d:667:0.00015715349085709818,3.138856433221008,3.138855980424289,6.27755526015444
d:668:0.00015784927412454408,3.1388564328689235,3.138855979737098,6.277554563331897
d:669:0.0001599123172653094,3.138856435694887,3.1388559825630615,6.277552505940683
d:670:0.00015911127814582926,3.1388564350077033,3.138855980997313,6.277553304726871
d:671:0.00016010432803525987,3.13885643543032,3.138855981450881,6.277552312553166
d:672:0.0001582112588032203,3.1388564358529365,3.1388559818800914,6.277554206474225
d:673:0.00015794337158858696,3.138856433692645,3.1388559826378035,6.27755447295886
d:674:0.00015777667288396913,3.138856436518605,3.1388559854637634,6.277554645309484
d:675:0.0001568966889031742,3.1388564379724535,3.13885598000347,6.27755552128702
d:676:0.0001581544340485408,3.13885643605769,3.1388559828294333,6.277554264453075
d:677:0.00015711108209970348,3.138856436486904,3.138855975070083,6.277555300474887
d:678:0.00015869891573316863,3.1388564357997133,3.138855977896039,6.277553714780019
d:679:0.000158202706154853,3.1388564386256803,3.138855971159554,6.2775542070790795
d:680:0.00015861707388609148,3.1388564342682272,3.1388559718790177,6.277553789073359
d:681:0.00015656110993056416,3.1388564280255515,3.1388559685107893,6.27755583542641
d:682:0.00015836153838222344,3.138856423668095,3.1388559699646343,6.277554032094347
d:683:0.00015853265508347647,3.1388564264940584,3.138855970418202,6.277553864257177
d:684:0.00015798249674148224,3.138856425806871,3.138855973244162,6.277554416554292
d:685:0.00015775476735591099,3.1388564265263383,3.1388559677838686,6.277554639542851
d:686:0.0001563532900963338,3.1388564279801834,3.1388559706098285,6.2775560452999155
d:687:0.00015571730549091,3.138856428224692,3.1388559673453464,6.277556678264547
d:688:0.00015721466847473664,3.1388564310506553,3.1388559701713064,6.277555186553487
d:689:0.00015651271450600746,3.1388564317701224,3.138855965156864,6.277555884212481
d:690:0.00015667328817237092,3.1388564345960823,3.138855964804776,6.277555726112686
d:691:0.00015622938986759038,3.1388564347629,3.138855966258628,6.277556171631661
d:692:0.00015610092024687106,3.13885643548236,3.1388559690845916,6.277556303646705
d:693:0.00015463636887069754,3.1388564330814113,3.1388559669759886,6.277557763688529
d:694:0.00015501942721662942,3.138856435907371,3.138855967695445,6.2775573841756
d:695:0.00015480821684299428,3.1388564333171374,3.138855965972848,6.277557591073142
d:696:0.00015377315715880968,3.1388564340748495,3.138855967426693,6.277558628344384
d:697:0.0001541382965637439,3.1388564345040564,3.1388559702526493,6.277558266460142
d:698:0.00015627708611987146,3.1388564347485683,3.1388559674815006,6.277556125143949
d:699:0.00015564793603850546,3.1388564354680355,3.1388559689353492,6.277556756467346
d:700:0.0001555449232100159,3.1388564347808448,3.1388559668267497,6.2775568566843845
d:701:0.0001549475484718954,3.1388564332150963,3.1388559675462098,6.277557453212834
d:702:0.00015501905881265543,3.138856431054805,3.138855967999781,6.277557379995773
d:703:0.00015476387598134522,3.1388564314774214,3.1388559708257446,6.277557638427185
d:704:0.00015522285717750606,3.1388564293171406,3.1388559701330117,6.277557176592975
d:705:0.00015407343230222637,3.1388564321430934,3.1388559715868602,6.277558330297651
d:706:0.0001547462895246099,3.1388564323099146,3.1388559682186283,6.277557654239018
d:707:0.0001539554448086733,3.1388564262001744,3.1388559696724734,6.277558440427839
d:708:0.00015386318919752284,3.138856429026138,3.1388559689852826,6.277558534822223
d:709:0.0001537975394203528,3.1388564273035335,3.138855969407903,6.277558599172016
d:710:0.00015521516917083034,3.13885642661635,3.1388559672476077,6.277557178694787
d:711:0.0001543402410906225,3.1388564270455603,3.138855965525007,6.277558052329477
d:712:0.00015470322411026416,3.138856425130797,3.138855966978852,6.277557688885539
d:713:0.00015393780071271124,3.1388564279567603,3.1388559674324235,6.277558457588471
d:714:0.00015533358927477536,3.1388564294106054,3.138855968190132,6.277557064011463
d:715:0.0001539620561548105,3.138856429058521,3.138855971016092,6.277558438018458
d:716:0.00015493633778618232,3.138856429816233,3.1388559714453024,6.277557464923749
d:717:0.00015340636132421537,3.1388564326422,3.1388559718988738,6.2775589981797495
d:718:0.00015352886394026655,3.1388564307274365,3.1388559747248337,6.27755887658833
d:719:0.00015251633696600209,3.138856431150053,3.1388559687858546,6.277559883598942
d:720:0.00015332062673856228,3.138856433976013,3.1388559636450353,6.27755907699431
d:721:0.00015524124859567223,3.138856431385779,3.138855958703733,6.277557148840916
d:722:0.000152939288792453,3.1388564316302876,3.13885595356291,6.277559445904405
d:723:0.00015513040371040177,3.1388564323497476,3.1388559563888734,6.277557258334911
d:724:0.0001532942361297529,3.1388564327789616,3.1388559535207357,6.2775590920635675
d:725:0.00015249197516986612,3.138856431535608,3.1388559563466956,6.2775598959071335
d:726:0.00015227361604885914,3.1388564319648147,3.1388559551033346,6.2775601134521
d:727:0.00015249824500074283,3.1388564300500548,3.1388559558227946,6.277559887627849
d:728:0.00015411177692570277,3.1388564315039034,3.13885595606731,6.277558275794288
d:729:0.000153721187091449,3.138856431957471,3.138855956311815,6.277558667082195
d:730:0.0001535860805805811,3.1388564334113163,3.1388559537215777,6.277558801052313
d:731:0.00015269327156630652,3.138856430640171,3.1388559541507917,6.2775596915193965
d:732:0.00015249293317687318,3.138856433466131,3.138855954604356,6.27755989513731
d:733:0.00015236516788164067,3.138856434223843,3.1388559524957564,6.277560021551718
d:734:0.0001512951682158814,3.138856434390661,3.1388559553217164,6.277561094544161
d:735:0.00015006708611231545,3.1388564358445095,3.1388559557443294,6.2775623245027266
d:736:0.00015156340415778402,3.138856436602218,3.1388559523761046,6.277560825574165
d:737:0.00015216201084733427,3.138856437321685,3.138855953829953,6.277560229140791
d:738:0.00015172967845344942,3.1388564387755302,3.1388559540744616,6.277560663171538
d:739:0.00015168054109082618,3.1388564390200386,3.1388559569004215,6.277560715379369
d:740:0.00015115861034153966,3.1388564369114427,3.138855957619885,6.277561235920986
d:741:0.0001512828250653797,3.1388564397374097,3.138855960445845,6.277561117358189
d:742:0.00015002808081376884,3.138856441191251,3.1388559597586543,6.277562372869092
d:743:0.00015160714829143274,3.1388564408391737,3.1388559604781143,6.277560794168997
d:744:0.00015048471998824198,3.138856441596886,3.1388559607226263,6.277561917599524
d:745:0.0001519001577552359,3.1388564444228457,3.1388559586140232,6.277560502879114
d:746:0.0001503089593821727,3.1388564445896634,3.138855960067872,6.277562095698153
d:747:0.00015013282926901184,3.1388564424293754,3.1388559628938353,6.277562272493942
d:748:0.00015009046448177799,3.138856443148839,3.138855960733544,6.277562313417901
d:749:0.00015036942677681964,3.1388564427967545,3.1388559611561604,6.277562034526138
d:750:0.0001491904415136247,3.1388564430412664,3.1388559614006653,6.277563214000418
d:751:0.00014810356305616779,3.1388564444951115,3.1388559621583774,6.277564303090433
d:752:0.00014826776547494092,3.1388564378871635,3.138855962587588,6.277564132709276
d:753:0.0001493902730036467,3.138856440713127,3.1388559630102044,6.277563013450328
d:754:0.000150106169092723,3.1388564374486414,3.1388559634637723,6.277562294743321
d:755:0.00014929646499517446,3.1388564402746013,3.138855966289732,6.277563110099338
d:756:0.00015037700177167324,3.1388564390312474,3.138855966712349,6.277562028741825
d:757:0.00014918823677056992,3.1388564394604614,3.1388559647975853,6.277563216021276
d:758:0.00014968437618101404,3.1388564387732707,3.138855967623549,6.2775627220206385
d:759:0.00014966010327732704,3.138856436002122,3.138855968381261,6.277562744280106
d:760:0.0001500149251079108,3.1388564344363736,3.1388559680291763,6.277562387540442
d:761:0.00014964085842272823,3.1388564322760857,3.138855969483025,6.277562760900688
d:762:0.00015009476239669084,3.138856435102049,3.138855972308992,6.277562312648644
d:763:0.00014912686439494394,3.138856434414862,3.138855969908036,6.277563277458503
d:764:0.00014957969381690361,3.1388564351343256,3.1388559703306527,6.277562825771161
d:765:0.0001500055950636181,3.138856435378834,3.1388559705751646,6.277562400358935
d:766:0.0001492327787318004,3.1388564368326826,3.1388559662805804,6.277563170334531
d:767:0.00014830904666851552,3.138856437286254,3.138855969106544,6.277564097346129
d:768:0.000149270855095196,3.1388564387401026,3.138855968413811,6.277563136298818
d:769:0.00014920353389591412,3.138856436631503,3.138855968836424,6.277563201934031
d:770:0.00014939963481097607,3.138856439457463,3.1388559692899953,6.277563009112647
d:771:0.0001488400390599054,3.1388564409113116,3.1388559707438475,6.277563571616099
d:772:0.0001482241602417389,3.138856440559227,3.138855973569804,6.277564189968789
d:773:0.00014762640481613687,3.138856441316939,3.1388559739924204,6.277564788904543
d:774:0.0001491535870830063,3.138856444142906,3.1388559744459883,6.277563265001811
d:775:0.0001496765146864476,3.138856444565519,3.138855977271948,6.277562745322781
d:776:0.0001484517552032827,3.1388564453232313,3.138855968545027,6.277563962113055
d:777:0.00014998487118234038,3.1388564481491947,3.138855969264487,6.277562432542499
d:778:0.00014883605466842198,3.138856448602766,3.138855968577296,6.277563581125394
d:779:0.00015045538344260478,3.1388564462018103,3.1388559642827154,6.277561955101083
d:780:0.0001486133860932881,3.1388564466244304,3.138855961692478,6.277563794930815
d:781:0.00014787011589412202,3.1388564470779983,3.13885596193699,6.277564538899094
d:782:0.00014792466076940514,3.1388564427834176,3.138855962366197,6.277564480488845
d:783:0.0001490913568744645,3.1388564432369854,3.138855963085657,6.277563314965768
d:784:0.00014889424288178077,3.1388564416712406,3.1388559659116204,6.277563513339979
d:785:0.00014985842286385775,3.138856444497204,3.138855960347083,6.277562546421423
d:786:0.00014864100593037222,3.1388564419069667,3.1388559599949986,6.277563760896035
d:787:0.0001489068654692005,3.138856441219776,3.1388559602395105,6.277563494593817
d:788:0.00014817829513447123,3.1388564405325923,3.138855960662127,6.277564222899585
d:789:0.00014786848047343426,3.1388564412520523,3.138855961115695,6.277564533887274
d:790:0.00014987614757089318,3.138856439686304,3.1388559615449054,6.277562525083638
d:791:0.00014916424628275138,3.1388564404440196,3.138855960301548,6.277563236499285
d:792:0.00014888276995961292,3.1388564406885244,3.138855959614361,6.277563517532926
d:793:0.00014929395183038707,3.1388564411177384,3.138855961068206,6.277563108234114
d:794:0.00014909311212463194,3.138856437749503,3.1388559612350235,6.277563305872402
d:795:0.0001468504447661445,3.13885644057547,3.138855964060987,6.277565554191691
d:796:0.00014786958144519247,3.138856440742291,3.1388559580229867,6.277564529183833
d:797:0.00014767199232856854,3.1388564414617512,3.138855951984983,6.2775647214544055
d:798:0.00014751517787203738,3.1388564390607954,3.13885595481095,6.277564878693873
d:799:0.00014707097104604827,3.1388564418867624,3.1388559515464642,6.277565322462181
d:800:0.00014683027959527806,3.1388564390186176,3.138855954372424,6.277565563111446
d:801:0.00014698154389414242,3.1388564418445846,3.138855947446409,6.277565407747099
d:802:0.00014756231132828646,3.1388564420114022,3.1388559470943243,6.277564826794398
d:803:0.00014663880680920727,3.1388564398511107,3.1388559475235347,6.277565748567836
d:804:0.00014687891345488424,3.138856440280321,3.1388559468363475,6.277565508203214
d:805:0.000147969121167435,3.1388564399282366,3.1388559482901925,6.277564419097262
d:806:0.00014696234270417108,3.1388564400950614,3.138855951116156,6.277565428868513
d:807:0.00014698865345152967,3.1388564405486292,3.1388559515453665,6.277565403440544
d:808:0.0001473822972002381,3.1388564409712423,3.138855952303075,6.277565010977117
d:809:0.00014629103768193374,3.1388564414004527,3.1388559551290385,6.277566105491809
d:810:0.00014803485496273083,3.1388564392401577,3.1388559553735433,6.277564359758738
d:811:0.0001443740667266269,3.138856437517557,3.1388559568273955,6.277568020278226
d:812:0.00014585914709819292,3.1388564382370205,3.138855957585104,6.277566536675026
d:813:0.00014435303033444313,3.138856437884936,3.138855958304564,6.277568043159166
d:814:0.00014526922033120115,3.138856436641582,3.1388559587337745,6.277567126155025
d:815:0.0001473496220185666,3.1388564394675456,3.138855959187339,6.277565049032866
d:816:0.0001458156659204235,3.138856438774816,3.138855960641191,6.277566583750087
d:817:0.00014485550746812237,3.1388564380876325,3.1388559599484616,6.277567542528626
d:818:0.00014461307582536165,3.1388564383321373,3.1388559627744215,6.2775677880307335
d:819:0.00014395257628940783,3.138856438754754,3.138855963532137,6.277568449710602
d:820:0.00014506805586300686,3.1388564363538016,3.1388559631800526,6.277567331477991
d:821:0.00014464894228716219,3.138856439179765,3.1388559646338976,6.2775677548713755
d:822:0.00014519238423282843,3.1388564406336137,3.138855967459861,6.277567215709242
d:823:0.00014562434258991175,3.138856439946423,3.1388559676266787,6.277566783230512
d:824:0.00014614447043825862,3.1388564377861314,3.138855968384391,6.277566261700084
d:825:0.00014531109776605433,3.1388564382153383,3.1388559691038473,6.27756709622142
d:826:0.00014399402374287718,3.138856438973054,3.1388559695574187,6.27756841450673
d:827:0.000144452050889754,3.1388564382858704,3.1388559688646893,6.27756795509967
d:828:0.0001440537844903389,3.1388564367201184,3.138855969584146,6.277568352519774
d:829:0.00014339457621304064,3.1388564349975177,3.1388559698286578,6.277569010249962
d:830:0.000143489504557337,3.138856437823481,3.138855969135925,6.277568917454849
d:831:0.00014400548637638622,3.1388564382770525,3.1388559719618883,6.277568404752564
d:832:0.0001451042308282524,3.138856438699669,3.1388559700471284,6.277567304515969
d:833:0.00014447176631371406,3.1388564362987132,3.1388559715009734,6.277567936033373
d:834:0.0001452636820289399,3.1388564391246767,3.138855972220437,6.277567147663085
d:835:0.00014327724068685654,3.138856437016077,3.138855972978142,6.277569132753532
d:836:0.00014385681626727376,3.1388564374696486,3.138855971412397,6.2775685520657785
d:837:0.00014398500585244278,3.138856437898859,3.138855971656909,6.277568424549916
d:838:0.0001450592911353965,3.1388564345306236,3.138855973110754,6.277567348350242
d:839:0.0001446518370453731,3.138856435250087,3.1388559732775754,6.277567756690617
d:840:0.00014453239672285179,3.138856434898006,3.1388559761035353,6.277567878604819
d:841:0.00014448303614855718,3.138856437723966,3.138855976526152,6.277567931213969
d:842:0.0001450218512726309,3.138856439177811,3.1388559746113884,6.277567391937927
d:843:0.00014524780282521021,3.1388564399355268,3.138855977437352,6.2775671695700535
d:844:0.00014412889526482786,3.138856440364737,3.1388559781950676,6.27756828966454
d:845:0.00014297052440070956,3.1388564382044457,3.138855977842983,6.277569445523028
d:846:0.00014483664140918506,3.138856438371267,3.138855979296828,6.277567581026686
d:847:0.00014319045569521904,3.138856439825112,3.1388559821227915,6.277569231492208
d:848:0.00014306915720219138,3.1388564391323825,3.138855982289609,6.2775693522647895
d:849:0.00014363664378613805,3.1388564419583425,3.138855983743454,6.2775687890580105
d:850:0.00014394130822559248,3.1388564390902047,3.1388559839879697,6.277568481769949
d:851:0.00014214451053895516,3.138856441916168,3.1388559844171766,6.277570281822806
d:852:0.00014269249173892717,3.138856442338785,3.1388559858710217,6.2775697357180675
d:853:0.00014172010772561805,3.1388564419867038,3.138855986037843,6.277570707916821
d:854:0.00014135870612008716,3.138856439585748,3.138855988863803,6.277571069743431
d:855:0.00014261114038305323,3.1388564424117114,3.138855985995658,6.277569817266986
d:856:0.00014204460351230352,3.1388564395435665,3.1388559888216214,6.277570383761676
d:857:0.00014437483293150422,3.1388564423695335,3.138855989250832,6.277568056787434
d:858:0.00014251640975260216,3.138856442798744,3.1388559900085475,6.277569916397539
d:859:0.00014250941759463842,3.1388564432523083,3.138855992834504,6.2775699266692175
d:860:0.0001426369177419673,3.138856443674925,3.138855993553971,6.277569800311154
d:861:0.0001425471107214804,3.138856442431571,3.1388559928667767,6.277569888187626
d:862:0.00014330642127902138,3.1388564425983922,3.138855993033598,6.277569129210711
d:863:0.0001414506367360957,3.1388564430210053,3.138855993456211,6.27757098584048
d:864:0.0001420553889079912,3.138856437119589,3.1388559962821745,6.277570378012856
d:865:0.00014246800643924473,3.138856439945556,3.1388559947164296,6.2775699666555465
d:866:0.0001420736510873155,3.138856441399401,3.1388559951699975,6.277570362918311
d:867:0.0001417130611542916,3.1388564418286116,3.138855994477268,6.277570723244725
d:868:0.00014187425870559878,3.138856441141421,3.1388559959311095,6.277570562813825
d:869:0.0001418106508754846,3.1388564404542336,3.1388559961756215,6.27757062597898
d:870:0.0001424306525006358,3.138856440883444,3.138855993774669,6.277570004005613
d:871:0.00014049158612294832,3.1388564339574145,3.1388559952285178,6.277571937599809
d:872:0.00014237701767605415,3.138856436783378,3.1388559956820856,6.277570055447788
d:873:0.00014111849578490876,3.138856437205998,3.1388559964397977,6.277571315150011
d:874:0.0001426402545874339,3.1388564379637067,3.1388559992657576,6.277569796974877
d:875:0.00014097331519202783,3.13885644078967,3.138855997543157,6.277571465017635
d:876:0.0001402314638454527,3.1388564412432416,3.1388559959774085,6.277572205756805
d:877:0.00014055325390849305,3.138856441665858,3.1388559952902177,6.2775718837021675
d:878:0.00014137745562692317,3.1388564420950686,3.13885599604793,6.277571060687372
d:879:0.00014187097111850733,3.138856442852777,3.1388559964771368,6.2775705683587955
d:880:0.00014225137879364524,3.138856443281991,3.1388559943168453,6.277570186220043
d:881:0.0001416095034514342,3.1388564437355555,3.1388559936296545,6.277570827861759
d:882:0.00014276312890082465,3.138856441626963,3.1388559950834996,6.277569673581562
d:883:0.00014163335386463416,3.1388564420495726,3.138855997909463,6.277570806605171
d:884:0.00014122379479530878,3.1388564408062223,3.1388559986289266,6.277571215640354
d:885:0.00014001886041015155,3.1388564422600673,3.13885599793619,6.277572421335847
d:886:0.00014040820514082952,3.1388564425045793,3.138855990020744,6.2775720243201825
d:887:0.00014121671794775636,3.1388564453305428,3.1388559884549956,6.277571217067591
d:888:0.00014259288403728476,3.138856446088255,3.1388559886218133,6.277569841826031
d:889:0.00014238399020705117,3.1388564457361774,3.1388559893795254,6.277570051125496
d:890:0.00014101782760178594,3.1388564436275743,3.138855987656921,6.277571413456894
d:891:0.00014075840382687943,3.1388564420618295,3.1388559891107697,6.277571672768772
d:892:0.0001408041853121489,3.1388564424844425,3.138855989564334,6.277571627863464
d:893:0.00014005592624855012,3.1388564427289545,3.1388559903220496,6.277572377124756
d:894:0.00013888496758696078,3.1388564399578023,3.1388559904888638,6.277573545479079
d:895:0.00013869467957938753,3.1388564427837693,3.138855993314831,6.277573741419021
d:896:0.0001396120427230585,3.1388564432063824,3.138855990446686,6.277572821610345
d:897:0.00013788567420291997,3.138856443373207,3.1388559932726494,6.277574550971654
d:898:0.00013956680504279007,3.1388564426860164,3.138855993439467,6.277572869320441
d:899:0.00013984491999075033,3.1388564434054764,3.1388559918737187,6.277572590359204
d:900:0.0001410899404952204,3.1388564462314363,3.1388559906303612,6.277571346921302
d:901:0.00013999004892362166,3.1388564445088356,3.13885599027828,6.277572444738192
d:902:0.00013847044122528018,3.138856443821645,3.1388559931042437,6.277573966484663
d:903:0.00013943868827226424,3.138856444250859,3.1388559938237037,6.27757299938629
d:904:0.0001411370312212057,3.1388564423360954,3.1388559939905214,6.277571299295396
d:905:0.00013980387934431349,3.1388564451620624,3.138855996816485,6.277572638099203
d:906:0.00014096878254754586,3.1388564466159075,3.1388559950938806,6.2775714729272405
d:907:0.00013946957318644593,3.1388564462638264,3.1388559958133406,6.277572972503981
d:908:0.0001417431251979906,3.138856441249377,3.1388559915187564,6.2775706896429355
d:909:0.00014002305379356983,3.1388564440753406,3.138855991947967,6.277572412969514
d:910:0.00014027301424945904,3.138856440810855,3.1388559924015347,6.27757216019814
d:911:0.00014021081990556183,3.1388564436368185,3.138855990292935,6.277572223109848
d:912:0.00013983333920641883,3.1388564438036326,3.138855993118895,6.277572603583321
d:913:0.0001397852123155019,3.138856445257481,3.138855993876607,6.277572653921773
d:914:0.00013945571536311263,3.1388564445647518,3.1388559935245226,6.277572982373911
d:915:0.00014007477898481113,3.1388564452842154,3.1388559949783748,6.277572365483605
d:916:0.00013887626272435227,3.138856444040858,3.1388559978043347,6.277573565582468
d:917:0.00014007551485129,3.1388564454947065,3.1388559956957387,6.277572365675594
d:918:0.0001411232270331908,3.138856444801977,3.1388559964151987,6.277571317990143
d:919:0.0001399226479197324,3.1388564476279406,3.138855994692591,6.277572519672612
d:920:0.0001398262546636886,3.1388564478724525,3.138855996146443,6.277572617764232
d:921:0.00013912721146880358,3.1388564482950656,3.1388559989723994,6.277573320055996
d:922:0.0001395326862443369,3.138856446380302,3.1388559972497987,6.2775729109438565
d:923:0.0001413740723048562,3.1388564492062656,3.1388559976724153,6.277571072806376
d:924:0.00013984179155812626,3.1388564506601107,3.13885599791692,6.277572606785473
d:925:0.00013981556572950637,3.1388564511136856,3.1388559993707723,6.277572634918728
d:926:0.0001398783299393358,3.1388564515428925,3.1388560021967358,6.277572575409689
d:927:0.00013907637880450352,3.138856450855709,3.1388560002819723,6.277573374758877
d:928:0.0001397030997232207,3.138856449612348,3.1388560007045854,6.27757274721721
d:929:0.00013982128698941665,3.1388564510662,3.138856000949101,6.2775726307283115
d:930:0.00014100669544347966,3.138856450373467,3.138855998840498,6.277571442518521
d:931:0.00013960864268547368,3.138856453199434,3.1388559992697083,6.277572843826457
d:932:0.00013886204348168008,3.138856454653279,3.1388559959014692,6.277573588511267
d:933:0.0001392474561825452,3.138856454301198,3.1388559963306797,6.277573203175695
d:934:0.00013864529791973723,3.13885645505891,3.138855996784251,6.2775738065452416
d:935:0.00013912478297406494,3.1388564578848737,3.1388559946756516,6.277573327777551
d:936:0.00013793764817648935,3.138856458338445,3.138855997501615,6.277574518191884
d:937:0.00013863414270609553,3.138856458761058,3.138855995586848,6.2775738202052
d:938:0.00013980995745122016,3.138856461587018,3.1388559960094646,6.2775726476390314
d:939:0.00013834995418982032,3.138856462040593,3.13885599625398,6.277574108340383
d:940:0.00013770590156703122,3.138856463494438,3.13885599907994,6.277574756672811
d:941:0.0001374249239933789,3.1388564649482866,3.1388559992467577,6.277575039271051
d:942:0.00013977673669884894,3.138856462177138,3.1388560007006063,6.2775726861410455
d:943:0.00013875382608574682,3.138856465003105,3.1388560009451147,6.277573712122134
d:944:0.0001386887385894653,3.1388564643103685,3.1388560013743216,6.277573776946101
d:945:0.00013798097146988653,3.1388564650298356,3.138856002828174,6.2775744868865395
d:946:0.000138847831502531,3.1388564646777475,3.138856002994988,6.277573619841233
d:947:0.0001390879822462665,3.138856467503718,3.1388560058209514,6.277573385342423
d:948:0.00013850247641933322,3.1388564671516335,3.1388560062745228,6.277573970949737
d:949:0.0001375319490311,3.1388564659082796,3.1388560077283714,6.27757494168762
d:950:0.00013711877067024147,3.1388564663374865,3.1388560053274155,6.277575352894232
d:951:0.0001369083867786003,3.138856465985402,3.1388560040840616,6.277575561682685
d:952:0.0001367342260074622,3.1388564635844496,3.1388560045066782,6.27757573386512
d:953:0.00013692205585691397,3.138856466410413,3.1388560027840704,6.2775755471386265
d:954:0.00013714378894214008,3.1388564635422718,3.1388560042379225,6.277575323991252
d:955:0.0001369206091528241,3.1388564663682352,3.1388560044824274,6.27757555024151
d:956:0.00013570274569296714,3.138856466535053,3.1388560046492486,6.277576768438609
d:957:0.00013653901902976884,3.1388564679889015,3.138856007475212,6.277575936445084
d:958:0.00013573422686796732,3.1388564687466136,3.1388560042107265,6.277576738730472
d:959:0.00013662550656334815,3.1388564694660737,3.13885600703669,6.2775758509962
d:960:0.00013559993546152782,3.1388564702237858,3.138856001472149,6.277576871760473
d:961:0.00013681575879687102,3.1388564650564668,3.1388560011200646,6.2775756504177345
d:962:0.0001358467886998227,3.1388564678824302,3.138856001839528,6.277576622933259
d:963:0.00013664106383437513,3.1388564671896972,3.1388560020840366,6.2775758282098995
d:964:0.00013746295508099138,3.1388564686435387,3.1388560028034966,6.277575008491954
d:965:0.00013721650209852498,3.138856469401258,3.1388560015601428,6.277575254459302
d:966:0.00013663591091095384,3.138856469830465,3.1388560023178513,6.277575836237405
d:967:0.00013400468253799147,3.1388564702840327,3.1388560037717,6.277578469373195
d:968:0.00013472454181595594,3.1388564619990618,3.138856004016205,6.277577741473451
d:969:0.00013466662469596713,3.1388564648250252,3.1388560068421754,6.277577805042505
d:970:0.00013606944182420477,3.138856466278874,3.1388560061494424,6.277576402986492
d:971:0.00013621965532983893,3.138856465926793,3.138856007603291,6.277576253874754
d:972:0.00013772366409625647,3.138856466684505,3.1388560077701086,6.277574750790517
d:973:0.00013741445548554054,3.1388564695104684,3.138856008199319,6.277575063254302
d:974:0.00013561139414797196,3.1388564699640398,3.1388560060907196,6.277576864660611
d:975:0.00013681026822176534,3.1388564703932467,3.138856006544284,6.277575666669309
d:976:0.0001355167576146954,3.13885647321921,3.1388560079981325,6.277576964459728
d:977:0.00013531192533200453,3.138856472532023,3.1388560082426444,6.277577168849335
d:978:0.00013527412236591374,3.138856472954643,3.138856011068608,6.277577209900885
d:979:0.0001359568579317738,3.138856473377256,3.1388560033092467,6.277576519828571
d:980:0.00013557885093717914,3.1388564712169646,3.13885600613521,6.277576898501238
d:981:0.00013619125578756552,3.138856474042928,3.1388559997363323,6.277576282523473
d:982:0.00013659390700127005,3.138856472128168,3.1388560001589454,6.277575878380112
d:983:0.00013712128876974816,3.138856472550785,3.138856000612517,6.277575351874532
d:984:0.00013667248318505187,3.1388564753767447,3.1388559926970565,6.277575795590616
d:985:0.00013684063210384068,3.138856472786511,3.138855993119673,6.27757562527408
d:986:0.0001364211483174671,3.138856473544223,3.1388559915539247,6.27757604394983
d:987:0.00013626862583571153,3.1388564739734335,3.1388559943798917,6.2775761997274895
d:988:0.00013537827201126618,3.1388564742179454,3.1388559950993518,6.277577091045286
d:989:0.00013393628300129024,3.1388564749374055,3.1388559955529196,6.277578534207324
d:990:0.0001358471350396684,3.1388564742502147,3.1388559948601866,6.277576621975362
d:991:0.00013303381436635675,3.13885647268447,3.13885599768615,6.277579436556254
d:992:0.00013472887333776384,3.1388564705241784,3.1388559964428,6.27757773809364
d:993:0.00013305301132326974,3.1388564709467914,3.138855996865413,6.277579414800881
d:994:0.00013440979348722237,3.1388564687865,3.1388559951428086,6.277578054135821
d:995:0.00013526437598088137,3.138856471612467,3.1388559929825135,6.277577200219
d:996:0.00013543088166656503,3.138856473066312,3.13885599340513,6.2775770355897755
d:997:0.00013478426370028274,3.138856472714231,3.1388559935719442,6.277577682022475
d:998:0.00013401751361286074,3.1388564734719395,3.138855995025793,6.2775784509841195
d:999:0.00013401731874118639,3.13885647629791,3.138855995270305,6.277578454249474
d:1000:0.00013511126353371594,3.1388564767514744,3.1388559980962683,6.277577363584209
