data: dataset/wiki2C/.full
d:1:0.7090910686905865,3.132185451615463,3.132185059497143,5.5552794424220195
d:2:0.2774022928504767,3.1321852986482472,3.132185126997433,5.986968132795203
d:3:0.11631063858267332,3.132185434186205,3.1321851469593778,6.148059942562909
d:4:0.05980346782765267,3.132185501686557,3.132184763894365,6.2045667977532695
d:5:0.033381258900048394,3.132185511239907,3.1321839402712417,6.2309881926111
d:6:0.02325042941865796,3.1321855312019142,3.13218407580918,6.241119177592436
d:7:0.015698193304990227,3.1321855987022325,3.132184095770919,6.248671501168161
d:8:0.011473964644020285,3.1321854961153957,3.1321841147483784,6.252895646219754
d:9:0.007870766121643058,3.132185631653451,3.1321842502863504,6.256499115818158
d:10:0.005911265773963947,3.132185637843243,3.1321838232033414,6.25845819527262
d:11:0.004430939477868989,3.1321856736390377,3.132183855330963,6.2599385894921316
d:12:0.003712791104693025,3.1321856831922954,3.132183819857948,6.2606567119455505
d:13:0.0031890644616616726,3.1321857021699504,3.1321836080547385,6.261180245763027
d:14:0.0027646380963108896,3.1321855971530663,3.132183483978256,6.2616044430350115
d:15:0.0022966116261180503,3.1321856033427213,3.1321834935315085,6.262072485248112
d:16:0.002041102547202911,3.132185738880887,3.132183511568247,6.262328147901931
d:17:0.0017613528386046795,3.132185806381276,3.132183543695774,6.262607997238446
d:18:0.0016040682537887818,3.1321857903208112,3.1321836792338367,6.262765401300859
d:19:0.0015001118185775653,3.1321858261165865,3.132183337511991,6.26286905181
d:20:0.0013663204298790532,3.1321859616548124,3.1321834730500306,6.263003114274964
d:21:0.001257215592971761,3.1321859816168622,3.132183023977687,6.263111790001577
d:22:0.0011621603954132809,3.1321859996538812,3.132183159515698,6.263206998774166
d:23:0.0011071794383052946,3.1321861351921445,3.132182962774314,6.263261918528153
d:24:0.001016770047922222,3.132186052182858,3.132183098312316,6.263352380447252
d:25:0.0009943693545064747,3.132186016710106,3.1321828293358163,6.263374476691416
d:26:0.0009394614897875186,3.132186034747015,3.132182813275131,6.2634293865323585
d:27:0.0009072066562030301,3.1321859446644105,3.1321828228282644,6.263461560836472
d:28:0.0008893313023232707,3.1321860802027306,3.1321828418056565,6.263479590706064
d:29:0.0008305072189234153,3.1321861159985183,3.132182861767351,6.263538470546946
d:30:0.000862156661085578,3.132186122188177,3.132182879804013,6.263506845331104
d:31:0.0008144674045738043,3.1321861896887118,3.1321828180179665,6.2635545403021045
d:32:0.0008163844823574351,3.1321860556673737,3.1321827825446746,6.263552453729691
d:33:0.0007734276793573969,3.132186191205763,3.1321828500451154,6.263595613571521
d:34:0.0007502391355593829,3.1321861751452147,3.1321828562348664,6.263618792244522
d:35:0.0007226152005230801,3.1321862109409526,3.132182991773046,6.263646587513476
d:36:0.0007364225627028986,3.1321858930202406,3.1321826520227507,6.2636321224802884
d:37:0.000749001697972318,3.1321859110570944,3.132182787560909,6.263619696920031
d:38:0.0007425074765574635,3.1321859172466286,3.132182437821882,6.263625847591953
d:39:0.0007190502794038878,3.1321860527850838,3.132182469949422,6.263649472455102
d:40:0.000716764142939752,3.132186120285649,3.132182364932209,6.263651721074918
d:41:0.0006762582599257883,3.1321861042249175,3.132182397059635,6.263692243024627
d:42:0.0007030425321339351,3.132186140020604,3.1321824170212675,6.2636655145097375
d:43:0.0006878056173267311,3.1321862755591194,3.132182484521728,6.263680954463521
d:44:0.0006687434568632966,3.1321862817485595,3.1321824907113545,6.263700029003051
d:45:0.0006898529602956671,3.132186313876783,3.1321825582117597,6.263679019128247
d:46:0.0006876813459868458,3.1321864494153324,3.132182693750053,6.263681461819399
d:47:0.0007001564745969802,3.132186415551489,3.1321822446502647,6.263668503727157
d:48:0.0006775724973753228,3.132186483052111,3.1321823801885316,6.263691290743267
d:49:0.0006429860636032458,3.132186380464727,3.1321810483633996,6.263724442764524
d:50:0.0006498605252485135,3.132186346600612,3.1321797165380296,6.263716202613393
d:51:0.0006512019109603528,3.132186414101186,3.1321783847124323,6.263713596902658
d:52:0.0006419326596578401,3.1321863786283224,3.1321770528866004,6.263721498855265
d:53:0.0006658419578968733,3.132186264549711,3.1321757210605394,6.2636961436523535
d:54:0.0006502009741655712,3.132186283527675,3.132174389234237,6.263710471787746
d:55:0.0006415146650642356,3.1321863034899433,3.132173057407707,6.263717846232586
d:56:0.0006354456844572809,3.1321860916864868,3.132171725580937,6.263722371582967
d:57:0.0006260692977573257,3.1321860299008026,3.1321703937539382,6.2637303543569836
d:58:0.0006321130201865088,3.1321860620290174,3.1321690619266995,6.26372301093553
d:59:0.0006573738705686338,3.1321861975677674,3.132168720194475,6.2636975438916735
d:60:0.0006371798964686093,3.13218620375717,3.1321688557317184,6.26371787959242
d:61:0.0006304900832478921,3.1321862358852997,3.1321687196184484,6.2637244654205
d:62:0.0006014993904965849,3.1321861218059883,3.1321688551556814,6.263753477571173
d:63:0.0006013505375630501,3.1321862573447845,3.1321688196810005,6.263753726488222
d:64:0.000611714010315012,3.1321860606032814,3.1321688377165664,6.263743184309533
d:65:0.0006107751233805914,3.1321861961420723,3.1321688735114606,6.263744294530152
d:66:0.0006095001611079454,3.1321862636427547,3.1321690090487504,6.263745772530397
d:67:0.0005871163228690079,3.1321862475819913,3.1321688560796783,6.263767987338801
d:68:0.0005847283571700501,3.132186009828521,3.1321689916169664,6.263770273088317
d:69:0.0005976368014497524,3.132186145367349,3.1321685645099464,6.263757073075846
d:70:0.0005605798004779672,3.132185992398796,3.13216859663631,6.263794009234628
d:71:0.000606040173293465,3.132186127937615,3.132168561161361,6.263748648925683
d:72:0.0005712734581226897,3.1321860038611824,3.132168349354174,6.263783079757234
d:73:0.0006063402341247581,3.132186039657091,3.1321682252753824,6.2637479246983485
d:74:0.0005791664836625188,3.1321860576941667,3.1321682348274518,6.263775126037956
d:75:0.0005942340843567706,3.13218607765646,3.1321682528629182,6.263760096435021
d:76:0.0005668117448216492,3.1321860010327924,3.1321682849891843,6.263787474277155
d:77:0.0005815221442642127,3.13218591802306,3.132168420526563,6.263772816405359
d:78:0.0005830831496620448,3.1321858350128515,3.1321684395029923,6.263771191366182
d:79:0.0005671848777932809,3.1321858539908725,3.132168349418796,6.263787018531875
d:80:0.0005765455679433984,3.1321857922048473,3.132168484956198,6.263777731593102
d:81:0.0005623738304105785,3.1321859277438158,3.132168520751115,6.26379207466452
d:82:0.0005604285817106813,3.1321859952446154,3.1321685046892895,6.263794071352194
d:83:0.0005601311889709137,3.1321858342479754,3.1321685721888812,6.263794275247886
d:84:0.000558321769529968,3.132185852284975,3.1321687077263416,6.263796238241786
d:85:0.0005664827105977821,3.1321858880808815,3.1321684115256847,6.263787816895968
d:86:0.0005533093096126152,3.1321859202091282,3.1321684436519472,6.263801054551463
d:87:0.000564905033343166,3.13218598770991,3.1321684794467988,6.263789562123366
d:88:0.0005600441651019139,3.1321859972637167,3.13216851524154,6.263794468340155
d:89:0.000534769319006756,3.1321859354773576,3.1321684797663973,6.263819645924748
d:90:0.0005627212071583898,3.1321860710164824,3.1321685472660015,6.2637918970753255
d:91:0.0005447027499858592,3.1321861385172447,3.1321684571813044,6.263809892948563
d:92:0.0005553205097719172,3.1321861224564067,3.1321684752168064,6.263799277163441
d:93:0.0005486772430902676,3.132186158252299,3.132168542716359,6.263806023725568
d:94:0.0005585999001649355,3.132186293791481,3.1321685072409657,6.263796201132282
d:95:0.0005492043171724248,3.132186210780848,3.132168473375737,6.263805479839412
d:96:0.0005382796886781449,3.1321862297589185,3.1321686089133944,6.263816558983635
d:97:0.000547656023202947,3.132186239312661,3.1321682671721263,6.2638068504615845
d:98:0.0005572286049275732,3.13218614922957,3.132168402709766,6.263797323334408
d:99:0.0005387784063284329,3.1321862847688138,3.1321680629726423,6.263815569335128
d:100:0.0005535115050570028,3.132186352269633,3.1321681985102607,6.263801039274837
d:101:0.0005281316426906102,3.132186316796732,3.1321680623959214,6.263826247549963
d:102:0.0005430870413682953,3.1321862117791905,3.13216819793354,6.263811322671362
d:103:0.0005548583635910376,3.132186230757174,3.132168136145973,6.263799508539556
d:104:0.0005345101278351194,3.1321862982579596,3.1321681551224785,6.263819943252603
d:105:0.0005623901524067776,3.1321861932398107,3.1321680721116216,6.263791875199026
d:106:0.0005513619110200096,3.132186328779156,3.1321679891002816,6.263802955968417
d:107:0.0005385775129749248,3.1321860895809053,3.1321680080766505,6.263815520144581
d:108:0.0005600824059115439,3.1321858503799866,3.1321680280374906,6.263793796011566
d:109:0.0005517208960181819,3.1321855076334213,3.132167992561847,6.26380177929925
d:110:0.0005276013066435326,3.1321856431727504,3.132167868482174,6.263825910348281
d:111:0.0005333470648860583,3.1321854360166057,3.1321680040199134,6.263820092971633
d:112:0.0005335426844439439,3.132185299904636,3.1321680135721373,6.263819770792329
d:113:0.0005101245012859579,3.1321850927465924,3.1321680810718444,6.263843049317151
d:114:0.0005393882907291925,3.132185228285918,3.1321679909866003,6.263813830981789
d:115:0.0005375359717127992,3.1321849959871955,3.1321680584862435,6.263815518501726
d:116:0.0005339872859906336,3.132185131526514,3.132168068038343,6.263819212278866
d:117:0.0005483138261102027,3.132185141080164,3.132168077590272,6.263804904844326
d:118:0.0005382293120650417,3.1321852085809656,3.1321681450898815,6.263815124358782
d:119:0.0005271449368109415,3.13218504758291,3.132168111224468,6.263826013870567
d:120:0.0005272942435148309,3.132185066560808,3.132168246762376,6.263826019079669
d:121:0.0005409985741628986,3.1321852021001924,3.1321682825573482,6.263812486083378
d:122:0.0005296304035962152,3.132185099512027,3.1321683015337403,6.263823770642171
d:123:0.0005416695521294201,3.1321851194745705,3.1321684370716856,6.263811886994127
d:124:0.0005221952897542792,3.132185137511744,3.1321684691982377,6.263831411420227
d:125:0.0005436118748320951,3.1321851020385765,3.132168475387134,6.2638099655508785
d:126:0.000512500341374178,3.1321850665651247,3.132168610925108,6.2638411771488585
d:127:0.0005305540110427387,3.132185085542943,3.1321681837954536,6.263822715327354
d:128:0.0005089559900479657,3.132184980524052,3.1321682159218973,6.263844240455901
d:129:0.0005353820091542616,3.132185116063548,3.132168180446092,6.2638179145004855
d:130:0.000525277305122529,3.132185125617152,3.132167968636285,6.263827816948314
d:131:0.0005144137999906206,3.132185193118044,3.132167844555802,6.2638386238738555
d:132:0.0005409410575278883,3.132185228914171,3.132167854107683,6.263812141964326
d:133:0.000542597879640283,3.1321851388304847,3.1321678721433788,6.263810413094223
d:134:0.0005029881433351591,3.1321851709590653,3.13216790426973,6.26385008708546
d:135:0.0005078801183380222,3.132185306498661,3.132168039807798,6.263845466188121
d:136:0.0005234298904621681,3.1321847704034482,3.1321677708244806,6.263829111337467
d:137:0.0004961170808197579,3.1321849059430082,3.1321677547627313,6.26385654362492
d:138:0.000504704095396491,3.132184912132802,3.1321677643144916,6.263847972351897
d:139:0.0005030463475961255,3.1321849796336956,3.1321677832908517,6.263849716576951
d:140:0.0005238747981444192,3.132184989187209,3.132167803251839,6.263828917640904
d:141:0.0005080547016405035,3.1321850091497705,3.132167821287455,6.263844775735585
d:142:0.00053165350302109,3.1321850766506323,3.132167759499586,6.263821182647197
d:143:0.0005184836494667167,3.1321849740618486,3.132167724023528,6.26383421443591
d:144:0.0004926704119512237,3.132185109601524,3.1321677915233863,6.263860230712959
d:145:0.0004976964960974328,3.132185026590344,3.132167797712217,6.263855127806464
d:146:0.0004937383617154012,3.132184991116711,3.132167933250459,6.263859186005455
d:147:0.0004896454488267921,3.1321850091539503,3.132167648380438,6.263863012085562
d:148:0.0004909401719235262,3.132184919069731,3.1321673635060154,6.263861342403823
d:149:0.0004855883061036792,3.132185054609467,3.1321670786272033,6.263866544930567
d:150:0.0004982877056907142,3.1321850745719715,3.1321672141654187,6.263854001031699
d:151:0.00047373145329387967,3.132185106700609,3.1321672331417005,6.263878608389016
d:152:0.0004726702568067509,3.1321850449139568,3.132167156516413,6.263879531173563
d:153:0.0004818951321325926,3.1321850629511054,3.1321671923115293,6.263870360130502
d:154:0.00048615883838998286,3.1321850725045817,3.1321671985002073,6.263866112166399
d:155:0.00048820417344330735,3.132185140005543,3.13216721653575,6.26386415236785
d:156:0.0004607267014336003,3.132185056993901,3.1321671826701696,6.263891512962637
d:157:0.00046434641197024007,3.1321848069918587,3.1321672501700757,6.263887710749964
d:158:0.00047164941367050517,3.1321849425317243,3.132167385708433,6.263880678826487
d:159:0.0004970774438373127,3.1321846836504754,3.132167035956268,6.263854642162906
d:160:0.0004920579921741108,3.1321848191903268,3.1321670680826976,6.26385982928085
d:161:0.0004530308788499582,3.132184757403305,3.132166963063332,6.263898689587787
d:162:0.00048197385542181337,3.132184775440356,3.1321669951896443,6.2638697967745784
d:163:0.0004877098803213187,3.1321847816301833,3.1321670151506424,6.2638640869005044
d:164:0.0004906223431806467,3.132184787819842,3.1321671506890567,6.263861316165718
d:165:0.00046818994580810624,3.1321848199484723,3.132167014573511,6.263883644576175
d:166:0.00047389498665495466,3.1321847844746404,3.132167150111922,6.263878039599907
d:167:0.0004737271921690933,3.132184722687258,3.1321671681474275,6.2638781636425165
d:168:0.0004661728528994047,3.1321848582272356,3.132167174336052,6.263885859710388
d:169:0.0004614798208919524,3.1321845993425583,3.1321673098744967,6.263890429396163
d:170:0.0004576381863383716,3.132184734882525,3.1321673420008,6.263894438696987
d:171:0.0004555496292972805,3.13218475484506,3.1321674775392605,6.263896682755023
d:172:0.00046298186463644697,3.132184822346149,3.132167513334494,6.2638893538160065
d:173:0.00048258323697680794,3.1321848581425886,3.132167545460714,6.263869820366326
d:174:0.00047421625847654525,3.132184993682616,3.1321674836725286,6.263878261096668
d:175:0.00046977281135696103,3.1321850136450635,3.1321675194676697,6.263882760301376
d:176:0.0004713998512340112,3.1321850316821234,3.1321675375031397,6.263881169334029
d:177:0.0004616794539096247,3.132185167222188,3.132167475714592,6.26389096348287
d:178:0.00047059895955747777,3.132185173411827,3.132167507840734,6.263882082293003
d:179:0.0004764670998635978,3.1321850903997355,3.1321674723645554,6.263876095664427
d:180:0.0004662640041726007,3.132185054925719,3.1321676079031704,6.263886398824717
d:181:0.0004433923812019458,3.1321850729626775,3.132167617455135,6.2639092980366105
d:182:0.00045923429140870553,3.132184982877961,3.132167636431607,6.263893385018159
d:183:0.0004559206544580974,3.1321851184181,3.1321676009551833,6.263896798718825
d:184:0.00044409970637104834,3.132185138380498,3.132167668455425,6.263908707129552
d:185:0.0004582820218175243,3.1321852058817203,3.1321678039941183,6.263894727854021
d:186:0.0004581211314516054,3.1321852416782114,3.132167596835565,6.263894717382325
d:187:0.000453180293126465,3.1321853772184145,3.1321672988455234,6.263899495770811
d:188:0.00045743362302097523,3.1321854130148186,3.1321670916850515,6.263895071076849
d:189:0.00046224987347187607,3.1321854192044043,3.1321672272237358,6.263890396554668
d:190:0.0004599953084998276,3.1321854867056302,3.1321671222037413,6.263892613600872
d:191:0.00045457648231028713,3.1321853526827823,3.13216708672703,6.263897862927502
d:192:0.00046112670667675104,3.132185488223058,3.132167118853163,6.263891480369544
d:193:0.00045774716476287836,3.1321855557242433,3.132166994771671,6.2638948033311515
d:194:0.00048300489215158393,3.132185539663821,3.132167012807118,6.263869547578787
d:195:0.0004561842801873439,3.1321855754601913,3.132167032768285,6.263896423948289
d:196:0.00046264849705579536,3.1321857110005293,3.1321669301795634,6.263889992683037
d:197:0.0004589201341200777,3.13218517483374,3.1321670657183507,6.263893320417971
d:198:0.0004554995824186392,3.1321853103740356,3.1321669047192557,6.263896715510873
d:199:0.0004679909551921213,3.1321850514856724,3.132166922754589,6.263883983285069
d:200:0.0004565865044821038,3.1321851870259554,3.1321668888889356,6.263895489410409
d:201:0.0004518286161836471,3.1321852069883764,3.1321669563892662,6.263900334761459
d:202:0.000454660399491047,3.132185274489581,3.1321669753657257,6.263897589455816
d:203:0.0004422422033947271,3.1321850367316326,3.1321671109045983,6.263909905432836
d:204:0.0004510351365372145,3.1321851722719547,3.132167008315289,6.263901145450706
d:205:0.00045678243928470863,3.132185067252369,3.1321670404414217,6.263895325254506
d:206:0.00046677812405349073,3.1321850862308196,3.132166957429588,6.263885265536354
d:207:0.0004439826213822329,3.1321851220271615,3.1321670249299256,6.263908164335705
d:208:0.00045982659819898686,3.1321852575675297,3.1321671604688603,6.263892591438191
d:209:0.00045090931005020707,3.1321852775298886,3.132167126603001,6.263901494822839
d:210:0.00044291610871738385,3.1321853450311217,3.132167194103305,6.263909623025709
d:211:0.00043804271008340834,3.1321851072704785,3.132167033103025,6.26391409766342
d:212:0.0004487618196815646,3.132185242810891,3.132167100603265,6.263903581594475
d:213:0.00045163042800133724,3.132184983919032,3.132167065126376,6.263900418617407
d:214:0.000431833316651975,3.132185119459429,3.1321670841028126,6.2639203702455895
d:215:0.0004533165908178205,3.132185125649036,3.1321669790821716,6.26389878814039
d:216:0.00044413695720457724,3.13218516144536,3.1321670465823708,6.263908071070526
d:217:0.00044851641582432933,3.1321851794825264,3.132167012716266,6.263903675782968
d:218:0.00045892934249813777,3.1321853150229817,3.132167148255368,6.2638935339358515
d:219:0.000436496903258643,3.1321852811593676,3.1321670142315643,6.263915798487673
d:220:0.0004336383989080872,3.1321853486606557,3.1321668901492448,6.263918600410992
d:221:0.00043640683757395493,3.1321853548501633,3.132167025688352,6.263915973700941
d:222:0.0004514209014558901,3.1321853869793497,3.1321667690998147,6.2639007351777085
d:223:0.0004483596042685889,3.1321854544805987,3.132166836600005,6.263903931476335
d:224:0.00044649747475311585,3.132185419006559,3.1321667340100614,6.263905655541867
d:225:0.0004405867407690778,3.132185486507751,3.1321667661362635,6.263911665903246
d:226:0.0004299552092614789,3.1321854960617497,3.1321669016754186,6.263922442527907
d:227:0.00044078560929250443,3.1321856316023755,3.1321669338015248,6.263911779794608
d:228:0.0004338754051289584,3.1321854348575897,3.132166953762866,6.2639185132153266
d:229:0.0004288561772618493,3.132185570398205,3.132166919896539,6.263923634117482
d:230:0.0004369564265775949,3.132185434284912,3.132167055435753,6.263915533294087
d:231:0.00043092363858932003,3.132185569825527,3.1321667672355638,6.263921413422501
d:232:0.00042945197007959734,3.132185225146591,3.1321668347357914,6.263922607912303
d:233:0.0004350171194573704,3.1321849859412776,3.132166800869202,6.263916769691022
d:234:0.0004210829392263804,3.1321847467332926,3.1321668189047163,6.2639304826987825
d:235:0.00041753514193132446,3.1321844690764156,3.1321668510307674,6.263933784965252
d:236:0.0004262740351546057,3.132184604617006,3.1321666980595246,6.263925028641376
d:237:0.0004128040923525589,3.132184672118205,3.132166270905504,6.263938138931357
d:238:0.00043842277241523675,3.1321846920806493,3.1321662889408515,6.2639125582490855
d:239:0.00043973415634113167,3.1321846154566266,3.132166295129844,6.263911176430129
d:240:0.0004537884274160575,3.1321842657130095,3.1321663131650617,6.263896790450655
d:241:0.0004467817950732922,3.132184401253639,3.1321663321415443,6.26390395160011
d:242:0.0004337166253076674,3.132184421215948,3.132166352102816,6.263917056693456
d:243:0.0004299950883552839,3.132184136345728,3.132166487642202,6.263920628899575
d:244:0.0004457827123012237,3.132184271886368,3.1321663975563094,6.263904886730376
d:245:0.0004309716172432587,3.132184118915635,3.132166416532682,6.263919563831074
d:246:0.0004270196439186691,3.1321842544562664,3.132166426084961,6.263923660897309
d:247:0.0004223364937949725,3.1321843219574887,3.132166561624391,6.263928547088085
d:248:0.000425033678865816,3.1321842389449,3.1321665974201647,6.263925802686199
d:249:0.00044323507354881997,3.1321842569821463,3.1321665813588453,6.263907603267443
d:250:0.00045118079069261796,3.1321842927786516,3.1321666488592257,6.263899760847185
d:251:0.0004336214555014095,3.132184428319361,3.132166784398713,6.263917591262572
d:252:0.00043758128961357556,3.1321843928450885,3.1321664572391743,6.263913268794649
d:253:0.00041982945218954626,3.132184357370539,3.1321664217621557,6.263930949680505
d:254:0.00042661253075415573,3.132184389499862,3.1321664538882565,6.263924230857365
d:255:0.00042481059888110906,3.1321845250406195,3.132166329805033,6.263926044246771
d:256:0.0004235797488476578,3.1321844349553434,3.1321660732127334,6.263926928419229
d:257:0.00042698294231691136,3.1321844539340926,3.1321661090084323,6.263923580000208
d:258:0.0004299512219319013,3.1321845894748783,3.132166141134416,6.263920779387362
d:259:0.00043424820858462,3.1321844653970015,3.1321661769300206,6.2639163941184375
d:260:0.00041957736928388556,3.1321844975262625,3.132166194965265,6.263931115122244
d:261:0.0004278591886457406,3.132184462051484,3.1321662139416304,6.2639228168044685
d:262:0.0004393470022403534,3.1321843570311607,3.132166233902945,6.263911243931865
d:263:0.0004418821255303129,3.132184376993525,3.1321663694426007,6.263908864310595
d:264:0.0004235029941206392,3.1321844444949143,3.132166042275834,6.263926983776628
d:265:0.00042924841429226035,3.132184511996231,3.1321660612520716,6.26392132483401
d:266:0.0004148733021036577,3.1321845215503377,3.132166070804331,6.263935719052565
d:267:0.00044031457501425564,3.1321844597628203,3.1321661065998914,6.2639102517876974
d:268:0.0004282891331204297,3.1321844659524825,3.132166138725852,6.263922315545214
d:269:0.0004451398275016061,3.132184601493453,3.1321660047009363,6.263905466366888
d:270:0.0004465496084833376,3.132184668994764,3.1321659692236814,6.263904088609962
d:271:0.00044087220070210265,3.1321846785487626,3.1321660367242217,6.263909843072282
d:272:0.0004376166935777803,3.1321846019243385,3.132166172264,6.263913157494761
d:273:0.00042234488561732064,3.132184637721016,3.1321660192914678,6.2639283121268665
d:274:0.00043877596501218363,3.132184575933154,3.1321661548312463,6.263911954799388
d:275:0.00042727569647205144,3.13218459397053,3.132165826267121,6.263923144541179
d:276:0.00041896223616433304,3.1321844889496013,3.1321658937676258,6.263931420481063
d:277:0.0004314987768392342,3.132184624490691,3.132165858290117,6.263918984003968
d:278:0.0004236017401861858,3.1321846444530816,3.1321659257905647,6.26392696850346
d:279:0.0004395188713157694,3.1321846634319126,3.132165957916497,6.263911102477094
d:280:0.0004414886755395031,3.1321846814691945,3.132165964105644,6.263909156899299
d:281:0.000416540902174134,3.1321847172658437,3.1321660316060544,6.263934207969724
d:282:0.0004233504323796211,3.1321847362445627,3.1321659977393725,6.263927383551556
d:283:0.00040786599128139756,3.13218465323156,3.1321661332792896,6.263942920519568
d:284:0.00040537775172211354,3.1321847887727685,3.1321661513146175,6.263945562335664
d:285:0.0003948160820765878,3.132184824569343,3.1321661712760047,6.263956179763271
d:286:0.00040856972662695057,3.1321848307590177,3.1321663068159573,6.263942567848348
d:287:0.0004246939927892157,3.1321848982605065,3.132165957051793,6.26392616131951
d:288:0.00041913177807018087,3.1321847642363974,3.1321659891776985,6.263931621636026
d:289:0.00041896165616783776,3.132184899777677,3.1321660091389614,6.26393194726047
d:290:0.0004317757051701676,3.1321847030305765,3.1321659325133044,6.263918859838711
d:291:0.0004190355124187306,3.132184838571847,3.132165964639105,6.2639317676985335
d:292:0.0004255683869054394,3.1321849060733236,3.1321659741914285,6.263925311877847
d:293:0.0004066988149578066,3.1321848900132903,3.1321658501073077,6.26394404130564
d:294:0.00042214817533015037,3.132184925809847,3.1321659856473527,6.26392876328187
d:295:0.0004287070103430324,3.132185061351178,3.1321657079877525,6.263922062328588
d:296:0.000418416318506587,3.1321850675407905,3.132165468785079,6.263932120007363
d:297:0.0004158234180575704,3.132185099670391,3.1321652364822246,6.263934512734558
d:298:0.0004209163438009256,3.1321852352117556,3.1321650041768923,6.263929323044847
d:299:0.00041644516747041394,3.1321848771909426,3.132165139716925,6.263933571740397
d:300:0.00043179980714747046,3.132184637979428,3.132165157752164,6.263917995924444
d:301:0.00042360360038884437,3.1321843987652436,3.1321651777133184,6.263925972878173
d:302:0.00040018971727029395,3.132184121103178,3.1321653132533847,6.263949244639292
d:303:0.00042164305676095637,3.1321842566445177,3.132164963479868,6.263927577067625
d:304:0.00043678159644322534,3.1321842766069814,3.1321649956055904,6.2639124906161285
d:305:0.0004316799504096025,3.132184294644322,3.132164890584047,6.263917505277959
d:306:0.0004172681575145276,3.132184430185694,3.1321649227096557,6.263932084737835
d:307:0.00043177733437360644,3.1321844623152177,3.1321649426707,6.263917627651544
d:308:0.000411293305724314,3.1321844005270556,3.1321650782108232,6.2639381854321545
d:309:0.0004070105678675162,3.132184418564286,3.132164942093647,6.2639423500900655
d:310:0.00041354828678841216,3.132184428118446,3.132165077633772,6.26393595746543
d:311:0.0004085695415021462,3.1321844956200646,3.1321650956689595,6.263941021747522
d:312:0.0004210908695903015,3.132184412606591,3.1321651314648253,6.263928453201826
d:313:0.00042354022256141377,3.132184162599266,3.132165267004982,6.263925889381687
d:314:0.0004255430220023726,3.132184298140748,3.1321652850400614,6.263924040158807
d:315:0.00040718872503298087,3.13218420805495,3.1321652912292794,6.263942310559196
d:316:0.00041792438430476864,3.132184227033809,3.132165426769472,6.263931729418976
d:317:0.00042816514329935274,3.132184362575316,3.132165462565295,6.263921659997312
d:318:0.00041936609090953425,3.1321843287118565,3.132165446504116,6.263930409125063
d:319:0.0004179231408123485,3.1321842932370725,3.1321655140049316,6.263931884101192
d:320:0.0004164549712246668,3.132184311274248,3.132165649545186,6.263933505848209
d:321:0.0004083380652808444,3.1321842346494186,3.132165685340947,6.263941581925085
d:322:0.0004208177733868723,3.132183888151367,3.1321656692795923,6.2639287396575725
d:323:0.0004107501421124482,3.1321840236929255,3.1321656873146413,6.263938960865454
d:324:0.0004187208956327737,3.132184029882511,3.1321656968670553,6.263931005853934
d:325:0.00041986764045987,3.1321840394365985,3.1321656630002863,6.263929834796425
d:326:0.0004147601242614485,3.132184106938311,3.132165798540635,6.263935145354685
d:327:0.00040889132757193636,3.132184142735051,3.1321656959499062,6.263940947357385
d:328:0.0004095883340902162,3.1321841607721392,3.132165728075698,6.263940300513747
d:329:0.00040070987377482936,3.1321841703261075,3.1321656450633597,6.263949105515692
d:330:0.0003992009565507715,3.1321838335611254,3.1321657125642677,6.263950345168842
d:331:0.0004111175346981355,3.132183969102801,3.1321658481046786,6.2639386996727815
d:332:0.0004303649527290787,3.1321840366044995,3.1321658661396796,6.26391953779145
d:333:0.0004091935792445156,3.1321840205444325,3.132165886100916,6.263940713066104
d:334:0.0004053628890261507,3.1321840563411225,3.132166021641366,6.263944715093462
d:335:0.00041038108452617905,3.132184191882855,3.1321660574371926,6.263939868235521
d:336:0.000410630320219596,3.1321840678039674,3.13216604137574,6.263939478859488
d:337:0.00042325620162841915,3.132183933778764,3.1321661088766923,6.263926786453828
d:338:0.00040441726312323567,3.1321840693205036,3.132166244417194,6.263945896474574
d:339:0.00041354432783968775,3.132184035456854,3.1321658172391746,6.263936308368189
d:340:0.00043249486113161595,3.1321841029585844,3.132165849364984,6.263917457462437
d:341:0.0004307707783652859,3.1321841387552336,3.132165813887516,6.2639191818643845
d:342:0.0004344889530116802,3.132184076966759,3.1321656020732167,6.263915190086964
d:343:0.000442582442035544,3.1321841444684413,3.132165477988167,6.263907040014573
d:344:0.0004117328347028604,3.1321841089934885,3.1321654875405773,6.263937863699363
d:345:0.000430037546113482,3.1321841764951177,3.1321655055755198,6.263919644524524
d:346:0.00043292808583395015,3.1321841826847354,3.1321655377012334,6.263916792300135
d:347:0.0004221819061154264,3.1321843182266402,3.1321656732418273,6.263927809562352
d:348:0.0004234680041594885,3.1321843244161123,3.1321656794311945,6.263926535843147
d:349:0.0004173832271057165,3.1321843565459595,3.1321657469321966,6.26393272025105
d:350:0.0004118498970520079,3.132184242465211,3.1321657564845165,6.2639381490526755
d:351:0.0004181520047978893,3.132184378007164,3.1321657745193825,6.2639320005217485
d:352:0.000411832537889012,3.1321842539275053,3.1321658420203473,6.263938263409964
d:353:0.00041511202934785274,3.1321842860572566,3.1321658482095973,6.263935022237506
d:354:0.000404956920672106,3.1321842505820854,3.1321659837503244,6.263945277411738
d:355:0.0004201672646111376,3.132184145560421,3.132165830776291,6.263929809072101
d:356:0.0004141096315528614,3.1321841655232507,3.1321659663170145,6.263936022208712
d:357:0.0004125876460268074,3.132184233024965,3.1321657695692036,6.263937414948142
d:358:0.00040024123751614127,3.1321843005266103,3.132165905109918,6.263949964399012
d:359:0.00040340845970376904,3.132184310080696,3.1321659409058853,6.263946842526877
d:360:0.00040542362639683915,3.1321842482919138,3.13216592484436,6.263944749509877
d:361:0.00040050980034322947,3.1321842544813148,3.132165992345376,6.263949737026348
d:362:0.0004086633624851288,3.1321843900234505,3.1321661278861495,6.263941854547115
d:363:0.0003866229751334771,3.132184396212706,3.1321661340753355,6.263963907312908
d:364:0.00041658788824783244,3.1321841036089584,3.1321661662011753,6.263933681921886
d:365:0.00040041667321233376,3.1321842391511012,3.1321660831884355,6.263949905666324
d:366:0.00041505427836519004,3.13218404240156,3.1321661506894465,6.263935138812641
d:367:0.0003984870941060592,3.1321841779436976,3.132166286230298,6.2639519770798895
d:368:0.0003890404087805166,3.1321841440799343,3.1321661961438867,6.2639612998150405
d:369:0.00039492405686836207,3.132184164042739,3.13216611951791,6.263955359503781
d:370:0.00040053699678743726,3.13218419617254,3.1321661257069806,6.263949784882733
d:371:0.0003939310026961351,3.1321843317147327,3.1321661437419266,6.263956544453963
d:372:0.0003920231177989564,3.1321842962393767,3.132166162719084,6.263958435840662
d:373:0.0003891339364638924,3.1321842607637436,3.132166182680601,6.263961309507881
d:374:0.00040949048857719106,3.1321842797430293,3.1321663182215573,6.263941107476009
d:375:0.0004042907138810392,3.13218428929709,3.13216633719861,6.263946335781819
d:376:0.0003915224677939477,3.132184298850987,3.1321662471116927,6.263959023494886
d:377:0.0003813890837829348,3.1321843309807473,3.1321663826526738,6.263969324549638
d:378:0.0003905313825995904,3.132184061998645,3.132166418448774,6.2639599490648195
d:379:0.0003775003511119479,3.132184197540944,3.132166450574676,6.263973147764508
d:380:0.00038202921213681407,3.1321839386431733,3.132166388786187,6.263968298217224
d:381:0.00038764320232687055,3.13218407418546,3.132166424582195,6.263962855565328
d:382:0.00039746436491405746,3.1321839212129188,3.1321664426171196,6.263952899465124
d:383:0.0003972986801734635,3.1321840567552037,3.1321663808282665,6.263953138903297
d:384:0.00040742768996437917,3.1321840925522135,3.1321664129540867,6.263943077816336
d:385:0.000395972299509495,3.1321841125150254,3.132166377476608,6.263954517692124
d:386:0.0003956548790267078,3.132184144644736,3.1321665130177454,6.2639550027834545
d:387:0.000405203429924228,3.132184082855634,3.132166545143475,6.263945424569185
d:388:0.00040925375672529185,3.132184100893154,3.132166565105024,6.2639414122414525
d:389:0.00040647655002246097,3.1321840108068297,3.1321665312383935,6.263944065495201
d:390:0.00038885656253206946,3.132184028844211,3.132166666779584,6.263961839061263
d:391:0.00039415802795872423,3.1321840488069235,3.1321666763321883,6.263956567111153
d:392:0.0003852104549046942,3.1321839462171948,3.1321667438335385,6.263965479595829
d:393:0.0003974817320457902,3.132183964254443,3.1321667759592238,6.263953258481621
d:394:0.00040844437461196037,3.1321839704437604,3.132166740481548,6.263942266550696
d:395:0.0003965035087833968,3.132184105986253,3.1321668760228167,6.2639544785002865
d:396:0.00040104389659489925,3.13218390923476,3.1321666688582575,6.263949534196422
d:397:0.0004092019628867405,3.1321840447772438,3.132166370859151,6.263941213673508
d:398:0.00040161821149098387,3.13218405433115,3.132166163692675,6.263948599812334
d:399:0.0004013818929351487,3.1321840733105155,3.13216629923393,6.26394899065151
d:400:0.00040111383964003267,3.132184208853035,3.1321663350300213,6.263949430043416
d:401:0.0004198954768739327,3.1321840727380668,3.1321663530649726,6.263930530326165
d:402:0.0003980942653747377,3.132184208280586,3.1321662700518047,6.263952384067016
d:403:0.0004127670958222751,3.1321840842000164,3.132166337553187,6.263937654657381
d:404:0.00040374113534191736,3.1321840487242394,3.1321664730945162,6.263946780683414
d:405:0.00039415234961737156,3.1321840132481853,3.132166370503178,6.263956231401746
d:406:0.0003901116660394166,3.1321840453779775,3.132166402628842,6.26396033634078
d:407:0.00039364875766878527,3.132183983588547,3.132166319615207,6.263956654446085
d:408:0.0003899131486324592,3.1321840016257916,3.132166387116577,6.263960475593736
d:409:0.0003893737766667016,3.132184011179625,3.1321662820944276,6.263960919497386
d:410:0.0003844060810767047,3.1321840301589408,3.132166246616503,6.263965870694367
d:411:0.00040175221859506394,3.13218406595613,3.1321662787420763,6.263948592479611
d:412:0.0003914723762168393,3.132184072145435,3.1321661546561437,6.263958754425362
d:413:0.0004078341405211461,3.132184090182582,3.132166290197601,6.263942546239662
d:414:0.00039408735923451843,3.1321840741228453,3.1321663223230836,6.263956309086694
d:415:0.00038438477051272457,3.1321842096655867,3.132166328512392,6.263966153407466
d:416:0.00039101076225378506,3.132184073549711,3.132166464053885,6.263959526841342
d:417:0.00040106625855074185,3.132184209092456,3.132166482088852,6.263949624922757
d:418:0.00039974063463432685,3.132184085011101,3.1321665178850395,6.263950862261506
d:419:0.0004015675464010826,3.132184049534839,3.132166524074224,6.263949006062662
d:420:0.00039522594949126244,3.1321840140583035,3.132166659615777,6.263955447724589
d:421:0.00041134963842992534,3.1321840461881276,3.1321665545930273,6.263939251142725
d:422:0.0004068971791451048,3.132184055741911,3.1321665641457326,6.263943722708499
d:423:0.0003912198849587156,3.132183979116748,3.13216663164725,6.263959390879039
d:424:0.00038523413625846104,3.132184014913955,3.132166597780534,6.263965378558231
d:425:0.00039799884800295615,3.13218397943716,3.132166665281991,6.263952645871148
d:426:0.0003857195657754886,3.1321839028115512,3.132166603492898,6.263964786738674
d:427:0.0004025638577207502,3.132183841021787,3.1321666709942946,6.263947948158361
d:428:0.0003972920403239044,3.1321839765646917,3.132166677183399,6.263953361707767
d:429:0.00038844852731045876,3.132183717662887,3.1321666833723363,6.263961952507913
d:430:0.0003955722225974512,3.1321838532057757,3.1321667023498136,6.263954983332992
d:431:0.00040963798188187184,3.1321838593950506,3.1321667119024443,6.263940933315613
d:432:0.00039596125287211237,3.132183891524855,3.1321667180912307,6.263954648363214
d:433:0.0004149807647984005,3.1321840270677814,3.1321668536330254,6.263935899936008
d:434:0.00039970857852367203,3.1321838303142684,3.13216671751465,6.263950839250395
d:435:0.00040952271482730396,3.1321839658571893,3.132166853056445,6.263941296198807
d:436:0.0003958351166115648,3.132183882843284,3.132166888852746,6.2639549365794185
d:437:0.00040106210681045695,3.1321838473662567,3.1321668727916023,6.2639496580510485
d:438:0.0004057335837703846,3.1321838654034764,3.132166940293091,6.263945072112797
d:439:0.00039818591898388433,3.1321835343974023,3.132167075834941,6.263952424313359
d:440:0.0003947281073255482,3.1321836699403534,3.1321670820236545,6.263956023856682
d:441:0.0003943002516493266,3.1321836344630505,3.1321671178199058,6.263956452031307
d:442:0.0004119076253896736,3.1321836665928124,3.132167136797392,6.263938895764815
d:443:0.0004229775513966416,3.1321836865558623,3.132167146350003,6.263927855354469
d:444:0.0004025554655306962,3.132183705535338,3.1321670222633102,6.263948172333118
d:445:0.0004199187350817368,3.132183723572453,3.132167157805249,6.26393096264262
d:446:0.0004131620338743147,3.1321837593697666,3.1321671673577196,6.263937764693612
d:447:0.0004011119694489196,3.132183791499463,3.132167090731487,6.263949770261501
d:448:0.00042173651778654175,3.132183456244661,3.1321671106935423,6.263928830420417
d:449:0.00040715113229339295,3.1321835917877507,3.1321671168821617,6.263943557537619
d:450:0.0004137405809849781,3.13218359797699,3.1321672524241695,6.263937109820175
d:451:0.0003858489270456289,3.132183665479829,3.1321671474008372,6.263964963953621
d:452:0.00038847956461118827,3.1321837012770732,3.1321671795266877,6.26396240123915
d:453:0.0004011288196430485,3.132183733406702,3.1321671890790537,6.263949793666113
d:454:0.00040177803878371776,3.132183769203845,3.1321672212047957,6.263949212369857
d:455:0.0003823672991423166,3.1321835126165123,3.1321671857269067,6.263968331044277
d:456:0.0004017964441551669,3.1321836481597067,3.132167150248737,6.2639490019642885
d:457:0.00038763726257506903,3.1321836142960784,3.1321672177504354,6.263963194783939
d:458:0.0003996513957638115,3.1321836817989315,3.1321671822720045,6.263951212675172
d:459:0.00039972598890791744,3.1321837175960034,3.1321673178141616,6.263951309421257
d:460:0.00037174017731977926,3.1321837356331166,3.132167353610525,6.263979349066322
d:461:0.0003908536495078607,3.1321837555962038,3.132167372588066,6.263960274534762
d:462:0.00040217257520680505,3.132183362479669,3.1321675081302605,6.2639486980347225
d:463:0.00039244271249927465,3.1321834980229486,3.1321675439265455,6.263958599236995
d:464:0.00040046742739363594,3.1321835655257875,3.1321675278654197,6.263950625963814
d:465:0.00038205238615596215,3.132183549466122,3.132167595367177,6.263969092447143
d:466:0.00036617992006782174,3.1321835852631352,3.13216773090943,6.263985136252497
d:467:0.0003766565241374309,3.132183720806479,3.1321676408221375,6.263974705104479
d:468:0.00036927735570913,3.132183740769481,3.1321676588575578,6.2639821222713294
d:469:0.0003814108633513058,3.1321837588065318,3.1321676684099415,6.263970016353122
d:470:0.0003754768744563819,3.1321838943499127,3.132167674598623,6.2639760920740795
d:471:0.0003786783498167523,3.132183914312808,3.1321677103948886,6.26397294635788
d:472:0.0003853510975329044,3.132183933292426,3.1321678459372304,6.2639664281321235
d:473:0.0003984739236848611,3.132183951329381,3.132167743345363,6.263953220751059
d:474:0.0003891560799296201,3.1321839871263943,3.1321677754712454,6.26396260651771
d:475:0.0003665338432057297,3.132184019256158,3.132167692457312,6.263985177870264
d:476:0.00039931426096373457,3.132183858254608,3.132167759959156,6.2639523039528004
d:477:0.000390774079356504,3.132183867808708,3.1321678955015653,6.263960989230917
d:478:0.0003792686658030675,3.132183935311689,3.13216792762738,6.263972594273266
d:479:0.00039218716701761025,3.13218394150104,3.132167947589666,6.263959701923689
d:480:0.0003916568369479734,3.132184009003966,3.132167913723082,6.2639602658901
d:481:0.0003928155092243202,3.1321840185579433,3.1321680492655446,6.2639592523142635
d:482:0.0003879715443151355,3.1321839135354974,3.132167959177771,6.263963901168953
d:483:0.0003851633590414849,3.132184049079113,3.1321679781554312,6.263966863875503
d:484:0.0003786859073908744,3.1321840586329497,3.132167942676917,6.263973315402476
d:485:0.0003762791834898138,3.1321840776125587,3.1321679071981254,6.263975705627194
d:486:0.0003751184499947158,3.1321839875257265,3.1321679261756596,6.263976795251391
d:487:0.00038059400410439537,3.1321841230693934,3.1321678120944565,6.2639713411597455
d:488:0.00039510174696744116,3.1321839263137186,3.132167818283131,6.263956642849882
d:489:0.0003833897309490908,3.1321840618573766,3.132167953825709,6.2639686259521365
d:490:0.00038533117275640905,3.1321841293603683,3.13216798962209,6.263966787809702
d:491:0.00039003086600608583,3.1321841133007062,3.1321679735609624,6.263962055995663
d:492:0.00038694765111024765,3.1321838755336113,3.13216804106297,6.263964968945471
d:493:0.00036113800783432737,3.132184011077303,3.132168176605605,6.263991049675074
d:494:0.00038300058053941655,3.132183977213625,3.1321679177177195,6.263968894350805
d:495:0.0003821931155716385,3.1321840447165865,3.13216805326034,6.263969904861355
d:496:0.00038590746372335616,3.132184080513735,3.1321677180030427,6.263965891053054
d:497:0.00036055542179092015,3.1321840187237964,3.132167750128918,6.2639912134309235
d:498:0.0003852415453096114,3.1321840862267205,3.132167667114526,6.263966511795937
d:499:0.00039409014982894064,3.132184050749462,3.132167734616516,6.263957695216149
d:500:0.00039298036844037654,3.1321841182523276,3.1321676991375025,6.26395883702139
d:501:0.0003935353402670927,3.1321841244417143,3.1321677666394354,6.263958355740883
d:502:0.00037741760476350805,3.1321842599855714,3.1321677728280513,6.263974615208859
d:503:0.00036819186830783224,3.1321842661748125,3.132167779016502,6.263983853323007
d:504:0.0003843485445020889,3.132184272363885,3.132167914559254,6.263967838378637
d:505:0.00039196918100437017,3.1321843398667486,3.1321676556679066,6.263960026353651
d:506:0.0003854902211735123,3.1321843494206476,3.132167791210648,6.263966650410122
d:507:0.000394154246009748,3.1321842468302385,3.132167655091216,6.263957747675445
d:508:0.00038162606741032334,3.1321842667933897,3.132167790633954,6.263970431359933
d:509:0.00037553899417730463,3.1321842857731017,3.1321678227598344,6.263976569538759
d:510:0.00037632169404311355,3.132184016785203,3.13216795830259,6.26397565339375
d:511:0.00038454303076562724,3.1321841523291933,3.1321678532786414,6.263967462577069
d:512:0.0003935189820456486,3.13218406224186,3.1321679207806525,6.263958464040467
d:513:0.0003770960476945362,3.1321840812214443,3.1321679407431304,6.26397492591688
d:514:0.00039485186971077724,3.1321842167654594,3.132167972868954,6.263957337764703
d:515:0.0003883395174302251,3.132184092683067,3.132167937389754,6.263963690555391
d:516:0.0003897457828472284,3.1321841022368595,3.132168072932595,6.263962429386607
d:517:0.0003801137099497254,3.1321841343669714,3.132167989917779,6.2639720105748005
d:518:0.0003768953456404489,3.1321841439206164,3.132168007953572,6.263975256528548
d:519:0.0003748727730208401,3.1321840098938765,3.13216797247412,6.2639771095949754
d:520:0.00037931690330594847,3.1321840279311477,3.1321679905097746,6.263972701537616
d:521:0.0003886882768728839,3.1321836821289715,3.13216802630639,6.263963020158489
d:522:0.0003866576260644905,3.13218381767307,3.1321680584321747,6.26396521847918
d:523:0.00037809051959847295,3.132183885176067,3.1321680679849173,6.263973862641386
d:524:0.00039244332022647654,3.13218386911638,3.132167943897322,6.263959369693476
d:525:0.00037882749011153294,3.1321839049137203,3.1321680794403104,6.263973156863919
d:526:0.0003781093096844046,3.1321840404578793,3.1321680028138257,6.263973933962021
d:527:0.0003823374281619607,3.132183904340687,3.1321680227763036,6.263969589688829
d:528:0.00038633379524810607,3.1321840398848444,3.1321680408118873,6.2639657469014836
d:529:0.0003776115258187218,3.1321836751524117,3.1321680766084725,6.2639741402350655
d:530:0.0003890795375465217,3.1321833843239997,3.132168212151532,6.263962516937985
d:531:0.00037864488615824143,3.1321830934909,3.1321682183400927,6.263972666944834
d:532:0.00038035198288710603,3.1321828611841838,3.1321682858423365,6.263970795043633
d:533:0.00039475363438867817,3.132182996728309,3.1321682953950205,6.263956538488941
d:534:0.0003747315075184332,3.132183016691455,3.132168134391671,6.263976419575608
d:535:0.0003779625760103045,3.1321827318116124,3.1321681524271856,6.263972921662788
d:536:0.0003924747376373716,3.132182867355743,3.1321681723896084,6.263958565007714
d:537:0.00039117333645322105,3.132182714381196,3.132168069797112,6.263959610841855
d:538:0.00037780511751783763,3.132182849925325,3.132168205340296,6.263973250148103
d:539:0.0003863177936231921,3.132182653167394,3.132168241136883,6.263964576510654
d:540:0.00039233177624709015,3.1321827887115177,3.132168225075885,6.263958682011156
d:541:0.0003728703575021086,3.132182856214584,3.1321682925781698,6.263978278435252
d:542:0.0003876919505216847,3.1321828401547034,3.1321684281214104,6.263963576325592
d:543:0.00037438153350599634,3.132182602384219,3.132168448083778,6.263976668934491
d:544:0.0004085212953608419,3.1321827379283764,3.1321684802097156,6.263942696842731
d:545:0.00038760640210355746,3.13218275789146,3.132168516006269,6.263963667495625
d:546:0.00039449109458011833,3.132182775928717,3.1321685340417673,6.263956818875904
d:547:0.0003753962050883075,3.132182911472908,3.132168553019815,6.263976068287635
d:548:0.0003811638613644419,3.1321829789759956,3.132168572982092,6.263970388096723
d:549:0.00039203159586875813,3.1321829171857214,3.1321687085254624,6.263959594115315
d:550:0.0003712529543040688,3.1321829371487198,3.1321687275034016,6.263980411697817
d:551:0.000381289651953054,3.1321829692789738,3.1321686374151856,6.263970317042206
d:552:0.0003738807226465468,3.1321828862645873,3.1321687729585754,6.263977778500516
d:553:0.0003782075529858986,3.132182895818268,3.1321684264537577,6.26397311471904
d:554:0.00039191321458531547,3.1321829147979976,3.132168458579665,6.263959460163077
d:555:0.00039235510934432227,3.132182824710048,3.132168423100154,6.263958892700858
d:556:0.00037379067124376775,3.132182834263581,3.1321683876203643,6.263977431212702
d:557:0.0003824653777861897,3.132182901766704,3.132168405655804,6.263968842044722
d:558:0.0003737440378053236,3.1321827967434555,3.1321684377816243,6.2639774904872745
d:559:0.00037295518302826736,3.1321829322878525,3.132168573325103,6.263978550429927
d:560:0.0003797551141904165,3.1321829384771203,3.132168539458714,6.263971722821644
d:561:0.0003825213461201571,3.132182956514388,3.1321684628318778,6.263968898000146
d:562:0.00035304160713423016,3.132182940454422,3.1321684723846737,6.263998371231962
d:563:0.0003682131674658251,3.1321830759988725,3.1321684904200264,6.263983353251433
d:564:0.0003631896767455345,3.132183085552331,3.132168510382307,6.2639884062578925
d:565:0.00036285616534392773,3.132183104532034,3.13216840778923,6.26398865615592
d:566:0.00036813919755296354,3.132183014443596,3.132168543332808,6.263983418578851
d:567:0.0003835289685518717,3.1321831499880926,3.1321685791294893,6.26396820014903
d:568:0.0003626386024055961,3.1321831699511407,3.132168563068486,6.263989094417221
d:569:0.000387972020899241,3.1321831889307354,3.1321686305711154,6.263963847480952
d:570:0.000361768523113426,3.1321832069679605,3.132168766114752,6.263990204559599
d:571:0.00037316274538312655,3.1321832427656435,3.13216850951474,6.263978589535
d:572:0.0003784216678397456,3.1321832608027336,3.132168577017314,6.263973416152208
d:573:0.00036949506749195393,3.132183280765693,3.132168515228411,6.263982300926612
d:574:0.00037529132811009447,3.1321831781745306,3.1321685342064214,6.263976421052842
d:575:0.000350761102028585,3.1321831971540313,3.1321685541686666,6.264000990220669
d:576:0.000355434352368178,3.132183135363478,3.1321685203020877,6.263996221313198
d:577:0.0003730740037699576,3.132183202866825,3.1321686558458115,6.263978784708867
d:578:0.0003643852034347361,3.1321832124202533,3.13216829626532,6.2639871234821385
d:579:0.0003848384468110311,3.13218334796497,3.132168219638041,6.2639667291562
d:580:0.00036536109616847057,3.132183151205039,3.1321682291908086,6.263986019299679
d:581:0.00038641072196021753,3.1321832867497523,3.132168248168707,6.263965124196499
d:582:0.0003742618768320938,3.1321833067126477,3.132168143144092,6.263977187979908
d:583:0.00036532462993932313,3.132183324749702,3.1321681752700368,6.2639861753898
d:584:0.00035370929004940876,3.1321834602944474,3.1321681952321914,6.263997946236589
d:585:0.0003688935097692081,3.1321834664838075,3.1321683307760058,6.263982903750044
d:586:0.00035870854956421283,3.1321834986143706,3.1321679940038702,6.263992784068677
d:587:0.0003805381541663877,3.1321833845323717,3.13216802612971,6.263970872507915
d:588:0.00036728846066580445,3.1321835200771666,3.132168035682364,6.263984267298865
d:589:0.0003788693085606809,3.1321835296305522,3.1321681712262066,6.263972831548198
d:590:0.00037530560383736145,3.13218356176103,3.1321680571441437,6.263976313301336
d:591:0.00037732482384456034,3.1321834999701714,3.1321680410830215,6.263974216229348
d:592:0.0003725108412702127,3.132183506159418,3.1321680600608595,6.263979055379007
d:593:0.00037794970519478,3.132183150162655,3.132168195604745,6.263973396062205
d:594:0.00037062089228356854,3.1321832857075087,3.132168090579512,6.263980755394737
d:595:0.00036109133375639146,3.1321832918965864,3.1321681580822904,6.26399035864512
d:596:0.000369735902916446,3.1321833099336107,3.132168167634857,6.263981741665551
d:597:0.0003864983378090159,3.1321832938736947,3.1321680775460834,6.263964873081969
d:598:0.00038195211859815004,3.132183329671564,3.132168096523829,6.263969474076795
d:599:0.0003722125792986475,3.132183465216494,3.1321681060762465,6.263979358713442
d:600:0.00037548192610614706,3.132183501014275,3.1321680230610145,6.263976042149183
d:601:0.0003846395593694041,3.132183533144742,3.1321681586050225,6.263967052190395
d:602:0.0004063207611384456,3.132183517084645,3.132168164794022,6.263945361117528
d:603:0.00037013070909885926,3.132183552882342,3.1321682322968343,6.2639816544700775
d:604:0.00037013651426853755,3.1321836884273484,3.1321681705076045,6.263981722420684
d:605:0.00038822782232550423,3.132183654563942,3.132168180059912,6.2639636068015285
d:606:0.00038154491389796874,3.1321837220676656,3.1321682475626815,6.263970424716449
d:607:0.00037552464826440257,3.1321837578652953,3.13216828335967,6.263976516576701
d:608:0.0003742777391444463,3.132183764054359,3.1321684189038006,6.263977905219015
d:609:0.0003772641296269086,3.1321838315580433,3.1321682848769328,6.263974852305349
d:610:0.00037519048906808905,3.1321837289663037,3.1321682493971217,6.263976787874357
d:611:0.00037459194440359056,3.1321836263739726,3.132168281523123,6.263977315952692
d:612:0.0003754671410938215,3.1321835497481363,3.132168219733545,6.263976302340588
d:613:0.000373607912607099,3.132183555937047,3.132168007914542,6.263977955938982
d:614:0.0003817677697899313,3.1321836914822203,3.1321681434587294,6.26397006717116
d:615:0.00037109992377182266,3.1321837589858905,3.1321681624364928,6.2639808214986115
d:616:0.00036964546323048353,3.132183597982314,3.132168057410629,6.2639820099297125
d:617:0.0003826100798782761,3.1321836301128325,3.132168124913454,6.263969144946408
d:618:0.00036685395961377765,3.132183614052634,3.132168134465706,6.263984894558726
d:619:0.00037533533652123197,3.1321837495978713,3.132168166591649,6.263976580852999
d:620:0.00038066821674043183,3.1321837557866825,3.1321682023886552,6.263971289958597
d:621:0.00037033427493682325,3.1321836939955485,3.1321682204244023,6.263981580145014
d:622:0.00039020711281345655,3.1321837120327114,3.132168239402091,6.263961744321989
d:623:0.00039302975206290114,3.132183747830398,3.1321682593644944,6.2639589774428295
d:624:0.00038090593457873467,3.132183765867431,3.1321682655535223,6.263971125486375
d:625:0.0003844179059662167,3.1321837754209962,3.1321684010979176,6.263967758612948
d:626:0.00036726440233003643,3.1321837136295034,3.132168433223832,6.263984882451005
d:627:0.00037384000377471693,3.132183849174872,3.1321684531861393,6.263978462357237
d:628:0.00037021897475497667,3.1321838153113237,3.132168419319541,6.26398201565611
d:629:0.00036792368081073334,3.132183835274594,3.1321685548639877,6.263984466457771
d:630:0.0003752432538899342,3.1321838674051463,3.132168586989831,6.263977211141087
d:631:0.00037423677758496865,3.1321840029505665,3.1321685965420745,6.263978362715056
d:632:0.00037008426887119583,3.13218400913933,3.1321686640450697,6.263982588915528
d:633:0.00038230311479381385,3.1321840186928203,3.1321687995895786,6.263970515167605
d:634:0.0003706328556276617,3.1321840861967107,3.132168694563145,6.263982147904228
d:635:0.00036669425263902156,3.132183925191926,3.1321687125989186,6.263985943538206
d:636:0.00036361066616663607,3.1321839347452656,3.132168748396033,6.263989072475132
d:637:0.00037817668815876004,3.132184002249101,3.1321687841930324,6.263974609753975
d:638:0.00037079491469604875,3.13218400843774,3.1321688516960435,6.263982065219087
d:639:0.00037928071578186007,3.132183874409691,3.132168817829264,6.263973411523173
d:640:0.0003608951340314803,3.132183893389753,3.132168953373892,6.263991951629613
d:641:0.00037559754102645115,3.13218402893534,3.1321689854997565,6.26397741689407
d:642:0.00036520974703968534,3.132183938846479,3.132168882906054,6.263987612005494
d:643:0.00036307977610938735,3.132183957826424,3.132168915031805,6.26398979308212
d:644:0.000350100846594259,3.132184093372034,3.1321689330675326,6.264002925592973
d:645:0.0003580641734046708,3.1321841029253026,3.132168953029913,6.263994991781811
d:646:0.000369502794592691,3.132184170429193,3.1321689592190225,6.263983626853623
d:647:0.0003663012383086084,3.1321840364002966,3.1321689950160287,6.263986730178017
d:648:0.00036186265954540886,3.132183953385603,3.132169130560788,6.263991221286846
d:649:0.0003894664876931131,3.132183876759406,3.1321691663577056,6.263963576629418
d:650:0.00036732716679566124,3.1321838967227364,3.1321691502968623,6.263985719852803
d:651:0.000357307447838906,3.132184032268446,3.132169217800003,6.26399594262061
d:652:0.00036274893698262645,3.1321837822532235,3.1321693533448265,6.263990386661067
d:653:0.00037682753595724705,3.132183917798919,3.1321690684529546,6.263976158715916
d:654:0.00036816954854934636,3.1321837648227895,3.1321689854373798,6.26398458071162
d:655:0.0003840751822803412,3.1321839003684833,3.1321688804103314,6.263968705596534
d:656:0.000383967552874509,3.1321839678724075,3.132168947913433,6.263968948232966
d:657:0.0003805707231219202,3.1321839323956553,3.1321689574657725,6.263972319138306
d:658:0.00037684477417876394,3.1321839513756,3.1321689755014877,6.263976082102909
d:659:0.0003646201038254304,3.1321836228047957,3.1321690076272937,6.263988010328264
d:660:0.00036652977959228394,3.132183758350539,3.1321689721475234,6.26398620071847
d:661:0.0003694370344984321,3.132183655757567,3.1321691076924623,6.263983326415531
d:662:0.0003511958517385949,3.132183675720851,3.1321690310649295,6.264001510934042
d:663:0.0003596801164498231,3.1321836937581082,3.1321690510273505,6.263993064669009
d:664:0.0003661993527490637,3.1321836598944586,3.132169069062975,6.263986529604685
d:665:0.00037253004322579386,3.1321836920252544,3.132169104859944,6.263980266841973
d:666:0.0003787073188643575,3.132183759529214,3.1321692404049593,6.263974292615309
d:667:0.0003634205965177273,3.1321834137151185,3.1321689815079896,6.26398897462659
d:668:0.00033983617139554667,3.1321835492609633,3.132169117052989,6.264012830142557
d:669:0.00037659028442860176,3.1321835813916614,3.1321689203008116,6.263975911408044
d:670:0.000368722588589776,3.1321837169375204,3.1321690558458073,6.263984050194738
d:671:0.0003731787701113376,3.132183736900741,3.132168727266354,6.263979285396983
d:672:0.00035508422186758537,3.1321837549379357,3.1321687593921475,6.2639974301082155
d:673:0.0003513909993131392,3.132183890483832,3.1321685983868406,6.264001097871359
d:674:0.00035017876024134864,3.132183900037175,3.1321686658900862,6.26400238716702
d:675:0.0003558003038310886,3.1321839190171286,3.1321686858524362,6.263996804565734
d:676:0.00035103054422158664,3.132183954815318,3.1321688213974923,6.264001745668589
d:677:0.00035624883170370936,3.1321838930236012,3.132168562497064,6.263996206688962
d:678:0.000372522646935991,3.132183643005021,3.1321686980421006,6.263979818400186
d:679:0.0003715187775004125,3.132183778550985,3.1321685450654684,6.263980804838953
d:680:0.00035017214260513185,3.13218381434908,3.1321686806105085,6.264002322816983
d:681:0.0003461782563167759,3.1321838205379056,3.132168442847261,6.26400608512885
d:682:0.0003468469623442161,3.13218388804202,3.1321684267863468,6.264005467866022
d:683:0.0003449814471512269,3.132183591831577,3.13216849428961,6.264007104674036
d:684:0.00035215508118469074,3.1321837273775994,3.132168629834686,6.2640002021311005
d:685:0.00036146541963688605,3.1321837369308554,3.132168527240319,6.2639907987515375
d:686:0.000358253163918576,3.1321837559107486,3.132168559366116,6.263994062112946
d:687:0.00034251317553568583,3.1321836658213567,3.1321684763500492,6.26400962899587
d:688:0.0003787911634418606,3.1321838013674217,3.1321685438533002,6.26397355405728
d:689:0.0003592613646361542,3.132183767503639,3.132168679398438,6.263993185537441
d:690:0.0003575085136997558,3.132183777056772,3.1321685453704458,6.263994813913518
d:691:0.0003565604026505298,3.1321838091876018,3.132168612873661,6.263995861658612
d:692:0.0003633339636817112,3.1321836951047537,3.1321685102786994,6.263988871419771
d:693:0.00036375411093203525,3.132183445082976,3.132168542404445,6.263988233376489
d:694:0.0003693112947864563,3.1321835806291,3.132168562366827,6.26398283170114
d:695:0.00037736125455190006,3.132183456545368,3.13216869791205,6.263974793202866
d:696:0.0003754894173209067,3.132183373530184,3.1321686640452775,6.263976548158141
d:697:0.00035642482020392663,3.1321834410343783,3.1321687315484947,6.263995747762669
d:698:0.0003627954536078448,3.1321834071703325,3.1321685705419178,6.263989182258642
d:699:0.00035434485304897123,3.1321834393010874,3.1321686380450675,6.263997732493106
d:700:0.00035348887936059725,3.1321833775090084,3.132168602565182,6.26399849119483
d:701:0.00034924915244261,3.1321831274841223,3.1321686215435456,6.264002499875225
d:702:0.00036200721041090844,3.1321832630303437,3.132168516515808,6.263989772335741
d:703:0.00035237485153771786,3.1321833305345237,3.1321684334992703,6.263999389182256
d:704:0.00036240884916516336,3.132183314474659,3.13216850100239,6.263989406627884
d:705:0.0003621427590072557,3.132183350272866,3.1321685209647256,6.263989728478585
d:706:0.00037116208856069477,3.1321834858191497,3.1321685567619877,6.263980880492577
d:707:0.0003646841332791695,3.1321835057825655,3.132168692307415,6.263987513956701
d:708:0.0003698878093718605,3.132183524762503,3.1321687103432865,6.263982347296418
d:709:0.00035054536662748603,3.132183410678927,3.132168730305535,6.2640015956178345
d:710:0.00034504097719789684,3.132183546225251,3.132168865850991,6.264007371099044
d:711:0.00034206279443971255,3.132183613729481,3.1321685881805728,6.264010139115614
d:712:0.00035095181240230033,3.1321835976694707,3.132168348969925,6.2640009948269935
d:713:0.00036326715182788405,3.1321837332158307,3.1321681166571054,6.263988582721108
d:714:0.0003462450020972341,3.1321837171556144,3.1321678774437487,6.264005349597266
d:715:0.00034984582977948264,3.13218365536323,3.132168012989192,6.264001822522642
d:716:0.0003444678861601602,3.1321836734007,3.1321678768680723,6.264007082382612
d:717:0.0003588447770166425,3.1321836573402724,3.132168012413512,6.263992824976768
d:718:0.0003500843859587377,3.1321835432560245,3.1321679506238187,6.2640014094938845
d:719:0.00036265588538242355,3.1321836788024626,3.132167982749669,6.263989005666749
d:720:0.00035607707881446515,3.1321836883556955,3.13216799230233,6.263995603579211
d:721:0.0003689316288415512,3.1321837073356296,3.1321680018548257,6.263982777561614
d:722:0.00034868227754891734,3.1321836172457207,3.1321678777658875,6.264002812734059
d:723:0.00037152337257673196,3.132183752792205,3.1321678958016825,6.263980125221311
d:724:0.000349330276257831,3.132183616673329,3.1321679157638496,6.2640022021609205
d:725:0.0003641223151173989,3.132183752219813,3.1321678131682056,6.263987443072901
d:726:0.0003653523421380811,3.1321836281352553,3.1321679487137803,6.263986224506898
d:727:0.00036623324696627435,3.132183695639638,3.132167967692192,6.263985430084864
d:728:0.00035712614548266686,3.13218371560313,3.1321678066842384,6.263994396141886
d:729:0.00036953609561152234,3.132183734582993,3.1321678741875694,6.263982072674951
d:730:0.00037007699825153395,3.1321834463753717,3.1321678837399656,6.263981253117086
d:731:0.0003517762445195416,3.1321835819219217,3.132168019285613,6.263999824963015
d:732:0.000345766842087869,3.132183491831494,3.132168051411485,6.264005776400891
d:733:0.000357190161237142,3.1321835108112204,3.132168186957143,6.263994507607126
d:734:0.00035063538981106035,3.1321836463577917,3.1321681514771083,6.264001162445089
d:735:0.00035192736188349727,3.132183655910989,3.132168183602891,6.263999912151997
d:736:0.0003534306841075363,3.1321836748906087,3.132168193155202,6.263998437361703
d:737:0.0003560302455145603,3.132183639413954,3.1321680905589826,6.263995699727422
d:738:0.0003761011018941218,3.1321836583934353,3.1321681580623792,6.26397571535392
d:739:0.0003581055219346041,3.132183389398122,3.13216829360813,6.263993577484317
d:740:0.00035032752551167334,3.1321835249447627,3.1321681885797084,6.264001385998959
d:741:0.00036125530908925896,3.1321835924492465,3.1321682075581254,6.263990544698283
d:742:0.0003460684229210642,3.132183576388755,3.132168217110319,6.264005725076153
d:743:0.00034251910626537097,3.13218333861308,3.1321682529078547,6.2640090724146695
d:744:0.00035839675024362805,3.13218347415976,3.1321682709437404,6.263993348353257
d:745:0.0003588019843281387,3.132183391144139,3.1321682899220473,6.263992879081858
d:746:0.0003418214498172034,3.132183355667225,3.1321683098843263,6.264009844101734
d:747:0.0003543241750705306,3.1321833737048212,3.1321684454302083,6.263997494959959
d:748:0.00035024860886778697,3.1321832836138643,3.1321684644084105,6.264001499413407
d:749:0.00036686194155954865,3.132183419160599,3.1321683743191624,6.263984931538202
d:750:0.0003447754935663738,3.132183061118935,3.132168509865071,6.26400679549044
d:751:0.0003655889005180768,3.132182716419397,3.132168545662598,6.263985673181477
d:752:0.0003704893375999774,3.13218242557757,3.1321685296019357,6.263980465841906
d:753:0.00036633576094757814,3.132182193265516,3.1321685971054958,6.263984454610064
d:754:0.00036531261480377,3.132182328812208,3.1321687326514667,6.263985748848871
d:755:0.00036191319331102534,3.1321823963166917,3.132168618568441,6.263989101691822
d:756:0.00036789275033299873,3.132182380255964,3.1321686375465863,6.263983125052217
d:757:0.0003731023734445671,3.13218241605456,3.132168647098789,6.263977960779904
d:758:0.000364610599238091,3.1321825516013178,3.1321684352762826,6.263986376278362
d:759:0.00035257421681578194,3.132182571564867,3.132168570822298,6.263998568170349
d:760:0.0003585425079712934,3.13218258960236,3.132168536955568,6.263992584049957
d:761:0.000363043449539191,3.1321827251491516,3.1321685559336014,6.263988237633214
d:762:0.00037363157743719455,3.132182528385762,3.1321685758959106,6.263977472704235
d:763:0.0003527366602167348,3.1321826639325447,3.132168643399531,6.263998570671859
d:764:0.0003511229864745502,3.132182731437098,3.1321687789456245,6.264000387396248
d:765:0.0003461510528310896,3.132182749474506,3.1321687979235673,6.264005396345242
d:766:0.0003475666692001056,3.1321827156104707,3.1321688178857823,6.264003966827053
d:767:0.0003646851707088672,3.1321826817461673,3.132168953431915,6.263986950007373
d:768:0.0003611535728165194,3.132182322162306,3.1321685262201875,6.263989694809677
d:769:0.00036715087606076224,3.132182457709149,3.1321685583462546,6.263983865179343
d:770:0.0003440348125547388,3.1321824935077807,3.1321685228661558,6.264006981561382
d:771:0.00037723260966693317,3.1321824996971035,3.132168311041543,6.263973578128979
d:772:0.00034491499770439304,3.132182531828457,3.1321681869517395,6.264005803782492
d:773:0.0003656513225465119,3.1321822008077405,3.1321681965038763,6.26398474598907
d:774:0.00036055639986898314,3.132182336354635,3.1321682145398952,6.263989994494661
d:775:0.00036571187280109996,3.1321823425438016,3.1321682466658665,6.263984877336867
d:776:0.0003716201553665144,3.1321823746750503,3.1321683822120807,6.2639791367317645
d:777:0.000374794251728261,3.1321825102219805,3.132168113214769,6.263975829185021
d:778:0.0003660878534699208,3.1321825777266348,3.13216809715402,6.263984587027185
d:779:0.0003602044147523742,3.1321825422495255,3.1321681067060325,6.263990444540806
d:780:0.00035894424222782106,3.132182561229179,3.1321681256839113,6.2639917426708625
d:781:0.0003636546818608366,3.1321825707825255,3.1321681456460677,6.263987061746732
d:782:0.00035532536928073455,3.13218270632953,3.132168163682003,6.263995544642253
d:783:0.0003636380746083745,3.1321827125186257,3.1321681018921232,6.2639871763361405
d:784:0.00037015761366276934,3.132182730556062,3.132168066411772,6.2639806393541715
d:785:0.0003633986143860568,3.1321827144953307,3.132168133915572,6.263987449796517
d:786:0.00036831282821658817,3.1321828500423923,3.1321681401056694,6.263982677319845
d:787:0.0003448375898500444,3.132182816177929,3.132168275652063,6.264006254240142
d:788:0.00036664398818153643,3.132182883682665,3.1321679907533593,6.263984230447843
d:789:0.000371256419212429,3.132182889871647,3.1321677058502573,6.263979339302692
d:790:0.0003740175239119736,3.1321829079090016,3.132167841396633,6.263976731781723
d:791:0.0003597131916652785,3.1321829174623055,3.1321676884182708,6.263990892688911
d:792:0.00034724043057821063,3.1321828124381543,3.1321678239646396,6.264003395972216
d:793:0.0003602005095046934,3.1321828799428673,3.132167487180123,6.263990166613485
d:794:0.00035065107858223143,3.132182889496022,3.132167471119203,6.263999709536643
d:795:0.0003549727454412732,3.1321830250432434,3.1321674891550515,6.263995541452854
d:796:0.0003399690421765911,3.1321830450070554,3.1321674536744286,6.264010529639307
d:797:0.00036152694829638676,3.1321830771384693,3.132167521178255,6.263989071368428
d:798:0.0003544083653217456,3.132182994122381,3.1321676567246897,6.263996242481749
d:799:0.0003514498879564343,3.132182880037236,3.132167674760442,6.263999104909722
d:800:0.0003555489055386829,3.1321829475419705,3.132167710558324,6.263995109194756
d:801:0.0003456371012617865,3.1321826122716754,3.1321678461047977,6.264004821275211
d:802:0.00034984933117065964,3.132182747818968,3.132167855656828,6.264000754144625
d:803:0.00035069800141940277,3.1321827123417236,3.1321679231606883,6.2639999375009925
d:804:0.00036616620000096134,3.1321826357151696,3.1321679589585134,6.263984428473682
d:805:0.0003464624465170374,3.1321826678465055,3.132167991084666,6.264004196484654
d:806:0.0003572376951890277,3.1321823406765166,3.1321680091203596,6.263993112101687
d:807:0.0003390297920891072,3.132182476223843,3.1321680290826137,6.264011475514367
d:808:0.00033823185522585675,3.132182217312847,3.1321680965864775,6.264012082044099
d:809:0.00034654406212908384,3.1321823528601627,3.132168062719682,6.2640038715177155
d:810:0.00035978518015689076,3.132182199881992,3.1321681982663314,6.263990612968167
d:811:0.000356809529440838,3.132182335429304,3.1321682340641335,6.263993759963997
d:812:0.00033863479065310287,3.132182301564651,3.1321682180031747,6.264011884777172
d:813:0.0003538776832048285,3.132182369069426,3.132168285507033,6.263996776893254
d:814:0.0003602576081753739,3.1321823752584095,3.1321684210537413,6.263990538703975
d:815:0.00033216847963402074,3.1321823814472243,3.13216842724394,6.26401864021153
d:816:0.00035374390417075574,3.1321823994846376,3.132168463041694,6.263997118622161
d:817:0.000349271337645618,3.132182316468027,3.132168495167889,6.2640015402982705
d:818:0.00035824223495062313,3.132182452015453,3.1321685151301484,6.263992724910651
d:819:0.0003686559233635478,3.132182519520242,3.1321684812631734,6.263982344860052
d:820:0.00036490267793709563,3.132182385489692,3.1321685133892725,6.263985996201027
d:821:0.0003576401021430087,3.1321825210371426,3.1321685229413703,6.26399340387637
d:822:0.00036454731279000896,3.1321825400170535,3.132168489074134,6.263986481778398
d:823:0.0003654628524945025,3.132182575816172,3.1321686246210056,6.263985737584683
d:824:0.00036986802624028314,3.1321827113636598,3.1321685345312673,6.263981377868687
d:825:0.00034729480623241216,3.1321827471626875,3.132168602035234,6.264004054391689
d:826:0.00034630151865400194,3.132182766142506,3.132168634161278,6.26400509878513
d:827:0.0003513554761163107,3.132182786106455,3.1321686699590465,6.264000100589385
d:828:0.0003659732241203528,3.132182921654003,3.132168593331251,6.263985541761134
d:829:0.00035319378288889425,3.132182662739451,3.1321686028832545,6.263998071839817
d:830:0.00034875640199594216,3.132182798286987,3.132168670387216,6.264002712272207
d:831:0.00035235741930250697,3.1321828044758036,3.1321686765773986,6.2639991236339
d:832:0.00035120697304869,3.132182836607324,3.1321688121244247,6.2640004417587
d:833:0.0003434958370700514,3.13218297215489,3.132168831102744,6.264008307420564
d:834:0.0003550741165661009,3.132182867130089,3.1321687410125136,6.263996534026036
d:835:0.00034850511109851823,3.1321827905031494,3.1321688765595628,6.264003161951614
d:836:0.00037236906816318083,3.1321829260507386,3.1321689123573364,6.263979469339912
d:837:0.00035403766354136224,3.132182892185986,3.132168896296381,6.263997750818826
d:838:0.0003422432514401663,3.132182959690999,3.1321689638003907,6.264009680239949
d:839:0.0003444223525530532,3.1321828766739834,3.1321690993475038,6.264007553668934
d:840:0.00034067442502738743,3.132182793656492,3.132169105537633,6.2640112247690976
d:841:0.0003398792913831272,3.1321827170291154,3.1321691730416124,6.264012010779345
d:842:0.00035303434678013446,3.1321827232178467,3.1321691825936195,6.263998871464686
d:843:0.0003366874724868296,3.1321828587655247,3.132169200629633,6.264015371922671
d:844:0.0003503987388544516,3.1321828649541104,3.1321692681335787,6.264001734348835
d:845:0.00033911739511438554,3.132182882991698,3.132169274323587,6.2640130399201706
d:846:0.00035427996527737093,3.1321830185394095,3.132169409870828,6.26399814844496
d:847:0.0003650106995287672,3.1321829355214668,3.1321692737484526,6.2639871985703905
d:848:0.0003752838016204407,3.1321829000441817,3.1321694092956918,6.263977025538253
d:849:0.00037262337484555985,3.132182918081659,3.1321694273316307,6.263979722038444
d:850:0.00036981153563786506,3.1321828279901585,3.1321694631294807,6.263982479584001
d:851:0.00036742566789982334,3.1321829635379252,3.1321695986767626,6.263985136546788
d:852:0.00037988206130279423,3.1321830310430556,3.1321696308030536,6.263972779784806
d:853:0.00037547947774285717,3.1321830149825924,3.1321695953226314,6.263977130827481
d:854:0.000381485893736766,3.132183050781853,3.132169601512574,6.26397116640069
d:855:0.00035139446380583195,3.13218318632968,3.1321696204910268,6.264001412356901
d:856:0.00035145861188112804,3.13218315246478,3.1321697560383797,6.264001449891278
d:857:0.00037176822213069727,3.132183172428915,3.1321696794102785,6.263981083617063
d:858:0.0003618145836039588,3.1321832045606257,3.132169699372893,6.263991089349915
d:859:0.000361652527050893,3.132183340108508,3.132169665505687,6.263991353087144
d:860:0.00035981062292123056,3.132183346297097,3.1321697330098086,6.2639932686839845
d:861:0.00034081038342037573,3.132183413802304,3.132169742561871,6.264012345980754
d:862:0.0003480886564801722,3.132183352009905,3.132169628478044,6.264004891831469
d:863:0.00035418714133683693,3.1321833719739693,3.132169695982123,6.263998880814755
d:864:0.00033131463788649285,3.132183404105632,3.1321697159446504,6.264021805412396
d:865:0.000344258689827015,3.132183321087261,3.1321697517425733,6.264008814140007
d:866:0.0003410654625799481,3.13218333064094,3.1321698872900985,6.264012152468458
d:867:0.00034075383521958713,3.1321833496210694,3.1321698042733317,6.2640124000591815
d:868:0.0003265250301254241,3.1321832595291,3.1321697276448095,6.264026462143784
d:869:0.0003536652406044283,3.132183269082633,3.132169692164199,6.263999296006228
d:870:0.0003487915064450675,3.132183336587868,3.132169727962051,6.264004273043474
d:871:0.0003392391802954364,3.1321832315624505,3.132169745998082,6.264013738380237
d:872:0.00034195061707542607,3.1321833671105566,3.132169640969021,6.264011057462502
d:873:0.0003375863737229423,3.132183376663969,3.1321696054881425,6.264015395778388
d:874:0.00034879695040679337,3.1321833947015794,3.1321696729922834,6.264004270743456
d:875:0.0003497826298346496,3.1321834622068057,3.1321698085399436,6.264003488116915
d:876:0.0003424200137605027,3.1321834461463105,3.132169840666389,6.264010866798939
d:877:0.00035873765667915336,3.1321834819457486,3.1321698067990127,6.263994551088082
d:878:0.0003399289683532203,3.132183617493965,3.132169423696574,6.264013112222186
d:879:0.00035874671232249966,3.1321836270472776,3.1321693470675918,6.263994227402547
d:880:0.0003387778925549867,3.132183646027409,3.1321693532575647,6.264014221392419
d:881:0.00034030237516979867,3.13218355593496,3.1321693890553846,6.2640126426151745
d:882:0.00032832600759213904,3.1321836914832186,3.1321693060381115,6.264024671513738
d:883:0.00035029063390723536,3.132183657618228,3.132169373542263,6.264002740526584
d:884:0.0003400438508105452,3.13218372512352,3.132169393504814,6.264013074777523
d:885:0.0003524545562090253,3.1321837313121907,3.1321694293025537,6.264000706058535
d:886:0.0003487267999240373,3.1321837493497977,3.1321694354924112,6.264004458042285
d:887:0.00034866471141015154,3.132183781481622,3.132169571040258,6.26400468781047
d:888:0.00034773478015281967,3.13218379103486,3.132169434916875,6.264005491171583
d:889:0.0003481661564137539,3.13218368600886,3.1321695704647183,6.2640050903171645
d:890:0.0003323586072276896,3.1321838215572537,3.1321695766544497,6.264021039604476
d:891:0.00034304956722941427,3.132183697471463,3.1321695000250536,6.264010147929287
d:892:0.00034070706612610024,3.132183661994194,3.132169438235209,6.264012393163277
d:893:0.00036966841996033395,3.1321836459336083,3.13216942217446,6.263983399688108
d:894:0.00034904562547311,3.1321836521221798,3.1321695577223636,6.26400416421907
d:895:0.00036181894579279117,3.1321836701597103,3.132169589848864,6.263991441062782
d:896:0.0003566943552080204,3.13218350915211,3.1321695960384677,6.26399641083537
d:897:0.0003584913580372273,3.13218354128389,3.1321697315864085,6.263994781512261
d:898:0.00036290775767966466,3.1321835058063545,3.1321696485687056,6.2639902466173805
d:899:0.00036178196222813597,3.1321836413548763,3.132169680695128,6.263991540087776
d:900:0.00034672283798720116,3.132183661319184,3.1321694688672554,6.264006407348452
d:901:0.00034548596491923433,3.132183679356624,3.132169486903406,6.26400768029511
d:902:0.0003592193746513317,3.132183711488338,3.132169506865992,6.263993998979679
d:903:0.000342824533909436,3.1321836088945236,3.132169404269133,6.264010188629747
d:904:0.00034570130313049674,3.132183641026124,3.1321695398171503,6.264007479540144
d:905:0.0003484099146362496,3.1321837765747382,3.132169575615011,6.264004942275113
d:906:0.0003539504811858052,3.1321838440802647,3.132169559554132,6.263999453153211
d:907:0.00035000400267470866,3.132183853633517,3.132169627058568,6.26400347668941
d:908:0.0003373206615009394,3.13218388576505,3.132169762606651,6.2640163277102
d:909:0.00034126275336099354,3.132184021313723,3.132169660009218,6.26401241856958
d:910:0.0003679488470922365,3.1321840275022907,3.1321696921356317,6.26398577079083
d:911:0.000353214533198809,3.1321839936372005,3.1321696091174633,6.264000388221465
d:912:0.00034363254554392597,3.1321840257686606,3.1321696766218814,6.264010069844998
d:913:0.0003704365428269796,3.1321840932742226,3.1321698121700283,6.263983468901424
d:914:0.000350707156911767,3.1321840577965396,3.1321697291514035,6.264003079791031
d:915:0.0003561873764237333,3.132184193345312,3.1321697481303143,6.2639977540992025
d:916:0.00034057666193199054,3.1321842028985056,3.132169757682707,6.264013383919281
d:917:0.00034247738386206095,3.1321841262709125,3.1321698251871197,6.26401147407417
d:918:0.00035314530078700557,3.1321841452513155,3.1321699607353413,6.26400096068587
d:919:0.0003460350632309428,3.1321840551584046,3.1321697639791815,6.264007784074355
d:920:0.0003412887004348164,3.1321841907072336,3.132169899527396,6.264012801534195
d:921:0.00034507208717649007,3.1321842582128347,3.1321698094367605,6.264008995562419
d:922:0.0003441929705090274,3.132184242152274,3.132169828415593,6.264009877597358
d:923:0.00035704254228718924,3.1321840043716627,3.132169837967888,6.263996799797264
d:924:0.0003630954830367017,3.132184139920531,3.132169973516147,6.263991017953641
d:925:0.0003481793202215755,3.1321838810013496,3.132169979705866,6.264005681386994
d:926:0.0003377784932112604,3.1321840165502035,3.1321700472103373,6.26401628526733
d:927:0.0003455471435955815,3.1321838635705053,3.1321700567625186,6.264008373189428
d:928:0.00034927263419781696,3.1321839991193574,3.132170074798834,6.264004801283994
d:929:0.0003491099216397231,3.1321840666249656,3.132170142303268,6.264005099006594
d:930:0.00034141695346256995,3.132184004832432,3.13217014849287,6.264012736371839
d:931:0.0003645837278156705,3.1321840369639737,3.1321702840412584,6.2639897372774165
d:932:0.00035953244973896403,3.1321840465171285,3.1321703040040703,6.26399481807146
d:933:0.00035451307222977846,3.132183943922726,3.1321703715084936,6.26399980235899
d:934:0.0003675232275899276,3.1321840794716636,3.1321702574239083,6.263986813667982
d:935:0.00037499508200333764,3.1321840456064294,3.1321701956338703,6.263979246158296
d:936:0.000347535952538891,3.1321840655709874,3.132170214612726,6.264006744231175
d:937:0.00034552705042756315,3.132184097702469,3.132170131593684,6.264008702245725
d:938:0.00035969699132465394,3.132184233251458,3.1321701990980717,6.263994735358205
d:939:0.00036715560273314907,3.1321841091648235,3.132170208650205,6.263987162212295
d:940:0.0003606093989390047,3.1321841449649153,3.1321702148397215,6.263993750405698
d:941:0.000362098499916641,3.1321841630026412,3.1321703503882805,6.263992414891005
d:942:0.0003462575536978818,3.1321841275248197,3.1321701974082714,6.264008067379393
d:943:0.0003580751105349833,3.132184145562409,3.1321703329568304,6.263996403408704
d:944:0.0003536829593357993,3.132184011530695,3.132170063953332,6.264000392524691
d:945:0.0003488390658752394,3.1321840305111994,3.132170047892542,6.264005239337866
d:946:0.0003656379413605748,3.132184050475706,3.132170080019261,6.263988492553606
d:947:0.00034819631720672817,3.1321841860248334,3.132170089571284,6.264006079278911
d:948:0.000337386296809683,3.13218398925814,3.1321701216978965,6.264016724659227
d:949:0.000341283936036163,3.1321841248072637,3.1321700599075104,6.264012900778738
d:950:0.0003386896738746259,3.1321841569387594,3.1321700957058045,6.264015562970689
d:951:0.00034087256489456763,3.1321842924878975,3.1321701632102883,6.264013583133291
d:952:0.0003450453506186335,3.1321843124523294,3.1321701727621925,6.264009439863903
d:953:0.0003489168144099608,3.1321843304898778,3.1321703083109114,6.264005721986379
d:954:0.00033538868357751994,3.132184362621306,3.1321702744437,6.2640192483814285
d:955:0.000336271592738413,3.1321843984214706,3.1321703419481697,6.264018468776902
d:956:0.0003278972468319097,3.132184418385803,3.132170348137663,6.264026869276634
d:957:0.0003375415403752413,3.132184436423243,3.1321703661741367,6.264017261057004
d:958:0.0003289277358842213,3.132184468554593,3.132170263576125,6.264025804394834
d:959:0.0003321600043246775,3.1321843855359166,3.1321702835390486,6.2640225090706405
d:960:0.00034658374193519137,3.132184521085213,3.1321703510435004,6.264008288386778
d:961:0.00033746939547008026,3.1321839324438745,3.132170360595337,6.2640168236437415
d:962:0.0003457608947012858,3.13218406799313,3.1321704961442087,6.264008803242637
d:963:0.00034895868462392343,3.1321840869736697,3.1321702993860256,6.264005427675071
d:964:0.0003336870831205374,3.1321840709131514,3.1321704349348956,6.2640208187649264
d:965:0.00033848766141986175,3.13218395682709,3.1321701245023164,6.264015593667986
d:966:0.00033596267751967446,3.1321840923763933,3.1321701434813143,6.264018273180188
d:967:0.00033949513031572565,3.1321835038578563,3.1321701634441563,6.264014172171697
d:968:0.00035726527250190543,3.132183639407115,3.1321697803265316,6.263996154461145
d:969:0.00034174577112366933,3.132183645595987,3.1321697993053714,6.264011699130235
d:970:0.00034548261248623646,3.1321836551492837,3.1321697226756626,6.26400789521246
d:971:0.00035063426114945173,3.132183722655375,3.1321698582245787,6.264002946618804
d:972:0.0003535234423210909,3.132183758455552,3.1321698903513067,6.264000125364538
d:973:0.00034441272115515176,3.132183696662727,3.132169910314035,6.264009194255607
d:974:0.00034908953083423455,3.1321837287940575,3.1321698764466177,6.264004515709841
d:975:0.0003761896533411857,3.1321837383472353,3.1321700119955906,6.263977560689485
d:976:0.0003493058942289906,3.1321837704784574,3.13216995020489,6.2640044147891185
d:977:0.00035510169249874934,3.1321837544177757,3.132169969183675,6.263998621908952
d:978:0.00034997349955290247,3.132183692624592,3.132169886164162,6.264003605289201
d:979:0.00034960480267187677,3.1321838281740497,3.132169781134378,6.264004004505756
d:980:0.0003510110573117231,3.1321832394085014,3.1321698001130205,6.26400202846421
d:981:0.0003484570384895136,3.1321833749579184,3.132169806302512,6.264004724221941
d:982:0.0003370516160234871,3.132183358897004,3.1321698738071415,6.264016181088122
d:983:0.0003568148350101552,3.132183394697144,3.1321698833589657,6.263996463221099
d:984:0.0003491438294211946,3.1321834127346015,3.1321700189080808,6.264004287813261
d:985:0.00034851997733831297,3.1321832986477762,3.1321697084692968,6.264004487139735
d:986:0.00035941171622866364,3.132183434197259,3.132169726505847,6.263993748986877
d:987:0.0003453229259164914,3.13218284555464,3.1321697623044056,6.264007284933129
d:988:0.00035301821400146594,3.1321829811040782,3.1321697812829736,6.26399974417305
d:989:0.00034384603869597186,3.1321830169041256,3.1321697874723586,6.264008958337788
d:990:0.00035007547715260046,3.132183084410343,3.13216977141162,6.264002780344811
d:991:0.0003503705020548864,3.1321829603227016,3.132169789448067,6.264002379268714
d:992:0.0003414355472663999,3.1321830958721915,3.132169924997296,6.264011585322221
d:993:0.0003453385105594009,3.132182959751301,3.1321696683878457,6.264007289628587
d:994:0.00035349454090471966,3.132183095300789,3.132169700514668,6.263999301274552
d:995:0.00034624650834658155,3.1321831628069994,3.1321694886838056,6.264006404982458
d:996:0.00035803773108789017,3.1321831273290854,3.132169506720123,6.2639945963181205
d:997:0.0003561033165606631,3.132182993296242,3.1321694237001108,6.263996313679792
d:998:0.00033940238482443874,3.1321830254275067,3.1321694426785918,6.264013065721274
d:999:0.0003443295407077329,3.132183061227547,3.1321694784771434,6.264008210163983
d:1000:0.0003284468162512155,3.132183196777122,3.1321694974554966,6.264024247416367
