data: dataset/cifar-10/.gray
d:1:7.03671215754305,12.54011315077016,12.540113142264648,18.04351413549176
d:2:6.910017748810542,12.540113157148813,12.540113151269704,18.170208559607975
d:3:6.854182764191613,12.540113161787595,12.540113156984976,18.226043554580958
d:4:6.821418105177024,12.540113160521457,12.540113158369996,18.25880821371443
d:5:6.798894758019106,12.540113166340564,12.540113161060408,18.281331569381866
d:6:6.781874797669982,12.54011317236538,12.540113161100127,18.298351535795526
d:7:6.768559853309657,12.54011317787098,12.540113169630253,18.311666494191574
d:8:6.758399423356806,12.540113175530404,12.540113172067828,18.321826924241428
d:9:6.749748083214133,12.540113170900103,12.540113166318111,18.33047825400408
d:10:6.742966676856518,12.540113168301168,12.540113172137222,18.33725966358187
d:11:6.737704024204245,12.54011315916787,12.540113167408279,18.342522302371904
d:12:6.733266125812918,12.540113157821558,12.540113171013319,18.346960203021958
d:13:6.730147380336536,12.540113161367197,12.54011317325866,18.35007895428932
d:14:6.727593121637835,12.540113165950242,12.540113177729648,18.352633222042055
d:15:6.726129504867917,12.540113171243428,12.54011316652458,18.354096832900094
d:16:6.725312551422977,12.54011317690654,12.540113170306533,18.354913795790097
d:17:6.724943014019832,12.540113182038576,12.540113176685189,18.35528334470393
d:18:6.725078581197327,12.54011319069961,12.54011316605888,18.355147775561164
d:19:6.726295975809691,12.540113188697255,12.540113145316528,18.353930358204092
d:20:6.72809283165234,12.540113173878723,12.540113150663078,18.35213349288946
d:21:6.731038121960239,12.540113179801017,12.540113154964526,18.349188212805302
d:22:6.7346605407678055,12.540113185568298,12.54011314331147,18.345565788111962
d:23:6.739589279254499,12.540113191387414,12.5401131238413,18.340637035974215
d:24:6.746008155897524,12.540113190594226,12.540113117336931,18.334218152033632
d:25:6.753773931875962,12.540113189487275,12.540113124352988,18.3264523819643
d:26:6.763767500848203,12.540113192732615,12.540113132028658,18.31645882391307
d:27:6.776595248147974,12.540113186555965,12.540113123279845,18.303631061687835
d:28:6.792688121353322,12.540113179026903,12.540113130629052,18.287538188302634
d:29:6.814034009282999,12.540113185051723,12.54011313313021,18.266192308898937
d:30:6.8444175911567875,12.54011318602381,12.540113136192673,18.235808731059695
d:31:6.891948879195716,12.54011317343599,12.540113125987318,18.188277420227593
d:32:6.968753701552675,12.54011316336857,12.540113130681657,18.111472592497552
d:33:6.890220594631302,12.540113212648784,12.5401131339875,18.190005752004982
d:34:6.841504705672882,12.540113220869312,12.540113228377372,18.2387217435738
d:35:6.809791242829814,12.540113206414503,12.540113200429268,18.270435164013957
d:36:6.787479823695527,12.540113199575693,12.54011319336361,18.292746569243775
d:37:6.770405285317228,12.540113200337313,12.54011319454348,18.309821109563565
d:38:6.756683806639995,12.54011320671598,12.54011319748287,18.323542597558856
d:39:6.745748857560514,12.540113201382287,12.540113180918826,18.3344775247406
d:40:6.737281415714456,12.540113203103616,12.540113160697336,18.342944948086497
d:41:6.7299871868776755,12.540113198862024,12.540113163198502,18.35023917518285
d:42:6.72420869914064,12.540113198901746,12.540113168438157,18.356017668199264
d:43:6.719710293198897,12.54011320015029,12.540113172395131,18.360516079346525
d:44:6.715917073416655,12.540113205064962,12.540113150558202,18.36430928220651
d:45:6.713278844410201,12.540113209535962,12.540113152543647,18.366947517669406
d:46:6.711126587290259,12.540113215199085,12.540113154064032,18.369099781972857
d:47:6.709896739984938,12.540113219613769,12.540113154029777,18.37032963365861
d:48:6.709251623768505,12.540113217101421,12.540113163371753,18.37097475670467
d:49:6.708884072524036,12.540113220647068,12.540113158839509,18.37134230696254
d:50:6.709078831033377,12.540113224073263,12.540113163644389,18.371147556684274
d:51:6.710156800665089,12.540113220764649,12.540113160153409,18.370069580252967
d:52:6.711736894854084,12.540113216232402,12.540113168373942,18.36848948975226
d:53:6.714345066864972,12.540113214313521,12.540113173720506,18.365881321169056
d:54:6.717477997537674,12.540113214933307,12.54011316838682,18.362748385782453
d:55:6.7216324857630845,12.540113221009157,12.540113174665176,18.35859390991125
d:56:6.727126867836425,12.54011321941993,12.540113151654719,18.353099503238223
d:57:6.733598758671288,12.540113205495903,12.540113155669621,18.346627602494234
d:58:6.741851846261518,12.540113213581927,12.540113140289797,18.338374507610204
d:59:6.752105371713956,12.540113214272786,12.540113135560862,18.328120978119692
d:60:6.764414352527648,12.540113222715071,12.54011313850026,18.315812008687683
d:61:6.7796239842340675,12.540113228688726,12.540113140420084,18.300602384874743
d:62:6.79928394432773,12.540113227973052,12.540113142921253,18.280942426566575
d:63:6.824210432794622,12.54011323409977,12.540113147835925,18.256015949141073
d:64:6.854828771286879,12.540113240970953,12.540113139338493,18.22539760902257
d:65:6.822853692328039,12.540113259111704,12.54011315125777,18.257372718041438
d:66:6.796829082525843,12.540113266601642,12.54011312411354,18.28339730818934
d:67:6.776063207854154,12.54011326891133,12.540113111037407,18.304163172094583
d:68:6.759969018502531,12.540113273661047,12.540113120952697,18.320257376111215
d:69:6.746789659852947,12.540113277848493,12.54011311046792,18.333436728463465
d:70:6.735760049525609,12.54011327818084,12.540113107068382,18.344466335723613
d:71:6.726784516316481,12.540113269930956,12.540113081060097,18.353441834674573
d:72:6.71969766772127,12.540113268744623,12.540113063438806,18.36052866446216
d:73:6.713497893784233,12.540113272526598,12.540113068891582,18.36672844763395
d:74:6.708614714895141,12.540113273568252,12.540113052731925,18.371611611405037
d:75:6.7048064087060375,12.54011327792643,12.540113062032177,18.37541993125257
d:76:6.701530598532575,12.540113271311355,12.540113063349118,18.3786957361279
d:77:6.6992383165653635,12.54011327449598,12.54011306200282,18.380988019933437
d:78:6.697369396314816,12.540113277619644,12.540113061209645,18.382856942514476
d:79:6.696292201801029,12.54011328220271,12.54011306197127,18.38393414237295
d:80:6.695700041437213,12.540113278527304,12.540113065753246,18.384526302843337
d:81:6.695402309201018,12.540113283766978,12.54011305880141,18.38482403336737
d:82:6.6955282413919015,12.540113276001176,12.540113055583221,18.384698090192497
d:83:6.6964499467069025,12.54011327348884,12.540113062061604,18.38377638884354
d:84:6.697749427590143,12.540113277153086,12.540113059806258,18.3824769093692
d:85:6.699935135336425,12.540113284874888,12.540113061191299,18.380291210729762
d:86:6.702508464510856,12.540113282448667,12.540113047092262,18.37771786503007
d:87:6.706031423993945,12.540113285139107,12.540113051731069,18.37419491287623
d:88:6.710550047151241,12.540113290906415,12.54011305351884,18.369676297274015
d:89:6.715842338595053,12.540113284067612,12.54011305595644,18.364384001429
d:90:6.722498758547676,12.540113285520476,12.540113059262302,18.357727586235104
d:91:6.730614631504672,12.540113264511298,12.54011306761626,18.349611700622887
d:92:6.740032741718139,12.540113267937503,12.54011305279773,18.340193579017097
d:93:6.751079110026467,12.540113271894498,12.540113060052466,18.329147221920497
d:94:6.764412242750819,12.540113270628385,12.540113055323538,18.315814083201104
d:95:6.779671550842107,12.54011327037016,12.540113046950353,18.300554766478406
d:96:6.797031423817728,12.540113273856205,12.540113052717658,18.283194902756136
d:97:6.778469846104034,12.540113293302554,12.540113049499471,18.30175649669799
d:98:6.762178298520823,12.540113298380549,12.540113010877455,18.31804801073718
d:99:6.747907769442339,12.54011329013067,12.540112984869165,18.332318505557495
d:100:6.736089099741388,12.540113292181498,12.540112988114522,18.344137180554632
d:101:6.725912744034954,12.540113296596203,12.540112991420386,18.354313543981636
d:102:6.717171148379386,12.540113301782164,12.540112970940537,18.363055124343315
d:103:6.709854441885785,12.540113304027532,12.540112975411553,18.3703718375533
d:104:6.704052775962111,12.54011330499964,12.54011298158899,18.37617351062652
d:105:6.698908887776128,12.540113304891083,12.540112982905935,18.38131740002089
d:106:6.694808532852559,12.540113310813407,12.54011298782062,18.38541776578147
d:107:6.691648076091187,12.540113315284433,12.540112994249236,18.388578233442484
d:108:6.688855103278513,12.540113315324177,12.540112993687483,18.391371205733147
d:109:6.6868912336240065,12.540113321752798,12.540112991601246,18.39333507973004
d:110:6.685290440149682,12.540113322443673,12.540112978852278,18.39493586114627
d:111:6.684396434689951,12.540113329507776,12.540112973620964,18.39582986843879
d:112:6.683917366466535,12.540113325739373,12.540112977979154,18.39630893725199
d:113:6.683632415779655,12.540113320710885,12.540112972229453,18.396593877160683
d:114:6.683747321924823,12.540113324375145,12.540112959317726,18.39647896176805
d:115:6.684485592798044,12.540113334609213,12.540112967715922,18.395740709527093
d:116:6.685625374221534,12.540113338967407,12.540112969100973,18.394600933846846
d:117:6.687453826261095,12.540113339080804,12.540112964568738,18.392772477388448
d:118:6.689563515921968,12.5401133373276,12.540112969538047,18.39066279094368
d:119:6.692406784502396,12.540113339828789,12.540112963143663,18.387819518470057
d:120:6.696157481814662,12.540113343013427,12.540112955731704,18.38406881693047
d:121:6.70044393333492,12.540113339974603,12.540112938541583,18.379782345181265
d:122:6.70578258379874,12.54011333196857,12.540112938654975,18.374443686824804
d:123:6.712221067304444,12.540113325574195,12.540112944679827,18.36800520294958
d:124:6.719415757315208,12.540113326122615,12.54011292520965,18.360810494017056
d:125:6.727564739462391,12.540113319396067,12.540112913556595,18.35266149349027
d:126:6.736775262301684,12.540113318910738,12.54011291567253,18.343450972281584
d:127:6.7468848685260205,12.540113325974847,12.540112910235841,18.333341367684667
d:128:6.758069334046599,12.540113316841563,12.540112914706864,18.322156897501827
d:129:6.745731090061479,12.54011333675173,12.540112893426407,18.33449514011666
d:130:6.734730154867325,12.54011334110993,12.540112889280566,18.34549607552317
d:131:6.72473435900055,12.540113348077877,12.54011289441264,18.355491883489968
d:132:6.715955019178892,12.54011335514199,12.540112897228049,18.364271233191147
d:133:6.708128964020894,12.540113355690409,12.540112896357005,18.37209728802652
d:134:6.701120505780096,12.54011335638129,12.540112899783221,18.379105750384415
d:135:6.695214878437849,12.540113354210735,12.540112903209437,18.385011378982323
d:136:6.6905027492345575,12.54011334928272,12.540112912717316,18.389723512765478
d:137:6.686243550617025,12.54011335484104,12.540112909855885,18.3939827140799
d:138:6.682820717731747,12.540113357214835,12.540112914770583,18.39740555425367
d:139:6.680207795126453,12.540113361685869,12.540112913504474,18.40001848006389
d:140:6.67786895301731,12.540113365467867,12.540112903160015,18.402357315610573
d:141:6.676238563017428,12.540113369598028,12.540112910367315,18.403987716947917
d:142:6.674889364966322,12.540113373496911,12.540112914782025,18.405336923312614
d:143:6.674153485191486,12.540113375350867,12.54011291406637,18.40607280422575
d:144:6.6737359760121,12.540113375755574,12.54011291848108,18.406490318224552
d:145:6.673521912108345,12.54011337527025,12.540112917214977,18.406704380376883
d:146:6.673625396267962,12.540113375236023,12.540112912186483,18.406600891154543
d:147:6.674243823494383,12.540113381912022,12.540112890906027,18.405982449323666
d:148:6.6751645791635745,12.540113390831815,12.540112893783563,18.405061705451804
d:149:6.676699776112169,12.540113395190017,12.540112865418095,18.403526484495945
d:150:6.678439683119205,12.540113399204955,12.540112871442956,18.401786587528708
d:151:6.6808271768427545,12.540113385105926,12.540112876026043,18.399399084289215
d:152:6.683849028121372,12.540113389910845,12.540112881425827,18.396377243215298
d:153:6.687347653101519,12.540113394770751,12.540112885207822,18.392878626877057
d:154:6.691596736506693,12.540113398552755,12.54011288950931,18.388629551555372
d:155:6.696721786272988,12.540113400073174,12.540112884379727,18.383504498179914
d:156:6.702270707119347,12.540113401390144,12.540112886034379,18.377955580305176
d:157:6.708268691369778,12.540113400904824,12.540112888471995,18.37195759800704
d:158:6.714865466749796,12.540113407333465,12.540112873468509,18.365360814052178
d:159:6.721923029480202,12.540113406924203,12.540112872597476,18.358303250041477
d:160:6.729735331879777,12.540113407328912,12.5401128568324,18.350490932281534
d:161:6.720906164411236,12.540113414912028,12.540112852876376,18.35932010337717
d:162:6.713060921410765,12.540113420575196,12.540112850705814,18.367165349870245
d:163:6.705807321562027,12.540113423076406,12.540112851467462,18.37441895298184
d:164:6.699235008669344,12.540113433929871,12.540112855712042,18.38099128097257
d:165:6.693105312507438,12.54011343777043,12.540112857164925,18.387120982427916
d:166:6.687553230193597,12.540113443846328,12.540112859150403,18.392673072803134
d:167:6.682850111386795,12.540113441505792,12.540112863677564,18.39737619379656
d:168:6.678937924917506,12.540113434553977,12.54011285933968,18.40128836897615
d:169:6.675442853700034,12.540113434445438,12.540112860030563,18.404783440775965
d:170:6.672610750488417,12.54011343805053,12.540112845027075,18.40761553258919
d:171:6.670411117115723,12.540113429174589,12.54011284571796,18.409815157776826
d:172:6.66845840402582,12.540113421645545,12.540112846550066,18.41176786416979
d:173:6.667116284807193,12.540113426885252,12.54011284296715,18.41310998504521
d:174:6.665975254033903,12.540113435502839,12.540112804345103,18.41425098581404
d:175:6.665394132350539,12.540113433995018,12.540112804749803,18.414832106394282
d:176:6.665065585200665,12.540113427156234,12.540112807123602,18.41516064907917
d:177:6.664851377898504,12.540113416811785,12.540112795770572,18.415374834683853
d:178:6.664942564958238,12.540113422836663,12.540112790640993,18.41528364851942
d:179:6.665470651806707,12.540113434932916,12.540112789051786,18.414755572177995
d:180:6.666240321329884,12.54011343730672,12.540112790706441,18.413985906683276
d:181:6.66753451680545,12.540113439680526,12.540112771718539,18.412691694593615
d:182:6.668950741335536,12.540113439571993,12.540112776357375,18.411275474593833
d:183:6.670917232901925,12.540113433927317,12.540112755877518,18.40930895690291
d:184:6.673396619714673,12.540113434618217,12.540112762306158,18.406829577209702
d:185:6.6761961746795215,12.540113436863612,12.540112763759044,18.404030025943133
d:186:6.679622518924525,12.540113436530056,12.54011273049884,18.400603648104372
d:187:6.683688769716607,12.540113441608085,12.540112702133367,18.396537374024845
d:188:6.688005608987638,12.540113442012801,12.540112708562004,18.392220541587168
d:189:6.692530433949408,12.540113444386613,12.540112666407865,18.38769567684507
d:190:6.697433824621882,12.540113451829829,12.540112664152533,18.38279229136048
d:191:6.702572662459168,12.540113443823806,12.540112620981136,18.37765340234577
d:192:6.708484818044518,12.54011344862874,12.540112589858374,18.371741220442594
d:193:6.701690179572033,12.540113454447921,12.540112592295998,18.378535867171884
d:194:6.695860335393295,12.540113458229937,12.54011259188673,18.384365714723373
d:195:6.690347839862959,12.540113456722125,12.540112589287833,18.389878206147
d:196:6.685340671016174,12.540113450866757,12.540112595210179,18.394885375060763
d:197:6.680545571825455,12.540113449520494,12.540112583707828,18.399680461402866
d:198:6.676088634460385,12.54011344809366,12.540112588178872,18.404137401812147
d:199:6.672278790429079,12.540113447455164,12.54011258531745,18.407947242343536
d:200:6.669092572218599,12.540113449956383,12.54011258749825,18.411133465236034
d:201:6.666235340002597,12.540113456385038,12.540112590375795,18.413990706758238
d:202:6.663889742586058,12.540113459075517,12.540112579170733,18.416336295660194
d:203:6.662033500325418,12.540113455947283,12.540112578987527,18.418192534609393
d:204:6.660394517747342,12.54011344966216,12.540112542587993,18.41983147450281
d:205:6.65926267640571,12.54011344653393,12.540112520751038,18.420963290879257
d:206:6.658291030231538,12.540113450664116,12.540112519243209,18.421934939675786
d:207:6.657831175318005,12.540113443598486,12.540112493950414,18.422394762230894
d:208:6.657579511179041,12.54011345012654,12.540112473208033,18.422646412155533
d:209:6.65740031725468,12.540113457802285,12.54011246837987,18.422825608927475
d:210:6.6574231926793885,12.540113467018811,12.54011247056067,18.422802744900093
d:211:6.657892354162094,12.54011347091772,12.540112444552353,18.42233356130798
d:212:6.658546178639547,12.540113471466164,12.54011242123477,18.421679714061387
d:213:6.659634537659148,12.540113477592943,12.540112414949633,18.420591354883427
d:214:6.660800975931359,12.540113452985546,12.540112414989391,18.41942489204358
d:215:6.662401384107618,12.540113448934914,12.540112420282636,18.417824485109932
d:216:6.66441129658703,12.540113451308727,12.540112357011935,18.415814511733632
d:217:6.666696316233406,12.540113450515598,12.540112362197926,18.413529496480116
d:218:6.669422790738611,12.54011345263157,12.540112367703586,18.410803029596543
d:219:6.672668810999422,12.540113456413593,12.540112368535699,18.40755701394987
d:220:6.676048455097028,12.540113452362961,12.540112373935496,18.40417737120143
d:221:6.679570823107621,12.540113457815796,12.54011237868525,18.400655013393425
d:222:6.683264541462407,12.540113461772838,12.540112386544639,18.39696130685507
d:223:6.68719179484998,12.540113467331189,12.54011236526416,18.39303403774537
d:224:6.69185477050819,12.540113474680474,12.540112361118332,18.388371065290617
d:225:6.68641941798516,12.540113481454403,12.54011236558938,18.393806429058625
d:226:6.681889113196416,12.540113492571642,12.540112321332888,18.398336700708114
d:227:6.677651890810303,12.540113495997897,12.540112326247606,18.4025739314352
d:228:6.673725027580314,12.540113497518337,12.540112321118025,18.40650079105605
d:229:6.669981923476161,12.540113502101464,12.540112325867781,18.410243904493083
d:230:6.666406652699255,12.540113492706725,12.54011232893029,18.41381916893776
d:231:6.663300210436013,12.54011347807108,12.540112321750025,18.41692558938509
d:232:6.660724565018636,12.540113483310808,12.54011231546489,18.419501233757064
d:233:6.658344786842999,12.54011348139197,12.540112319010584,18.421881013559553
d:234:6.656414570568746,12.540113488117026,12.54011231588234,18.42381123343062
d:235:6.654861426493895,12.540113488008506,12.540112298903585,18.425364360418197
d:236:6.653495104190629,12.540113488910798,12.540112304722765,18.426730689442934
d:237:6.65254912981402,12.540113490565481,12.540112272566326,18.427676633317787
d:238:6.651729333557206,12.540113493255973,12.540112246558001,18.42849640625677
d:239:6.651363917422508,12.540113489856473,12.540112225001657,18.428861797435623
d:240:6.651113029920229,12.54011349748599,12.540112220272741,18.4291126878385
d:241:6.650998444281505,12.540113490647217,12.54011222369898,18.429227270064693
d:242:6.651005314686319,12.540113483695414,12.540112228170033,18.429220397179126
d:243:6.651401317877539,12.540113483286174,12.540112227299007,18.428824392707643
d:244:6.65193994840924,12.540113476891822,12.540112223623616,18.4282857521062
d:245:6.652869806515625,12.540113471660542,12.540112218695604,18.42735588384052
d:246:6.6538840228282545,12.540113471773974,12.540112208210832,18.426341657156552
d:247:6.655164313495241,12.540113473428658,12.540112211516732,18.42506137145015
d:248:6.656840917412779,12.540113476181752,12.540112220564366,18.42338477933334
d:249:6.658666122974054,12.540113476441487,12.540112220306163,18.421559573773596
d:250:6.660904961779806,12.540113474852307,12.54011222437883,18.41932073745133
d:251:6.663495336380425,12.54011347696829,12.540112229564828,18.416730370152695
d:252:6.666212628587335,12.540113480274211,12.540112215640796,18.414013067327673
d:253:6.668990103097006,12.54011348767055,12.540112212690925,18.41123559726447
d:254:6.671865543666634,12.540113493898591,12.54011221380187,18.408360164033827
d:255:6.674983178964155,12.540113497797517,12.540112219254699,18.40524253808806
d:256:6.678761634287035,12.540113504473556,12.540112208049631,18.401464078236152
d:257:6.6742886425178725,12.54011355215124,12.540112212179814,18.40593712181318
d:258:6.670678294591809,12.540113559453362,12.540112189169317,18.40954745403087
d:259:6.667346595136614,12.540113563697986,12.540112167888836,18.412879136450208
d:260:6.664241185397767,12.54011355234498,12.54011216325857,18.415984530205783
d:261:6.661244235275436,12.540113557850674,12.54011215882381,18.418981481399047
d:262:6.658328125379004,12.540113564428223,12.540112156224918,18.421897595274135
d:263:6.6557912265955075,12.540113570706664,12.540112137472889,18.424434481584047
d:264:6.653655676974154,12.540113572428062,12.54011214101859,18.426570036472498
d:265:6.651691266682132,12.540113570757093,12.54011214497562,18.42853444905058
d:266:6.6500823782009135,12.540113576985146,12.540112120368196,18.430143319152428
d:267:6.6488020925750675,12.54011358179011,12.540112123307644,18.431423612522686
d:268:6.647606740692485,12.540113569831412,12.540112133776795,18.432618962915722
d:269:6.646830099681964,12.540113567405239,12.540112121506565,18.43339558922984
d:270:6.646126726857442,12.540113570344708,12.540112117264997,18.434098960752262
d:271:6.645833442325742,12.540113559431623,12.540112101105326,18.434392218211205
d:272:6.645652365779625,12.540113565198999,12.540112082353293,18.434573281772664
d:273:6.6455485183015455,12.54011356711889,12.540112087593013,18.434677136410357
d:274:6.645540718595168,12.540113575339522,12.540112094847807,18.43468495159216
d:275:6.64591868631047,12.540113576724629,12.540112099092411,18.43430698950657
d:276:6.646380770823487,12.54011357884062,12.540112098683158,18.43384490670029
d:277:6.647178119356717,12.540113582970832,12.54011206756037,18.433047531174488
d:278:6.647959521810556,12.540113585151667,12.540112074528349,18.432266137869462
d:279:6.64902784422366,12.540113586193385,12.540112038806953,18.431197780776678
d:280:6.650429120509543,12.540113585784159,12.540112034469079,18.429796499743695
d:281:6.651944100313539,12.540113581153918,12.54011204219094,18.42828152303132
d:282:6.653721287923876,12.540113585284129,12.540112020634588,18.42650431799484
d:283:6.655864687039422,12.54011358361317,12.54011202686262,18.424360923436367
d:284:6.658020547446171,12.540113591009522,12.540112032577976,18.422205076141328
d:285:6.660226674982205,12.540113596567895,12.54011201129749,18.419998932883182
d:286:6.662518400470422,12.540113603487612,12.540112011774232,18.417707214791424
d:287:6.665023664038969,12.540113608347568,12.540112019029026,18.415201963337623
d:288:6.668134993263628,12.540113615507344,12.540111998549149,18.412090620792867
d:289:6.664416124257599,12.540113632491444,12.54011200599238,18.415809514226225
d:290:6.661469079803798,12.540113636621658,12.540111994339323,18.418756551157184
d:291:6.658865792618883,12.540113640107775,12.540111998412002,18.421359845900895
d:292:6.656345279521123,12.540113646979048,12.540112009265506,18.42388037672343
d:293:6.653933302481718,12.540113653156562,12.54011200502394,18.426292355698784
d:294:6.6515354777801825,12.540113653988719,12.54011200446222,18.428690180670756
d:295:6.649462087821465,12.54011365873852,12.540112007828412,18.430763578745466
d:296:6.647714337673506,12.540113667356156,12.540111991058318,18.432511320740968
d:297:6.646045497077164,12.540113668117858,12.540111989951416,18.43418016099211
d:298:6.644712290985655,12.54011367469542,12.540111996871106,18.43551338058087
d:299:6.643624012801261,12.540113681902792,12.5401119963858,18.43660166548733
d:300:6.642653332063695,12.540113689346056,12.54011199233516,18.43757234961752
d:301:6.641994768995662,12.540113669875884,12.540111970498188,18.438230871378412
d:302:6.641385197373143,12.540113669767383,12.54011197392444,18.43884044631868
d:303:6.64116457226185,12.540113671752916,12.540111976105258,18.439061075596324
d:304:6.641035332051452,12.540113671569756,12.540111979471455,18.43919031898976
d:305:6.640933172721226,12.540113671535575,12.54011197579607,18.43929247461042
d:306:6.640962404664933,12.540113678978841,12.540111975157577,18.439263249471487
d:307:6.641245183669657,12.540113671566921,12.54011197870329,18.438980466600555
d:308:6.641618448355771,12.540113674257437,12.540111940856233,18.438607166757897
d:309:6.642299138316897,12.54011367744214,12.54011192113942,18.437926460264663
d:310:6.642987822194879,12.540113684118204,12.540111931724848,18.437237793648173
d:311:6.643897414944327,12.54011368590605,12.540111937492213,18.436328208453936
d:312:6.645035754315472,12.540113681760257,12.540111908258483,18.43518983570327
d:313:6.64630030379201,12.540113680967153,12.54011188613596,18.433925263311103
d:314:6.6477546649107495,12.540113672594003,12.540111882917802,18.432470890601056
d:315:6.649499066333764,12.540113670675188,12.540111880915491,18.430726485256915
d:316:6.65127641921125,12.54011367508997,12.540111852121658,18.428949108000378
d:317:6.653085102557334,12.540113681766034,12.540111838711642,18.42714041792034
d:318:6.654916328133691,12.540113686789859,12.540111845090388,18.425309203746554
d:319:6.656992682989696,12.54011369240075,12.540111843582576,18.42323285299363
d:320:6.659602877212144,12.540113690892971,12.540111819307306,18.420622632988135
d:321:6.6564452823051,12.540113697470545,12.540111826656602,18.423780241822048
d:322:6.654020339836812,12.540113691185445,12.540111826171298,18.426205177519932
d:323:6.651920229590107,12.540113696952844,12.540111825609582,18.42830529297232
d:324:6.649877956816795,12.540113703480948,12.540111823097273,18.430347569761427
d:325:6.647890547180413,12.540113710640743,12.540111818759407,18.432334982219736
d:326:6.645945084422991,12.540113714770971,12.540111822004818,18.434280452352798
d:327:6.6442456697386945,12.540113719740361,12.540111825669118,18.435979875670785
d:328:6.642776862526585,12.540113726563064,12.54011182835961,18.43744869239609
d:329:6.641393086411572,12.540113725055289,12.540111828473037,18.438832467116754
d:330:6.640280631262403,12.540113731780384,12.540111877143897,18.439944977661877
d:331:6.639419242896437,12.540113729944615,12.540111834989684,18.44080632203786
d:332:6.638566385679994,12.540113731798632,12.540111816699401,18.44165916281804
d:333:6.637940149015886,12.540113727748029,12.540111795957001,18.442285374689146
d:334:6.637485185245531,12.540113729065054,12.540111801089127,18.44274034490865
d:335:6.637309711301018,12.540113723209712,12.540111792213175,18.44291580412187
d:336:6.637231835207899,12.540113728395765,12.540111796457797,18.44299368964566
d:337:6.6371879641722025,12.540113731580476,12.540111786527158,18.44303755393543
d:338:6.6371833619106795,12.54011373660431,12.540111783665756,18.443042158359386
d:339:6.637482302397366,12.540113740791854,12.540111783027267,18.442743221421757
d:340:6.637833856930669,12.540113740831668,12.540111754661744,18.442391638562743
d:341:6.63841872144085,12.54011374345935,12.540111748046687,18.441806770065188
d:342:6.639005796954571,12.540113745897038,12.540111752517763,18.44121970146023
d:343:6.639765970224449,12.540113750141693,12.540111750177239,18.440459530094483
d:344:6.640723753353029,12.540113756768598,12.540111729434837,18.439501732850406
d:345:6.641764036211747,12.540113749929844,12.540111732740758,18.438461446458856
d:346:6.64297603226769,12.540113747330997,12.540111745925941,18.43724946098925
d:347:6.644435826754631,12.540113741894361,12.540111751950857,18.43578966709059
d:348:6.6459110591178,12.540113750159612,12.540111758822118,18.43431444986393
d:349:6.647433887601384,12.540113741155539,12.540111751526428,18.432791605080585
d:350:6.648901922897693,12.540113737199565,12.540111755771054,18.431323570072927
d:351:6.650623710317433,12.540113743628282,12.540111755884489,18.42960178919534
d:352:6.652852674692024,12.540113747929851,12.540111731277044,18.42737280451487
d:353:6.650142711874921,12.540113755419906,12.540111738906578,18.430082782451564
d:354:6.648152998871151,12.540113754934644,12.540111737957325,18.43207249402082
d:355:6.646437833944425,12.540113761112185,12.540111732928857,18.433787660096616
d:356:6.644780364890934,12.540113764113336,12.540111736943834,18.435445136166237
d:357:6.643117171416961,12.540113769137175,12.540111719539532,18.437108317259746
d:358:6.641494628756494,12.540113767301413,12.540111726017994,18.438730864562913
d:359:6.640078222842458,12.540113763059887,12.540111731364638,18.440147271582067
d:360:6.638822802355829,12.54011376648619,12.540111707734024,18.441402671864385
d:361:6.637688240281069,12.540113764897042,12.540111704334521,18.442537228950496
d:362:6.636727954720367,12.540113768020802,12.540111713466857,18.443497526767292
d:363:6.635955765933922,12.54011377293559,12.540111717012582,18.444269724014248
d:364:6.635270240236533,12.54011377134644,12.540111717417322,18.44495524852723
d:365:6.634786483204838,12.54011377581756,12.540111701652233,18.445438994264954
d:366:6.634376104951642,12.540113785773173,12.540111707105087,18.445849387926618
d:367:6.634236192433349,12.540113790797012,12.540111710350509,18.44598930871417
d:368:6.6342063124013,12.540113795041677,12.540111716426452,18.44601919906683
d:369:6.634170210144475,12.540113801066633,12.540111715160382,18.446055306082542
d:370:6.63416607696049,12.540113799800595,12.540111673006146,18.44605939584625
d:371:6.634421953030078,12.540113799617455,12.540111677811113,18.445803524398492
d:372:6.634721785014527,12.54011380322262,12.540111671742286,18.445503689950378
d:373:6.635278641529407,12.54011380507665,12.540111673330001,18.444946836877246
d:374:6.635766749594204,12.540113801214767,12.540111663669514,18.444458715290075
d:375:6.636445651630758,12.54011380452073,12.540111654406019,18.44377980729599
d:376:6.637239235067003,12.540113803254696,12.540111657221484,18.442986225409175
d:377:6.638102726284764,12.540113811295768,12.540111660707591,18.442122745718596
d:378:6.639125351923337,12.540113811844265,12.540111658537064,18.441100118457992
d:379:6.640368611495656,12.540113799416048,12.540111642575873,18.439856830496264
d:380:6.64159707980852,12.540113801661507,12.540111644096331,18.43862836594932
d:381:6.642867434875868,12.540113806954835,12.540111627936655,18.43735800001562
d:382:6.644098637572487,12.540113791383543,12.540111621097871,18.436126774908928
d:383:6.645580478433153,12.540113796243535,12.540111619751624,18.434644937562005
d:384:6.647530011330417,12.54011380257226,12.540111603187551,18.432695394429395
d:385:6.645124679014607,12.540113798989402,12.540111608587399,18.435100728562194
d:386:6.643442164776019,12.540113802295368,12.540111615214279,18.436783252733626
d:387:6.642028536686865,12.540113802555148,12.540111621841167,18.43819688770945
d:388:6.640648811720009,12.54011380616032,12.54011158914214,18.439576583582454
d:389:6.639248550670079,12.540113796633277,12.540111587306349,18.44097683326955
d:390:6.63787646434546,12.540113800648303,12.540111599190137,18.44234893549298
d:391:6.636644783272725,12.540113782807067,12.540111601044133,18.443580600578475
d:392:6.635626142085702,12.540113786173322,12.540111575035777,18.444599219123397
d:393:6.634628938861802,12.540113789174484,12.540111576352782,18.445596426665464
d:394:6.63383690740698,12.540113786313125,12.540111575403534,18.446388454309677
d:395:6.6332124379568285,12.54011378816716,12.540111573650364,18.447012923860697
d:396:6.632611165093035,12.540113781101564,12.540111577196098,18.447614193204625
d:397:6.632154530776976,12.54011378397919,12.540111563953877,18.44807081715609
d:398:6.631825677217602,12.54011378002323,12.540111569721269,18.448399672526897
d:399:6.631697739775017,12.540113783569002,12.540111571837265,18.44852761563125
d:400:6.63168093456925,12.540113785814468,12.540111582384064,18.448544433629284
d:401:6.631680842917188,12.540113788442167,12.540111583074989,18.448544528599967
d:402:6.631709589153665,12.540113794670273,12.540111554281136,18.448515759797743
d:403:6.631918521457944,12.540113796391719,12.540111541852884,18.44830681678666
d:404:6.632216570927113,12.540113801251714,12.540111520572381,18.44800875089698
d:405:6.63271040900068,12.540113796522855,12.540111522753222,18.447514910275395
d:406:6.633121245899041,12.540113789457264,12.540111515914443,18.447104059472665
d:407:6.633699728422691,12.540113787202001,12.540111514807558,18.446525573586868
d:408:6.634396939064381,12.540113785855796,12.540111522483347,18.445828369274764
d:409:6.63513568290789,12.540113786827996,12.54011152572878,18.445089629648887
d:410:6.636005022701273,12.540113792333747,12.540111531075443,18.444220300707915
d:411:6.63707372488722,12.54011378856541,12.540111514096674,18.443151577774866
d:412:6.638082007973068,12.540113797570644,12.540111510878532,18.442143300476108
d:413:6.639142410465162,12.540113800816115,12.540111485931991,18.441082876282945
d:414:6.640234602272617,12.540113776208699,12.54011145878767,18.439990632723752
d:415:6.641481075182245,12.540113783416116,12.540111444511702,18.438744152745574
d:416:6.6431852067869315,12.540113786902275,12.540111447574255,18.437040027689598
d:417:6.641112748667613,12.540113796977879,12.540111444975386,18.439112493285652
d:418:6.6396303798138625,12.54011379723767,12.54011144950261,18.440594866926418
d:419:6.6384067174719625,12.54011379967538,12.540111442206925,18.44181852441034
d:420:6.637243543993932,12.540113801791419,12.540111453693722,18.442981711491207
d:421:6.636093724418338,12.540113804292712,12.540111456131399,18.444131536005774
d:422:6.634908312621185,12.540113806666596,12.540111445786945,18.445316939832356
d:423:6.633911607408674,12.540113798416769,12.540111444680063,18.44631363568816
d:424:6.633011783110582,12.54011379474144,12.540111419033387,18.447213430664245
d:425:6.6321564902222505,12.540113798986127,12.540111426476663,18.44806873524054
d:426:6.6314515538198044,12.54011379375488,12.540111422520667,18.448773662455743
d:427:6.630923016459711,12.540113797360064,12.54011141086761,18.449302191767963
d:428:6.630383451787566,12.540113777643278,12.54011139257732,18.44984171843303
d:429:6.630052172555523,12.540113775724489,12.540111396764853,18.45017299993382
d:430:6.629745412147187,12.540113781017832,12.540111394594334,18.450479763464976
d:431:6.62969181400258,12.540113784202575,12.540111367837536,18.45053333803753
d:432:6.629711268269297,12.540113788952425,12.540111364438044,18.450513885121172
d:433:6.629682744403816,12.540113796766196,12.540111345450107,18.450542397812487
d:434:6.629712156845393,12.54011379766855,12.540111330814433,18.45051297163759
d:435:6.629931069389702,12.54011380829263,12.54011132074702,18.450294059649945
d:436:6.630198925913206,12.54011380891253,12.540111298037903,18.450026181037227
d:437:6.630622831658183,12.540113812811517,12.540111299759314,18.449602280912647
d:438:6.63099608564675,12.540113814862455,12.54011127300251,18.449229002218217
d:439:6.631528908907519,12.540113814604329,12.540111270052664,18.448696175749475
d:440:6.6321533507650265,12.54011381968245,12.54011127116365,18.448071740081073
d:441:6.632814801234904,12.540113820999508,12.540111276403415,18.44741029616802
d:442:6.633510739301258,12.540113822520016,12.540111267270133,18.44671435048889
d:443:6.634418710357309,12.540113838893443,12.540111264231346,18.44580639276748
d:444:6.635311385866412,12.540113844504383,12.540111274025598,18.44491373266357
d:445:6.636220315576935,12.540113849744195,12.540111274358015,18.444004808525275
d:446:6.637111813193879,12.540113854768062,12.540111276212023,18.443113317786207
d:447:6.638216347042995,12.540113851818258,12.540111261757195,18.442008766532457
d:448:6.639703568826729,12.54011385444598,12.540111250844088,18.44052153646334
d:449:6.637817159327593,12.540113859792692,12.54011125514565,18.44240795561075
d:450:6.636531763688666,12.54011384363305,12.540111260005624,18.44369333995001
d:451:6.6355118198814225,12.540113842367035,12.540111230319738,18.44471325280535
d:452:6.634522361303773,12.540113845673023,12.540111226363747,18.445702710732995
d:453:6.633537963722727,12.54011383837738,12.54011123303982,18.446687107694473
d:454:6.632525760209127,12.54011383906836,12.540111240853559,18.44769931971279
d:455:6.631652511390875,12.540113841249257,12.540111221626265,18.448572551484645
d:456:6.630909930597976,12.540113846860201,12.54011123228879,18.449315148551015
d:457:6.630170868775409,12.540113849361505,12.540111234404801,18.4500542149909
d:458:6.629593705192523,12.540113850193709,12.54011123605951,18.450631381060695
d:459:6.629127299421601,12.540113856218701,12.540111228530476,18.451097785327576
d:460:6.628669436057429,12.540113846691668,12.54011121732541,18.45155562795965
d:461:6.628334322089792,12.540113848937152,12.540111226029998,18.451890752877357
d:462:6.628067355389234,12.54011383411864,12.540111205287577,18.45215768401698
d:463:6.628015663989075,12.540113827614356,12.540111192699754,18.452209356325035
d:464:6.628032731433162,12.54011382561211,12.540111182769119,18.452192276948065
d:465:6.628014617113582,12.540113832580193,12.540111142476487,18.4522103579431
d:466:6.628081270674084,12.540113836824892,12.540111075136537,18.452143641287346
d:467:6.628304848816327,12.540113841684914,12.54011105836643,18.451920051235014
d:468:6.628548174753622,12.540113841944716,12.540111050837394,18.45167671802849
d:469:6.628933440237962,12.540113841229156,12.540111049410582,18.451291450401776
d:470:6.629276032193893,12.540113847048445,12.540111032006267,18.45094884686082
d:471:6.629729426041241,12.540113853326964,12.540111031520988,18.45049545880671
d:472:6.630301484533703,12.540113857284096,12.540110993673858,18.44992336642425
d:473:6.630870536459597,12.54011385920405,12.540110961517335,18.449354284261787
d:474:6.631503343841331,12.540113860245825,12.540110964823285,18.44872148122778
d:475:6.632290760028837,12.540113863369625,12.540110962482778,18.447934065823567
d:476:6.633078614884933,12.540113867442393,12.540110939773646,18.447146192331108
d:477:6.633881415902977,12.54011387145745,12.540110941693559,18.446343397248032
d:478:6.634632013732205,12.540113869704335,12.540110940507283,18.445592796479414
d:479:6.635615779791788,12.540113875367625,12.540110935276005,18.44460903085184
d:480:6.636934314720101,12.540113881030916,12.540110938999316,18.44329050531013
d:481:6.635245120607603,12.540113889692153,12.540110944023152,18.444979713107703
d:482:6.634069395428998,12.540113894331107,12.540110936017122,18.44615543491923
d:483:6.6332302738889055,12.540113888686493,12.540110930683479,18.44699454548107
d:484:6.6323582593868515,12.540113896269744,12.540110916407507,18.4478665532904
d:485:6.631495595930993,12.540113900797028,12.540110893089864,18.4487291979559
d:486:6.630624434793464,12.54011390666799,12.540110880340887,18.449600352215413
d:487:6.629859338583689,12.540113910034279,12.540110866589991,18.45036543804058
d:488:6.629213166952223,12.540113914673235,12.540110828742852,18.451011576463866
d:489:6.628558809694869,12.540113899854727,12.540110830728391,18.45166592088825
d:490:6.628014422050267,12.540113900187196,12.540110834392735,18.45221031252966
d:491:6.627658755806287,12.540113903613541,12.540110828956074,18.452565976763328
d:492:6.627290759212784,12.540113908906907,12.540110832382368,18.45293398207649
d:493:6.626996414912494,12.540113912091673,12.540110836512609,18.453228333691786
d:494:6.626744944638183,12.540113916393288,12.540110840700155,18.45347981245526
d:495:6.626727302748559,12.540113918638788,12.540110832934374,18.453497448824603
d:496:6.626715813490712,12.540113921391967,12.540110795827058,18.453508903728313
d:497:6.626774209275229,12.540113924515772,12.540110774817803,18.453450490058348
d:498:6.626802295754583,12.54011392284487,12.540110740373374,18.453422367463663
d:499:6.6270264518427595,12.5401139251547,12.540110692345783,18.453198165657724
d:500:6.627280975896994,12.540113926539878,12.540110663551891,18.452943614194773
d:501:6.6276002645481,12.54011392884971,12.540110644081658,18.452624308383268
d:502:6.627906161712897,12.540113932155716,12.540110641308251,18.45231841175107
d:503:6.628332864368389,12.540113937923183,12.540110621591406,18.4518916951462
d:504:6.628884316846893,12.540113942281515,12.540110596298536,18.451340221733158
d:505:6.629366773293498,12.540113944069425,12.540110606453622,18.45085777722955
d:506:6.629928558755772,12.540113944182934,12.540110612832418,18.45029599825958
d:507:6.630651380619835,12.5401139413216,12.54011058013334,18.449573140835106
d:508:6.631335709363494,12.540113948576511,12.540110585265506,18.448888824478523
d:509:6.632011293623965,12.54011393780749,12.540110587703197,18.448213231886722
d:510:6.632677272845182,12.54011394074704,12.540110590077052,18.447547257978908
d:511:6.633555172551201,12.540113942798005,12.540110590838761,18.446669361085565
d:512:6.634762644238016,12.540113943770237,12.540110577927017,18.445461877459238
d:513:6.633171212692194,12.540113956317832,12.5401105694296,18.44705331305524
d:514:6.632158572709418,12.540113958691746,12.540110570191308,18.448065956173636
d:515:6.6313944965252,12.540113961692953,12.54011057454959,18.448830039717343
d:516:6.630651666436425,12.54011396273474,12.540110580420512,18.44957287671883
d:517:6.629889315066652,12.54011396792086,12.540110581805639,18.450335234659846
d:518:6.629113186485188,12.540113965834731,12.54011057605597,18.451111355405512
d:519:6.6284743537588895,12.540113969261087,12.54011057905712,18.451750194559317
d:520:6.62790435723338,12.540113967507988,12.540110580510067,18.452320190784675
d:521:6.627341961124969,12.54011397117239,12.54011058084249,18.452882590889914
d:522:6.62688783291059,12.540113972893868,12.540110574448136,18.453336714431416
d:523:6.62655790449616,12.54011397358487,12.540110568592777,18.453666637681486
d:524:6.626178466089915,12.540113973917347,12.540110573342602,18.454046081170034
d:525:6.625935015483197,12.540113980346135,12.540110563137258,18.454289528000196
d:526:6.625714965632195,12.540113985206178,12.540110528066805,18.454509547640786
d:527:6.625728809121917,12.540113989450898,12.540110526959934,18.454495707288913
d:528:6.625705632722486,12.540113993809243,12.540110490560265,18.454518851647023
d:529:6.625763023908327,12.540113998724092,12.5401104757417,18.454461450557467
d:530:6.6258001269726705,12.540113997458096,12.540110446055788,18.454424316541214
d:531:6.626004720611014,12.54011399459677,12.540110410985333,18.454219684971086
d:532:6.626259383639038,12.540114001272922,12.540110387667678,18.453965005301562
d:533:6.626593137039777,12.540114005403225,12.540110390913132,18.45363125927658
d:534:6.626882007197775,12.5401140075193,12.54011039385263,18.453342394174154
d:535:6.627240301437432,12.540114009570274,12.540110360011006,18.45298406814385
d:536:6.627715844265094,12.540114024881582,12.540110322903669,18.452508503520157
d:537:6.628145818014218,12.54011403487736,12.540110287833208,18.452078504696352
d:538:6.628678780135637,12.540114039064978,12.540110300380757,18.451545559310098
d:539:6.629305966518405,12.540114034823493,12.540110308421834,18.45091837672692
d:540:6.629913737977464,12.540114034565395,12.54011030641955,18.45031060300748
d:541:6.630524583546556,12.540114037689222,12.540110300879224,18.44969975502189
d:542:6.631115399098398,12.540114039740196,12.540110300621064,18.449108941262864
d:543:6.631886102906002,12.540114031734227,12.540110294659325,18.44833822348755
d:544:6.633007990656608,12.540114015773078,12.54011029556165,18.44721632067812
d:545:6.631509133623961,12.540114014507088,12.54011029421542,18.448715175098545
d:546:6.630552252486783,12.540114019256979,12.540110295936849,18.449672062707045
d:547:6.629874224362542,12.540114021044902,12.540110304067982,18.45035010075034
d:548:6.6292494324454765,12.540114024350922,12.540110307554123,18.450974899459567
d:549:6.628549994378577,12.540114030829493,12.540110305041843,18.451674341492758
d:550:6.6278614725159635,12.540114037893776,12.54011030735163,18.45236287272944
d:551:6.6273309890930605,12.540114041439601,12.540110310414207,18.452893362760747
d:552:6.626814137190703,12.540114045569913,12.540110300346793,18.453410208726
d:553:6.626288262391711,12.540114046118457,12.540110296578426,18.453936080305173
d:554:6.625903225998037,12.540114044116237,12.540110299944672,18.45432111806287
d:555:6.6256351297398055,12.54011404674399,12.540110271996422,18.454589189000608
d:556:6.625320858062022,12.540114036949046,12.54011027589539,18.454903454782414
d:557:6.625074771416372,12.540114040731194,12.540110270250732,18.455149539565554
d:558:6.624921452138921,12.540114045646053,12.540110262123243,18.455302855630375
d:559:6.6248843067467895,12.540114047031246,12.540110246358125,18.45533998664258
d:560:6.624916357084796,12.540114054568024,12.540110217564216,18.455307915047445
d:561:6.624967657947703,12.540114062518626,12.540110201000122,18.455256605571044
d:562:6.62499162017221,12.540114061880235,12.540110191473044,18.45523263318107
d:563:6.6251950083370765,12.540114071305585,12.540110191438874,18.455029254407382
d:564:6.625401090978688,12.540114074058787,12.54011017605901,18.454823159139107
d:565:6.625735361769955,12.540114072712623,12.540110172290646,18.454488883233314
d:566:6.626029430716116,12.540114072379183,12.540110157654958,18.454194799318024
d:567:6.6263542239026485,12.540114077184253,12.540110153122761,18.453870006404365
d:568:6.626826635085209,12.540114077224132,12.540110149166775,18.4533975913057
d:569:6.6271866117304405,12.540114090475155,12.540110147495826,18.45303762624054
d:570:6.627670834786603,12.540114094776802,12.540110138998408,18.45255339898861
d:571:6.62823407617951,12.540114096630894,12.54011014648849,18.451990166939872
d:572:6.628794951777245,12.540114092485162,12.540110149053099,18.451429289761016
d:573:6.629292240337236,12.540114090896068,12.540110143719456,18.45093199427829
d:574:6.629811528787904,12.540114095254431,12.540110121306233,18.45041268777276
d:575:6.630504932087398,12.540114099556082,12.540110115344497,18.44971928281318
d:576:6.631558073433418,12.540114101541697,12.540110118949665,18.448666147057942
d:577:6.630154734596353,12.540114106511183,12.540110118000442,18.450069489915272
d:578:6.629304902320776,12.540114103111765,12.540110123078549,18.450919323869538
d:579:6.6286921054206545,12.540114105227858,12.540110122669343,18.451532122476547
d:580:6.6281048871585,12.540114108714073,12.540110109920358,18.45211933147593
d:581:6.627514273992187,12.540114112319309,12.540110102740108,18.45270994106723
d:582:6.626902889879151,12.540114116392122,12.540110100737833,18.4533213272508
d:583:6.626403076995665,12.540114125140093,12.540110104043801,18.45382115218823
d:584:6.625978024135083,12.540114128202742,12.540110095421184,18.454246199488843
d:585:6.625499630058833,12.540114131018312,12.540110075704327,18.454724576663807
d:586:6.625170780897733,12.540114132267028,12.540110042443972,18.455053393813266
d:587:6.6249254843495216,12.540114135329677,12.54011004702716,18.455298698007315
d:588:6.624645465078977,12.54011414125219,12.540110039498124,18.455578715671336
d:589:6.624419652899636,12.540114140145395,12.540110015548311,18.45580450279407
d:590:6.62425166472952,12.540114147400342,12.54011000054479,18.45597248321561
d:591:6.6242272914938525,12.540114148511416,12.540109980323209,18.45599683734077
d:592:6.624255535688658,12.540114158467128,12.540109969554127,18.4559685923326
d:593:6.624264774141476,12.540114170099539,12.54010995712586,18.455959353083923
d:594:6.624291314092471,12.540114177821552,12.540109957385631,18.45593282111471
d:595:6.624491641276478,12.540114183484887,12.540109962080113,18.45573250428852
d:596:6.624680598553681,12.540114190928275,12.54010996550643,18.455543557881022
d:597:6.625029038652478,12.540114195511537,12.54010995986177,18.45519511672083
d:598:6.625261429961359,12.540114197821401,12.540109954425116,18.454962722285156
d:599:6.625570565142681,12.54011419934196,12.54010995439095,18.45465358859023
d:600:6.626041180679859,12.54011419471179,12.540109930760277,18.45418294479221
d:601:6.626402822837054,12.54011419122094,12.540109898061166,18.45382126644505
d:602:6.626837094214665,12.540114181826254,12.540109903880438,18.453386991492028
d:603:6.627373138921037,12.540114180640066,12.540109908068008,18.452850949787035
d:604:6.627857637631717,12.540114173459887,12.540109913146123,18.452366448974292
d:605:6.6283043841011455,12.540114178806661,12.54010991019629,18.451919704901805
d:606:6.6287737842793355,12.540114180726665,12.540109913801468,18.4514503102488
d:607:6.629343166065645,12.540114188123148,12.54010991925438,18.450880941311883
d:608:6.630340810697422,12.5401141889554,12.540109900964058,18.449883279222036
d:609:6.629024556507815,12.54011419387028,12.540109887384482,18.451199524746947
d:610:6.628230103549196,12.540114191444193,12.540109875270739,18.451993963165737
d:611:6.62769782376639,12.540114175483046,12.540109880240166,18.452526231956824
d:612:6.627194068117976,12.540114175073914,12.540109861720602,18.45302996867654
d:613:6.626638694605827,12.540114174588723,12.540109837113093,18.45358531709599
d:614:6.626094054197985,12.540114177279339,12.540109842512987,18.45412996559434
d:615:6.625650536024164,12.54011418481614,12.540109844886867,18.454573493678843
d:616:6.6252819262650995,12.540114188656855,12.540109826134785,18.45494208852654
d:617:6.624858882631035,12.540114190444799,12.540109808513428,18.45536511632719
d:618:6.624527810304809,12.540114190704646,12.54010979369486,18.455696174094697
d:619:6.624368259739381,12.54011418844944,12.540109802442775,18.455855731152834
d:620:6.624054553871542,12.54011419069498,12.54010981002601,18.456169446849447
d:621:6.62386963297762,12.54011419363457,12.540109775581527,18.45635433623848
d:622:6.623717397158821,12.540114193376496,12.540109770451977,18.456506566669653
d:623:6.623710484256804,12.540114188941839,12.54010975770299,18.456513462388024
d:624:6.6237124273046994,12.540114193243507,12.540109766537139,18.456511532475947
d:625:6.623743476981797,12.5401141898441,12.540109744123903,18.456480456986206
d:626:6.623771008616618,12.540114197930366,12.54010975274161,18.45645294205536
d:627:6.623931112650819,12.540114206106432,12.54010975961295,18.456292853068565
d:628:6.624143617973562,12.54011420599803,12.540109755371414,18.456080343395882
d:629:6.624496783104306,12.540114214746023,12.540109765327076,18.455727196968795
d:630:6.624690917764362,12.540114217183802,12.540109761465175,18.455533060884616
d:631:6.625005433143027,12.54011421962159,12.540109724357794,18.455218510836357
d:632:6.625429069930259,12.540114223636696,12.54010970916718,18.454794862873616
d:633:6.625753777075037,12.540114225687704,12.540109689450315,18.454470138062984
d:634:6.626151515343448,12.540114233501562,12.540109645193592,18.454072363351706
d:635:6.6266277181301625,12.540114236564227,12.540109581922525,18.453596100356588
d:636:6.627063111723324,12.54011423447813,12.540109594942402,18.45316071769721
d:637:6.627476073897611,12.540114240806954,12.540109604491644,18.452747771400986
d:638:6.627878377940995,12.540114243244739,12.540109607431166,18.452345472734912
d:639:6.62844451540958,12.540114245997966,12.540109567995085,18.45177929858347
d:640:6.629349121624955,12.540114239712928,12.540109541616738,18.45087465970471
d:641:6.628128618453644,12.540114241829041,12.540109528704987,18.452095152080382
d:642:6.62737330637102,12.540114247334884,12.540109526702715,18.45285046766658
d:643:6.626880500956673,12.54011424970884,12.540109534332322,18.453343283084486
d:644:6.626425951568091,12.540114243314568,12.540109534592101,18.453797826338576
d:645:6.625913349244826,12.540114232545559,12.540109538197285,18.45431042149802
d:646:6.625429668256647,12.540114237128838,12.54010953732632,18.45479410619851
d:647:6.625002386459883,12.540114241767855,12.540109515769895,18.45522137107787
d:648:6.624647227962711,12.540114241954722,12.540109497017806,18.455576511009816
d:649:6.624275791886532,12.540114250220107,12.540109485959364,18.455947944292937
d:650:6.624023765799919,12.540114253526166,12.540109470768748,18.456199958494995
d:651:6.623824178634042,12.540114261340031,12.540109476844757,18.456399559550746
d:652:6.623561951453489,12.540114264766434,12.540109447158802,18.456661760471746
d:653:6.6234043268965515,12.54011426225424,12.540109401739478,18.45681933709717
d:654:6.623243120339708,12.540114268176776,12.54010940346092,18.45698055129799
d:655:6.623215630650002,12.540114274099317,12.540109409019362,18.457008052468677
d:656:6.623252800435267,12.540114265971905,12.54010941382439,18.456970879361027
d:657:6.623263278545988,12.54011424202215,12.540109420984237,18.456960384460398
d:658:6.62329989510436,12.540114246037271,12.540109426224051,18.456923777156963
d:659:6.6234524516435584,12.540114246869539,12.54010943609924,18.45677123132522
d:660:6.623649452924731,12.540114248723661,12.540109432608329,18.45657422840726
d:661:6.62397951785821,12.540114253693176,12.540109414986965,18.45624415082193
d:662:6.62417479404926,12.540114268296136,12.54010941736085,18.456048891607725
d:663:6.62445873862686,12.540114270347152,12.540109411820527,18.455764943540817
d:664:6.624849580322508,12.540114283922787,12.540109414258247,18.455374117858526
d:665:6.625165169619461,12.540114284613832,12.540109409529364,18.455058524523736
d:666:6.625560011527153,12.540114282443408,12.540109418406466,18.45466368932272
d:667:6.625964001533621,12.540114286858316,12.540109405978198,18.45425969130289
d:668:6.626391799541903,12.540114291273227,12.540109390598323,18.45383188232965
d:669:6.626749463453166,12.540114295912254,12.540109390264831,18.45347422272392
d:670:6.627107494827289,12.540114288383297,12.540109390524613,18.45311618408062
d:671:6.6275913038316965,12.540114301436486,12.540109395274472,18.452632392879263
d:672:6.62842810840684,12.540114300565602,12.540109396794977,18.45179558895374
d:673:6.627278730201962,12.540114308287652,12.540109401153295,18.452944979238985
d:674:6.626598190485915,12.540114304888256,12.540109405110417,18.45362551951276
d:675:6.626140768547412,12.540114313374797,12.54010940565892,18.454082950486306
d:676:6.6257094179043925,12.540114332504789,12.54010941079113,18.454514325391525
d:677:6.625219754885851,12.540114340272815,12.540109411411024,18.455003996797988
d:678:6.624760649689804,12.540114346850533,12.540109408461197,18.455463105621924
d:679:6.6243664634879345,12.540114354846525,12.540109397548076,18.455857288906667
d:680:6.6240811491156855,12.540114361424243,12.540109387887583,18.45614260019614
d:681:6.623711416475739,12.54011436161112,12.540109383646051,18.456512328781432
d:682:6.62343241200967,12.540114365510197,12.540109375640027,18.456791329140554
d:683:6.623296749932901,12.540114368325801,12.54010938231616,18.45692700070906
d:684:6.623040436676575,12.540114374452763,12.540109379630277,18.457183317406464
d:685:6.622865254154743,12.54011437507274,12.540109367825094,18.457358488743093
d:686:6.622707126204379,12.540114382609572,12.540109363096214,18.45751661950141
d:687:6.622707958246881,12.54011438603599,12.540109364616725,18.457515792405832
d:688:6.622748883494502,12.540114388913716,12.540109365307696,18.457474870726912
d:689:6.6227640990888474,12.540114394419575,12.54010936504956,18.457459660380287
d:690:6.6227937116624105,12.540114401579519,12.540109355916275,18.457430045833384
d:691:6.6229652951736675,12.540114407807739,12.540109352607733,18.457258465241804
d:692:6.623138646070533,12.54011440654179,12.540109360738908,18.457085121210167
d:693:6.623487105515366,12.540114408062387,12.54010933613138,18.4567366386784
d:694:6.623667263409729,12.540114417110242,12.540109337651892,18.456556491352405
d:695:6.623937420480221,12.540114421355026,12.540109314641299,18.456286315516106
d:696:6.6242707673209615,12.540114395346666,12.54010931871407,18.455952946739774
d:697:6.624551247860651,12.54011440231484,12.540109323953889,18.455672478408076
d:698:6.624868796463513,12.5401144058011,12.54010932982486,18.455354939162447
d:699:6.625316806097935,12.540114401170948,12.540109340487458,18.454906935560473
d:700:6.625692507691106,12.5401144059209,12.540109292459746,18.45453119068954
d:701:6.625991221166743,12.540114408860518,12.540109284812768,18.454232472506543
d:702:6.626290000671794,12.540114406434455,12.540109285503739,18.4539336912664
d:703:6.626740458480661,12.540114408615434,12.540109293813533,18.453483243948305
d:704:6.627494214596254,12.540114411053242,12.540109294362043,18.45272949081903
d:705:6.626398122460493,12.540114416022774,12.540109293096016,18.453825586658297
d:706:6.625771201500669,12.540114420267564,12.540109261464448,18.454452480231343
d:707:6.625306167418543,12.540114397558465,12.540109264830726,18.454917494970648
d:708:6.624919098507387,12.540114403583553,12.540109250906662,18.455304555982828
d:709:6.624450609936421,12.540114400544875,12.5401092538462,18.455773044454656
d:710:6.624025922238317,12.540114385909256,12.540109257030956,18.456197720701894
d:711:6.623682304730622,12.540114391202708,12.540109258618731,18.45654134509082
d:712:6.623366708434347,12.540114391389597,12.540109224174213,18.456856907129463
d:713:6.623015163946885,12.540114401425448,12.54010922772001,18.457208465198573
d:714:6.622757854251475,12.540114388513777,12.540109237392272,18.457465771654576
d:715:6.622622318107005,12.540114383485419,12.540109238845254,18.457601304223665
d:716:6.622420565824719,12.540114379147665,12.540109227786811,18.457803041109756
d:717:6.622252213561897,12.540114375656842,12.54010922882858,18.457971390923525
d:718:6.622087821019161,12.540114378962922,12.540109220205963,18.458135778149725
d:719:6.622101366566376,12.540114387405495,12.540109201453866,18.458122222292985
d:720:6.6221449912683745,12.540114385403317,12.540109204207036,18.45807859834198
d:721:6.622159796081302,12.540114396669605,12.540109217523487,18.45806381811179
d:722:6.622200254900129,12.540114403637787,12.540109226443441,18.4580233751811
d:723:6.622329387007031,12.540114393570459,12.5401092192632,18.457894225826628
d:724:6.622551381144024,12.540114399899316,12.54010919770677,18.45767221646206
d:725:6.622827614070758,12.540114406867504,12.540109196991196,18.45739598978794
d:726:6.62301760478066,12.540114391102463,12.540109199681769,18.457205986003572
d:727:6.6232730965833255,12.540114396072003,12.540109207078217,18.456950506566894
d:728:6.62359952614532,12.540114400766598,12.540109208598736,18.456624083220014
d:729:6.623838232436125,12.540114402947589,12.54010921502752,18.456385385538983
d:730:6.624126901549005,12.54011440601029,12.540109222749509,18.45609672721079
d:731:6.6245283651609235,12.540114402792259,12.540109159478364,18.4556951971097
d:732:6.624856917553316,12.540114402609223,12.540109140726265,18.455366625782172
d:733:6.62513887255313,12.540114399835929,12.540109127650105,18.455084654932904
d:734:6.62539552537471,12.540114396974655,12.540109060309899,18.454827931909843
d:735:6.625775525536039,12.54011439708823,12.540109067564813,18.454447939117006
d:736:6.626470606791813,12.54011439946222,12.540109061603086,18.453752854273496
d:737:6.625450196360209,12.540114411628977,12.540109071069846,18.454773286338614
d:738:6.624849011083381,12.540114417654074,12.540109056970763,18.455374463541457
d:739:6.6243906813582285,12.540114426531293,12.5401090622106,18.455832807383665
d:740:6.624030226525253,12.540114425424537,12.54010906020834,18.456193259107625
d:741:6.6236194708860765,12.540114421086791,12.540109041456239,18.456603991656955
d:742:6.623174635963455,12.540114429748144,12.540109007011708,18.457048800796397
d:743:6.622814823050458,12.54011442956511,12.540108980254818,18.45740858676947
d:744:6.622567935895116,12.540114434965126,12.54010896028753,18.45765545935754
d:745:6.622254509984558,12.540114412551956,12.540108961398564,18.457968863965963
d:746:6.622003412429589,12.540114403547937,12.5401089666384,18.45821995775675
d:747:6.6218615925578845,12.540114406112671,12.540108958265229,18.458361771820016
d:748:6.621654705477287,12.540114406004301,12.540108948197812,18.458568648724825
d:749:6.621533588284972,12.540114412972496,12.54010894452247,18.458689769209993
d:750:6.621368253895884,12.540114408826803,12.54010892120477,18.458855076135688
d:751:6.6213629893742905,12.540114419179108,12.540108929866035,18.45886035967085
d:752:6.6214147472812535,12.54011440911178,12.540108925528198,18.458808587358725
d:753:6.621409730803979,12.540114413526723,12.540108929772915,18.458813612495657
d:754:6.621469133505663,12.540114427701788,12.540108935383884,18.45875422958001
d:755:6.621609714238961,12.540114441437352,12.540108913546817,18.45861364074521
d:756:6.621789738289284,12.540114446730822,12.54010892272144,18.45843363116298
d:757:6.622030562180878,12.54011444699071,12.540108922981238,18.458192807791068
d:758:6.622177603567991,12.54011444236057,12.540108928592211,18.45804576738479
d:759:6.622412943058194,12.540114437828482,12.540108903984667,18.457810398754955
d:760:6.622694190259473,12.540114434967215,12.540108906985868,18.45752915169361
d:761:6.62296782583833,12.540114434174235,12.54010890412451,18.457255512460414
d:762:6.623233587196097,12.540114435354326,12.540108890025426,18.456989738183655
d:763:6.623567751048988,12.54011443318393,12.540108882496398,18.45665556463134
d:764:6.62388699216087,12.540114427643708,12.540108890717146,18.456336326199985
d:765:6.624129489870089,12.54011442564154,12.540108890459022,18.456093826230475
d:766:6.6243667708465495,12.54011444063211,12.540108879105981,18.45585654889154
d:767:6.6247031297979895,12.540114440374076,12.540108866677707,18.455520177253792
d:768:6.625306453900926,12.5401144484604,12.54010884990756,18.454916844467036
d:769:6.624334358595416,12.540114446952742,12.540108857256982,18.45588894561431
d:770:6.623739142442126,12.54011444661936,12.540108858642153,18.456484162819386
d:771:6.6233521521427186,12.540114438369585,12.540108862886871,18.456871149113738
d:772:6.623019526043841,12.540114434223897,12.540108872312228,18.457203780492286
d:773:6.622591007793751,12.540114442310225,12.540108869184042,18.457632303700514
d:774:6.622157397090984,12.540114434663343,12.54010886093418,18.45806589850654
d:775:6.621853723093128,12.540114423310392,12.540108842414593,18.458369542631857
d:776:6.621599172037161,12.540114430893759,12.540108826843223,18.45862408569982
d:777:6.621303530475235,12.54011441190586,12.540108822213,18.458919703643627
d:778:6.621054768114629,12.540114411496772,12.54010882527562,18.45916846865776
d:779:6.62089715765147,12.540114413350933,12.540108832951514,18.459326088650975
d:780:6.6207110370351,12.540114419679812,12.540108807658573,18.459512190303286
d:781:6.6205697079866646,12.54011442292541,12.54010879189344,18.459653506832186
d:782:6.620471094684994,12.54011439538409,12.540108775123292,18.459752075822387
d:783:6.620471984153628,12.540114377979823,12.540108756603702,18.4597511504299
d:784:6.620512237669907,12.540114378312378,12.540108760030057,18.459710900672526
d:785:6.620520096668969,12.540114380493382,12.540108765901046,18.45970304972546
d:786:6.620521632366398,12.540114388444078,12.540108772379618,18.4597015284573
d:787:6.620676207625394,12.54011439234319,12.540108772999531,18.45954695771733
d:788:6.620796099998557,12.540114398368306,12.540108771328612,18.45942706969836
d:789:6.6210565973642765,12.540114397182169,12.540108776991932,18.459166576809825
d:790:6.621213252541203,12.54011439736908,12.540108764878184,18.45900990970606
d:791:6.621419805710147,12.540114388996003,12.540108746587833,18.45880332987369
d:792:6.621713065043778,12.540114392601314,12.540108756382196,18.458510083939732
d:793:6.621940598349472,12.540114382396055,12.540108758563111,18.458282542609695
d:794:6.622177223394647,12.540114376111045,12.540108727440145,18.458045880156543
d:795:6.622486953127922,12.54011436748852,12.540108732134673,18.45773614649527
d:796:6.622783325953979,12.540114364270506,12.540108701011704,18.457439739328233
d:797:6.622999853846057,12.540114361142415,12.540108657839973,18.45722316513633
d:798:6.623207730162953,12.540114374653719,12.540108664662771,18.457015309153537
d:799:6.623485597301261,12.5401143817181,12.54010862346573,18.45673740788257
d:800:6.624022656998594,12.54011438849226,12.540108608830025,18.45620034032369
d:801:6.623089943668159,12.54011438932457,12.540108624399284,18.457133070055693
d:802:6.622495727422443,12.540114385833766,12.540108627705301,18.457727286116626
d:803:6.622130361582482,12.54011438252533,12.540108617910295,18.45809263885314
d:804:6.621784885636437,12.540114378663539,12.540108622097911,18.458438115125013
d:805:6.6213865034283295,12.540114380451543,12.540108622063784,18.458836499086996
d:806:6.620982326505825,12.540114382106406,12.54010862859198,18.45924068419256
d:807:6.620667476379566,12.54011437993602,12.540108633778118,18.459555537334573
d:808:6.6204123795358605,12.540114383659493,12.540108632828924,18.459810636952557
d:809:6.620099593699955,12.540114386783404,12.540108639357122,18.46012343244057
d:810:6.619867393196049,12.54011437937157,12.540108641538044,18.460355627713565
d:811:6.6197322290399825,12.540114379038194,12.540108648650207,18.46049079864842
d:812:6.619532221646466,12.54011437855306,12.540108651403397,18.46069080830999
d:813:6.6193923159124,12.540114377525335,12.540108655067808,18.460830716680743
d:814:6.619275434090959,12.54011437279656,12.540108657248727,18.46094759595433
d:815:6.619253801553789,12.540114377323963,12.540108662380966,18.46096923815114
d:816:6.6192970086895,12.540114375816316,12.540108670240526,18.460926037367344
d:817:6.61927418940866,12.540114381109804,12.540108656830483,18.460948848531626
d:818:6.619292685907581,12.540114370340813,12.540108618983188,18.46093030341642
d:819:6.619431155745115,12.540114367391102,12.540108607778112,18.4607918194241
d:820:6.619566843794399,12.540114368502241,12.540108608110582,18.460656132818425
d:821:6.619761407852,12.54011436883481,12.540108600814914,18.460461561797725
d:822:6.619891346205968,12.540114371958726,12.540108591938967,18.460331617691725
d:823:6.6200855646472405,12.540114377305581,12.540108594503629,18.46013740716197
d:824:6.620346529897638,12.540114375050425,12.540108601615799,18.459876446768586
d:825:6.620489332145894,12.540114373048272,12.540108608870742,18.45973364977312
d:826:6.62070824677264,12.540114365401397,12.540108610255926,18.45951472888468
d:827:6.620991854180282,12.54011436181864,12.540108616833606,18.459231124471962
d:828:6.621230484329914,12.540114352023728,12.54010861723842,18.458992484932235
d:829:6.621450014260638,12.540114354333667,12.540108625768802,18.45877296584183
d:830:6.621584832393129,12.540114354810594,12.540108632147689,18.458638154565154
d:831:6.621827172974331,12.540114352808443,12.540108574844417,18.45839575467853
d:832:6.622278306094643,12.5401143610739,12.540108584019066,18.457944638998324
d:833:6.621427007851324,12.540114352325208,12.540108582429944,18.45879592690383
d:834:6.620871745962809,12.540114348649976,12.54010858461087,18.459351187298036
d:835:6.620481590002775,12.540114347700882,12.540108573405792,18.4597413311039
d:836:6.620179132904219,12.540114349355754,12.5401085672292,18.460043783680735
d:837:6.619761850348635,12.540114352540636,12.540108527793027,18.46046102998503
d:838:6.619384408078137,12.540114361757439,12.540108516587953,18.460838470267255
d:839:6.61910123929005,12.540114362377455,12.540108522458958,18.461121645546363
d:840:6.6188262756453575,12.540114356522214,12.540108513325677,18.461396594202533
d:841:6.6185608565886795,12.540114346861813,12.54010851229786,18.461662002570993
d:842:6.6183095217529235,12.540114343186582,12.540108509785615,18.461913331219275
d:843:6.618169610674087,12.540114332842215,12.540108517871875,18.462053240040003
d:844:6.6179530958990895,12.540114337481302,12.540108510224908,18.46226975180712
d:845:6.6178136532168885,12.540114333990504,12.540108517384812,18.46240919815843
d:846:6.617693972475816,12.540114334892984,12.540108523663385,18.462528886080552
d:847:6.617648213995206,12.540114332974301,12.540108528413288,18.462574647392383
d:848:6.617676599382204,12.540114320860646,12.540108511849166,18.462546233327608
d:849:6.617654389908662,12.540114316032636,12.540108516376488,18.462568442500462
d:850:6.617643093693374,12.54011430157787,12.540108508126629,18.462579716011124
d:851:6.617752070055495,12.540114298716617,12.540108507098816,18.462470735759936
d:852:6.617887969776621,12.540114295766909,12.540108504928345,18.462334830918632
d:853:6.618076562405257,12.54011429966604,12.540108501437452,18.462146238698235
d:854:6.618193474482588,12.54011430668243,12.540108508927618,18.46202934112746
d:855:6.618335905814057,12.54011431181478,12.540108515847463,18.461886921848183
d:856:6.61858470365846,12.540114303441712,12.540108513335221,18.46163811311847
d:857:6.618726174396457,12.540114302334981,12.540108507479882,18.461496635418406
d:858:6.6189174453446995,12.540114297900374,12.540108509399865,18.46130536195554
d:859:6.619159784896613,12.540114299754553,12.540108513182018,18.461063028039955
d:860:6.619351917496829,12.540114296893305,12.540108515809777,18.460870895206256
d:861:6.61949519073012,12.540114296635295,12.540108501533776,18.46072760743895
d:862:6.619627186818718,12.540114299513078,12.540108487257779,18.46059559995214
d:863:6.619848155691045,12.54011430755435,12.540108487662597,18.460374639525902
d:864:6.620228930513381,12.540114303692572,12.540108494822512,18.459993868001703
d:865:6.619433866910516,12.540114301266545,12.540108492049148,18.460788926405176
d:866:6.6188900501672805,12.540114303640571,12.540108496179474,18.461332749652765
d:867:6.618562310400524,12.540114305626282,12.540108487929617,18.461660483155374
d:868:6.6182016145292835,12.540114311804018,12.54010849043096,18.462021187705695
d:869:6.61780137629999,12.540114311917632,12.540108497638467,18.462421433256107
d:870:6.617451085026843,12.540114308789555,12.54010849503965,18.46277171880236
d:871:6.617127850586947,12.540114282032729,12.540108501862473,18.463094933308255
d:872:6.616862510035073,12.540114261811205,12.540108498734305,18.463360250510437
d:873:6.61660524274772,12.540114256883339,12.54010848738126,18.46361750151688
d:874:6.61633022846129,12.540114252641928,12.540108478117777,18.463892502298414
d:875:6.616160112345039,12.540114243508743,12.5401084689845,18.464062600148203
d:876:6.615986343946812,12.540114248036165,12.540108446275283,18.464236350364637
d:877:6.615816915058421,12.54011424724321,12.54010843862832,18.46440577081311
d:878:6.6156843058563375,12.540114248215549,12.540108438445223,18.464538380804434
d:879:6.6156187802900845,12.540114244724757,12.54010843584641,18.464603900281084
d:880:6.615628519065197,12.540114227954696,12.54010843333417,18.464594142223667
d:881:6.615574542541481,12.540114210764587,12.540108439961188,18.464648108184292
d:882:6.615575181402143,12.540114188927596,12.540108439552034,18.46464744707749
d:883:6.615637091601922,12.540114168960386,12.540108441668124,18.46458551902659
d:884:6.6157369261732555,12.540114173655034,12.540108436231495,18.464485683713274
d:885:6.61589234855898,12.54011416452185,12.540108433632682,18.46433024959555
d:886:6.615996694393157,12.540114148362214,12.540108397911037,18.464225851880094
d:887:6.6161329143629075,12.540114151115514,12.540108400973686,18.464089637726293
d:888:6.616297507446891,12.540114154661453,12.540108403024675,18.463925050239236
d:889:6.616442540335889,12.540114155352555,12.540108378749274,18.46377999376594
d:890:6.616593172181908,12.540114155757475,12.540108381564842,18.46362936514041
d:891:6.616784597432929,12.5401141575455,12.540108363723508,18.46343792383608
d:892:6.616934725231911,12.54011415690719,12.540108349972588,18.463287781647868
d:893:6.617060399430919,12.540114154481167,12.540108352600353,18.4631621076506
d:894:6.617134519189943,12.540114159008596,12.540108315492859,18.46308795531151
d:895:6.6173103706167815,12.540114161059677,12.540108320625125,18.462912111068018
d:896:6.617573880111163,12.540114160498147,12.540108318026313,18.4626485984133
d:897:6.616847974340807,12.540114153202577,12.540108266891188,18.463374445752958
d:898:6.616344083110999,12.540114152944573,12.540108260496858,18.463878330330434
d:899:6.616022727963912,12.540114155760241,12.540108200480827,18.464199628277154
d:900:6.615699497993461,12.54011416173421,12.540108210715147,18.464522874455895
d:901:6.615300370778215,12.540114159048457,12.54010821590131,18.46492200417155
d:902:6.614939731775706,12.540114152322042,12.54010821601483,18.465282636561163
d:903:6.61465239199417,12.540114128046731,12.54010819924467,18.465569935297232
d:904:6.614402487829459,12.540114107304326,12.540108205573492,18.46581982504836
d:905:6.614122129310868,12.540114085747955,12.540108193768306,18.466100150205396
d:906:6.61387674705237,12.540114072505801,12.540108190640142,18.466345516093572
d:907:6.613693054479832,12.540114073891093,12.540108196355655,18.46652921576692
d:908:6.613515250294544,12.540114064096187,12.540108186011194,18.46670699981284
d:909:6.613341477748662,12.540114053890935,12.540108178125747,18.46688075426802
d:910:6.6131939010110266,12.540114038511142,12.54010818087896,18.467028318379075
d:911:6.613093144389879,12.540114030982217,12.540108188322371,18.46712907491471
d:912:6.613083497660131,12.540114016706305,12.540108191385025,18.467138710431197
d:913:6.613027091817052,12.540113992098824,12.54010818225175,18.46719508253352
d:914:6.613001217004779,12.540113979670643,12.540108188378696,18.46722095104456
d:915:6.613043679591392,12.540113959190752,12.540108189210935,18.467178468810296
d:916:6.613133098010664,12.540113951778924,12.540108194557725,18.467089048325985
d:917:6.613199453174694,12.540113942515532,12.540108198103571,18.46702268744441
d:918:6.613298034698108,12.540113938559678,12.540108199556592,18.46692410341816
d:919:6.6134088945182725,12.540113939944973,12.54010820339731,18.46681324882401
d:920:6.61356197018446,12.540113944472406,12.540108209625512,18.466660183913458
d:921:6.613671033151309,12.540113944438396,12.540108208754592,18.46655112004168
d:922:6.613757522136538,12.540113941399756,12.540108211507809,18.46646463077103
d:923:6.613869474083156,12.540113942852873,12.54010821857214,18.466352687341857
d:924:6.614047273794682,12.540113943185457,12.540108223043354,18.46617489243413
d:925:6.614086364445249,12.540113943662405,12.540108219643916,18.46613579886107
d:926:6.614122064378304,12.540113946786345,12.540108222828723,18.466100105236766
d:927:6.614213289783457,12.54011395197261,12.540108216324423,18.466008878513577
d:928:6.614463211157759,12.540113953083775,12.54010819103145,18.465758932957467
d:929:6.613820286159257,12.54011395433259,12.540108193147553,18.466401861320886
d:930:6.613313246246342,12.540113950657366,12.540108188018035,18.46690889242906
d:931:6.612972103113435,12.540113948821741,12.54010817976818,18.46725002547649
d:932:6.6126430031622725,12.54011394848839,12.540108176906847,18.467579122232966
d:933:6.6122776886440455,12.54011394925027,12.540108181876358,18.46794444248258
d:934:6.611924690679068,12.540113936174198,12.540108194043103,18.468297439538233
d:935:6.611640089863155,12.540113914051648,12.540108192040876,18.46858201622937
d:936:6.611418662959945,12.540113909123793,12.540108210399053,18.4688034565629
d:937:6.6111014185044645,12.540113888114554,12.540108220233952,18.469120689844043
d:938:6.6108840075023885,12.540113871753974,12.540108225580749,18.469338089832334
d:939:6.610682705099212,12.540113848123323,12.540108223661992,18.469539366686103
d:940:6.610513896495689,12.54011382571012,12.54010819612054,18.46970812533497
d:941:6.610332738468031,12.540113794078568,12.540108201783905,18.469889257394442
d:942:6.610173611472046,12.540113776888449,12.540108198293026,18.470048363709427
d:943:6.610073429043524,12.5401137538779,12.54010820487074,18.470148529705117
d:944:6.6099955568096895,12.540113728231184,12.54010819260049,18.470226364021986
d:945:6.609929812540898,12.54011370639418,12.540108172883585,18.470292066736867
d:946:6.609869936048703,12.540113690433028,12.540108153656217,18.47035190804054
d:947:6.609865289869358,12.540113669152515,12.5401081530946,18.470356532377757
d:948:6.609913300950193,12.540113660019328,12.540108108837707,18.470308467906843
d:949:6.609983751198456,12.54011366841787,12.540108126857039,18.470238044076453
d:950:6.610034390531659,12.540113670205905,12.540108134532986,18.47018741420723
d:951:6.610091157599648,12.540113669490468,12.540108129403473,18.470130641294293
d:952:6.610137401517935,12.540113670739277,12.54010813264902,18.470084401870363
d:953:6.610226148136171,12.540113673113325,12.540108135276801,18.469995660253957
d:954:6.610281264203156,12.540113680177752,12.540108141705648,18.469940557680243
d:955:6.610356296394823,12.540113685788874,12.54010813901981,18.469865528413862
d:956:6.610478252557364,12.54011367825995,12.540108111478354,18.46974353718094
d:957:6.610495080780044,12.54011368239039,12.540108106848152,18.4697267084585
d:958:6.610510931574346,12.540113668639558,12.540108117161221,18.469710854226435
d:959:6.610553293628762,12.540113668078034,12.54010807596411,18.46966845041338
d:960:6.610658468706614,12.540113670323667,12.540108069012327,18.46956327062938
d:961:6.61011358106197,12.540113670140679,12.540108036855631,18.470108125934342
d:962:6.609677376088751,12.54011367076072,12.540108041043293,18.470544335715264
d:963:6.60934299835538,12.54011367287692,12.540108035293656,18.470878709815196
d:964:6.609022169872812,12.540113675250968,12.540108033457944,18.4711995388361
d:965:6.608698222525991,12.540113664192617,12.540108034775056,18.471523476441682
d:966:6.608398946412816,12.540113643712722,12.540108028270758,18.471822725570664
d:967:6.608112413691455,12.540113626522599,12.540108032685666,18.47210924551681
d:968:6.607906123606625,12.540113618993677,12.540108034206238,18.47231552959329
d:969:6.607593448098672,12.540113597713162,12.540108037145835,18.472628186760325
d:970:6.607367530798925,12.540113576970741,12.540108044589264,18.472854090761082
d:971:6.607172059923226,12.54011356159094,12.540108042418815,18.473049544086532
d:972:6.606987085919755,12.540113548679273,12.540108045234405,18.473234507993922
d:973:6.606810694246967,12.540113530615056,12.540108047672192,18.47341088404028
d:974:6.606660270454764,12.540113507905915,12.540108052587096,18.473561290038244
d:975:6.606599538083305,12.540113489615642,12.540108055649771,18.473622007182108
d:976:6.606480702295947,12.540113478113362,12.540108051693828,18.473740827511243
d:977:6.606379041538393,12.540113464703404,12.540108054131617,18.47384247729663
d:978:6.606319737681762,12.540113451123903,12.540108052865637,18.47390176630778
d:979:6.606288431954638,12.540113437373066,12.54010805767075,18.473933063089177
d:980:6.606297391483057,12.54011341838514,12.54010805800326,18.47392408490534
d:981:6.606336363170925,12.540113408179884,12.540108060880975,18.473885105889934
d:982:6.606334256431168,12.540113410360933,12.54010806369657,18.473887217626334
d:983:6.606348089032668,12.540113396085015,12.540108023403684,18.473873330456033
d:984:6.606416754269414,12.540113400157942,12.54010801775906,18.473804663647588
d:985:6.606441013592864,12.54011340658689,12.540108018731328,18.473780411725354
d:986:6.606442568803921,12.540113401046689,12.540108017938298,18.473778850181066
d:987:6.606481532214328,12.5401133902777,12.540108011543978,18.47373986960735
d:988:6.606570750074926,12.540113382630832,12.540107980914172,18.473650613470078
d:989:6.6065763490120055,12.540113388294294,12.540107984400422,18.47364502368271
d:990:6.606575436818144,12.540113391233987,12.54010798776677,18.473645942182614
d:991:6.606584982381651,12.540113396897453,12.540107993325307,18.47363640784111
d:992:6.60662826331507,12.540113399078502,12.540107997852667,18.4735931336161
d:993:6.60617391761453,12.540113389011182,12.540108000162553,18.474047471559206
d:994:6.605778622243495,12.540113380135335,12.540108006136457,18.474442764028296
d:995:6.605459885348026,12.540113387199778,12.540108005727323,18.474761507579075
d:996:6.605164600187848,12.540113376994523,12.540108007515277,18.47505678432195
d:997:6.604821154429537,12.540113359804394,12.54010795638009,18.475400161754948
d:998:6.604557034621543,12.540113342183089,12.540107960452936,18.475664268014484
d:999:6.604248795401144,12.540113324341833,12.540107935506253,18.475972464446944
d:1000:6.604010166582928,12.54011331681291,12.540107918527418,18.4762110687574
d:1001:6.603762933415034,12.540113306745589,12.540107922132693,18.476458295463246
d:1002:6.603503523316096,12.540113290585937,12.540107911788237,18.47671767905808
d:1003:6.603324880641857,12.540113268172721,12.54010791597591,18.476896303506773
d:1004:6.603151996099786,12.540113260760895,12.540107919874988,18.477069184536095
d:1005:6.602957643319119,12.540113242470614,12.540107910347917,18.477263509499412
d:1006:6.602801838385851,12.540113233973301,12.540107912721883,18.477419308309333
d:1007:6.602696068252378,12.540113225350787,12.540107914838003,18.477525071936412
d:1008:6.6025752469456656,12.540113206831261,12.540107922788682,18.477645882674278
d:1009:6.6024999953498344,12.540113199065587,12.540107934017913,18.477721137733663
d:1010:6.602395086293061,12.540113191180236,12.540107952280032,18.477826057167206
d:1011:6.602353850785459,12.540113169057665,12.540107940474847,18.477867258747054
d:1012:6.6023378369174495,12.540113155647703,12.540107930407439,18.47788324913769
d:1013:6.602325296628866,12.540113133234485,12.540107925379028,18.477895761984644
d:1014:6.602279024754633,12.54011312188153,12.540107930990075,18.477942028116974
d:1015:6.602293040952567,12.540113106116468,12.54010793483082,18.47792799999472
d:1016:6.602289486836117,12.54011311303645,12.540107919827268,18.4779315460276
d:1017:6.6022922982813235,12.540113109728033,12.540107922137157,18.477928733583866
d:1018:6.602259043172392,12.540113087314815,12.540107902169837,18.47796194631226
d:1019:6.602260646303517,12.54011308522879,12.540107901760706,18.47796034068598
d:1020:6.6022861523229,12.540113086408933,12.540107897031866,18.4779348311179
d:1021:6.602253446706015,12.540113082167531,12.540107900696334,18.47796753615785
d:1022:6.602217837757827,12.540113079394276,12.540107889043263,18.47800313067971
d:1023:6.6021803348602965,12.540113067589175,12.540107886181943,18.47804061891082
d:1024:6.602183744432722,12.540113070404866,12.540107897374025,18.47803722334617
d:1025:6.602028848174815,12.54011307258592,12.54010789610805,18.478192120519157
d:1026:6.601864208543489,12.540113073488426,12.540107899231927,18.478356764176866
d:1027:6.601772744991845,12.54011307697477,12.540107902718187,18.478448234701112
d:1028:6.601645200194703,12.54011303380301,12.540107920037933,18.47857575364624
d:1029:6.601461468842338,12.540113042289672,12.540107930429379,18.478759503876713
d:1030:6.601353541271671,12.540113042181353,12.540107919516263,18.478867420425946
d:1031:6.60124189253175,12.540113033432664,12.540107905061397,18.478979045962312
d:1032:6.60112756104332,12.540113022947981,12.540107901661976,18.479093363566637
d:1033:6.6010051790855435,12.540113014072132,12.54010789131752,18.47921572630411
d:1034:6.600884107799956,12.540113017912965,12.540107890524503,18.479336800637512
d:1035:6.600830219947753,12.540113006410685,12.540107896083052,18.479390682545983
d:1036:6.600765583777154,12.540113013330675,12.540107900497985,18.479455330051508
d:1037:6.600684367918447,12.54011301813589,12.540107907705545,18.47953655792299
d:1038:6.600594825110495,12.54011298543671,12.54010791496056,18.479626075286777
d:1039:6.600581773514442,12.540112979581478,12.540107911561137,18.479639117628174
d:1040:6.60057485271701,12.540112980201528,12.540107894582302,18.47964602206682
d:1041:6.600563192956802,12.540112983079343,12.540107892070093,18.479657682192634
d:1042:6.600568693402945,12.54011296567505,12.54010791142704,18.479652183699145
d:1043:6.600616888396512,12.540112931833319,12.54010791109362,18.47960395453043
d:1044:6.600690904290154,12.540112915472719,12.54010791644045,18.479529927623012
d:1045:6.6007402824681165,12.54011288909436,12.540107917825683,18.479480524451926
d:1046:6.6007984021316695,12.540112890343188,12.540107923119148,18.479422411330667
d:1047:6.600886892535353,12.540112878384534,12.54010791778555,18.47933390363473
d:1048:6.600999071254023,12.540112862023937,12.540107923448947,18.47922171421886
d:1049:6.601045917331554,12.540112849910273,12.540107931354177,18.479174863932897
d:1050:6.601158267907074,12.540112852411738,12.540107944307586,18.47906252881225
d:1051:6.60124087420343,12.540112854331852,12.54010795314188,18.478979933270303
d:1052:6.601398959149822,12.540112852245828,12.54010797028193,18.478821863377934
d:1053:6.601517537985977,12.540112852285818,12.540107975892994,18.478703290192833
d:1054:6.6016255714356795,12.540112856416275,12.540107965408229,18.478595250388825
d:1055:6.601752803426468,12.540112859355979,12.540107965374158,18.47846802130367
d:1056:6.60186848784641,12.540112858717693,12.540107975529438,18.47835234640072
d:1057:6.601727073317498,12.54011286284815,12.54010794440639,18.478493733937043
d:1058:6.60154257055493,12.540112867817781,12.54010794537868,18.478678242641532
d:1059:6.601475332225991,12.540112860405955,12.540107956718911,18.478745484898877
d:1060:6.601315091717641,12.540112866431144,12.540107964302285,18.47890573901579
d:1061:6.601182621041762,12.540112871125833,12.540107959374357,18.479038209458427
d:1062:6.601025268784703,12.540112841891961,12.540107958735991,18.47919553184325
d:1063:6.6009322122172875,12.540112840864275,12.540107939747973,18.47928856839496
d:1064:6.600798034050321,12.540112844528835,12.54010793588613,18.479422746364644
d:1065:6.600681105610089,12.540112830429827,12.540107942709016,18.47953966752875
d:1066:6.6005726324846705,12.5401128340352,12.54010794649123,18.47964814804176
d:1067:6.600513021199269,12.540112836345186,12.540107946382836,18.47970776152875
d:1068:6.600442408294416,12.540112836965243,12.540107934269095,18.47977836293992
d:1069:6.600374836348447,12.54011281020836,12.54010793907424,18.479845912934152
d:1070:6.600307504986386,12.540112807169734,12.54010794297334,18.479913245156688
d:1071:6.60030596364243,12.54011281230213,12.54010794772331,18.47991479638301
d:1072:6.6002703410103045,12.540112804655264,12.540107964231714,18.479950427876673
d:1073:6.600278844596982,12.540112789083965,12.540107969255708,18.47994191374269
d:1074:6.600269286513576,12.540112784938307,12.540107973726968,18.4799514721517
d:1075:6.600294719306824,12.540112783267524,12.540107981356723,18.479926045317423
d:1076:6.600374705455923,12.540112784099883,12.54010797804824,18.4798460566922
d:1077:6.600430002534232,12.540112778138273,12.540107987802118,18.479790763406157
d:1078:6.600491866808081,12.540112767079915,12.540107994914374,18.47972889518621
d:1079:6.600623322233417,12.540112754966255,12.540108000733788,18.479597433466626
d:1080:6.600664461393773,12.540112744053225,12.540108005372854,18.479556288032306
d:1081:6.600763308214837,12.540112743795246,12.540108012389226,18.479457447969637
d:1082:6.600842429972321,12.540112748153753,12.540108024021752,18.479378342203184
d:1083:6.600931339943603,12.540112747820423,12.540108029100004,18.479289436976824
d:1084:6.601083356425345,12.540112729300887,12.540108031020047,18.47913740389559
d:1085:6.601171406325491,12.54011274038108,12.54010803345787,18.479049367513458
d:1086:6.6012838006227135,12.540112746096733,12.54010803998616,18.47893698546018
d:1087:6.601388006734847,12.540112746999252,12.54010803903703,18.478832779301435
d:1088:6.601528156273638,12.540112752077581,12.54010804389717,18.478692639701116
d:1089:6.6013868513700835,12.54011274965158,12.54010804486947,18.478833943150967
d:1090:6.601216386393435,12.540112709358729,12.540108044761084,18.47900436772638
d:1091:6.601100722513273,12.540112700095335,12.540108057747869,18.47912003532993
d:1092:6.601005724584024,12.540112703219311,12.540108065144441,18.47921504377973
d:1093:6.600848923575455,12.540112703259311,12.540108067772266,18.47937184745612
d:1094:6.600713530016861,12.540112703001338,12.540108076692356,18.479507249676832
d:1095:6.60059074715539,12.540112704386662,12.54010807597686,18.47963003320813
d:1096:6.600473126600296,12.540112696501312,12.540108071831131,18.47974764173215
d:1097:6.600365940191999,12.540112699066125,12.540108071269554,18.47985483014368
d:1098:6.600272218752313,12.540112680078181,12.54010806530787,18.479948526633738
d:1099:6.6002192382827225,12.540112679969873,12.540108065347791,18.48000150703494
d:1100:6.600156713788305,12.540112677020193,12.540108079429743,18.48006404266163
d:1101:6.60005596931363,12.540112678808256,12.540108061365437,18.480164770860064
d:1102:6.60000252003454,12.540112674373669,12.540108043301128,18.48021819764026
d:1103:6.599990558318812,12.540112631201868,12.540108069988126,18.480230142871182
d:1104:6.600004415188085,12.540112620996615,12.540108070679192,18.48021627648772
d:1105:6.599954970757679,12.54011258829741,12.540108078169446,18.48026569570918
d:1106:6.599949971089696,12.540112584806637,12.540108082414264,18.480270696131203
d:1107:6.600012367835646,12.54011258899442,12.540108089478661,18.480208310637437
d:1108:6.600061119765289,12.540112593124892,12.540108111355918,18.48015958471552
d:1109:6.600102173154788,12.54011256747813,12.540108120946437,18.48011851526978
d:1110:6.6001657771668505,12.540112570417847,12.540108142531649,18.480054935782647
d:1111:6.600258143562922,12.540112561413839,12.540108154628241,18.479962572479156
d:1112:6.600404136114097,12.540112566813958,12.540108165857525,18.479816596557388
d:1113:6.600462801026733,12.540112550043872,12.54010817380825,18.47975792282539
d:1114:6.600550354287378,12.54011255748743,12.54010817747275,18.4796703806728
d:1115:6.600632244283062,12.54011256283436,12.540108182551014,18.479588501102313
d:1116:6.600759703325355,12.540112552767036,12.540108177319802,18.47946102676148
d:1117:6.600856990178407,12.540112557125553,12.540108174893732,18.479363741840878
d:1118:6.600939098219062,12.540112513953744,12.540108171675683,18.479281587410366
d:1119:6.601051477309738,12.540112505947832,12.540108172578138,18.47916920121623
d:1120:6.601221529153154,12.540112507333163,12.5401081806645,18.47899915884451
d:1121:6.601014207916521,12.540112489928859,12.540108184150796,18.479206466163134
d:1122:6.60087446568663,12.540112489595534,12.540108189814221,18.479346213723126
d:1123:6.600819201251905,12.540112495518212,12.540108201228048,18.479401495494354
d:1124:6.600685985723242,12.540112500758235,12.54010820971467,18.479534724749666
d:1125:6.600535350347364,12.540112508107853,12.54010821390239,18.479685371662878
d:1126:6.600416908445482,12.540112510481931,12.540108208047094,18.479803810083546
d:1127:6.600289774658574,12.54011249391787,12.540108191482963,18.479930910742258
d:1128:6.600180835320309,12.540112492890193,12.540108172255588,18.480039829825472
d:1129:6.600073268668698,12.540112472410266,12.540108156095851,18.48014735983742
d:1130:6.599976756044843,12.54011246568386,12.540108142516267,18.480243852155287
