data: dataset/paper_dataset/
d:1:2.157354227704884,7.458362658993195,7.4583625408490395,12.75937097213735
d:2:1.3376155889451216,7.458362701018897,7.458362541005373,13.579109653079149
d:3:1.0188376497790443,7.458362650252198,7.458362470719969,13.897887471193123
d:4:0.8720773136908111,7.458362660180091,7.458362473249116,14.044647819738396
d:5:0.8085357881352806,7.458362628571599,7.458362483177012,14.108189323613331
d:6:0.7826409406585793,7.458362653566862,7.458362502774648,14.13408421568293
d:7:0.762000477412867,7.458362619334611,7.458362456429512,14.154724598351256
d:8:0.7498573260535633,7.458362610960316,7.458362479119881,14.166867764026634
d:9:0.7413424427251325,7.4583626361573465,7.458362467939237,14.17538266137145
d:10:0.7347519204448982,7.458362623351485,7.458362477867066,14.181973180773653
d:11:0.7290707202815447,7.458362607291736,7.458362376215165,14.187654263225356
d:12:0.7258943997280038,7.45836264931744,7.458362421394385,14.190830670983821
d:13:0.7214961230238668,7.4583626239684,7.458362383312435,14.195228884256968
d:14:0.7191939442375386,7.458362569043899,7.458362425338141,14.197531050144502
d:15:0.7166239811935853,7.458362550288358,7.458362354868376,14.200100923963149
d:16:0.7146834410596377,7.458362542430088,7.4583623939961115,14.202041495366561
d:17:0.7125702814298869,7.458362588856165,7.458362440422187,14.204154747848465
d:18:0.7110693389005238,7.458362608959664,7.458362383891139,14.205655653950279
d:19:0.7095552157719549,7.458362569577609,7.45836238642015,14.207169740225805
d:20:0.7081336873260877,7.458362616003686,7.458362409115766,14.208591337793365
d:21:0.7069319098570368,7.458362641200708,7.458362454294987,14.209793185638658
d:22:0.7058127118528237,7.458362607861751,7.458362429797614,14.210912325806541
d:23:0.7042954430838808,7.458362642104609,7.458362410693786,14.212429609714514
d:24:0.7034618907697308,7.458362635412371,7.458362446615489,14.213263191258129
d:25:0.7025249500999671,7.458362645542103,7.458362471548696,14.214200166990832
d:26:0.7014993388928552,7.458362611592792,7.458362400891167,14.215225673591103
d:27:0.700414059670857,7.458362616142136,7.4583623545287825,14.216310911000061
d:28:0.699920481646247,7.458362643669647,7.458362335114,14.2168044971374
d:29:0.6988346954960125,7.458362628974587,7.458362319663019,14.217890253141594
d:30:0.6982986505141113,7.458362656502089,7.458362305413029,14.218426311401007
d:31:0.6973551128354156,7.458362635216568,7.458362350592253,14.219369872973406
d:32:0.6967999109439962,7.458362642140244,7.458362372752829,14.219925103949077
d:33:0.6958882135328182,7.458362633623651,7.45836240699569,14.220836827086522
d:34:0.6952886438152373,7.458362663389737,7.458362368517138,14.221436388091638
d:35:0.6947603092598236,7.458362647329119,7.4583623614874845,14.22196469955678
d:36:0.6941177137607273,7.458362689354832,7.4583623890149955,14.2226073646091
d:37:0.6934722453200681,7.458362626674198,7.458362376489552,14.223252757843682
d:38:0.6929051987517081,7.458362636602033,7.458362369211146,14.22381980706147
d:39:0.6925444658459377,7.458362639131188,7.4583623737604885,14.224180547045739
d:40:0.6917771073315713,7.458362607518657,7.458362363366485,14.22494786355357
d:41:0.6913331945819223,7.4583626084892,7.458362387151896,14.225391801059173
d:42:0.6909890343744802,7.458362653668438,7.4583623523344205,14.225735971628378
d:43:0.6904880522185302,7.458362626491429,7.45836239044894,14.226236964721839
d:44:0.6900800715542879,7.458362604628121,7.458362296739317,14.22664482981315
d:45:0.6895151437519118,7.458362630350962,7.458362321734594,14.227209808333644
d:46:0.6892069266643297,7.458362621216706,7.45836236816068,14.227518062713056
d:47:0.6887344976521259,7.458362667642795,7.45836234312182,14.22799051311249
d:48:0.6883834799517121,7.458362672275916,7.458362294044775,14.22834148636898
d:49:0.688040763699286,7.458362651841215,7.458362336070497,14.228684224212426
d:50:0.6876164048865263,7.458362698267308,7.458362291331275,14.229108584712057
d:51:0.6872339681138957,7.458362722585159,7.458362326777152,14.229491081248415
d:52:0.6871012603471343,7.45836268783928,7.458362321588382,14.229623749080528
d:53:0.6867423794643557,7.458362678933302,7.458362313572538,14.229982613041484
d:54:0.6865149265639214,7.458362688727531,7.458362349018412,14.230210111182021
d:55:0.6860241294302707,7.45836272684206,7.458362334767692,14.23070093217948
d:56:0.6859720193079486,7.458362772021303,7.458362379946928,14.230753132660283
d:57:0.6854983537121573,7.458362724431202,7.4583623976239615,14.231226768343006
d:58:0.6851887662733187,7.458362744534691,7.458362419784528,14.2315363980459
d:59:0.6848485921331271,7.458362776331864,7.458362466210625,14.231876650409362
d:60:0.6845768691966345,7.458362735100351,7.45836246097535,14.232148326879067
d:61:0.6842735941151723,7.458362701226848,7.458362465524578,14.232451572636254
d:62:0.6840926241340899,7.458362653617247,7.458362500970454,14.23263253045361
d:63:0.6838774334360274,7.458362685414414,7.4583625473965505,14.232847799374937
d:64:0.6835009142160455,7.458362724542178,7.458362476547695,14.233224286873828
d:65:0.68320943888431,7.458362714046785,7.4583624771711605,14.233515752333636
d:66:0.6830419796486886,7.458362760472884,7.458362519196891,14.233683300021086
d:67:0.6828352921905552,7.458362777054772,7.458362444936643,14.23388992980086
d:68:0.6825791633157241,7.458362760993285,7.45836249136274,14.234146089040301
d:69:0.6824923528379241,7.458362803019016,7.458362488868865,14.234232939049956
d:70:0.6821972211696146,7.458362788230865,7.458362448989286,14.234528016050536
d:71:0.6819922026210374,7.458362834656965,7.45836248811705,14.234733120152978
d:72:0.6818110655424441,7.458362854760434,7.4583624496305525,14.234914238848543
d:73:0.6814114267393983,7.458362841370011,7.4583624877450845,14.235313902375697
d:74:0.681373144945205,7.45836287948455,7.458362471425676,14.235352205965022
d:75:0.6811084200347235,7.458362846779773,7.458362498953193,14.235616925698242
d:76:0.6810472675588617,7.458362858777203,7.458362506791408,14.23567809800975
d:77:0.6807240654510434,7.458362863410217,7.45836248113806,14.236001279097234
d:78:0.6805952078271993,7.458362855883928,7.458362506071273,14.236130154128002
d:79:0.6804540829728296,7.458362838139633,7.458362517411075,14.236271272577879
d:80:0.6801546566470549,7.458362862457484,7.458362477540598,14.236570683351028
d:81:0.6800176259648989,7.458362827706109,7.458362522719847,14.236707724461057
d:82:0.6799741307579836,7.458362865820645,7.458362569145949,14.23675130420861
d:83:0.6798948060788561,7.458362842734292,7.458362561134432,14.236830597789869
d:84:0.6793678518472248,7.458362795105147,7.4583625475416415,14.237357490799564
d:85:0.6793526110206667,7.458362782949413,7.458362519617136,14.237372691545882
d:86:0.6791317843829656,7.458362776884522,7.458362555538866,14.237593548040422
d:87:0.6790685620938515,7.458362715498248,7.458362601964971,14.237656755369368
d:88:0.6789361380767946,7.458362761924356,7.458362614114423,14.237789237961984
d:89:0.6785957075426428,7.458362807103617,7.458362618663546,14.23812971822452
d:90:0.6784564635445989,7.458362764515977,7.458362656778084,14.238268957749462
d:91:0.6782762395443083,7.458362761252113,7.458362633256776,14.23844915496458
d:92:0.678161374038595,7.4583627887796276,7.4583626796828835,14.238564094423916
d:93:0.67814644777315,7.4583627910413295,7.458362711480067,14.238579054748246
d:94:0.6779370581372426,7.458362825284214,7.45836264390376,14.23878841105073
d:95:0.677777496642987,7.458362861205952,7.4583626757009345,14.2389480402639
d:96:0.6778166571514177,7.458362848226507,7.458362720880192,14.238908911955281
d:97:0.6772817552341177,7.458362856566934,7.45836275512308,14.239443856455896
d:98:0.6773193359100187,7.458362853337455,7.45836269820844,14.239406215635876
d:99:0.6770772996156609,7.458362786305649,7.458362688259273,14.239648174949261
d:100:0.677036230994263,7.458362818102824,7.458362668422039,14.2396892555306
d:101:0.6768518639592926,7.4583628601285685,7.458362645124977,14.239873641294253
d:102:0.6767461247926825,7.4583628230755075,7.458362691551088,14.239979389833913
d:103:0.6767794323309637,7.458362775426785,7.458362667748371,14.239946010844193
d:104:0.676592167746147,7.458362795530238,7.458362706876148,14.24013333466024
d:105:0.6765434544209672,7.458362760568022,7.4583626269762195,14.240181933123274
d:106:0.6763558535802847,7.458362752146789,7.45836263226219,14.240369530828694
d:107:0.6763569787045931,7.458362798572908,7.458362678688307,14.240368498556622
d:108:0.6760972857049801,7.45836283770069,7.458362659272309,14.24062821126802
d:109:0.676092083726898,7.458362789733531,7.458362565562632,14.240633271569266
d:110:0.6759001205344575,7.458362823976419,7.458362561012425,14.240825264454386
d:111:0.6756172884581613,7.458362848294259,7.458362571142175,14.241108130978272
d:112:0.675568470400437,7.458362814425783,7.45836254749492,14.241156891520266
d:113:0.6755917553552084,7.458362796695843,7.458362521449054,14.241133562789688
d:114:0.6754004495250445,7.458362834810391,7.458362508304729,14.241324893590075
d:115:0.6753252511723176,7.458362792538882,7.458362490188405,14.241400031554969
d:116:0.6753402588709303,7.45836277457259,7.458362528302949,14.241385044004609
d:117:0.6750857054015054,7.458362748804431,7.458362541056683,14.241639584459609
d:118:0.6749334760407901,7.458362774001477,7.45836249321011,14.241791791170797
d:119:0.6749911350810525,7.458362737092086,7.458362494683204,14.241734096694238
d:120:0.6748755913224294,7.458362749845824,7.458362541109318,14.241849699632713
d:121:0.6745576807508513,7.4583627458456725,7.458362514511183,14.242167579606004
d:122:0.6746412280291292,7.4583626981773286,7.458362494672684,14.242083964820884
d:123:0.6746708545709303,7.458362694166059,7.458362526469864,14.242054366064993
d:124:0.6743502218649251,7.458362685311023,7.458362546067514,14.242375009513612
d:125:0.6743568828919635,7.4583627171082,7.458362499478218,14.242368333694454
d:126:0.6741045201128433,7.458362762287479,7.458362531275393,14.242620773450028
d:127:0.6741254945141932,7.458362700824944,7.45836257330115,14.2425997796119
d:128:0.6739745797640584,7.4583626531369465,7.458362599425621,14.24275067279851
d:129:0.6738879678577128,7.458362699563073,7.458362626695093,14.242837358400454
d:130:0.6735220075559951,7.458362738690866,7.4583626312441105,14.243203362378981
d:131:0.6736980262266297,7.458362738520194,7.458362630435882,14.243027342729446
d:132:0.6736346999548406,7.45836272245783,7.458362619764786,14.243090642267775
d:133:0.6735349191739495,7.4583627676371105,7.45836265521069,14.243190503673851
d:134:0.6734072579683357,7.45836270196744,7.458362647836447,14.243318091835551
d:135:0.6733451641711579,7.458362722070877,7.4583626930157205,14.24338025091544
d:136:0.6733455922785474,7.458362656047482,7.458362666878697,14.243379730647632
d:137:0.6732805793691696,7.458362648088086,7.458362672532946,14.243444741251862
d:138:0.6730882971491976,7.458362668705599,7.458362706775844,14.243637078332245
d:139:0.6729815237173042,7.458362693023432,7.458362702105118,14.243743871411246
d:140:0.6727484926066047,7.458362673702577,7.458362681024116,14.243976862120089
d:141:0.6727689367460563,7.458362690709125,7.458362720151905,14.243956474114974
d:142:0.6728425797373454,7.458362726155052,7.458362766578038,14.243882912995744
d:143:0.6726884279696073,7.4583627381560955,7.458362765451289,14.244037075637777
d:144:0.6725220631722113,7.45836265557303,7.45836274772442,14.244203340125239
d:145:0.6724774644444267,7.45836263007296,7.4583627729215,14.244247938550034
d:146:0.6723847943090391,7.4583626046607066,7.4583627018776095,14.244340512229277
d:147:0.6723563145862226,7.4583626321882335,7.458362655497913,14.244368973099924
d:148:0.6721844194750375,7.458362616028044,7.458362646446272,14.244540842999278
d:149:0.6721402660342886,7.4583626403458645,7.458362688472041,14.244585062783617
d:150:0.6722761802253796,7.4583626370558935,7.458362679501057,14.244449136331571
d:151:0.6719357994706954,7.458362632921,7.458362697178087,14.244789530628392
d:152:0.6719381911521687,7.458362571381649,7.458362670899204,14.244787051128684
d:153:0.6719922999992818,7.458362597104513,7.458362717325336,14.244733014430567
d:154:0.6718642712787535,7.4583625493968135,7.458362697294543,14.244860975412603
d:155:0.6715998831930907,7.458362521647208,7.458362685138809,14.245125323592926
d:156:0.6716147344942982,7.45836253323213,7.458362724266603,14.245110523004435
d:157:0.671604043976691,7.458362517168894,7.458362770692739,14.245121243884942
d:158:0.6714992693803836,7.458362543293362,7.45836277131605,14.245226045229028
d:159:0.6714166017613685,7.458362585319131,7.458362816495342,14.245308800053104
d:160:0.6713965238501984,7.458362587848162,7.458362834172345,14.245328898170309
d:161:0.6712958375482625,7.458362556231576,7.4583628457572715,14.245429564440585
d:162:0.6712500097254921,7.458362581428615,7.458362812068369,14.245475383771492
d:163:0.6712082246671489,7.458362564045149,7.4583627907915595,14.24551713016956
d:164:0.6709733437821743,7.458362598288051,7.458362738157543,14.24575199266342
d:165:0.671027215560672,7.458362623221314,7.458362783336835,14.245698190997476
d:166:0.6707423916036035,7.458362596930513,7.458362786084937,14.245982991411847
d:167:0.6707331045711751,7.4583626190911385,7.458362811018173,14.245992325538136
d:168:0.6707046226319928,7.4583626282685564,7.458362801260305,14.246020806896869
d:169:0.6707438436659476,7.458362660065738,7.458362847686445,14.245981664086235
d:170:0.6705616302044977,7.458362702091513,7.458362852235355,14.24616392412237
d:171:0.6706184558740329,7.458362685399816,7.458362858877516,14.2461070884033
d:172:0.6705112182510096,7.458362687928707,7.458362791301159,14.246214260978856
d:173:0.6704732543636212,7.458362656308093,7.4583628162964715,14.246252218240944
d:174:0.6702822436248645,7.45836270273424,7.458362816919619,14.246443276028995
d:175:0.6702421352088681,7.458362723168717,7.458362762542187,14.246483350502036
d:176:0.6702753365139049,7.458362693138376,7.458362804567967,14.246450161192438
d:177:0.6700530478016447,7.458362731252951,7.458362752555219,14.246672436006525
d:178:0.6700976724366257,7.458362706222497,7.458362722102571,14.246627755888442
d:179:0.6699431336808139,7.4583627514018005,7.458362741700213,14.2467823594212
d:180:0.6700522494858188,7.458362741841306,7.458362640048161,14.246673132403648
d:181:0.6699161470701558,7.458362773638488,7.458362678162734,14.246809304731066
d:182:0.6698032903420916,7.458362818817793,7.458362650676671,14.246922179152373
d:183:0.6698798887411801,7.458362844014831,7.458362580391157,14.246845535664807
d:184:0.6697003856495094,7.458362821675326,7.458362515608494,14.24702495163431
d:185:0.6695970192358303,7.458362800609992,7.458362516320777,14.247128297694939
d:186:0.6696888510885479,7.458362826332854,7.458362507329472,14.247036482573778
d:187:0.6695405160932726,7.458362778605421,7.458362527763947,14.247184790276096
d:188:0.6694265183147721,7.458362726317793,7.45836251726554,14.24729872526856
d:189:0.6694166532530179,7.45836275125105,7.4583624759713665,14.247308573969399
d:190:0.6694059376375741,7.458362717281387,7.458362521150667,14.24731930079448
d:191:0.6692691938402024,7.458362743004235,7.458362517860699,14.247456067024732
d:192:0.6692798674740228,7.4583627269401305,7.4583625421786,14.247445401644708
d:193:0.669270500481888,7.458362700646944,7.458362470935873,14.247454671100929
d:194:0.6690293303780503,7.458362660060322,7.458362424538851,14.247695754221123
d:195:0.6689854290701422,7.458362702086108,7.458362415486775,14.24773968850274
d:196:0.6690270639792821,7.458362686021134,7.458362400646353,14.247698022688205
d:197:0.669046204760182,7.4583627312004435,7.458362335091861,14.247678861532123
d:198:0.668916158685489,7.458362690902565,7.458362265165269,14.247808797382344
d:199:0.668930572609554,7.458362691617511,7.4583623071910505,14.247794426199007
d:200:0.6687030611671503,7.458362674924885,7.4583623122451215,14.248021926002856
d:201:0.6687665637955913,7.458362721351051,7.458362307574115,14.247958465129575
d:202:0.6686783747813863,7.458362741785512,7.4583623074512015,14.248046674455328
d:203:0.6687030154740423,7.458362707056043,7.45836234657901,14.248022038161011
d:204:0.6684244227985694,7.4583626671308,7.458362325293464,14.248300569625695
d:205:0.6685189376786926,7.458362624265813,7.4583622911494665,14.248205977736587
d:206:0.6684979975879166,7.458362662380393,7.45836233757562,14.248227002368097
d:207:0.6683287768877157,7.45836264046766,7.458362317391966,14.24839618097191
d:208:0.668329163514203,7.458362647109821,7.458362359417752,14.24839584301337
d:209:0.6682166243190863,7.458362629378847,7.4583623866872415,14.248508391747002
d:210:0.6681862463157984,7.458362610864148,7.458362391236035,14.248538755784384
d:211:0.6683607926661548,7.458362646785938,7.458362416958934,14.248364271078717
d:212:0.6679297909861219,7.458362627473457,7.458362402606648,14.248795239093983
d:213:0.667976434509832,7.458362673899625,7.458362382452965,14.248748621842758
d:214:0.6680352854649669,7.458362662399827,7.458362412219127,14.248689789153987
d:215:0.667857842385958,7.458362632547152,7.458362378162665,14.248867168323859
d:216:0.6679625321981746,7.458362598932139,7.458362401948117,14.24876246868208
d:217:0.66779867292707,7.458362596075014,7.4583623982672,14.248926321415144
d:218:0.6677346949835119,7.458362548327804,7.458362328515408,14.2489901818597
d:219:0.6677775855687074,7.458362593507124,7.458362370541197,14.248947378479613
d:220:0.6677331994534654,7.45836254389747,7.458362396665686,14.248991741109691
d:221:0.6675568923874469,7.458362550539539,7.458362404080846,14.249168062232938
d:222:0.6675927712352188,7.458362542245959,7.458362389449384,14.249132160460125
d:223:0.6675295464679643,7.458362578167746,7.4583624137672775,14.249195445467059
d:224:0.6676036228340081,7.458362563121836,7.458362398403478,14.249121338691307
d:225:0.6675641145102595,7.45836259736476,7.458362378820331,14.24916086167483
d:226:0.6674118681092516,7.458362636492593,7.458362414266267,14.249313182649608
d:227:0.6673465765310276,7.458362637187749,7.458362400014815,14.249378460671537
d:228:0.6671265649931328,7.458362635695661,7.45836244519413,14.249598515896658
d:229:0.6672166192523754,7.45836267772146,7.458362483308722,14.249508541777807
d:230:0.6671734879990581,7.458362662932535,7.45836251307488,14.249551688008356
d:231:0.6670644665500447,7.4583626674817936,7.45836249829668,14.249660699228428
d:232:0.6670984659853563,7.458362713907972,7.458362522082124,14.24962677000474
d:233:0.6671563969925334,7.458362753035807,7.458362522794248,14.249568878837522
d:234:0.6669342202007584,7.45836269984199,7.458362511613069,14.2497909912543
d:235:0.6668696245717278,7.458362670960755,7.458362549727656,14.249855596116683
d:236:0.6668041381924166,7.458362717386933,7.458362533074725,14.249921112269242
d:237:0.6670023840027124,7.458362753308725,7.458362519563362,14.249722888869375
d:238:0.6668015858255565,7.458362733183632,7.458362561589162,14.249923708947238
d:239:0.6666804504649146,7.458362707959775,7.458362562283822,14.250044819778683
d:240:0.6666843707321597,7.45836272806322,7.458362555167499,14.250040912498559
d:241:0.6666778287964181,7.458362690940984,7.458362600346826,14.250047462491391
d:242:0.6664721710570429,7.458362676660412,7.458362618023822,14.250253123627191
d:243:0.6666075256281125,7.458362666343149,7.458362614814922,14.250117755529958
d:244:0.6664517454202485,7.458362676256954,7.458362571937693,14.250273502774398
d:245:0.6666321946290736,7.458362714371551,7.458362548985965,14.250093068728443
d:246:0.6663290593046067,7.458362693986212,7.4583625941652905,14.250396228846895
d:247:0.6665393562861475,7.458362683668462,7.458362590875083,14.250185918257397
d:248:0.6663992277690571,7.458362686828227,7.45836261519297,14.25032607425214
d:249:0.6660857692663757,7.458362724942823,7.458362632199554,14.250639587876002
d:250:0.6662748968399566,7.458362756740028,7.458362608072775,14.250450467972847
d:251:0.6662796735452723,7.458362801919364,7.458362587466702,14.250445715840794
d:252:0.6660222115311871,7.458362819596456,7.458362622912649,14.250703230977917
d:253:0.666109556576389,7.458362855518253,7.458362618705667,14.250615917647531
d:254:0.6661822065767637,7.458362825140778,7.4583626578335025,14.250543276397517
d:255:0.6660419103650934,7.4583627689792,7.458362682951407,14.250683541565513
d:256:0.6660456029802031,7.4583628070937955,7.458362685213128,14.25067988932672
d:257:0.6659269081676396,7.458362770886385,7.458362727238935,14.25079858995768
d:258:0.6658234348629897,7.458362802683586,7.458362734654024,14.25090210247462
d:259:0.6657820604601614,7.45836283692652,7.458362764420185,14.250943540886544
d:260:0.6660284406855599,7.458362853508428,7.458362776005073,14.25069718882794
d:261:0.6655770546152411,7.4583628232338715,7.458362746446156,14.251148515064786
d:262:0.6656376524508669,7.458362848956735,7.458362754236147,14.251087950742015
d:263:0.6657688524522083,7.458362839822042,7.4583627196156606,14.250956706985495
d:264:0.6655549227059154,7.4583628862482385,7.458362757730264,14.251170721272587
d:265:0.6655989041695722,7.458362931427581,7.458362774736816,14.251126801994825
d:266:0.6655199463660839,7.458362844263959,7.458362768027325,14.2512056659252
d:267:0.665542679433667,7.458362889443302,7.458362760748566,14.251182970758201
d:268:0.6655083463421558,7.458362876578001,7.458362730841541,14.251217261077386
d:269:0.6654876940102561,7.458362888575419,7.458362731464533,14.251237926029695
d:270:0.665245049833203,7.458362870167541,7.458362773490347,14.251480593824684
d:271:0.6653667846137044,7.458362836857152,7.458362749384728,14.251358801628175
d:272:0.6652696187726868,7.458362874971751,7.458362785306537,14.251456041505602
d:273:0.6653150487095587,7.458362826984294,7.458362773929041,14.251410552203776
d:274:0.6653218143635282,7.458362813787025,7.458362754344657,14.251403753768153
d:275:0.6649454970254745,7.458362851901626,7.458362793472503,14.251780148348654
d:276:0.6650884809899722,7.458362794739596,7.458362722026946,14.25163703577657
d:277:0.6650228505051139,7.45836277633062,7.4583626756125625,14.251702601438069
d:278:0.665053597970612,7.458362733028512,7.458362666560058,14.251671801617958
d:279:0.6649962153338169,7.458362715296506,7.458362711739399,14.251729211702088
d:280:0.664841614450701,7.458362670090786,7.458362640086914,14.251883695726999
d:281:0.6648161401898545,7.458362690194223,7.4583625936551705,14.251909143659539
d:282:0.664783015341806,7.458362679272863,7.458362574239153,14.25194223817021
d:283:0.6647119917701936,7.458362689186611,7.458362604005318,14.252013301421735
d:284:0.664604226329395,7.458362652057421,7.458362616427394,14.25212104215542
d:285:0.6647052540387701,7.458362668639298,7.4583625690110225,14.25201998361155
d:286:0.6646119305927254,7.458362620872258,7.458362614190364,14.252113304469896
d:287:0.6646086435495775,7.458362611901277,7.45836262707091,14.25211659542261
d:288:0.6645355338949557,7.458362638025781,7.458362661313869,14.252189765444694
d:289:0.6644847548866952,7.458362669822986,7.458362636072822,14.252240551009113
d:290:0.6644834453194495,7.458362711848814,7.458362601730348,14.252241868259713
d:291:0.6643340429772042,7.458362681591886,7.458362556369472,14.252391194984154
d:292:0.6643063412511978,7.4583626917954575,7.458362580687357,14.252418931231617
d:293:0.6643435503596091,7.458362671879705,7.4583626271135675,14.252381748633663
d:294:0.6642762536946378,7.458362665650387,7.458362631662265,14.252449043618014
d:295:0.66435249541885,7.4583627047782475,7.4583626573851785,14.252372866744576
d:296:0.6642777667836803,7.458362656544722,7.4583626332564705,14.252447523017512
d:297:0.6641642421880913,7.4583626436145245,7.458362612649031,14.252561014075464
d:298:0.6642078291840523,7.458362643055583,7.4583626424151905,14.252517456286721
d:299:0.6641459784539965,7.458362639055178,7.45836264111564,14.252579301716821
d:300:0.6641013217351386,7.458362629871646,7.458362676561604,14.252623984698111
d:301:0.6641409720136906,7.45836263207773,7.458362664596818,14.252584324660857
d:302:0.6641590242260005,7.458362628066208,7.458362706622646,14.252566310462853
d:303:0.6638923462806492,7.458362670092042,7.458362610884979,14.252832934696372
d:304:0.6640631809330735,7.458362631809763,7.4583626189591286,14.252662069835818
d:305:0.663913645475585,7.458362667731574,7.458362607850201,14.25281163010619
d:306:0.6637556917078591,7.458362638050167,7.458362643772022,14.25296959011433
d:307:0.6638719826213659,7.458362673971971,7.458362690198234,14.252853381548839
d:308:0.6637659053012452,7.458362719151333,7.4583626642334515,14.25295947808354
d:309:0.6638888520149706,7.458362666125355,7.458362688551331,14.252836502661715
d:310:0.66359306511632,7.458362702047156,7.458362734977541,14.253132371908377
d:311:0.6636811510690794,7.458362633285262,7.458362724305941,14.253044206522123
d:312:0.6636127596476751,7.458362643213084,7.458362763433797,14.253112646999206
d:313:0.6635586762676784,7.4583626049230265,7.458362691570063,14.25316662022541
d:314:0.6634178929288872,7.458362643037633,7.458362701497885,14.25330745160663
d:315:0.6636651656388999,7.45836260404665,7.458362635474387,14.253060073882137
d:316:0.6633458045938951,7.458362608451932,7.458362607423034,14.25337941128107
d:317:0.6635231482717465,7.458362578191473,7.458362632418375,14.2532020623381
d:318:0.6632741203097687,7.458362578252418,7.458362678844592,14.253451136787241
d:319:0.6635867325139948,7.458362588879519,7.458362653803588,14.253138510169112
d:320:0.6633072918121972,7.458362581400316,7.458362654314298,14.253417943902416
d:321:0.663282188963704,7.458362575335107,7.458362696340128,14.25344308271153
d:322:0.6633238311553313,7.458362535122239,7.458362722464647,14.253401426431555
d:323:0.6631019646773897,7.458362531121569,7.458362720972572,14.253623287416751
d:324:0.6632361077320326,7.4583625251935715,7.458362745290437,14.253489162751976
d:325:0.663132555252739,7.458362521181783,7.45836273479153,14.253592700720574
d:326:0.6630276712515943,7.458362501838106,7.458362754389189,14.2536975849757
d:327:0.6631963413291615,7.4583625377599105,7.4583627079400365,14.253528904370786
d:328:0.6631489996394233,7.458362517007181,7.458362701714677,14.253576219082435
d:329:0.6628824061200991,7.458362514427691,7.4583627468940445,14.253842855201636
d:330:0.6629870966076226,7.4583625395456234,7.4583626748145715,14.253738117752572
d:331:0.6629895015988989,7.458362518336887,7.458362628347997,14.253735645085985
d:332:0.6629196458838198,7.458362564763117,7.458362608930768,14.253805527810066
d:333:0.6629375601472098,7.458362536674825,7.458362631091406,14.25378760761902
d:334:0.6628252831881714,7.45836257478944,7.458362665334379,14.253899956935648
d:335:0.662634663799297,7.458362610235447,7.45836262683987,14.25409057327602
d:336:0.6626813934317397,7.458362594609461,7.458362619809874,14.254043820987595
d:337:0.6626003412020651,7.458362630531262,7.458362647337477,14.254124936666674
d:338:0.662715394342742,7.458362603273237,7.458362634811415,14.25400984374191
d:339:0.662625716185751,7.458362628268603,7.4583626393600095,14.254099551442861
d:340:0.6627259817213709,7.458362660065825,7.4583626419861275,14.253999320330582
d:341:0.6626743417589598,7.4583627052452,7.4583626307002096,14.25405099418645
d:342:0.6624695821275726,7.458362671290743,7.458362622375478,14.254255711538649
d:343:0.6625993211355414,7.458362675839906,7.458362612071527,14.254125966775891
d:344:0.6624237184459609,7.4583627008352575,7.458362651199392,14.254301633588689
d:345:0.6625509302356409,7.4583626757435475,7.458362685442369,14.254174430950275
d:346:0.6623415480110157,7.4583626610157605,7.458362675492726,14.25438378849747
d:347:0.6623973019057559,7.45836269525873,7.4583626556529445,14.254328049005919
d:348:0.6623333689968725,7.458362725024934,7.458362693767583,14.254392049795644
d:349:0.662323955695518,7.458362725885889,7.4583626854424505,14.254401455632822
d:350:0.6621530192616127,7.458362751003815,7.458362686137619,14.254572417879821
d:351:0.6621589600955637,7.458362737115836,7.458362721583603,14.254566498603875
d:352:0.6621056681323232,7.458362721049983,7.458362693512374,14.254619746430034
d:353:0.662185877645463,7.458362763075838,7.458362694985341,14.254539580415717
d:354:0.6623416949123886,7.458362745330497,7.458362673976776,14.254383724394884
d:355:0.6620162350559031,7.458362783445123,7.458362664317383,14.254709212706603
d:356:0.6620963748005178,7.458362787994172,7.458362706343232,14.254629119536887
d:357:0.6621267952491046,7.458362813717056,7.458362666856505,14.254598685324456
d:358:0.662078530379036,7.458362765930147,7.4583626796102465,14.254646915161358
d:359:0.6619254380023332,7.458362770563086,7.45836266416825,14.254799996729004
d:360:0.661984974492702,7.458362751335283,7.4583626657108315,14.254740442553413
d:361:0.6617575212497204,7.458362775653162,7.458362640589424,14.254967894992866
d:362:0.6619531006264321,7.458362719446066,7.458362632138286,14.25477225095792
d:363:0.6618645822606517,7.458362671639277,7.458362659665889,14.254860749044514
d:364:0.6620613894845953,7.458362718065523,7.458362656916204,14.254663985497132
d:365:0.6617249361345525,7.458362756180145,7.458362618333936,14.255000438379529
d:366:0.6617570437130578,7.458362738447111,7.458362642651801,14.254968337385854
d:367:0.6616794096965108,7.458362713221087,7.458362614760798,14.255045918285374
d:368:0.6617411345124964,7.458362758400478,7.4583626095039985,14.25498423339198
d:369:0.6617595597973782,7.458362732484044,7.4583625671513865,14.254965739838052
d:370:0.6616982068638109,7.458362709532304,7.458362612330772,14.255027114999265
d:371:0.6616714713325003,7.458362734465609,7.458362636648623,14.255053899781732
d:372:0.661695130792527,7.458362779645004,7.458362626169784,14.25503027502226
d:373:0.6615839759167326,7.4583627711593365,7.45836259809286,14.255141393335464
d:374:0.6614148606228749,7.458362816338729,7.458362567679625,14.25531052339548
d:375:0.6614899435327608,7.458362813267872,7.45836256922205,14.255235438957161
d:376:0.6612973259970598,7.458362809586967,7.4583625377693465,14.255428021359254
d:377:0.6614804329648791,7.458362834784056,7.458362514783245,14.255244916602422
d:378:0.6613959300799408,7.458362833657334,7.458362461384178,14.255329364961572
d:379:0.6614531890385091,7.458362832849126,7.458362499498826,14.255272143309442
d:380:0.661331334718513,7.458362810405749,7.45836246908201,14.255393944769246
d:381:0.6612840965974094,7.458362794339022,7.45836247062428,14.255441168365893
d:382:0.6614119954536726,7.458362836364895,7.458362390241337,14.25531323115256
d:383:0.6611318466443468,7.4583627747480215,7.458362365292617,14.255593293396291
d:384:0.6611341180831705,7.458362800470903,7.458362407318479,14.255591089706211
d:385:0.6613494092090129,7.458362761471555,7.45836243458802,14.255375786850562
d:386:0.6610404403034629,7.4583628078978155,7.4583624262137285,14.255684793808081
d:387:0.661054472409706,7.458362843343842,7.458362381807088,14.255670752741224
d:388:0.6610694853022228,7.4583628363142065,7.458362383349204,14.255655734361188
d:389:0.6609848566253707,7.4583628705571865,7.458362417592188,14.255740431524003
d:390:0.6609822101277878,7.458362863230439,7.458362418215023,14.255743071317674
d:391:0.6608877386319545,7.458362846414962,7.4583624573429095,14.255837565125917
d:392:0.6608796501901235,7.458362830347367,7.4583624187043895,14.255845598861633
d:393:0.6609057898672503,7.458362855465294,7.458362390630304,14.255819456228348
d:394:0.6609163148886008,7.458362811366991,7.4583624358097005,14.25580893228809
d:395:0.6607406285385036,7.4583627777470305,7.458362409365149,14.255984558573676
d:396:0.6608043619234998,7.458362811990009,7.458362358598281,14.25592080866479
d:397:0.6606299219033822,7.4583628474360335,7.458362383531577,14.256095309064229
d:398:0.660561950611882,7.458362798515536,7.458362347468883,14.256163195372537
d:399:0.6608245477111634,7.458362780769168,7.458362372586823,14.255900605644827
d:400:0.6606830253301474,7.458362732942442,7.458362373144729,14.256042080757023
d:401:0.6606588364797759,7.458362759066974,7.458362387467551,14.256066310054749
d:402:0.660498679590912,7.45836280109285,7.458362346543348,14.256226468045286
d:403:0.6606327307020763,7.458362774134528,7.458362286304602,14.256092329737054
d:404:0.6604222710434318,7.458362735143522,7.458362287846565,14.256302751946656
d:405:0.660602834349346,7.458362760138884,7.4583623259612235,14.256122251750762
d:406:0.660442297447629,7.458362741587571,7.458362260963844,14.256282705103786
d:407:0.660597420550765,7.45836270359662,7.458362285897126,14.256127568942981
d:408:0.660401760369,7.458362720603208,7.458362294672085,14.256323254906293
d:409:0.6604346076088987,7.458362721741704,7.458362307425787,14.256290421558592
d:410:0.6602903404870979,7.458362731871452,7.458362256632229,14.256434648016583
d:411:0.6602918890505372,7.4583627770508585,7.458362298658098,14.25643318665842
d:412:0.6605250332030224,7.458362711944456,7.45836232592764,14.256200004669074
d:413:0.6602623770653508,7.45836267785714,7.458362313783125,14.256462614574914
d:414:0.6600545737614247,7.45836265616334,7.458362349704986,14.256670432106901
d:415:0.6604015689028326,7.458362617771543,7.458362346182277,14.256323395050988
d:416:0.660192783381186,7.458362609811765,7.458362338170369,14.256532164600948
d:417:0.6601606667593529,7.4583626479264105,7.458362319714158,14.256564300881216
d:418:0.6602510751917752,7.458362693105817,7.458362344911318,14.25647396282536
d:419:0.6601652606696593,7.458362669458518,7.458362391337584,14.256559800126443
d:420:0.6600018026002861,7.4583626507018135,7.4583623600539894,14.256723208155517
d:421:0.6599182180267338,7.458362616269254,7.458362322636054,14.256806720878574
d:422:0.6602662480923289,7.458362602517836,7.458362290570266,14.256458644995773
d:423:0.6599426072488885,7.458362612647518,7.45836231576741,14.256782321166039
d:424:0.6601552194919709,7.458362657826928,7.458362332773968,14.256569771108925
d:425:0.6599571094200662,7.4583625871691535,7.458362313530698,14.256767791279785
d:426:0.659929411704562,7.458362532942658,7.458362305155999,14.256795426394095
d:427:0.6599169840620753,7.458362470601228,7.458362330878943,14.256807817418096
d:428:0.6598778655012811,7.458362404814846,7.458362309606457,14.256846848920022
d:429:0.6598017152294897,7.458362405785268,7.458362319534235,14.256923010090013
d:430:0.6599267736941439,7.458362450964678,7.458362325424025,14.256798002694559
d:431:0.6597001207911237,7.458362429553198,7.458362336056021,14.257024644818095
d:432:0.6597782907406682,7.458362434102144,7.458362304235811,14.256946447597286
d:433:0.6597140142415459,7.458362459097497,7.458362326396459,14.25701077125241
d:434:0.6595834853738776,7.4583624579705745,7.458362307260863,14.25714127985756
d:435:0.6596378146428261,7.458362493892418,7.458362352440279,14.25708703168987
d:436:0.6596146060085015,7.458362489103454,7.458362398866557,14.25711028196151
d:437:0.6596462392037861,7.458362499233074,7.458362405790304,14.257078665819591
d:438:0.6597663480351788,7.458362461613142,7.458362427950936,14.256958541528899
d:439:0.6595517321226918,7.458362466161976,7.458362385551707,14.257173119590991
d:440:0.6595410412844345,7.458362458201803,7.4583623821104315,14.2571837990278
d:441:0.6595915172077937,7.458362465125459,7.458362418032303,14.257133365949969
d:442:0.6594981722088171,7.4583625042533885,7.458362464458583,14.257226796503154
d:443:0.6594130083568004,7.458362472145376,7.45836245608348,14.257311919872055
d:444:0.6593702608399958,7.458362518571661,7.458362498109363,14.257354755841028
d:445:0.6595327692727082,7.458362504819547,7.458362457022355,14.257192192569194
d:446:0.6593885775467303,7.458362488751078,7.458362428945419,14.257336340149767
d:447:0.6593035249844696,7.458362520548333,7.45836247412484,14.257421469688703
d:448:0.6593534650067969,7.45836256257423,7.4583625205511215,14.257371618118555
d:449:0.6593221322093221,7.458362567256287,7.458362512175608,14.257402947222573
d:450:0.6593213425791955,7.458362555056697,7.458362501696264,14.257403714173766
d:451:0.6593105638818635,7.458362586853946,7.458362487358643,14.257414510330726
d:452:0.6590404675501595,7.458362603435834,7.45836252280467,14.257684658690344
d:453:0.6591865246725384,7.458362620870215,7.458362557047675,14.257538653245351
d:454:0.6591071482192756,7.458362610137135,7.458362534077043,14.257617995994902
d:455:0.6591721407599227,7.4583625974072625,7.458362579256468,14.257553035903808
d:456:0.6590149196951067,7.45836260127494,7.45836258188246,14.257710263462293
d:457:0.6591464634089661,7.458362646454368,7.458362566836538,14.25757874988194
d:458:0.6590172416404716,7.458362628148928,7.458362567394282,14.257707953902738
d:459:0.6590773463887416,7.458362633823214,7.458362581717074,14.257647869151546
d:460:0.6588786050189075,7.458362620332775,7.458362522134783,14.25784653744865
d:461:0.6589285407689491,7.45836265625463,7.458362560249464,14.257796675735145
d:462:0.6588778528164863,7.458362613726157,7.458362554992373,14.257847315902044
d:463:0.6590159873195489,7.4583626244682755,7.458362532224154,14.25770916937288
d:464:0.6587909661831635,7.458362594347857,7.458362504810195,14.257934132974889
d:465:0.6587834230132525,7.458362612856405,7.45836254683609,14.257941736679243
d:466:0.6587751094239209,7.45836261493216,7.45836249479304,14.257950000301278
d:467:0.6586962543217663,7.458362626933221,7.458362541219328,14.258028913830783
d:468:0.6588206036103816,7.458362592861306,7.458362534744502,14.257904523995427
d:469:0.6588216788768761,7.458362559546101,7.458362526732207,14.257903407401432
d:470:0.6586794069549473,7.458362585268993,7.458362498652425,14.258045676966471
d:471:0.6586544963755543,7.458362569199654,7.45836251140609,14.25807058423019
d:472:0.6589144566557916,7.458362605121506,7.458362506148699,14.257810654614413
d:473:0.658525481839968,7.458362548822805,7.458362533676333,14.25819960065917
d:474:0.6586482083614378,7.458362590848717,7.458362511643674,14.258076894130953
d:475:0.6585796273084714,7.458362543001998,7.458362478409159,14.258145394102685
d:476:0.6585365877979825,7.458362567997355,7.458362450326533,14.258188430525905
d:477:0.65846337292448,7.458362566870237,7.458362411863703,14.25826160580946
d:478:0.6585257527099451,7.4583626027920875,7.458362447785591,14.258199297867733
d:479:0.6582992718415408,7.4583625899261445,7.4583624393643575,14.258425757448961
d:480:0.6583918570840961,7.458362636352453,7.4583624085680995,14.258333187836456
d:481:0.658495030490533,7.458362619329829,7.4583624010418195,14.258229989881116
d:482:0.6583067964546796,7.458362649096079,7.458362443067719,14.258418295709118
d:483:0.6583660347425528,7.458362666530441,7.4583624437622404,14.258359075550128
d:484:0.6583419413041707,7.458362604835516,7.458362490188534,14.25838315371988
d:485:0.6581306931763802,7.458362538931208,7.458362494737036,14.258594340491864
d:486:0.658242316116338,7.4583625731742185,7.458362520459987,14.258482777517868
d:487:0.6583397833854612,7.458362598371334,7.4583624922312435,14.258385307217116
d:488:0.6583173104090125,7.4583625875204,7.458362537410682,14.25840781452207
d:489:0.6582324668973918,7.458362571450186,7.45836252113928,14.258492625692075
d:490:0.6582761347660284,7.458362616629632,7.458362504103267,14.25844898596687
d:491:0.6582441699640782,7.458362608143556,7.4583625168568854,14.258480955036363
d:492:0.6580275787990608,7.458362603717445,7.4583624660365455,14.25869749095493
d:493:0.658038401115645,7.458362619803292,7.4583625112159915,14.258686729903639
d:494:0.658150419909969,7.458362645927844,7.458362513291748,14.258574739309623
d:495:0.6581583968419604,7.458362687953761,7.458362552419681,14.258566843531481
d:496:0.6579520118006936,7.458362692236166,7.458362554289382,14.258773234724854
d:497:0.6579282766846521,7.458362677532731,7.458362546244029,14.258796947092108
d:498:0.6580952573790846,7.458362711775743,7.4583625804870515,14.25863003488371
d:499:0.6576576040708009,7.458362688647542,7.4583625628651085,14.25906764744185
d:500:0.6579647834802351,7.458362667066707,7.458362534420532,14.258760418007004
d:501:0.6580540399426855,7.458362701309712,7.458362539053944,14.25867120042097
d:502:0.6579785478333946,7.458362681106436,7.4583625328246335,14.258746666097675
d:503:0.6578606273865706,7.458362665035354,7.458362530408017,14.2588645680568
d:504:0.6577649144677089,7.458362707061275,7.45836256585406,14.258960358447625
d:505:0.6576953575044708,7.458362691257207,7.45836261228037,14.259029946033106
d:506:0.6576300362506871,7.458362730385167,7.458362597942015,14.259095292076495
d:507:0.6578085319333198,7.458362707467645,7.458362637069952,14.258916812604276
d:508:0.6576571446010462,7.458362741710648,7.4583626834962615,14.259068280605863
d:509:0.6577924648766871,7.458362718823846,7.458362688044653,14.258932941991812
d:510:0.6577692490004949,7.4583627547457105,7.458362730070569,14.258956235815784
d:511:0.6576161071771942,7.458362720307807,7.458362722873002,14.259109336003615
d:512:0.6575478788011733,7.458362758422492,7.458362735626576,14.259177615247895
d:513:0.6574948930741566,7.458362710555768,7.458362747211465,14.259230564693077
d:514:0.6576142903444744,7.4583627151886205,7.458362731949373,14.25911115679352
d:515:0.657491584620221,7.458362703355272,7.458362683095238,14.25923380183029
d:516:0.6575613381014112,7.45836267688647,7.45836266740409,14.259164006189149
d:517:0.6574727898084056,7.458362660814521,7.458362649537955,14.25925252054407
d:518:0.6573968111813251,7.458362705993974,7.4583626854598535,14.259328580272502
d:519:0.6574058047826785,7.458362663079875,7.4583627318861705,14.259319590183367
d:520:0.6573694225002189,7.45836268369748,7.458362736434447,14.259355997631708
d:521:0.6575466616645311,7.458362674562354,7.458362762157403,14.259178775055226
d:522:0.6573511388648683,7.458362720988681,7.458362772361024,14.259374354484837
d:523:0.657131996930449,7.458362687344099,7.4583627658858624,14.259593456299513
d:524:0.6574634747426469,7.458362688038793,7.458362710634695,14.259261923930842
d:525:0.6573723890116874,7.458362730064721,7.458362755814154,14.259353096867187
d:526:0.6573561704132427,7.45836269631622,7.458362749092569,14.259369274995546
d:527:0.6571745104836548,7.458362700948964,7.458362757867485,14.259550948332794
d:528:0.6572599835673731,7.458362684876141,7.458362749541948,14.259465450850715
d:529:0.6573050544796697,7.458362648483142,7.4583627837849775,14.25942037778845
d:530:0.6571622083935988,7.45836260059637,7.458362777588576,14.259563169791347
d:531:0.6571579360438786,7.458362561588634,7.45836275817738,14.259567383722136
d:532:0.6571754912733478,7.458362566137367,7.458362751147034,14.259549826011053
d:533:0.6571850135736881,7.4583626113168275,7.4583627931729595,14.259540390916099
d:534:0.6570470704418288,7.458362545293205,7.458362819297539,14.259678294148916
d:535:0.6571273614419475,7.4583625653966905,7.458362846567118,14.259598050521861
d:536:0.6569581198666015,7.458362551802523,7.458362851115286,14.259767283051207
d:537:0.657093269614526,7.458362598228861,7.458362876838233,14.259632205452569
d:538:0.6568472257162092,7.458362622546785,7.4583628647090645,14.25987826153964
d:539:0.6570411550413855,7.458362581812535,7.458362859341186,14.259684286112336
d:540:0.6568880943476358,7.45836258845457,7.458362904520655,14.259837398627589
d:541:0.6568241673733226,7.4583625717563695,7.458362950946983,14.25990135533003
d:542:0.656787243767825,7.458362601522635,7.458362970544686,14.259938328299496
d:543:0.6570591538005353,7.458362618956977,7.4583629651765,14.259666430332942
d:544:0.6569463101737192,7.4583626099855636,7.458363010355971,14.259779310167815
d:545:0.6569177578148508,7.458362636110122,7.458363032516624,14.259807910811896
d:546:0.6566846445197498,7.458362678136059,7.458363015933459,14.260041049549768
d:547:0.6567576119303844,7.458362591893954,7.458363021587674,14.259968001551243
d:548:0.6565547296374721,7.4583625764519486,7.458363001462555,14.260170848277031
d:549:0.656772515133369,7.458362593886262,7.45836302189713,14.259953100650023
d:550:0.6566449728034911,7.458362625683545,7.458363041494806,14.26008069437486
d:551:0.6566739680363423,7.458362670863016,7.458362995010702,14.260051697837376
d:552:0.6567275660752809,7.458362621418294,7.458363037036637,14.25999809237965
d:553:0.6565870243058516,7.458362660546269,7.458363032269105,14.260138668509523
d:554:0.656612166088868,7.458362622757317,7.458363004183623,14.260113460852072
d:555:0.6564780769002265,7.458362669183661,7.458363049363095,14.26024764164653
d:556:0.6566618306527392,7.458362618443346,7.458363038076639,14.260063825867245
d:557:0.6565965741184652,7.458362609587883,7.4583630014946625,14.26012903696408
d:558:0.6565863751536831,7.4583626154776965,7.458362997971712,14.260139238295725
d:559:0.656461912027476,7.458362555702838,7.458362978130657,14.260263621806018
d:560:0.6564711196234185,7.458362549010273,7.458362968484195,14.26025439787105
d:561:0.6565338080405372,7.458362587124977,7.458363002727237,14.260191781811677
d:562:0.6563167410840265,7.458362565502107,7.458362994918403,14.260408819336483
d:563:0.6565698418945018,7.45836254753473,7.458363022446065,14.260155728086293
d:564:0.6563470096858506,7.458362572530099,7.45836301742867,14.260378580272919
d:565:0.6563950628063449,7.458362552051099,7.458362985471814,14.260330474716568
d:566:0.6563619726464083,7.45836256637396,7.45836302459978,14.260363618327332
d:567:0.6563485594748375,7.4583626022958445,7.458363071026126,14.260377113847133
d:568:0.6562145987509354,7.458362612922937,7.458363032798079,14.26051104697008
d:569:0.6563331860944697,7.45836259667723,7.4583630015105555,14.260392412093315
d:570:0.6561025851104567,7.458362628474516,7.458363011438301,14.26062305480236
d:571:0.6561052586217535,7.458362640475546,7.4583629992113565,14.260620381065149
d:572:0.6563579365877299,7.458362621246531,7.458363033454397,14.260367718113198
d:573:0.6559674462686687,7.4583626603745135,7.45836302819672,14.260758242302565
d:574:0.6562510353158579,7.458362629700174,7.458363050357361,14.260474644741677
d:575:0.6560347542282212,7.458362639170025,7.458363031220582,14.260690916162385
d:576:0.6561790476786076,7.458362675091903,7.458363076400065,14.260546703813361
d:577:0.656133107779663,7.4583626770284095,7.4583631228264125,14.260592692075159
d:578:0.656018201306189,7.458362668734436,7.458363114450501,14.260707581878748
d:579:0.6560328866310705,7.458362685316326,7.458363085516751,14.260692884202006
d:580:0.6559805768128371,7.458362635848173,7.458363131943097,14.260745190978433
d:581:0.6560903337786428,7.458362660966149,7.458363126685116,14.260635453872622
d:582:0.6561197169582993,7.4583626502325515,7.458363123899614,14.260606057173867
d:583:0.6559794066135627,7.458362634158858,7.45836317032596,14.260746397871255
d:584:0.6558824187379848,7.458362679338343,7.45836313209017,14.260843392690528
d:585:0.6559177808783296,7.458362612037657,7.458363167536252,14.26080799869558
d:586:0.6559090949911024,7.458362654063611,7.45836316230071,14.260816721373219
d:587:0.6557156366774741,7.458362671740764,7.45836318982837,14.26101022489166
d:588:0.6557537207841566,7.458362703538052,7.458363173448131,14.260972156202026
d:589:0.6557328247363756,7.458362622114363,7.4583632154740815,14.260993012852069
d:590:0.6558783613473409,7.458362653911646,7.458363220528113,14.260847513092418
d:591:0.6556159315527275,7.458362616284381,7.458363215269838,14.261109900001491
d:592:0.6558870946452799,7.458362662710744,7.458363215827433,14.260838783892897
d:593:0.655704386071287,7.458362700825463,7.458363220830652,14.261021535584828
d:594:0.6555964889945312,7.458362681595256,7.458363202169853,14.261129394770578
d:595:0.6557668366263396,7.458362686277223,7.458363189942315,14.260959039593198
d:596:0.6556959805295026,7.458362652627702,7.458363180116548,14.261029852214747
d:597:0.6556489156574266,7.458362618668103,7.458363207644197,14.261076910654873
d:598:0.6555575870318258,7.458362642986032,7.4583631910793144,14.26116824703352
d:599:0.6554942681269189,7.458362688165524,7.45836323625881,14.261231656297415
d:600:0.6556001507048279,7.45836267138462,7.458363249139385,14.261125769819177
d:601:0.6555336418374935,7.458362618325159,7.458363238659546,14.261192215147211
d:602:0.6554499600274362,7.458362664751526,7.458363239216975,14.261275943941065
d:603:0.655561350285442,7.458362703879521,7.458363253539767,14.261164607133846
d:604:0.655460082565547,7.458362704574556,7.4583632295411455,14.261265851550155
d:605:0.6553465718110516,7.458362699554238,7.458363208262837,14.261379336006023
d:606:0.6553822855483986,7.4583627244876105,7.458363184182122,14.261343623121334
d:607:0.6553421168933511,7.458362690522932,7.45836320428581,14.261383777915391
d:608:0.6553402291356214,7.4583627143085405,7.4583632507121695,14.261385735885089
d:609:0.6552412000120604,7.458362684726492,7.458363212257225,14.261484696971657
d:610:0.655460512486604,7.458362703235057,7.458363251385215,14.261265442133668
d:611:0.6553261517844451,7.458362665600493,7.458363258308912,14.26139977212496
d:612:0.6553416455259828,7.458362670149125,7.458363247828567,14.261384272451709
d:613:0.6553606036374013,7.458362659415014,7.458363256605754,14.261365312383367
d:614:0.6550924854315259,7.458362676849315,7.458363232523125,14.261633423940914
d:615:0.6551688068408321,7.458362676678513,7.4583632745490895,14.26155714438677
d:616:0.6551955453885103,7.458362660603944,7.45836325111441,14.261530366329843
d:617:0.6553442182173388,7.458362705783445,7.458363245855837,14.261381733421944
d:618:0.6550157149969351,7.458362638345724,7.4583632556501875,14.261710178998976
d:619:0.6552124533427381,7.458362665615379,7.458363289893246,14.261513502165887
d:620:0.65510414224177,7.458362704743383,7.4583632762990835,14.261621838800696
d:621:0.6549501762114645,7.458362617579484,7.458363314413846,14.261775755781866
d:622:0.6551332231700133,7.458362604456632,7.45836329306843,14.261592674355049
d:623:0.6550292872998682,7.458362628774555,7.458363332196427,14.261696673671114
d:624:0.6550191554647125,7.458362609452449,7.458363314677362,14.261706768665098
d:625:0.6551278379859831,7.458362626459065,7.458363297665242,14.261598086138324
d:626:0.6550575262492497,7.458362642544911,7.458363321450811,14.261668437746472
d:627:0.6548286933342737,7.458362684570885,7.458363333448366,14.261897324684977
d:628:0.655114224486157,7.458362684399901,7.458363295842952,14.261611755756697
d:629:0.6548163383707148,7.458362701834172,7.458363230626226,14.261909594089683
d:630:0.6550188278188855,7.458362733631461,7.4583632726521945,14.26170717846477
d:631:0.6549053911975662,7.4583627788109705,7.45836324462628,14.261820632239685
d:632:0.6548755882746011,7.458362800971729,7.458363280548234,14.261850493245362
d:633:0.6547710330191325,7.458362818648867,7.458363265002678,14.261955050632412
d:634:0.655029694525922,7.458362813524465,7.458363254521837,14.26169637352038
d:635:0.6546473686979759,7.45836281820633,7.458363255079105,14.26207870458746
d:636:0.6547791714302011,7.458362802683876,7.458363269401859,14.261946900655534
d:637:0.6547913327413184,7.458362838605781,7.458363250166903,14.261934756031366
d:638:0.6547375143580485,7.458362815744488,7.458363286088854,14.261988587475294
d:639:0.6547981758715373,7.45836280932221,7.458363320331916,14.261927953782589
d:640:0.6545722655620114,7.458362854501724,7.458363315974282,14.262153904913994
d:641:0.654759084611765,7.45836285319937,7.4583632947741805,14.261967063361785
d:642:0.6547969402780645,7.458362847002972,7.4583633368001525,14.26192924352506
d:643:0.6546311646698086,7.458362892182484,7.458363332032347,14.262095059545022
d:644:0.6544634514721146,7.4583628789062715,7.458363306376679,14.262262733810836
d:645:0.6545331090640758,7.458362872709547,7.458363351556203,14.262193115201674
d:646:0.654511980296899,7.458362866286928,7.458363341074859,14.262214227064888
d:647:0.6545345017679658,7.458362888447674,7.458363336443657,14.262191723123365
d:648:0.6545527690788564,7.4583628408573475,7.458363315176969,14.26217338695546
d:649:0.6542855284519256,7.458362845405876,7.458363319859064,14.262440636813015
d:650:0.6545098789804218,7.45836281692584,7.458363314822655,14.262216252768074
d:651:0.6546439768770984,7.458362858951823,7.4583632963719335,14.262082178446658
d:652:0.6546757634008049,7.458362842610963,7.458363254855355,14.262050334065513
d:653:0.6543609989930914,7.45836285138598,7.458363290777312,14.2623651431702
d:654:0.6545202265442285,7.458362845160629,7.458363292646887,14.262205911263287
d:655:0.6544218827577133,7.458362891587031,7.458363337826414,14.262304346655732
d:656:0.6543403255025027,7.45836291658242,7.458363340574451,14.262385931654368
d:657:0.6543878451359966,7.458362883655214,7.45836336550782,14.262338404027037
d:658:0.6545342495633601,7.458362919101354,7.458363377505327,14.262192047043321
d:659:0.6542324459775255,7.458362907137145,7.458363357139907,14.262493818299527
d:660:0.65420566251397,7.458362943059058,7.458363345285923,14.26252062583101
d:661:0.6543137093829152,7.458362925514869,7.458363367976496,14.26241258410845
d:662:0.6542210229726493,7.4583628836277605,7.458363312515775,14.262505173170887
d:663:0.6542344754510818,7.458362894254812,7.458363335211594,14.262491754015324
d:664:0.6542215790376797,7.458362880405334,7.458363309443357,14.26250461081101
d:665:0.6542353930909837,7.458362922431322,7.45836329806531,14.262490827405648
d:666:0.6542820854067912,7.458362877618097,7.458363308807474,14.26244410101878
d:667:0.6539398115179171,7.458362871825498,7.458363310608471,14.262786370916052
d:668:0.6540573165525263,7.458362893986232,7.458363275234204,14.26266885266791
d:669:0.6540550711592577,7.458362846376401,7.45836327991619,14.262671055133334
d:670:0.6542492598940743,7.458362850924818,7.458363303701757,14.262476894732501
d:671:0.6541385995924056,7.458362822441817,7.458363282691749,14.26258750554116
d:672:0.6539504152690263,7.458362854239118,7.458363263905502,14.262775702875594
d:673:0.6541501355836026,7.458362896265106,7.458363305931488,14.262576066612992
d:674:0.6539995487602095,7.458362848635739,7.458363282495007,14.262726582370536
d:675:0.6539469452718922,7.45836285318404,7.458363277236138,14.262779185148286
d:676:0.6540387268067249,7.458362892312067,7.458363287030428,14.26268745253577
d:677:0.653838552526036,7.458362888754241,7.458363264996185,14.26288760122439
d:678:0.6538449588776363,7.458362935180652,7.458363296793594,14.26288127309661
d:679:0.654024616287785,7.458362958966271,7.458363203083444,14.26270154576193
d:680:0.6539663739424029,7.458362888117039,7.4583632348808475,14.262759749055483
d:681:0.653702581247618,7.458362877382417,7.458363280060386,14.263023576195184
d:682:0.6538490603500442,7.45836292256195,7.458363250332177,14.262877112544082
d:683:0.6537952680920487,7.458362915376705,7.458363225708098,14.262930872992754
d:684:0.6539727493526826,7.458362960556238,7.45836326163006,14.262753472833616
d:685:0.6537528834896111,7.458362944480799,7.458363258106873,14.26297331909806
d:686:0.653800039994973,7.458362986506792,7.458363252847702,14.262926199359521
d:687:0.6536916978785623,7.458362967193079,7.458363294873694,14.26303456418821
d:688:0.6537507268888714,7.458363013619495,7.458363291241913,14.262975577972536
d:689:0.6537043205387043,7.458363038816669,7.4583633039954815,14.263022022273447
d:690:0.6536351908385747,7.45836302003042,7.458363282542651,14.263091111734497
d:691:0.6535500718280112,7.458362964092965,7.45836329033264,14.263176182597594
d:692:0.6535530279002248,7.458362984710606,7.45836332213004,14.263173278940421
d:693:0.6535116065863864,7.458363009705996,7.4583632695277835,14.263214672647393
d:694:0.6536267445245283,7.45836300907696,7.4583632054620495,14.263099470014481
d:695:0.6534905410125642,7.458363031237681,7.458363237259439,14.263235727484556
d:696:0.6534058737154051,7.458363069352451,7.458363282438986,14.263320478076032
d:697:0.653614299126124,7.4583630217035,7.458363298389028,14.263112020966403
d:698:0.6534203312963829,7.458363057625425,7.4583633111425485,14.26330603747159
d:699:0.6534083123058885,7.458363089422736,7.458363256764887,14.263318033881735
d:700:0.6534145648905536,7.458363068150227,7.4583632270333275,14.263311730293001
d:701:0.6534170448885934,7.458363048367028,7.4583632521513685,14.263309255629803
d:702:0.6535577634638141,7.4583630935465735,7.4583632310288746,14.263168561111634
d:703:0.653449141262568,7.458363048614139,7.458363168770415,14.263277076121986
d:704:0.6533891760610793,7.45836308041144,7.458363134962015,14.263337039312376
d:705:0.6533060504877106,7.458363114654528,7.4583631062908555,14.263420170457673
d:706:0.65336923794559,7.458363139587927,7.4583630564890235,14.26335695813136
d:707:0.6533001668921763,7.458363133905536,7.458363080274584,14.263426047287943
d:708:0.6533473944499057,7.458363143819305,7.458363126700998,14.263378876070398
d:709:0.6534296904845647,7.4583631536136,7.45836311868832,14.263296581817356
d:710:0.6532591556851095,7.458363141852169,7.458363156803122,14.263467142970182
d:711:0.6532384363590857,7.458363134923683,7.458363157360225,14.263487855924822
d:712:0.653238788566636,7.458363176949694,7.458363143840062,14.26348753222312
d:713:0.6530471866664609,7.458363156548323,7.458363130402764,14.263679100284627
d:714:0.6531038224950088,7.458363117997958,7.458363141144879,14.263622436647829
d:715:0.6532493526659628,7.458363143720932,7.458363078377227,14.263476869432196
d:716:0.6530933762040299,7.458363134585371,7.458363112620317,14.263632871001658
d:717:0.6531742603323281,7.4583631013979765,7.458363107360846,14.263551948426494
d:718:0.6531508991543067,7.458363075751247,7.458363152540398,14.263575329137339
d:719:0.6531404704811674,7.458363012447482,7.458363190655202,14.263585732621516
d:720:0.6529458177926184,7.458363058873914,7.458363222452599,14.263780463533895
d:721:0.6531121200675845,7.458363098001961,7.458363207638319,14.263614185572695
d:722:0.6529998215985326,7.458363098696845,7.458363111900297,14.26372638899861
d:723:0.6530133684861443,7.458363086027488,7.458363143697683,14.263712861239027
d:724:0.6530698847480672,7.458363103034101,7.458363188877236,14.26365640716327
d:725:0.6528926277037144,7.458363138956038,7.458363204827247,14.26383371607957
d:726:0.6530396449239468,7.458363170753341,7.458363217580727,14.26368674341012
d:727:0.6530429987911361,7.4583631011731,7.458363186776987,14.263683289158951
d:728:0.6529500112701268,7.458363140301145,7.458363175277183,14.263776304308202
d:729:0.652922258447342,7.458363121797477,7.458363221703609,14.263804085053744
d:730:0.6528110801214915,7.4583630601804245,7.458363226251695,14.263915206310628
d:731:0.6529043452146546,7.4583631066068605,7.458363264366497,14.263822025758703
d:732:0.6527755558124149,7.458363138404161,7.458363246057791,14.263950828649538
d:733:0.6527047240719792,7.458363158838766,7.45836321414664,14.264021648913427
d:734:0.6529607813773843,7.458363092694331,7.458363135570446,14.263765446887392
d:735:0.6526926511557853,7.4583630667294845,7.458363171492428,14.264033587066127
d:736:0.6528689311713336,7.458363091662877,7.45836320573552,14.263857366227063
d:737:0.6527850942284417,7.458363092423145,7.458363200475752,14.263941198670455
d:738:0.6526610964284121,7.458363117356523,7.4583632425017665,14.264065263429877
d:739:0.652721585196705,7.458363162536081,7.458363229116003,14.264004806455379
d:740:0.6528071291535209,7.458363135656329,7.458363199229305,14.263919205732114
d:741:0.6526638297663698,7.458363126520327,7.45836318441426,14.264062481168217
d:742:0.6526354559604393,7.458363098116898,7.458363086141418,14.264090728297877
d:743:0.6527784247035306,7.458363110539086,7.458363131320979,14.263947817156534
d:744:0.6526324177886504,7.4583631486538735,7.4583631277975435,14.264093858662767
d:745:0.6527220654848183,7.458363129338956,7.458363122537476,14.264004186391613
d:746:0.6524914960758625,7.458363133887158,7.458363132331714,14.264234770143009
d:747:0.6524097280135894,7.458363180313604,7.458363166574804,14.264316618874819
d:748:0.6524840033975643,7.45836318494627,7.458363141948695,14.2642423234974
d:749:0.6525322994442675,7.458363191588248,7.4583631737460845,14.264194065890065
d:750:0.652625774062848,7.458363161701545,7.458363134603708,14.264100522242405
d:751:0.6523778117748105,7.458363197623489,7.458363085683077,14.264348471531756
d:752:0.6523975054729902,7.458363148131808,7.458363117480461,14.264328760139279
d:753:0.6523252955780752,7.458363100904963,7.458363162660026,14.264400967986914
d:754:0.6524483529492127,7.458363125222917,7.458363196903113,14.264277969176817
d:755:0.6523882815574478,7.458363109146603,7.4583631587213315,14.264337986310487
d:756:0.6524101278434511,7.458363082850946,7.458363186249034,14.26431614125653
d:757:0.6524204000832174,7.458363066308857,7.458363181071601,14.26430584729724
d:758:0.6523145635095737,7.458363085906731,7.458363145212973,14.26441166761013
d:759:0.652301985657127,7.458363112031355,7.458363118396173,14.264424244770401
d:760:0.6522085965099524,7.458363154057389,7.4583631435142195,14.264517701061656
d:761:0.6523218495997742,7.458363116415491,7.458363144071161,14.264404410886877
d:762:0.6521641862268197,7.458363104979226,7.458363158393903,14.264562077146309
d:763:0.6522935377392702,7.458363097170389,7.4583631603304354,14.264432719761555
d:764:0.6521836566224799,7.458363122893369,7.458363196252426,14.264542662523315
d:765:0.6521540299742501,7.458363084334996,7.458363157621861,14.264572211982607
d:766:0.6523534826306872,7.4583631234630605,7.458363195736679,14.264372836569052
d:767:0.6522916312147835,7.458363134095135,7.458363164944085,14.264434667824437
d:768:0.6521200926400805,7.458363139769375,7.4583631565224575,14.264606203651752
d:769:0.6522834289783823,7.458363133891831,7.458363126787539,14.264442831700988
d:770:0.6523244990756485,7.45836310136923,7.458363168813566,14.264401771107147
d:771:0.6520710937094005,7.458363146548804,7.4583631185406105,14.264655171380014
d:772:0.6521375400357172,7.458363136642838,7.458363130125502,14.264588726732622
d:773:0.6519809690633078,7.458363152728689,7.458363140752702,14.264745324418083
d:774:0.6521946135853725,7.458363194754726,7.45836311360415,14.264531694773504
d:775:0.6519427241440123,7.458363155569922,7.458363038787775,14.264783470213684
d:776:0.652030813632102,7.458363193684724,7.4583630639058125,14.264695443958434
d:777:0.6520231613301632,7.458363150534446,7.458363031990503,14.264703021194785
d:778:0.652080040378392,7.4583631119680724,7.4583630338599445,14.264646105449625
d:779:0.652119163893671,7.45836309047521,7.458363005104012,14.26460693168555
d:780:0.6519669648296631,7.458363028701539,7.458362936802782,14.264759000674658
d:781:0.651914068361652,7.45836302247587,7.4583629620000504,14.264811916114269
d:782:0.6519197001734565,7.458363015197495,7.458363008426504,14.264806323450543
d:783:0.6518466595708468,7.458362981572529,7.458362970182911,14.264879292184593
d:784:0.6516672928826104,7.458363015815644,7.45836298011063,14.265058703043664
d:785:0.651857377058846,7.458363060995225,7.458362947238287,14.264868631174666
d:786:0.6517971450628028,7.458363056860108,7.458362947795058,14.264928859592363
d:787:0.651902587788495,7.458362998188974,7.458362897420066,14.264823307820546
d:788:0.651853384794018,7.458362931922348,7.458362929217456,14.264872476345786
d:789:0.6516995200895934,7.458362978348813,7.45836287655108,14.2650263348103
d:790:0.6517137130588928,7.4583630174768825,7.45836284729034,14.26501215170833
d:791:0.6517105500768103,7.458362932079531,7.4583628790877246,14.265015261090445
d:792:0.651737800016928,7.458362978505994,7.458362917202544,14.26498809569161
d:793:0.6516542632686573,7.458363017634063,7.458362901944458,14.265071656309864
d:794:0.6517877174410529,7.458363028266078,7.458362899158729,14.264938209983754
d:795:0.6514032071765161,7.458363029404463,7.458362945585188,14.265322767813135
d:796:0.6517850732650103,7.458363040989472,7.4583629073338376,14.264940875058299
d:797:0.6518404564135292,7.458363024912286,7.458362899101896,14.264885467600653
d:798:0.6514390075748953,7.458363066938329,7.45836283094976,14.265286890313194
d:799:0.6516517054179118,7.458363098735649,7.458362851567481,14.265074244885218
d:800:0.6515032548512387,7.458363067451975,7.458362813954734,14.26522262655547
d:801:0.6518008679624767,7.4583631138784465,7.45836278804512,14.26492503396109
d:802:0.6515400743634103,7.458363139075651,7.458362749886399,14.26518581459864
d:803:0.6516731275433596,7.458363170872962,7.458362795065987,14.26505283839559
d:804:0.6516408421275646,7.458363154794904,7.458362841492445,14.265085154159785
d:805:0.6514873040231155,7.458363141246966,7.458362836232082,14.265238673455933
d:806:0.6514476907095652,7.4583631168528175,7.458362855829812,14.265278281973064
d:807:0.6514664146400246,7.458363163279291,7.4583628563864135,14.26525960502568
d:808:0.6515494407212845,7.458363163108146,7.458362822834879,14.26517654522174
d:809:0.6512712896293937,7.458363073803605,7.458362830624802,14.265454614799014
d:810:0.6515333622675676,7.45836308580464,7.458362842088343,14.265192565625416
d:811:0.6514621763425605,7.458363090352741,7.458362873885731,14.265263787895911
d:812:0.6513802458187463,7.458363136779214,7.4583628015855385,14.265345692546006
d:813:0.6515396141354266,7.458363161097177,7.458362751388417,14.265186298350168
d:814:0.6513576619008639,7.458363128710285,7.458362783185795,14.265368249995216
d:815:0.6511069999319812,7.458363146144579,7.458362821300618,14.265618967513216
d:816:0.6512858968935564,7.458363127655268,7.458362813007051,14.265440043768763
d:817:0.6513935601844363,7.458363082647578,7.458362751233361,14.265332273696503
d:818:0.6512952500377907,7.458363082088503,7.458362796412956,14.265430628463669
d:819:0.6512478653159803,7.458363034181549,7.458362800280689,14.265477969146257
d:820:0.6512690349092338,7.458362995165368,7.458362698628044,14.265456658884178
d:821:0.6512876716303726,7.458362984774354,7.4583626991844785,14.26543801232846
d:822:0.6513805726040811,7.458362962850703,7.458362673820098,14.26534506406672
d:823:0.6511401178070635,7.458362980284969,7.458362652540304,14.26558551501821
d:824:0.6511503134771761,7.458362996235044,7.458362631528857,14.265575314286725
d:825:0.6510601636987321,7.458363031681257,7.458362616482123,14.265665484464648
d:826:0.6512269983264556,7.4583630768608575,7.458362640800118,14.26549871933452
d:827:0.6509727157391385,7.458363108658176,7.458362652263608,14.265753045182645
d:828:0.6511080668181553,7.458363077033384,7.458362639275153,14.265617649490382
d:829:0.6510777591650356,7.458363032323268,7.458362608897559,14.265647882055791
d:830:0.6510398138139273,7.458363064120574,7.458362650923609,14.265685901230256
d:831:0.6511419224701864,7.458363062773747,7.458362677048285,14.265583817351846
d:832:0.6510427818894531,7.45836305116808,7.458362623117122,14.265682892395748
d:833:0.6509798485082658,7.4583630866142965,7.458362635870573,14.265745873976604
d:834:0.6510749344435549,7.458363020223997,7.4583626144162345,14.265650700196677
d:835:0.6509577590388762,7.458363045219425,7.4583626222060815,14.26576790838663
d:836:0.6507705696072659,7.458363037207926,7.458362618610206,14.265955086210866
d:837:0.650934210860532,7.458363019132976,7.45836259100804,14.265791399280484
d:838:0.6508610844806473,7.458363053376113,7.4583626009357005,14.265864569831166
d:839:0.6510421250370602,7.458363048125035,7.458362556414421,14.265683479502396
d:840:0.6508763475663688,7.458363032046101,7.458362601594024,14.265849286073756
d:841:0.6508352509249686,7.458363074072166,7.4583626211917355,14.265890444338932
d:842:0.6508557385092466,7.458363078704732,7.458362666371336,14.265870006566821
d:843:0.6509199397451404,7.4583630288054685,7.458362625406551,14.265805714466879
d:844:0.6507430182462937,7.458363046239713,7.458362670586155,14.265982698579574
d:845:0.6507412158489831,7.458363046863273,7.458362611972923,14.265984442987213
d:846:0.6508479722296965,7.4583630514112595,7.458362650087761,14.265877729269324
d:847:0.6505511142450153,7.458363056414514,7.458362598224273,14.266174540393772
d:848:0.6508459678575935,7.458363102841007,7.458362551913231,14.265879686896644
d:849:0.6507078252817529,7.458363132607394,7.45836259393929,14.26601790126493
d:850:0.6507987612191695,7.458363100978563,7.458362522696158,14.26592686245555
d:851:0.6506454469352896,7.458363081437099,7.4583625232524255,14.266080157754235
d:852:0.6507706420904977,7.458363098871308,7.458362485500361,14.265954942281171
d:853:0.6508059906580979,7.458363144050924,7.458362457895481,14.265919611288307
d:854:0.6507590430886498,7.458363119654791,7.458362481681068,14.265966558247209
d:855:0.6506134686556422,7.4583631302867595,7.4583624508921655,14.266112112523283
d:856:0.6505773324153612,7.458363165732983,7.458362462889658,14.26614829620728
d:857:0.65056755960868,7.458363177733972,7.4583624436534794,14.266158061778771
d:858:0.6505876633759975,7.458363159463149,7.45836241327231,14.266137909359461
d:859:0.650537196718707,7.458363134222022,7.458362455298371,14.266188392801686
d:860:0.6504670467609,7.458363121136175,7.458362394284492,14.266258468659768
d:861:0.6505378008273919,7.45836315537932,7.458362383357892,14.26618773790982
d:862:0.6505763422887725,7.458363147501318,7.458362369796371,14.266149175008916
d:863:0.6506226828837125,7.458363177267696,7.458362382218523,14.266102876602506
d:864:0.6504937227668268,7.458363202201108,7.458362353699911,14.266231833134192
d:865:0.6505006225130554,7.4583632473807295,7.458362320722067,14.266224945589741
d:866:0.6503650453041239,7.458363221415864,7.458362367148556,14.266360543260296
d:867:0.6505099737828068,7.458363225963742,7.458362306207617,14.266215558388552
d:868:0.6503049167005575,7.458363218685005,7.458362284388786,14.266420586373233
d:869:0.650365193745797,7.458363187052134,7.458362288256396,14.266360281562733
d:870:0.6503300904497209,7.458363233478639,7.458362323702591,14.26639546673151
d:871:0.6503575107264261,7.458363238111101,7.458362357945722,14.266368085330397
d:872:0.6504527470299166,7.458363202760106,7.458362347446306,14.266272803176495
d:873:0.6503486156210307,7.458363197508728,7.45836233651918,14.266376918406877
d:874:0.6502367792010482,7.458363181428929,7.458362378545246,14.266488780773127
d:875:0.6504521800947742,7.458363226608553,7.458362367115578,14.266273413629357
d:876:0.6501956847991455,7.458363160093054,7.458362353089861,14.266529828383769
d:877:0.6503397956975796,7.458363180196626,7.458362388536056,14.266385773035102
d:878:0.6501960556334598,7.458363146221718,7.458362376406287,14.266529466994545
d:879:0.6501595261940079,7.458363166839394,7.4583624215859015,14.266566062231288
d:880:0.6502646464431319,7.4583631620718815,7.458362403843594,14.266460919472344
d:881:0.6503774414312709,7.458363204097969,7.458362391989027,14.266348154655725
d:882:0.6500899911302476,7.458363160271892,7.458362404742433,14.266635573884077
d:883:0.6500274476278314,7.458363116214752,7.458362387228357,14.266698055815278
d:884:0.6501124611979332,7.45836307721526,7.458362423150385,14.266613039167712
d:885:0.6501028827552986,7.458363060672257,7.4583624695768815,14.26662264749384
d:886:0.6501136925249789,7.458363010990771,7.458362438776824,14.266611757242616
d:887:0.6500424175831032,7.45836303851857,7.458362483956444,14.26668310489191
d:888:0.650152996751677,7.458363032453068,7.458362499906453,14.266572535607844
d:889:0.6501340669713027,7.458363078879579,7.4583625126598125,14.266591524568089
d:890:0.6499093452036657,7.45836311480158,7.458362483503937,14.266816253101851
d:891:0.650144653720508,7.458363101934994,7.458362491293705,14.266580939508192
d:892:0.6499031552909269,7.458363082311116,7.458362487697578,14.266822414717767
d:893:0.6500465903387092,7.458363128737631,7.458362479275539,14.266679017674461
d:894:0.6499087773106513,7.458363173917261,7.458362438116332,14.266816834722942
d:895:0.6499794159907708,7.458363124907336,7.458362412730157,14.266746121646722
d:896:0.6499639963926267,7.458363149902771,7.458362436515744,14.266761590025888
d:897:0.6499291893841956,7.458363123983958,7.4583624829422455,14.266796417542007
d:898:0.6498646353976696,7.458363100895767,7.458362466625463,14.26686093212356
d:899:0.6500821909914691,7.458363147322279,7.4583624358216785,14.266643392152488
d:900:0.649813536471525,7.458363172255687,7.458362481001307,14.26691211678547
d:901:0.6498556970009535,7.458363161009846,7.45836251524444,14.266869979253332
d:902:0.6499408548350054,7.458363144929173,7.458362497169482,14.26678478726365
d:903:0.6499042597935887,7.458363171053836,7.458362452161754,14.266821363422002
d:904:0.6497527067905313,7.458363202851173,7.458362472596406,14.266972968657047
d:905:0.6498800656878956,7.458363244877267,7.4583624712940715,14.266845650483443
d:906:0.6498180587489717,7.458363191512461,7.458362465068399,14.266907597831889
d:907:0.6496590289554458,7.458363199350837,7.458362473845561,14.267066644240952
d:908:0.6498887022983304,7.458363226878628,7.45836244745643,14.266836972036728
d:909:0.6497475532101369,7.458363215179563,7.458362486584555,14.266978148553981
d:910:0.6496975823848903,7.458363209386665,7.458362435710322,14.267028062712097
d:911:0.6497591954891142,7.458363239153057,7.458362471632361,14.266966515296303
d:912:0.6496722702557634,7.45836325683025,7.458362463209916,14.267053449784402
d:913:0.6496722360101472,7.458363302009891,7.4583624433675535,14.267053509367297
d:914:0.6497771364728298,7.458363264922104,7.458362418678512,14.266948547127786
d:915:0.6495413574635531,7.458363244556656,7.4583624607045955,14.267184347797699
d:916:0.6496158626297532,7.458363244713093,7.458362486829287,14.267109868912627
d:917:0.6496748584742207,7.458363274479479,7.4583625140989955,14.267050930104254
d:918:0.6495544152368087,7.4583632753403375,7.4583625186469895,14.267171378750518
d:919:0.6496572599981043,7.458363320519981,7.458362499825402,14.267068560347278
d:920:0.6497081438526493,7.458363295992481,7.458362494625366,14.267017646765197
d:921:0.6493578975710665,7.458363338018584,7.458362499911358,14.267367940358875
d:922:0.6497258298828879,7.458363337375712,7.458362546337872,14.267000053830696
d:923:0.6496017280170925,7.458363333374825,7.458362526920586,14.267124132278319
d:924:0.6493123836162464,7.458363242802793,7.458362431182378,14.267413290368925
d:925:0.6495034495703216,7.4583632387907866,7.458362426631938,14.267222215852403
d:926:0.649492551547338,7.458363226879817,7.458362468658025,14.267233143990504
d:927:0.649330021714027,7.458363224300145,7.45836237935338,14.267395581939498
d:928:0.6495173132891594,7.458363223657086,7.4583623689005645,14.267208279268491
d:929:0.649459474977327,7.458363219655933,7.4583623248982445,14.26726606957685
d:930:0.6493510164541618,7.458363118003186,7.458362267785839,14.267374369334863
d:931:0.6492731402243752,7.4583630925008,7.45836231296548,14.267452265241905
d:932:0.6495137266837769,7.458363075116289,7.458362324550341,14.267211672982853
d:933:0.6491685311610595,7.458363051217898,7.458362323921321,14.26755684397816
d:934:0.6493661001904787,7.458363047205625,7.4583623488547595,14.267359295869905
d:935:0.6494103227844867,7.4583630579477855,7.4583623806521775,14.267315115815476
d:936:0.6493471708372489,7.458363039497037,7.458362407921879,14.267378276581667
d:937:0.6492009394779217,7.458363012053669,7.458362340204253,14.26752441278
d:938:0.6492688944786114,7.458363018456174,7.4583623720016625,14.267456495979225
d:939:0.6495388536475062,7.4583630012794675,7.458362417181307,14.267186564813269
d:940:0.6494289432936711,7.458363043305573,7.458362429934624,14.267296529946526
d:941:0.6492767084779221,7.4583630127298495,7.458362464177769,14.267448768429697
d:942:0.6494082616713897,7.458362920709341,7.458362407213748,14.2673170662517
d:943:0.6493204493513094,7.458362895204742,7.4583623972636275,14.26740484311706
d:944:0.649132997644454,7.458362941631275,7.45836237742,14.267592321406822
d:945:0.6491816316459005,7.458362938881638,7.4583623583734155,14.267543665609153
d:946:0.6492058118539727,7.4583629686480215,7.458362397501551,14.2675195542956
d:947:0.6491616903314874,7.458362912303013,7.45836235282067,14.267563574792195
d:948:0.6492624472685282,7.458362954329123,7.458362398000316,14.267462905060912
d:949:0.649094173368642,7.4583629073068565,7.458362376031612,14.267631109969827
d:950:0.6491514446062698,7.458362925815491,7.458362315994034,14.267573797203255
d:951:0.6491585576898409,7.458362948511423,7.458362361173677,14.26756675199526
d:952:0.649101352689236,7.4583628921201175,7.458362399288559,14.26762393871944
d:953:0.6491255775413105,7.458362917317357,7.458362389337964,14.26759972911401
d:954:0.649246689087347,7.458362940008042,7.458362330896536,14.267478581817231
d:955:0.6489083352874072,7.458362918797798,7.458362314944775,14.267816898455166
d:956:0.6491665473932979,7.45836292663609,7.458362298624415,14.267558677867207
d:957:0.6490460780433871,7.458362973062632,7.4583622777884475,14.267679172807693
d:958:0.6489293183265126,7.45836297041328,7.458362290541718,14.267795942628485
d:959:0.6491054511372543,7.458363002210627,7.458362232156928,14.2676197832303
d:960:0.6489383880973545,7.458363044236739,7.45836225259157,14.267786908730955
d:961:0.6488384387585029,7.458363052074951,7.458362299018102,14.26788691233455
d:962:0.649108903053703,7.4583630912031005,7.4583622789097905,14.267616467059188
d:963:0.6488928009873032,7.458363082602343,7.4583623170246724,14.267832598639712
d:964:0.6488879784823496,7.458363072881751,7.458362241620259,14.26783733601966
d:965:0.6488784450470177,7.458363107124935,7.4583622191768,14.267846881254718
d:966:0.6489700676307635,7.458363115465451,7.458362200071711,14.267755247906399
d:967:0.6487580557346657,7.458363110676233,7.458362235993768,14.267967290935335
d:968:0.6488080998411618,7.458363128110447,7.458362259779362,14.267917288048647
d:969:0.6487625953380594,7.458363140991155,7.45836224046681,14.267962786119906
d:970:0.6488641119521006,7.458363186170827,7.458362282492915,14.267861356711641
d:971:0.648890931777574,7.458363163996159,7.458362214040234,14.267834446258819
d:972:0.6486378214533524,7.458363132739715,7.458362237825806,14.268087549112169
d:973:0.6488380464817229,7.458363170854607,7.458362284252349,14.267887408625233
d:974:0.6489365913615757,7.458363112637874,7.458362193680264,14.267788714956563
d:975:0.6485591839228562,7.458363117270235,7.458362183729189,14.268166117076568
d:976:0.648585492420235,7.458363087380091,7.458362219651251,14.268139814611107
d:977:0.6487764952147543,7.45836312549498,7.458362196002035,14.267948826282261
d:978:0.6486507291906598,7.458363113732974,7.458362242428576,14.26807462697089
d:979:0.6487431707141127,7.458363134350657,7.458362246390967,14.267982210027512
d:980:0.6487209028282734,7.4583631115012174,7.458362215315718,14.268004423988662
d:981:0.6484209637153366,7.458363156680891,7.458362187227301,14.268304380192856
d:982:0.6485947186966765,7.458363151027513,7.45836221234539,14.268130644676226
d:983:0.6487869516960529,7.458363171645175,7.458362258771928,14.26793847872105
d:984:0.6485012063640223,7.458363179435301,7.4583622093737,14.268224182444978
d:985:0.6484401646871607,7.458363163808448,7.458362198920376,14.268285198041664
d:986:0.6483964132934421,7.458363169482626,7.458362237035267,14.26832899322445
d:987:0.6486627559654821,7.458363138611647,7.458362190961752,14.268062573607917
d:988:0.6485587821313175,7.458363163607098,7.458362186330275,14.268166567806055
d:989:0.6485521943772365,7.458363107169266,7.458362198752406,14.268173111544435
d:990:0.6484655447570482,7.458363127272849,7.4583621910809,14.2682597735967
d:991:0.648348822717244,7.458363135110988,7.458362236260562,14.268376548654306
d:992:0.6485385258068561,7.458363155728632,7.458362245035486,14.268186874957262
d:993:0.648599275690481,7.458363123875349,7.458362257788709,14.268126105973577
d:994:0.6482497606261255,7.458363107793799,7.458362220987192,14.268475568154866
d:995:0.6483562848549784,7.458363149819926,7.458362225755474,14.268369090720421
d:996:0.64853871842584,7.458363133737503,7.458362261677539,14.268186676989203
d:997:0.6482619125557694,7.458363106658712,7.458362308104084,14.268463502207027
d:998:0.6484016685251994,7.458363077734157,7.458362280038413,14.26832368924737
d:999:0.6485508777483453,7.458363122913843,7.458362325218081,14.268174570383579
d:1000:0.6482534322628162,7.458363145609772,7.4583622746095966,14.268471987956552
