data: dataset/m-wikitext-2/
d:1:2.432653640147132,7.00446378913545,7.00446378913545,11.576273938123768
d:2:1.84302786850448,7.004465219893915,7.004465109210763,12.165902460600199
d:3:1.6460142293944848,7.004466650640773,7.00446339136884,12.362915812615128
d:4:1.52248378215784,7.004467970719206,7.004461605862574,12.486445794423942
d:5:1.4750263715282461,7.004469290782515,7.00446049315405,12.53390341240832
d:6:1.4608006789458319,7.004470610830698,7.00446181321462,12.548131745099488
d:7:1.4458475463960117,7.004469182586334,7.00446324397675,12.563084880167073
d:8:1.4348646973783872,7.004467630948964,7.004464674727267,12.574067608297845
d:9:1.4248079872365889,7.0044689509823215,7.004461763297064,12.584122727042796
d:10:1.4128153729953983,7.004470271000553,7.004461544096227,12.596116442101382
d:11:1.4075344390022835,7.004471591003654,7.0044598171434,12.60139696914477
d:12:1.4005376360706858,7.004473021748673,7.004459716915106,12.608395102593093
d:13:1.3983820603581272,7.0044744524820794,7.004460039801121,12.610552431925074
d:14:1.3942865745378015,7.004475883203875,7.004461780979303,12.614651089645376
d:15:1.3947816844851424,7.0044772031965294,7.004459984975456,12.614155503686842
d:16:1.3918583737300327,7.004478523174055,7.004460879531601,12.617081028975624
d:17:1.3910210451994356,7.004479843136454,7.004460261343077,12.617919059280096
d:18:1.3893574015037018,7.0044784099169295,7.004460584099922,12.61958159251315
d:19:1.3890221484241074,7.004477140481667,7.0044573911767944,12.619912383234354
d:20:1.388517666945381,7.004478460429368,7.004459296878541,12.620420090362527
d:21:1.3865929461176325,7.004479780361939,7.004457139165601,12.622343973409908
d:22:1.38528563774541,7.00448110027938,7.0044589065883045,12.623654369122274
d:23:1.3860843688996862,7.004482530999468,7.004457170347447,12.622855332447228
d:24:1.38396110988114,7.004483961707945,7.004458815778363,12.624981667605168
d:25:1.3846599478077675,7.004485729146847,7.004460799359271,12.624286580698351
d:26:1.383788423358821,7.004485412724352,7.004457984414761,12.625154973780292
d:27:1.3833894192991192,7.00448459634853,7.004457883872553,12.625553060921964
d:28:1.3839093571721648,7.00448657994545,7.004458778676637,12.62503600144992
d:29:1.3820696581035783,7.0044880472467534,7.004460684384482,12.626879073527657
d:30:1.3831619886734074,7.004489952974819,7.004459316520385,12.625787280821797
d:31:1.3820088240559691,7.004488746860218,7.004458238550637,12.626938161354886
d:32:1.3821472358847124,7.004490207685859,7.0044597058410885,12.626802677642235
d:33:1.381856288658927,7.004489139215524,7.00446066516128,12.627093515717878
d:34:1.381108994348729,7.004490880429209,7.004458919453063,12.627840805533543
d:35:1.3800711585046805,7.004492464390789,7.004457112712059,12.628878418598166
d:36:1.3807767753603635,7.004491142331596,7.00445599741151,12.628170364382743
d:37:1.3819383958604181,7.004491343014857,7.004455077331521,12.62700802448596
d:38:1.3799777858053055,7.004492092033369,7.0044541954096315,12.628968501637695
d:39:1.379702649080759,7.00449065378366,7.004456101121847,12.629244105824748
d:40:1.377911519198653,7.004490284681069,7.004456969313323,12.63103573479574
d:41:1.3802988920508348,7.0044922682919974,7.004458358262784,12.628651734503947
d:42:1.3803732967552858,7.00449050309555,7.00445626355204,12.628573469892304
d:43:1.3788264420625325,7.004490769492967,7.0044556397863795,12.630119967216814
d:44:1.3786502738893969,7.004492510711219,7.004456691858471,12.630298928680293
d:45:1.3797867158991064,7.004493941430675,7.004455763066759,12.629162988598328
d:46:1.3792174919218247,7.004495372138517,7.004455210403808,12.629733090620501
d:47:1.3788211380175852,7.004496692068585,7.004455185442613,12.630130739493612
d:48:1.3797180076120146,7.004498011983521,7.004454482676434,12.62923448704794
d:49:1.3789130026649943,7.004495277454884,7.004455380335334,12.630037655125225
d:50:1.3770563901205666,7.004496597354236,7.0044535281357545,12.631893735369424
d:51:1.3782678982971923,7.004497917238456,7.004455112095266,12.630685131036529
d:52:1.3788768367278603,7.00449934794053,7.004451919126336,12.630074430339006
d:53:1.3794622056442716,7.004500778630993,7.00445284677157,12.62949141975829
d:54:1.3778269206013452,7.004502546102913,7.004454830379905,12.631130455881474
d:55:1.3769405708577054,7.004501974552635,7.004453496230691,12.632014899925622
d:56:1.3780064449879692,7.004501534960211,7.004451315508353,12.630946405480595
d:57:1.378579158907284,7.004502995803044,7.004453082959665,12.630376919855424
d:58:1.3766117071903423,7.00450210585783,7.0044506233909765,12.632341022058464
d:59:1.3781737731481059,7.0045032676102075,7.00445208422354,12.630781578685642
d:60:1.377340831754637,7.004502085852602,7.0044516446071245,12.63161289870509
d:61:1.37717585179597,7.0045018786472015,7.004451029173934,12.631777056025166
d:62:1.3761643827895949,7.004500650153933,7.0044524899970835,12.632788757361421
d:63:1.3776751344675198,7.004502417628982,7.004451606471293,12.631278889632755
d:64:1.377154838613956,7.004502246845698,7.004453512206129,12.63180092043787
d:65:1.377331025910447,7.0045032045548,7.0044541223209595,12.631626300965312
d:66:1.376666792324734,7.0045027636857515,7.004454990485994,12.632290961847012
d:67:1.376460454037641,7.004504224526128,7.004456974106626,12.632500744595113
d:68:1.3760763308253487,7.004503039787598,7.004456434174271,12.632883143136521
d:69:1.3777685644478552,7.004503384294853,7.00445640894834,12.631191228795338
d:70:1.3772850809405117,7.004503756980637,7.004457869769163,12.631676545809288
d:71:1.3769130835161292,7.004505224317489,7.004459853391739,12.632051994193098
d:72:1.3755284320882062,7.004503852070139,7.004458098009002,12.633433517990934
d:73:1.3751439244994845,7.00450319945049,7.004457922431579,12.633817197382584
d:74:1.377740512055908,7.004504940699982,7.004459689897952,12.631224118542026
d:75:1.3754845405404286,7.0045065246986065,7.004461431134473,12.63348341529265
d:76:1.3746584028791862,7.004508430483658,7.004463414760513,12.634313442364986
d:77:1.377296779955893,7.004507582456987,7.004463069833063,12.631673872334156
d:78:1.375317725669639,7.004507233338783,7.004461252099549,12.633650759768694
d:79:1.375322788077538,7.004508694180144,7.004462897580436,12.633648803683043
d:80:1.3755116779172898,7.004507465683685,7.0044607827360705,12.633456570502466
d:81:1.3747725652280387,7.004506292748376,7.004462366719368,12.634196094239705
d:82:1.3755692787306657,7.004507383864347,7.004461243582018,12.633399348715699
d:83:1.3763056725899538,7.0045091513577775,7.004462295656705,12.632665774424527
d:84:1.3748439667194994,7.004507809009079,7.004462402488162,12.634126244777741
d:85:1.3760921837696767,7.004509198022807,7.004460921986157,12.632877936239288
d:86:1.3757387592175405,7.004508518901004,7.004461881308684,12.633231640992147
d:87:1.375978234227194,7.004509986242949,7.004462219862923,12.632993971878678
d:88:1.375169193146018,7.004510936046339,7.004460014990979,12.6338017578913
d:89:1.3750019782873828,7.004510184717561,7.004461920753743,12.633970127183922
d:90:1.3757075285154983,7.004511768724046,7.004463904392474,12.633268144601022
d:91:1.3745141932286522,7.004513674523975,7.004463222094392,12.634462703389715
d:92:1.374143891343513,7.004511938267802,7.004462217295826,12.634830264220115
d:93:1.374533380325186,7.004509026761951,7.004460659177206,12.63443630561397
d:94:1.3760282158890167,7.00451067228977,7.004462126514902,12.632944582915655
d:95:1.3755964052595218,7.0045099258038235,7.004464110155476,12.633377630699778
d:96:1.3738937284189099,7.0045113148140885,7.004464454654726,12.635082041049905
d:97:1.3744670576180074,7.0045113638716945,7.004464429168506,12.634508735422193
d:98:1.3759924048811296,7.004513269674553,7.004466013160893,12.632986877954316
d:99:1.375004006512798,7.004513210909858,7.004464714323427,12.633973918720487
d:100:1.3737046352834508,7.004513052760799,7.004466697966995,12.635275115444342
