data: dataset/mnist_data/
d:1:0.008192148513005648,1.362735893764519,1.3627361053097395,2.717279850561253
d:2:0.006011943592055147,1.362735844444913,1.3627360676167513,2.719459968469609
d:3:0.006795770721810257,1.3627358654043569,1.3627360885762059,2.7186761832587525
d:4:0.007052968861282594,1.362735827711365,1.3627361095356605,2.718418968385743
d:5:0.007749232713095466,1.3627357900183554,1.362736130495115,2.717722687800375
d:6:0.006317519455924625,1.3627357523253387,1.3627361514545733,2.7191543843239874
d:7:0.006687940710467188,1.3627357732847862,1.362736172414035,2.718784004988354
d:8:0.007105109580239244,1.3627357942442409,1.3627361933734896,2.718366878037491
d:9:0.006774217949770289,1.362735815203692,1.3627361556804871,2.7186977529344087
d:10:0.0061309846179700145,1.3627357032901664,1.3627361766399524,2.7193408953121487
d:11:0.006311610095959708,1.3627357242496245,1.3627361975994106,2.7191603117530754
d:12:0.006318470307373758,1.362735614434552,1.3627362185588723,2.7191533626860505
d:13:0.007251011579349154,1.3627354974086927,1.3627361808658591,2.7182206666952027
d:14:0.006537769362104484,1.3627355183681402,1.3627360747019956,2.7189338237080314
d:15:0.006008563031462799,1.3627355393275948,1.3627360370089718,2.719463013305104
d:16:0.006814671439846265,1.3627355602870495,1.3627359258149596,2.718656814662163
d:17:0.006541120877169959,1.3627355225940114,1.3627359467744249,2.7189303484912664
d:18:0.00693793162164269,1.3627355435534625,1.3627359677338866,2.7185335796657064
d:19:0.0064778718672577895,1.362735564512917,1.3627359886933448,2.718993681339004
d:20:0.006692895803507071,1.3627355854723753,1.3627360096528065,2.7187786993216747
d:21:0.007626785073393094,1.36273560643183,1.3627360306122718,2.7178448519707086
d:22:0.005734229168913529,1.3627356273912845,1.3627359929192302,2.719737391141601
d:23:0.007451590520060947,1.3627355896982394,1.3627359552261815,2.71801995440436
d:24:0.007511519489565188,1.3627354721113392,1.3627359761856397,2.7179599288074137
d:25:0.005848241831889922,1.3627354930707973,1.3627359971451085,2.719623248384016
d:26:0.005563627524990622,1.3627353834391123,1.3627358859174237,2.7199076418315453
d:27:0.005840685149047786,1.3627354043985704,1.3627359068768854,2.719630626126408
d:28:0.007307493416620403,1.362735366705504,1.3627359278363507,2.7181638011252343
d:29:0.006664057427560266,1.3627353876649586,1.3627359487958124,2.7188072790332107
d:30:0.005955514557646424,1.3627354086244168,1.3627359697552812,2.7195158638220516
d:31:0.005506843846019294,1.3627354295838714,1.3627359907147465,2.7199645764525986
d:32:0.007857838953574614,1.362735450543326,1.3627358859148622,2.7176134975046136
d:33:0.0061461889678167125,1.362735334759492,1.362735906874331,2.719325052666006
d:34:0.005001792669357741,1.3627353557189537,1.3627359278337963,2.720469490883392
d:35:0.005825032605985214,1.3627353766784083,1.3627359487932686,2.7196462928656917
d:36:0.005543704271154581,1.3627353976378629,1.3627359697527304,2.7199276631194387
d:37:0.0060097145008128905,1.3627354185973246,1.3627359907122027,2.7194616948087145
d:38:0.006394854284669904,1.3627354395567863,1.3627360116716716,2.719076596943788
d:39:0.005773651833854032,1.3627354018637092,1.3627360326311369,2.719697782660992
d:40:0.005961954222616583,1.362735422823171,1.3627360535906092,2.7195095221911636
d:41:0.006208396588636589,1.3627354437826327,1.3627360745500816,2.7192631217440777
d:42:0.006320830453319104,1.3627353389794585,1.3627359672411643,2.7191504757673037
d:43:0.006479238570864965,1.3627353599389203,1.3627359882006367,2.718992109568692
d:44:0.006503643067064857,1.3627353808983784,1.362736009160102,2.7189677469914155
d:45:0.006549017605481211,1.3627354018578401,1.362736030119578,2.718922414371937
d:46:0.006031683986226,1.3627354228173054,1.3627360510790467,2.719439789910126
d:47:0.006485789230756822,1.3627354437767671,1.362736072038519,2.7189857265845294
d:48:0.007605630218730397,1.3627354647362324,1.362736092997995,2.717865927515497
d:49:0.005815235383701989,1.3627354856956977,1.3627361139574674,2.719656364269463
d:50:0.005519353860721665,1.3627354480026028,1.3627361349169433,2.7199522290588245
d:51:0.006722273275068247,1.362735468962068,1.362736097223877,2.7187492929108767
d:52:0.006252810172044931,1.362735489921537,1.3627361181833528,2.719218797932845
d:53:0.006454843191269433,1.36273538511794,1.3627361391428288,2.7190166810694993
d:54:0.005741281151152577,1.3627354060773982,1.3627361601023047,2.7197302850285503
d:55:0.005178596773070865,1.362735427036867,1.3627361810617806,2.7202930113255768
d:56:0.0069111467024516315,1.3627354479963394,1.3627362020212637,2.7185605033151514
d:57:0.00542841176020481,1.362735468955801,1.3627362229807396,2.720043280176336
d:58:0.005047483730944435,1.3627354312626991,1.3627362439402226,2.7204241914719773
d:59:0.0054420439922431285,1.3627354522221644,1.3627362648996986,2.72002967312962
d:60:0.005959074444687573,1.3627354731816368,1.3627362858591816,2.719512684596131
d:61:0.0066079196650790095,1.3627354941411056,1.362736306818661,2.7188638812946877
d:62:0.005784643114935761,1.3627355151005744,1.3627363277781441,2.719687199763783
d:63:0.005547244965871556,1.3627355360600468,1.3627363487376307,2.719924639831806
d:64:0.0066808314398922874,1.3627355570195228,1.3627363696971138,2.7187910952767442
d:65:0.00554749408922639,1.362735519326403,1.3627362653991604,2.719924290636337
d:66:0.006046140711497117,1.362735413473839,1.362736286358647,2.719425559120989
d:67:0.005416008249239823,1.362735375780705,1.36273630731813,2.720055674849595
d:68:0.00506802501892345,1.3627353967401774,1.362736328277613,2.720403699998867
d:69:0.006305963329664266,1.3627354176996498,1.3627363492370996,2.719165803607085
d:70:0.006066331685767423,1.3627354386591222,1.3627363701965827,2.7194054771699374
d:71:0.0064771887833945385,1.3627354596185945,1.3627363325034985,2.7189946033386985
d:72:0.005986523451566583,1.3627354805780705,1.3627363534629886,2.7194853105894925
d:73:0.005831154462915933,1.3627353603739252,1.3627363744224752,2.7196405803334844
d:74:0.005986529206147395,1.3627353813333976,1.3627363367293803,2.7194851888566305
d:75:0.005212276510043523,1.3627353436402565,1.362736357688867,2.72025942481908
d:76:0.005942485241863693,1.3627353645997289,1.3627363786483606,2.719529258006226
d:77:0.004960235686954917,1.3627353855592048,1.3627363996078508,2.7205115494801007
d:78:0.005029711206022469,1.3627352694061479,1.3627364205673373,2.7204419787674627
d:79:0.00584056197395455,1.3627351510282963,1.362736441526831,2.719631030581173
d:80:0.005955479969664168,1.3627350387239225,1.3627363245008652,2.7195158832551236
d:81:0.00539915269584057,1.362735059683395,1.3627363454603554,2.7200722524479097
d:82:0.004762097762831985,1.3627350806428637,1.3627363664198455,2.7207093492998773
d:83:0.005052069543079796,1.3627351016023326,1.3627362462858983,2.720419278345151
d:84:0.006077413467526327,1.3627351225618085,1.362736267245392,2.719393976339674
d:85:0.006645237387463254,1.3627350848686461,1.3627362882048821,2.718826135686065
d:86:0.0068290240270112434,1.362735105828122,1.3627363091643758,2.7186423909654867
d:87:0.005999723831092041,1.3627349996249372,1.3627362714712667,2.719471547265112
d:88:0.004986380079065711,1.3627350205844095,1.362736233778147,2.720484874283491
d:89:0.005474471565770855,1.362735041543882,1.3627362547376336,2.7199968247157447
d:90:0.004761749247766289,1.362735003850709,1.3627361344391318,2.7207093890420744
d:91:0.005098322947194589,1.3627350248101813,1.362736155398622,2.7203728572616086
d:92:0.005818738411370816,1.3627350457696572,1.3627360381574043,2.7196523455156907
d:93:0.006416875823409995,1.3627350667291331,1.3627360591168944,2.7190542500226176
d:94:0.005649958327269999,1.3627349517775436,1.362736080076381,2.7198210735266546
d:95:0.004360280546208628,1.362734972737016,1.3627359612343461,2.7211106534251535
d:96:0.0057943227383887574,1.3627349350438251,1.3627359821938398,2.7196765944992762
d:97:0.00638277617465377,1.3627349560033046,1.362735875826818,2.719088055655469
d:98:0.00630156955933181,1.3627349769627841,1.3627358967863117,2.719169304189764
d:99:0.006417804542113714,1.36273499792226,1.3627359177457983,2.7190531111259446
d:100:0.006010745590618427,1.3627350188817395,1.3627359387052884,2.7194602119964095
d:101:0.0057007640267379145,1.3627350398412155,1.3627359596647821,2.7197702354792597
d:102:0.005303320898542907,1.3627350608006985,1.3627359806242794,2.720167720526435
d:103:0.005907083128528612,1.362735081760178,1.3627359429311348,2.719563941562784
d:104:0.005548986531454858,1.3627351027196575,1.3627359638906285,2.719922080078831
d:105:0.004983727960590656,1.362735065026456,1.3627359848501257,2.720487321915991
d:106:0.005334978880352281,1.362735085985939,1.3627360058096194,2.720136112915206
d:107:0.004886819309227519,1.362735106945422,1.3627358998320318,2.7205841874682264
d:108:0.006498825161353139,1.36273506925221,1.3627357780055398,2.7189720220963967
d:109:0.004480089176665203,1.3627350315589872,1.3627357989650335,2.7209907413473555
d:110:0.00443408350462704,1.3627350525184738,1.3627358199245272,2.721036788938374
d:111:0.004657136526597938,1.3627350734779533,1.3627358408840209,2.7208137778353763
d:112:0.0054630194940550325,1.36273509443744,1.3627358618435181,2.720007936786903
d:113:0.005719108270518802,1.3627351153969265,1.3627358828030118,2.7197518899294195
d:114:0.006006735236685046,1.3627349931988313,1.3627359037625055,2.7194641617246518
d:115:0.004744775179291949,1.3627348747640653,1.3627359247220028,2.720726024306776
d:116:0.00526118293035438,1.3627348370708248,1.3627359456814965,2.720209599821967
d:117:0.0062484814260894694,1.3627348580303078,1.3627359666409973,2.7192223432452156
d:118:0.004244407398589445,1.3627348789897944,1.362735987600498,2.721226459191703
d:119:0.0045964667318685315,1.3627347745121732,1.3627360085599953,2.7208743163403
d:120:0.004816067889104048,1.362734736818922,1.3627360295194961,2.720654698449314
d:121:0.0042664292328176145,1.3627347577784015,1.3627360504790005,2.7212043790245843
d:122:0.005882320614912118,1.362734778737888,1.3627360127858417,2.7195884709088176
d:123:0.005445672609447172,1.362734799697371,1.3627360337453425,2.7200251608332664
d:124:0.005323369922026089,1.3627347620041128,1.3627360547048468,2.7201474467869335
d:125:0.004968197261783658,1.3627347829635923,1.3627360756643512,2.72050266136616
d:126:0.004517330799396646,1.3627348039230789,1.3627360966238555,2.7209535697475378
d:127:0.0053209731136227845,1.3627348248825655,1.3627361175833599,2.7201499693523026
d:128:0.005181048848303504,1.362734845842052,1.3627361385428607,2.7202899355366092
d:129:0.005157867561241147,1.3627348668015387,1.3627361595023686,2.720313158742666
d:130:0.004645085877209354,1.3627348877610252,1.3627361804618765,2.7208259823456924
d:131:0.005235027854189056,1.3627349087205154,1.362736142768707,2.7202360236350334
d:132:0.0058749709456495935,1.362734929680009,1.362736163728215,2.7195961224625744
d:133:0.005205399807458377,1.3627349506394957,1.3627361846877228,2.72026573551976
d:134:0.004435860673327241,1.3627349715989894,1.3627362056472307,2.721035316572893
d:135:0.005201967615786174,1.3627349925584795,1.36273609337848,2.7202691183211734
d:136:0.00485006867383575,1.3627350135179732,1.362736114337988,2.7206210591821254
d:137:0.005970659635238462,1.3627350344774705,1.3627360766448078,2.71950045148704
d:138:0.004700603729171249,1.3627350554369642,1.3627360976043192,2.720770549312112
d:139:0.004557390378996828,1.3627350763964579,1.3627361185638307,2.7209138045812917
d:140:0.004841741544472811,1.3627350973559516,1.3627361395233386,2.7206294953348173
d:141:0.005384090891279669,1.3627351183154452,1.3627361604828465,2.720087187907012
d:142:0.004170694252623619,1.362735139274946,1.362736041155376,2.7213004861776984
d:143:0.004094316913182183,1.3627351602344397,1.3627360621148874,2.721376905436145
d:144:0.0047680601496971065,1.3627351811939405,1.3627360830743989,2.7207032041186423
d:145:0.005862112412001963,1.3627352021534378,1.3627361040339103,2.719609193775346
d:146:0.006184786829233957,1.3627352231129386,1.3627361249934218,2.7192865612771264
d:147:0.004948973751526253,1.3627351854196625,1.3627361459529368,2.720522357621073
d:148:0.0045693140362050855,1.3627351477263794,1.3627361669124483,2.7209020006026226
d:149:0.004786878470655509,1.3627351686858802,1.3627361878719597,2.7206844780871844
d:150:0.0053132308544388,1.362735189645381,1.3627362088314783,2.7201581676224205
d:151:0.0052458727696542695,1.3627352106048853,1.362736171138284,2.720225508973515
d:152:0.00432844075860217,1.3627352315643861,1.3627361920977954,2.7211429829035794
d:153:0.004766849305285703,1.362735252523887,1.3627362130573104,2.7207046162759116
d:154:0.004416962668454261,1.3627351481820433,1.362736234016829,2.721054419530418
d:155:0.004776318384090317,1.3627351691415512,1.362736254976351,2.720695105733812
d:156:0.004914624663546974,1.362735190101052,1.362736275935866,2.720556841373371
d:157:0.004038702564706398,1.3627352110605564,1.3627362968953882,2.721432805391238
d:158:0.0047087127970808496,1.3627352320200643,1.3627363178549068,2.7207628370778902
d:159:0.005405200306986657,1.3627352529795687,1.362736338814429,2.720066391487011
d:160:0.005175846517024851,1.362735273939073,1.362736301121224,2.720295728543272
d:161:0.0043392493203437965,1.362735236245772,1.3627363220807425,2.7211323090061708
d:162:0.0039178760269820145,1.3627352572052764,1.362736343040261,2.7215537242185555
d:163:0.004291873261831114,1.3627352781647843,1.3627363639997867,2.72117976890274
d:164:0.004706701742929198,1.3627352991242958,1.3627363849593088,2.7207649823406754
d:165:0.005521081022248353,1.3627353200838002,1.362736405918831,2.7199506449803827
d:166:0.004213569101736425,1.3627352823904921,1.3627364268783566,2.7212581401671123
d:167:0.005058178031720928,1.36273530335,1.3627363891851374,2.7204135145034165
d:168:0.0044774241416813965,1.3627353243095115,1.362736410144663,2.720994310312493
d:169:0.0041063780635486324,1.3627352866161928,1.3627364311041887,2.721365339656833
d:170:0.005412678823567774,1.3627353075757043,1.3627364520637144,2.720059080815851
d:171:0.00436549096256833,1.3627351963814185,1.3627364730232472,2.7211061784420973
d:172:0.005368916430773751,1.3627350913859857,1.3627363573351339,2.720102532290346
d:173:0.004846615514916053,1.3627351123454972,1.3627363782946595,2.7206248751252406
d:174:0.004161905146085942,1.3627351333050015,1.3627362587786465,2.721309486937562
d:175:0.004224120133480724,1.3627351542645165,1.3627362797381757,2.7212473138692115
d:176:0.004122052946691213,1.3627351165711765,1.3627363006977014,2.7213493643221867
d:177:0.005065024431518239,1.362735137530688,1.362736321657227,2.7204064347563968
d:178:0.004631542094880814,1.3627351584901959,1.3627363426167562,2.7208399590120713
d:179:0.004471747856253927,1.362735179449711,1.3627362226588353,2.7209996542522923
d:180:0.004044225154839154,1.3627352004092224,1.362736243618361,2.721427218872744
d:181:0.0038590694201232623,1.3627352213687374,1.3627362645778902,2.7216124165265043
d:182:0.004104683437100576,1.3627352423282488,1.3627362268846532,2.7213667857758015
d:183:0.004800637486148673,1.3627352632877638,1.3627361156897848,2.7206707414914
d:184:0.004721829945689038,1.3627352842472824,1.3627361366493105,2.720749590950904
d:185:0.00481617405453072,1.362735305206801,1.3627361576088433,2.7206552887611135
d:186:0.004380547014285696,1.3627353261663195,1.362736178568369,2.7210909577204028
d:187:0.004045454353986955,1.362735347125838,1.3627361995278982,2.7214260922997493
d:188:0.005707709240509118,1.3627353680853531,1.362736074518068,2.719763733362912
d:189:0.0053184924958742386,1.362735330392006,1.3627360954775938,2.7201529333737255
d:190:0.004727797699514369,1.3627353513515246,1.362736116437123,2.720743670089133
d:191:0.003968123631942433,1.3627352312173606,1.3627361373966558,2.721503244982074
d:192:0.00411688504533636,1.3627352521768792,1.3627360845441885,2.7213544516757313
d:193:0.004744910352027176,1.3627352144835143,1.3627361055037177,2.720726409635205
d:194:0.0035125795799100246,1.3627350937183564,1.362736126463254,2.7219586406017005
d:195:0.004004157913010786,1.3627349716363852,1.3627361474227833,2.7214669611461577
d:196:0.004166475029425243,1.3627349925959003,1.3627361683823125,2.7213046859487875
d:197:0.004912293662513889,1.3627350135554188,1.3627361893418488,2.7205589092347537
d:198:0.0045878006239945535,1.3627350345149338,1.3627362103013816,2.720883444192321
d:199:0.005544066503659906,1.3627350554744524,1.362736231260918,2.7199272202317104
d:200:0.003724942996171876,1.362735076433971,1.3627361129197944,2.7217462463575934
d:201:0.0041352312036142536,1.362734961035752,1.3627361338793271,2.721335863711465
d:202:0.005139120461082669,1.3627349819952705,1.3627361548388635,2.7203320163730513
d:203:0.004582290354052887,1.3627350029547927,1.3627361757983962,2.720888888399136
d:204:0.004071182307399113,1.362734895881072,1.362736196757929,2.721399910331602
d:205:0.004166043249847817,1.3627349168405871,1.362736217717469,2.721305091308208
d:206:0.004067375003527829,1.362734808031977,1.3627362386770017,2.721403671705451
d:207:0.0041531998792603275,1.3627348289914956,1.3627362009837505,2.7213178300959857
d:208:0.003938517415774001,1.3627348499510177,1.3627362219432868,2.7215325544785305
d:209:0.003990441999379257,1.362734746051423,1.3627362429028267,2.7214805469548704
d:210:0.003905226939853179,1.3627347670109415,1.362736263862363,2.7215658039334514
d:211:0.004089851042840209,1.36273478797046,1.3627361526308874,2.7213810895585073
d:212:0.004146027751589898,1.3627348089299787,1.3627361149376185,2.7213248961160073
d:213:0.003750752080875941,1.3627348298894972,1.362736135897162,2.721720213705783
d:214:0.003508898823906037,1.3627348508490194,1.3627360297325417,2.721961981757655
d:215:0.003740407777867105,1.3627348718085415,1.362736050692078,2.7217305147227524
d:216:0.0045816059330938685,1.3627348927680636,1.3627360716516144,2.720889358486584
d:217:0.004948659653807752,1.3627349137275893,1.3627360926111542,2.7205223466849358
d:218:0.003802447743700199,1.3627349346871078,1.3627361135706941,2.7216686005141018
d:219:0.00402555929381343,1.362734955646637,1.362736134530234,2.7214455308830576
d:220:0.004808150899458852,1.3627349766061592,1.362736155489774,2.720662981196474
d:221:0.005863748411673697,1.3627349975656813,1.3627360495115752,2.719607298665583
d:222:0.003914306275106583,1.362734959872295,1.3627360704711151,2.7215567240683036
d:223:0.0034940997405215057,1.3627349221788982,1.3627360914306585,2.7219769138690353
d:224:0.0034150626087772196,1.362734943138424,1.362736112390202,2.7220559929198487
d:225:0.003961262944146782,1.3627349054450129,1.3627361333497419,2.721509775850608
d:226:0.0043259132158546265,1.362734926404542,1.3627361543092888,2.7211451674979763
d:227:0.004585513662707541,1.362734888711124,1.3627361752688323,2.7208855503172487
d:228:0.004312056092430794,1.3627349096706531,1.3627361962283793,2.7211590498066016
d:229:0.0037420817368705173,1.3627349306301788,1.3627360764476677,2.721728925340976
d:230:0.003959009002782565,1.362734951589708,1.3627359913176846,2.72151193390461
d:231:0.0041889957717078374,1.3627349725492373,1.3627360122772245,2.721281989054754
d:232:0.004250536007921468,1.3627349935087665,1.362736033236768,2.721220490737613
d:233:0.0037139584247753987,1.3627348767172975,1.3627360541963114,2.7217569724888335
d:234:0.004239180418039723,1.3627348390238652,1.3627360751558548,2.7212317337616803
d:235:0.0030602980206442254,1.3627348599833944,1.3627359565553974,2.7224105185181475
d:236:0.0032241848467648992,1.3627348809429236,1.3627359775149444,2.722246673611103
d:237:0.004002645710949437,1.3627349019024564,1.3627359984744913,2.7214682546659983
d:238:0.004404457625884817,1.3627349228619892,1.3627360194340348,2.721066484670139
d:239:0.004357234198700155,1.362734943821522,1.362735981740741,2.7211136913635627
d:240:0.004000686274418186,1.362734906128079,1.3627360027002915,2.721470222553952
d:241:0.004506006124783468,1.3627349270876081,1.362736023659835,2.7209649446226596
d:242:0.003302623740426114,1.3627349480471445,1.3627359165860682,2.7221682408927865
d:243:0.0036045053928326354,1.3627349690066808,1.3627358788927637,2.721866342506612
d:244:0.003694129423378101,1.3627348512431503,1.3627358998523107,2.721776621672083
d:245:0.0042130515875928864,1.3627347449650564,1.3627359208118612,2.7212576141893248
d:246:0.0037432094882170475,1.3627347659245928,1.3627359417714118,2.7217274982077875
d:247:0.00412135136168601,1.362734786884122,1.3627359627309588,2.7213493982533947
d:248:0.003337566524704627,1.3627346773867046,1.36273592503764,2.72213303589964
d:249:0.004162308541097559,1.3627346983462374,1.3627359459971942,2.721308335802334
d:250:0.004133354309344028,1.3627347193057702,1.3627359669567376,2.7213373319531637
d:251:0.003842142651281577,1.3627347402653065,1.3627359879162917,2.7216285855303166
d:252:0.00414273182924596,1.3627347025718386,1.3627359502229623,2.721327920965555
d:253:0.003753042523912953,1.3627347235313785,1.3627359711825164,2.721717652189982
d:254:0.00358915548421912,1.3627347444909113,1.362735992142067,2.721881581148759
d:255:0.003316276741456292,1.3627347654504476,1.362736013101621,2.7221545018106124
d:256:0.0030003981825732495,1.362734786409984,1.3627358932966978,2.7224702815241084
d:257:0.003122140017454811,1.3627346678815613,1.3627359142562518,2.7223484421203583
d:258:0.004548766821571348,1.3627346888410976,1.362735935215806,2.720921857235332
d:259:0.00312745120716329,1.3627347098006375,1.3627358188519416,2.722343077445416
d:260:0.002978402948393466,1.362734660480843,1.3627358398114922,2.7224920973439417
d:261:0.0036652961999230627,1.3627345438048124,1.3627358607710498,2.721805108375939
d:262:0.0031728343771710854,1.3627345061113303,1.362735881730604,2.722297553464763
d:263:0.003351902343769808,1.3627343875533882,1.3627359026901544,2.722118387899773
d:264:0.00380218122169218,1.362734408512921,1.3627357834465066,2.7216680107377353
d:265:0.002890931169801547,1.3627343046128466,1.3627358044060607,2.7225791778491057
d:266:0.0033284455273214775,1.3627343255723794,1.3627358253656112,2.722141705410669
d:267:0.0033514342774516592,1.3627343465319157,1.3627358463251653,2.7221187585796294
d:268:0.0030784213074301903,1.362734367491452,1.362735867284723,2.722391813468745
d:269:0.0035921265725455953,1.3627343884509848,1.362735888244277,2.7218781501227163
d:270:0.0033477823907546167,1.3627344094105247,1.3627359092038347,2.722122536223605
d:271:0.0035194236005082757,1.3627343717170284,1.362735930163396,2.721950878279916
d:272:0.0033836923671177743,1.3627343926765612,1.36273595112295,2.7220866514323934
d:273:0.0041916046448520206,1.362734413636101,1.3627358353387002,2.7212786443299493
d:274:0.0034372539498193078,1.3627343077827483,1.3627358562982579,2.722032910131187
d:275:0.0034433688404362783,1.3627341855705453,1.3627358772578155,2.7220266939879245
d:276:0.003706180060351727,1.3627342065300816,1.3627358395644684,2.7217638660341983
d:277:0.003237646739725264,1.3627341026295952,1.362735860524026,2.722232316413896
d:278:0.002885455518901736,1.3627341235891315,1.3627357417643786,2.7225844098346084
d:279:0.003333797497084845,1.3627340058246915,1.3627357627239363,2.722135971051543
d:280:0.0026596659433337777,1.3627340267842278,1.3627357836834975,2.7228101445243915
d:281:0.003787789768677996,1.3627339890907102,1.362735804643055,2.7216820039650873
d:282:0.004032115614437615,1.3627340100502465,1.3627358256026163,2.721437720038425
d:283:0.0033826561950665024,1.3627340310097829,1.36273572060702,2.7220870954217364
d:284:0.002867022271159314,1.3627340519693156,1.3627357415665813,2.7226027712647376
d:285:0.0036312736884056562,1.3627340729288555,1.362735762526139,2.721838561766589
d:286:0.0038703755162963205,1.36273395516357,1.3627356454989936,2.7215992251462673
d:287:0.0035669819640880007,1.3627339761231099,1.3627356664585548,2.7219026606175767
d:288:0.004121734318928816,1.3627339970826462,1.362735687418116,2.7213479501818334
d:289:0.0031652122276284445,1.362734018042186,1.3627357083776772,2.722304514192235
d:290:0.003604501027508533,1.3627340390017224,1.3627355894681195,2.7218651274423333
d:291:0.0036130977552613075,1.3627340599612623,1.3627356104276807,2.7218565726336816
d:292:0.002607392495136196,1.3627340106414216,1.362735495029309,2.7228621131755943
d:293:0.0036422661443733517,1.3627338928752906,1.36273551598887,2.7218271427197873
d:294:0.0034986753392871606,1.3627339138348304,1.3627355369484278,2.721970775443971
d:295:0.0027050905664349756,1.3627339347943703,1.3627354239920209,2.722764268219956
d:296:0.0035111932349636277,1.3627338308934576,1.362735305984863,2.721957943643357
d:297:0.003231000561866537,1.3627337931999186,1.3627353269444207,2.7222381195824727
d:298:0.0023668936158607323,1.362733814159462,1.3627353479039854,2.7231022684475867
d:299:0.0033440679710068366,1.3627337056847786,1.362735368863543,2.722125006577315
d:300:0.003922634624844434,1.362733726644315,1.3627353898231007,2.721546481842571
d:301:0.003758462649431138,1.3627337476038512,1.3627353521297216,2.7217106370841417
d:302:0.0034439224049354067,1.3627337099103016,1.3627353730892864,2.7220251605946526
d:303:0.0029974848113916153,1.3627337308698415,1.3627353940488511,2.722471640107301
d:304:0.0024149561924780016,1.3627337518293814,1.3627354150084123,2.7230542106453157
d:305:0.003216801328806085,1.3627336315304284,1.3627354359679735,2.722252266169596
d:306:0.003004894804755409,1.3627335938368645,1.3627354569275383,2.7224641559596474
d:307:0.0027005796428554163,1.36273355614329,1.362735477887103,2.7227684543875377
d:308:0.002998857361911078,1.36273357710283,1.3627353583185844,2.7224700780595033
d:309:0.00274391341414848,1.3627335980623698,1.3627353792781491,2.7227250639263705
d:310:0.0028448046865356957,1.36273348481431,1.3627354002377103,2.7226240803654846
d:311:0.0031222361410652155,1.3627335057738499,1.362735421197275,2.7223466908300598
d:312:0.003533919865761348,1.362733385747049,1.3627353153443131,2.7219347812256007
d:313:0.0031079039417427623,1.3627334067065853,1.3627351947913766,2.722360697556219
d:314:0.003336107769731811,1.3627334276661287,1.3627351570979833,2.72213247699438
d:315:0.0031059240687181244,1.3627334486256721,1.362735178057548,2.722362702614502
d:316:0.0026595466917331834,1.3627334695852085,1.3627351990171128,2.722809121910588
d:317:0.003171777071827364,1.3627334905447483,1.362735219976674,2.722296933449595
d:318:0.003560146255869867,1.3627335115042918,1.3627352409362388,2.7219086061846607
d:319:0.00311476180768544,1.3627335324638388,1.362735261895807,2.7223540325519604
d:320:0.002649675304780885,1.3627335534233822,1.3627352828553754,2.7228191609739767
d:321:0.002690895045498465,1.362733574382922,1.3627353038149401,2.7227779831523637
d:322:0.0027531614785694103,1.3627335953424655,1.3627353247745084,2.7227157586384045
d:323:0.0029793799169652857,1.3627336163020125,1.3627353457340767,2.722489582119124
d:324:0.003227544148964867,1.3627336372615595,1.362735232916929,2.7222413260295237
d:325:0.0024965475590459363,1.3627336582211065,1.3627352538764939,2.7229723645385544
d:326:0.002608764841118827,1.3627336205275142,1.3627352748360657,2.722860130522461
d:327:0.0025117599744248764,1.3627336414870612,1.362735295795634,2.7229571773082704
d:328:0.002995541585587347,1.3627335288257285,1.3627353167552023,2.7224733039953435
d:329:0.003247474774557446,1.362733549785279,1.3627353377147777,2.7222214127254993
d:330:0.0033781051315422417,1.3627335707448296,1.362735358674346,2.7220908242876334
d:331:0.0027721357164285365,1.3627335917043766,1.3627353796339179,2.722696835621866
d:332:0.0026819626032867916,1.3627336126639271,1.3627354005934897,2.72278705065413
d:333:0.0039202099501096654,1.3627336336234706,1.3627354215530616,2.7215488452264225
d:334:0.0038180270936223337,1.3627336545830246,1.362735442512637,2.7216510700020393
d:335:0.0023831058590566556,1.3627336755425787,1.3627354634722124,2.7230860331557345
d:336:0.0024828633476943196,1.3627336965021257,1.3627354844317914,2.722986317586223
d:337:0.0026625130384196893,1.3627337174616798,1.3627353664237205,2.7228065708469806
d:338:0.0031143451951862744,1.362733738421234,1.3627352464879827,2.7223546397140304
d:339:0.002771947244250228,1.3627337593807844,1.3627352674475546,2.722697079584089
d:340:0.002881675938930073,1.3627337803403385,1.3627352884071264,2.722587392808535
d:341:0.0020270583238843898,1.362733742646732,1.3627353093666983,2.723441993689546
d:342:0.0022772363134979656,1.3627337636062897,1.3627353303262737,2.7231918576190655
d:343:0.0028481461758005366,1.3627337845658438,1.3627353512858527,2.722620989675896
d:344:0.0026219747010713945,1.3627338055254015,1.362735372245428,2.722847203069758
d:345:0.0024740346761031873,1.362733767831788,1.362735393205007,2.7229951263606917
d:346:0.002250954390149218,1.3627337301381566,1.3627352747482497,2.723218050496257
d:347:0.0029659524563623307,1.3627336924445217,1.3627352957078251,2.7225030356959845
d:348:0.0025506153695804556,1.3627337134040793,1.3627353166674006,2.7229184147018994
d:349:0.003361082675320759,1.3627336757104267,1.3627353376269795,2.7221079306620855
d:350:0.0028089689882548896,1.3627335579433577,1.362735358586562,2.722659947541665
d:351:0.002072029891197147,1.3627335789029118,1.3627353795461374,2.723396928557852
d:352:0.0031295626904981333,1.3627335998624694,1.3627354005057164,2.7223394376776877
d:353:0.0028727089483808754,1.3627336208220306,1.3627354214653025,2.7225963333389522
d:354:0.002160389147368491,1.362733571502126,1.3627354424248814,2.723308624779639
d:355:0.0023433254135962756,1.3627334704829686,1.362735463384464,2.723125608453836
d:356:0.0032472880400877813,1.3627334914425298,1.3627354843440465,2.7222216877464884
d:357:0.002895076946119346,1.3627335124020874,1.3627355053036325,2.7225739407596006
d:358:0.0027469956154053676,1.3627333912402229,1.362735526263215,2.7227219218880325
d:359:0.002134890069973139,1.3627333535465525,1.3627354107320855,2.723333874208665
d:360:0.00236171552843345,1.362733304226623,1.3627354316916716,2.723107020389861
d:361:0.002393325427863857,1.3627333251861806,1.362735452651254,2.723075452409571
d:362:0.0027929917908036117,1.3627332178766949,1.362735335975053,2.722675562060944
d:363:0.002333928663176721,1.362733238836249,1.3627353569346354,2.7231346671077077
d:364:0.001813448024751807,1.3627331175295438,1.3627353778942215,2.7236550473990135
d:365:0.0025956293132534114,1.3627330053578532,1.3627353988538076,2.7228727748984074
d:366:0.0029097605624777145,1.3627329676641615,1.3627354198133865,2.7225586269150703
d:367:0.0022864619301774525,1.3627328576713005,1.3627354407729761,2.723181836514099
d:368:0.0018360767260041655,1.3627327369047961,1.3627354617325658,2.7236321219113577
d:369:0.002563515378595227,1.3627327578643431,1.3627354826921518,2.7229047251778997
d:370:0.0026625602132135384,1.3627327788238972,1.362735503651738,2.7228057222624216
d:371:0.002315267852027958,1.3627327997834513,1.362735524611331,2.7231530565427544
d:372:0.00256832152930464,1.3627327620897454,1.3627354115105454,2.722899852070986
d:373:0.0024555014866702862,1.3627326449020032,1.3627354324701315,2.7230125758854644
d:374:0.0023010010316522056,1.3627326658615573,1.3627354534297211,2.723167118259626
d:375:0.0031089619492163934,1.3627326868211114,1.3627354743893072,2.722359199261202
d:376:0.0021405171282466995,1.3627325675031052,1.362735369393146,2.7233274197680046
d:377:0.0025069310983436566,1.3627324555726013,1.3627353903527322,2.7229609148269898
d:378:0.002344873989729379,1.3627324765321518,1.3627354113123218,2.723123013854744
d:379:0.0020166219918333894,1.3627324974917059,1.362735432271915,2.7234513077717875
d:380:0.002348079608434972,1.36273251845126,1.3627353138366765,2.7231197526795015
d:381:0.002652258021418774,1.3627325394108105,1.3627351996873962,2.722815481076788
d:382:0.0021769097359722878,1.3627324418005777,1.3627352206469787,2.723290752711584
d:383:0.002152944564807413,1.3627324627601318,1.3627352416065683,2.7233147598018927
d:384:0.0021091186451549504,1.362732483719686,1.362735262566158,2.723358627640689
d:385:0.002360020492719883,1.3627323616246585,1.3627352835257476,2.723107624657686
d:386:0.002866215081361645,1.362732241819426,1.3627353044853407,2.722601331223405
d:387:0.0030107272622696968,1.3627322627789802,1.3627353254449375,2.722456860961648
d:388:0.001974359213916088,1.3627322837385307,1.3627352112047468,2.7234931357293615
d:389:0.001745968467689707,1.3627323046980813,1.3627352321643365,2.723721568394728
d:390:0.002301610759438688,1.3627323256576354,1.362735253123926,2.7231659680221227
d:391:0.0018801475439111925,1.3627323466171894,1.3627352740835192,2.7235874731567975
d:392:0.0022795321234472254,1.3627322344448274,1.3627352950431089,2.723187997364489
d:393:0.0020309925535517692,1.362732196751093,1.36273525734968,2.7234364615472213
d:394:0.0018993019425330715,1.3627322177106471,1.362735138743691,2.723568054511805
d:395:0.0022938752013192953,1.3627322386702012,1.3627351597032842,2.723173523172166
d:396:0.001955935816059906,1.3627322596297518,1.3627351806628774,2.723511504476569
d:397:0.0025695842315212047,1.3627322805893058,1.362735201622467,2.7228978979802516
d:398:0.002124732510399241,1.362732165189957,1.3627352225820637,2.7233426552616216
d:399:0.002728027591588855,1.3627321861495147,1.3627352435416604,2.7227394020995863
d:400:0.002233838881110728,1.3627322071090688,1.3627351222450166,2.7232334904729747
d:401:0.0016545235126699254,1.36273222806863,1.3627351432046098,2.72381284776057
d:402:0.0017741267348654333,1.3627322490281806,1.3627351641642065,2.7236932864575216
d:403:0.0027060828322866826,1.3627322699877382,1.3627351851237997,2.722761372279251
d:404:0.002596329252884999,1.3627322909472994,1.3627352060834,2.7228711677778143
d:405:0.0019456588750070836,1.3627321848560534,1.3627351683899533,2.7235216943709997
d:406:0.0015720391851203885,1.362732205815611,1.36273518934955,2.7238953559800407
d:407:0.0015203400246548426,1.3627322267751687,1.3627352103091468,2.7239470970596606
d:408:0.0017800817315478668,1.3627321209211303,1.36273523126874,2.7236872704583224
d:409:0.001514177326969346,1.362732141880688,1.3627351202746816,2.7239530848284
d:410:0.002298979340359608,1.3627320357889943,1.3627351412342819,2.7231681976829165
d:411:0.0020266981101180193,1.3627320567485484,1.3627351621938786,2.723440520832309
d:412:0.0013566061113650107,1.3627320777081096,1.3627351831534789,2.7241106547502234
d:413:0.0020774542955521724,1.3627320986676672,1.3627351454600145,2.7233897898321295
d:414:0.002012557926883929,1.3627319976480656,1.3627350249059198,2.7234544646271015
d:415:0.0015989903335231759,1.362731877512477,1.3627350458655165,2.7238679330444704
d:416:0.002117791265597191,1.3627318281924659,1.3627350668251133,2.723349103751982
d:417:0.0024613128981307852,1.36273184915202,1.3627349512916673,2.7230054875455565
d:418:0.0021187034155332185,1.3627318701115811,1.3627348312976153,2.7233479979936632
d:419:0.0017234396313003941,1.3627318910711423,1.3627347936041332,2.723743245043975
d:420:0.0020035099363227005,1.3627319120307,1.3627348145637335,2.7234632166581108
d:421:0.001559023453490127,1.3627319329902576,1.3627346980682091,2.7239076076049766
d:422:0.0023714774371068614,1.3627319539498188,1.3627347190278094,2.7230951955405214
d:423:0.0016776809523140201,1.36273197490938,1.3627347399874026,2.7237890339444686
d:424:0.001535964720774885,1.3627319958689377,1.3627346213717715,2.7239306525199343
d:425:0.0019825200763037287,1.3627320168285024,1.3627346423313718,2.7234841390835705
d:426:0.0016845634570223922,1.3627320377880636,1.3627345311354802,2.7237820054665214
d:427:0.0021644853600335523,1.3627320587476284,1.362734421606575,2.72330199499417
d:428:0.001308821757431744,1.3627320797071896,1.3627344425661683,2.724157700515926
d:429:0.0019819037099146897,1.3627321006667508,1.3627344635257614,2.7234846604825975
d:430:0.0015611380976601197,1.362732121626319,1.362734341443332,2.723905324971991
d:431:0.002116045940388389,1.3627321425858838,1.3627343624029287,2.723350459048424
d:432:0.0018944766857806883,1.3627321635454521,1.3627343247094217,2.723572011569093
d:433:0.001645690366851582,1.362732184505024,1.362734345669022,2.7238208398071944
d:434:0.0015790470511145571,1.3627322054645887,1.3627343666286187,2.723887525042093
d:435:0.0015362854437590556,1.3627322264241535,1.3627343875882083,2.7239303285686027
d:436:0.001543255063944926,1.362732106106769,1.3627342685370536,2.7239231195798776
d:437:0.001660978868304852,1.3627321270663408,1.3627341548932606,2.7238053030912965
d:438:0.0018340397649634355,1.3627321480259056,1.3627341758528573,2.7236322841137994
d:439:0.001497527988059133,1.3627321689854774,1.362734196812454,2.7239688378098723
d:440:0.0016190124401997963,1.3627321899450422,1.3627341591189328,2.723847336623775
d:441:0.0013338627995356234,1.362732210904614,1.3627340472046399,2.7241323953097183
d:442:0.001667790456780338,1.3627321732108548,1.3627340681642366,2.723798450918311
d:443:0.0016510125664943587,1.3627321355170778,1.3627340891238262,2.7238152120744097
d:444:0.0011077972711213135,1.3627321564766497,1.3627341100834265,2.724358469288955
d:445:0.001384412451651329,1.3627321774362215,1.362734072389891,2.7240818373744613
d:446:0.001960578576241545,1.3627321983957934,1.362734034696345,2.723505654515897
d:447:0.001605045256217963,1.3627320801610985,1.3627340556559382,2.7238610905608187
d:448:0.0013775731698011384,1.3627321011206774,1.3627340766155385,2.7240886045664148
d:449:0.0018293236324105067,1.3627321220802457,1.3627340975751316,2.723636896022967
d:450:0.0020673678117972827,1.3627321430398176,1.362734118534732,2.7233988937627522
d:451:0.0018925684924084862,1.3627320245101266,1.3627341394943286,2.723573595512047
d:452:0.0012893508311044855,1.3627320454697056,1.362734160453936,2.724176855092537
d:453:0.0014879089917592125,1.3627320077759109,1.3627341814135328,2.7239782801976844
d:454:0.0013396819471669374,1.3627320287354827,1.3627342023731366,2.7241265491614524
d:455:0.002148861541739322,1.3627320496950581,1.3627342233327333,2.723317411486052
d:456:0.0013606200025044757,1.362732070654637,1.3627342442923407,2.7241056949444733
d:457:0.001308878414961967,1.3627320329608352,1.3627342652519445,2.724157419797818
d:458:0.001345230738484915,1.362732053920407,1.3627342862115448,2.724121109393467
d:459:0.0014471778179370176,1.3627320748799825,1.3627343071711486,2.724019204233194
d:460:0.0016478609274415135,1.3627320958395615,1.362734328130756,2.723818563042876
d:461:0.001316549467690109,1.3627321167991404,1.3627342081506981,2.7241497754821484
d:462:0.0014371979269025559,1.3627320791053208,1.3627342291102948,2.724029110288713
d:463:0.0012701636676411,1.3627321000648998,1.3627342500699022,2.724196186467161
d:464:0.0012328042159559516,1.3627321210244858,1.362734135922505,2.724233452731035
d:465:0.0011668104374837895,1.3627321419840577,1.3627341568821087,2.7242994884286826
d:466:0.0015393479869558746,1.3627321042902416,1.3627341778417161,2.723926934145002
d:467:0.001418874552392424,1.3627321252498206,1.36273419880132,2.724047449498748
d:468:0.0014817669859326088,1.3627320875559832,1.3627341611077597,2.7239844816778103
d:469:0.0012785448788488196,1.3627321085155621,1.3627341234141852,2.7241876870508985
d:470:0.0013909739029234203,1.362732129475141,1.3627341443737961,2.724075299946014
d:471:0.001752007041158521,1.3627321504347272,1.3627341653334035,2.723714308726972
d:472:0.0017903684408224763,1.3627321127408827,1.3627341862930145,2.7236759305930747
d:473:0.0016495802024785178,1.3627321337004688,1.3627340764771425,2.7238166299751327
d:474:0.0010988501248831994,1.3627320149069924,1.3627340974367463,2.7243672622188555
d:475:0.0011821120052388778,1.3627320358665784,1.3627341183963573,2.724284042257697
d:476:0.0012766435933340148,1.3627320568261574,1.362734139355961,2.7241895525887845
d:477:0.0012276843868903597,1.362732077785747,1.362734160315572,2.7242385537144287
d:478:0.0016744080310822085,1.3627320400918848,1.362734181275183,2.7237918133359855
d:479:0.0017505315539754207,1.3627320610514673,1.362734202234794,2.7237157317322858
d:480:0.0014080124544584294,1.3627319392522352,1.3627342231944048,2.7240581499921817
d:481:0.001030826777103755,1.3627319602118177,1.3627342441540122,2.7244353775887262
d:482:0.0014706150968333276,1.3627319811714003,1.3627342651136267,2.7239956311881937
d:483:0.001135534045983988,1.3627320021309863,1.3627342860732412,2.7243307541582436
d:484:0.0017218187571792498,1.3627318977881657,1.3627343070328521,2.7237443860638386
d:485:0.0013827948980207339,1.362731779257544,1.3627343279924737,2.724083312351997
d:486:0.0014446422273763915,1.362731800217123,1.3627343489520847,2.724021506941831
d:487:0.0011316242506858032,1.362731821176709,1.3627343699117027,2.724334566837726
d:488:0.0012651497972360204,1.3627318421362915,1.3627343908713208,2.7242010832103762
d:489:0.0014632363251845248,1.3627318630958776,1.3627344118309388,2.724003038601632
d:490:0.001455055891829815,1.3627318840554636,1.3627344327905568,2.7240112609541907
d:491:0.0010924022416531898,1.3627318463615872,1.3627344537501749,2.724373897870109
d:492:0.0012301417153341987,1.3627318673211732,1.362734474709793,2.724236200315632
d:493:0.001182442364141778,1.3627318296272826,1.362734495669411,2.7242838829325517
d:494:0.0008920531340432802,1.362731719633647,1.3627343858529706,2.7245740523525743
d:495:0.0008760801588820755,1.362731740593233,1.3627344068125922,2.724590067246943
d:496:0.0015182543459530962,1.3627317028993282,1.3627344277722102,2.7239478763255853
d:497:0.0010922963731143653,1.3627317238589178,1.3627344487318354,2.724373876217639
d:498:0.0012158977880929456,1.362731744818504,1.3627344696914534,2.7242503167218644
d:499:0.0010480000048307403,1.36273176577809,1.362734490651075,2.724418256424334
d:500:0.0013922393886538487,1.3627317867376831,1.3627343707140867,2.724073918063116
d:501:0.0010853540840667364,1.3627316767434898,1.3627343916737118,2.724380714333135
d:502:0.0019224655524059386,1.362731697703076,1.3627344126333334,2.7235436447840033
d:503:0.0016166206895000812,1.3627317186626655,1.362734433592955,2.7238495315661204
d:504:0.0013198780587302394,1.3627317396222551,1.3627344545525801,2.724146316116105
d:505:0.00097857557332226,1.3627316175385786,1.3627343474778968,2.724487389443153
d:506:0.0011736787752543165,1.3627315798446595,1.362734368437522,2.724292269506927
d:507:0.0012686730629916099,1.3627316008042456,1.362734256522515,2.724197184263769
d:508:0.000824950954992687,1.3627316217638388,1.36273427748214,2.724640948290986
d:509:0.0009034714274811506,1.3627315132882707,1.3627342984417616,2.724562340302551
d:510:0.001285880648968174,1.3627314082918218,1.3627343194013868,2.7241798470442404
d:511:0.0011513271366201394,1.3627314292514079,1.362734340361012,2.7243144424757997
d:512:0.0009304002132228817,1.362731450210994,1.362734361320637,2.724535411318408
d:513:0.0007944073901029469,1.3627313375486771,1.3627343822802622,2.7246713124388364
d:514:0.0013097689705361404,1.3627313585082632,1.362734403239891,2.724155992777618
d:515:0.0007623519970483272,1.3627313794678528,1.3627343655462916,2.724703393017096
d:516:0.0010312821885083423,1.3627314004274425,1.3627343865059238,2.724434504744858
d:517:0.001350121100422541,1.3627314213870356,1.3627344074655525,2.7241157077521656
d:518:0.0010937046125718553,1.3627314423466217,1.3627344284251812,2.724372166159231
d:519:0.0011389586044572297,1.3627314633062149,1.36273444938481,2.7243269540865676
d:520:0.0016915240497770156,1.3627314842658045,1.3627344703444386,2.723774430560466
d:521:0.001135421981727447,1.362731505225394,1.3627344913040709,2.7243305745477375
d:522:0.001439463136556185,1.3627313858971348,1.3627345122636996,2.724026435024278
d:523:0.0009200788690488793,1.362731348203198,1.3627344745700931,2.724545743904242
d:524:0.0010843104057407515,1.3627312257081314,1.362734436876476,2.7243813521788667
d:525:0.0012153910423009506,1.362731246667721,1.3627343991828482,2.7242502548082683
d:526:0.0008656887090907617,1.3627312676273178,1.3627342932036939,2.724599872121921
d:527:0.0010663618198805125,1.3627311476329886,1.3627343141633261,2.7243990999764343
d:528:0.0011339356938986356,1.3627311685925747,1.3627343351229548,2.724331568021631
d:529:0.0008851068903812376,1.3627311895521679,1.3627342974293164,2.724580380091103
d:530:0.000789479825300532,1.3627312105117575,1.362734318388945,2.724676049075402
d:531:0.0008477349843829529,1.3627312314713507,1.3627343393485774,2.724617835835545
d:532:0.001428006566593254,1.3627312524309438,1.362734223816389,2.7240374696807397
d:533:0.0018550029603083829,1.3627311374471347,1.3627342447760213,2.7236103792628477
d:534:0.0008549735581500073,1.3627311584067314,1.3627342070823651,2.7246103919309466
d:535:0.0007626235809166104,1.362731179366321,1.3627342280419974,2.724702783827402
d:536:0.0007877120781518698,1.3627312003259142,1.3627342490016332,2.7246777372493955
d:537:0.0008637662897861276,1.362731162631956,1.3627342699612655,2.7246016663034354
d:538:0.0007255686078089241,1.362731050119141,1.3627342909208977,2.7247397724322298
d:539:0.0012914165177271286,1.3627309457758194,1.362734311880537,2.7241738411386294
d:540:0.0011009951284215447,1.3627309667354162,1.3627343328401764,2.724364304447171
d:541:0.0008049392385736098,1.3627309876950058,1.3627342120743506,2.724660260530783
d:542:0.00097699951863639,1.362731008654599,1.362734104999145,2.7244881141351076
d:543:0.0010141698717056613,1.3627309709606266,1.3627341259587773,2.724450927047698
d:544:0.0005214512986579933,1.362730856810984,1.362734146918413,2.724943552430739
d:545:0.0006039638858901242,1.3627308191169973,1.362734167878049,2.724861023109156
d:546:0.0010834499532936803,1.362730840076587,1.3627341888376847,2.724381578960978
d:547:0.0006198455483801268,1.362730727903326,1.362734209797324,2.72484509215227
d:548:0.00086824595250512,1.3627307488629121,1.3627342307569599,2.724596733667367
d:549:0.0009895888741340286,1.3627307698225053,1.3627342517165992,2.7244754326649705
d:550:0.0006853810702551755,1.3627307907820985,1.3627342726762386,2.724779682388082
d:551:0.0006995238423801453,1.3627308117416916,1.362734293635878,2.7247655815351894
d:552:0.0006781574328957873,1.3627307029319304,1.3627343145955173,2.724786860094552
d:553:0.000530843635930367,1.3627307238915236,1.3627341982303314,2.7249340784859246
d:554:0.0008067568859200236,1.3627307448511203,1.3627342191899707,2.724658207155171
d:555:0.000740790284446291,1.3627306385720104,1.3627342401496136,2.7247240884371777
d:556:0.0005918650510920997,1.3627305243314431,1.3627342611092566,2.7248729203896076
d:557:0.0006028326720404209,1.3627304866374281,1.362734282068896,2.7248619360342836
d:558:0.000374506850363332,1.3627304489434096,1.3627343030285388,2.725090245121585
d:559:0.0007959095871861166,1.3627304699030063,1.3627343239881853,2.7246688843040054
d:560:0.0009108048800268165,1.3627304908625995,1.3627343449478246,2.7245540309303973
d:561:0.0010572853312460495,1.3627303695544626,1.362734247337368,2.7244073315605846
d:562:0.0008450698300528359,1.3627303905140522,1.362734268297011,2.7246195889810103
d:563:0.00122554469695757,1.3627304114736454,1.3627341496802465,2.7242390164569343
d:564:0.0008464969474957229,1.3627304324332385,1.362734111986569,2.724618047472312
d:565:0.0012165843659488473,1.3627303166476246,1.362734132946212,2.7242478652278876
d:566:0.0005948382176708122,1.3627303376072142,1.3627341539058548,2.724869653295398
d:567:0.0006538879930104713,1.3627303585668074,1.3627341748655013,2.724810645439298
d:568:0.0004980768103273192,1.3627303795264005,1.3627341958251442,2.7249664985412174
d:569:0.0007415624128341847,1.3627303418323677,1.3627342167847907,2.7247229962043242
d:570:0.0008337643569014119,1.3627303627919574,1.3627342377444371,2.724630836179493
d:571:0.0005989941591337811,1.362730383751554,1.36273425870408,2.7248656482965004
d:572:0.0007471362866482423,1.3627304047111508,1.36273427966373,2.7247175480882326
d:573:0.0009475643979772741,1.3627304256707475,1.3627343006233836,2.724517161896154
d:574:0.0006121763706499195,1.362730387976697,1.36273432158303,2.724852533189077
d:575:0.0005396875903507237,1.3627304089362937,1.3627343425426766,2.7249250638886195
d:576:0.0008266637305904823,1.362730429895894,1.3627343635023266,2.72463812966763
d:577:0.0006623379984507238,1.3627304508554943,1.3627343844619801,2.7248024973190237
d:578:0.00048622536596809596,1.3627304718150945,1.3627342661192792,2.7249785125684056
d:579:0.0005139805959650801,1.3627304927746948,1.3627342870789292,2.724950799257659
d:580:0.0005641538562155546,1.362730513734295,1.3627343080385792,2.7249006679166587
d:581:0.0007709665653337083,1.3627305346938954,1.3627343289982292,2.724693897126791
d:582:0.000540601760478765,1.3627305556534957,1.3627343499578828,2.7249243038508997
d:583:0.0009395536008973693,1.3627305766130995,1.3627343709175328,2.724525393929735
d:584:0.000721500232018002,1.3627305975727033,1.36273439187719,2.7247434892178752
d:585:0.0006858052109990354,1.3627306185323071,1.362734287577986,2.724779100899294
d:586:0.0005523130615028293,1.3627305808382495,1.3627343085376395,2.724912576314386
d:587:0.0008104451770769572,1.3627305431441812,1.3627343294972896,2.724654427464394
d:588:0.0007206712220604317,1.362730564103785,1.3627343504569467,2.7247442433386713
d:589:0.0009261334681944788,1.3627305850633924,1.3627342301211343,2.724538681716332
d:590:0.0007179925800073761,1.3627306060229962,1.362734163909721,2.72474677735271
d:591:0.0008386064382666092,1.3627306269826036,1.3627341848693746,2.7246262054137116
d:592:0.00047653961232185793,1.362730647942211,1.3627340838498796,2.7249881921797687
d:593:0.0007122721934145204,1.3627305291818956,1.3627339704880868,2.724752227476568
d:594:0.0007044449689601606,1.3627304102716842,1.3627339914477403,2.7247599567504643
d:595:0.000622908174770842,1.362730291510477,1.3627340124073903,2.7248413957430966
d:596:0.0011281894814842985,1.3627303124700774,1.3627339113875507,2.724336034376144
d:597:0.0006158873890687033,1.3627303334296883,1.3627337917596307,2.7248482378002503
d:598:0.0005582749257779795,1.3627302957356022,1.3627338127192772,2.7249058335291014
d:599:0.0008258216793315398,1.362730316695206,1.3627336916598622,2.7246381866757368
d:600:0.00038078372031336016,1.3627303376548063,1.3627337126195087,2.7250832665540017
d:601:0.0008048350741596266,1.3627303586144173,1.3627337335791587,2.7246592571194164
d:602:0.0005454270186113774,1.3627303795740247,1.3627337545388123,2.7249187070942256
d:603:0.0006230795267665457,1.3627304005336285,1.3627337754984588,2.7248410965053207
d:604:0.0006387241332230786,1.362730284999767,1.362733664503473,2.724825225370017
d:605:0.0004660896878228016,1.3627303059593743,1.3627336854631231,2.7249979017346746
d:606:0.0003825297306256914,1.3627303269189852,1.3627337064227767,2.725081503611136
d:607:0.0004727490728502204,1.3627302119343128,1.3627337273824303,2.724991190243893
d:608:0.0005113980059761047,1.3627302328939201,1.3627337483420838,2.724952583230028
d:609:0.0006110869392816909,1.3627301951998163,1.3627336304795072,2.724852738740042
d:610:0.0005074319443139075,1.3627302161594237,1.3627336514391573,2.724956435654267
d:611:0.00033931543142173837,1.3627302371190346,1.3627336723988108,2.7251245940864237
d:612:0.0004225336287806414,1.36273018779886,1.3627335583984674,2.725041212568547
d:613:0.00045930263179627673,1.362730208758471,1.3627335793581246,2.7250044854847992
d:614:0.0004477585571827092,1.3627300937730702,1.3627334600288314,2.725015795244719
d:615:0.0006286695959296651,1.3627301147326776,1.3627334809884815,2.7248349261252294
d:616:0.0004902899769021474,1.3627300007322667,1.3627335019481315,2.724973212703496
d:617:0.0006576965689486514,1.362730021691874,1.3627333900172403,2.7248057151401657
d:618:0.0005697972596809819,1.3627299839977525,1.3627334109768938,2.7248935977149653
d:619:0.0005428608657656042,1.3627298654659796,1.3627334319365438,2.724920436536758
d:620:0.0004163588613774749,1.3627298864255906,1.3627334528961974,2.7250469804604105
d:621:0.0007559386551321268,1.3627299073852015,1.3627334738558545,2.724707442585924
d:622:0.0005907441409451764,1.3627299283448124,1.362733494815508,2.7248726790193754
d:623:0.00042720336239909784,1.3627299493044163,1.362733515775158,2.7250362617171753
d:624:0.0004722454889432015,1.3627299702640236,1.3627335367348152,2.7249912615098957
d:625:0.0005480674308628863,1.3627299912236346,1.3627334990410915,2.7249154228338632
d:626:0.0004194554872842815,1.3627299535295023,1.3627335200007522,2.7250440180429703
d:627:0.0006101977944616976,1.3627299744891133,1.3627335409604058,2.7248533176550573
d:628:0.00026251993084436265,1.3627299954487242,1.362733561920063,2.7252010374379427
d:629:0.0002962182541370595,1.3627300164083387,1.3627335828797236,2.725167381033925
d:630:0.00045559657826821365,1.3627300373679532,1.3627335451859928,2.7250079859756777
d:631:0.0002892344969041005,1.362729931389417,1.3627335661456499,2.725174263038163
d:632:0.0003096660161112652,1.362729893695267,1.3627335871053141,2.72515381478447
d:633:0.0004943757407751548,1.362729914654878,1.3627336080649712,2.724969146979074
d:634:0.000342237469114437,1.362729935614496,1.3627336290246355,2.725121327170017
d:635:0.0003060646734347472,1.362729819828001,1.3627336499842926,2.7251574051388587
d:636:0.0003637654359991416,1.3627298407876083,1.3627336709439568,2.725099746295566
d:637:0.0002911790458348662,1.3627298617472263,1.362733691903621,2.7251723746050125
d:638:0.0007552361306988331,1.362729824053062,1.362733582660951,2.7247081705833143
d:639:0.0005205883478627271,1.3627298450126801,1.3627336036206152,2.7249428602854326
d:640:0.00031049677656547203,1.3627298659722946,1.362733624580276,2.725152993776005
d:641:0.0007142414783753992,1.362729886931909,1.3627336455399401,2.724749290993474
d:642:0.0005435959909050325,1.3627297666131426,1.3627336664996044,2.724919837121842
d:643:0.0002759247358419259,1.362729787572757,1.3627336874592721,2.7251875502961873
d:644:0.00041514826062538646,1.3627298085323716,1.3627337084189328,2.725048368690679
d:645:0.0004202604494629725,1.362729829491986,1.3627337293786042,2.7250432984211272
d:646:0.00031288671887885755,1.3627298504516077,1.3627337503382755,2.7251507140710043
d:647:0.0005159311807307887,1.3627298714112221,1.3627337712979433,2.7249477115284346
d:648:0.0004816532696114706,1.3627298220910014,1.3627337922576075,2.7249819610789974
d:649:0.00032959110480135223,1.3627297727707663,1.3627338132172788,2.725133994883244
d:650:0.0004748032037316108,1.362729663528004,1.3627338341769466,2.724988694501219
d:651:0.0003488026889382212,1.362729552533434,1.3627338551366215,2.7251146049811172
d:652:0.00028896681670964597,1.3627295734930485,1.3627338760962928,2.7251744827726316
d:653:0.0002985026753332676,1.3627295944526665,1.3627338970559641,2.7251649888332974
d:654:0.0003545612228030848,1.3627296154122845,1.3627339180156355,2.725108972205117
d:655:0.0002868214593103602,1.3627294931982128,1.3627339389753068,2.7251766107142092
d:656:0.0002979491853114524,1.3627293869935748,1.3627339599349853,2.7251653977432486
d:657:0.00028544817362607944,1.3627294079531893,1.3627339808946566,2.72517794067422
d:658:0.0003482376076231475,1.362729289933469,1.362733864217116,2.725114916542962
d:659:0.00023984928989939647,1.3627293108930765,1.3627337464528146,2.7252232080559917
d:660:0.0004413421941897866,1.362729331852691,1.362733767412486,2.725021757070987
d:661:0.00037510581375066465,1.3627293528123126,1.3627337883721644,2.7250880353707263
d:662:0.00048550029529259575,1.3627292338487607,1.3627337506784158,2.724977484231884
d:663:0.00035514040054529517,1.3627292548083787,1.3627336453503816,2.725107759758215
d:664:0.00042400260988095795,1.3627292757679932,1.3627335281621278,2.72503880132024
d:665:0.0003302000007003869,1.3627292967276041,1.3627335491217956,2.7251326458486993
d:666:0.0003906026257229911,1.3627293176872257,1.362733570081474,2.7250722851429767
d:667:0.0004885633411646495,1.3627293386468402,1.3627335910411453,2.724974366346821
d:668:0.0004812549885429007,1.3627292206388972,1.3627336120008167,2.724981577651171
d:669:0.00033344092316234253,1.3627292415985153,1.362733632960488,2.725129433635841
d:670:0.0006587668435482641,1.3627292625581333,1.362733512193433,2.724804007908018
d:671:0.00017821168952103505,1.362729224863937,1.3627335331531079,2.725284546327524
d:672:0.00022284368218450368,1.3627292458235551,1.3627335541127827,2.7252399562541534
d:673:0.0003252416555543647,1.3627291237384647,1.3627335750724576,2.725137457155368
d:674:0.0005374324768183669,1.3627291446980792,1.3627335960321325,2.7249253082533933
d:675:0.00035593611868023345,1.3627291656577007,1.3627336169918074,2.725106846530828
d:676:0.0006879601783342792,1.3627291866173223,1.3627336379514858,2.724774864390474
d:677:0.0003029406254526634,1.3627290696188652,1.3627336589111607,2.7251597879045732
d:678:0.00019613602797008411,1.3627290905784832,1.3627336798708392,2.7252666344213523
d:679:0.0001385670735043476,1.3627291115380977,1.3627337008305211,2.7253242452951145
d:680:0.00016353982240069342,1.3627289905767945,1.3627337217902031,2.725299172544597
d:681:0.0004175938872954532,1.3627290115364161,1.3627337427498816,2.7250451603990022
d:682:0.00015710435464555417,1.3627290324960342,1.3627337637095636,2.725305691850952
d:683:0.00022017547050090513,1.3627289831757459,1.362733784669242,2.725242592374487
d:684:0.00031605456963035294,1.3627290041353604,1.362733805628924,2.725146755194654
d:685:0.00043675946134413834,1.362729025094982,1.362733826588606,2.725026092222244
d:686:0.0004042116790063943,1.3627290460546,1.3627338475482915,2.725058681923885
d:687:0.0006088746794628008,1.3627290670142251,1.362733868507977,2.7248540608427394
d:688:0.0002385361280214937,1.3627290879738432,1.362733889467659,2.7252244413134807
d:689:0.00045096972792713075,1.3627291089334683,1.3627339104273481,2.7250120496328893
d:690:0.00034101682855336435,1.3627290712392508,1.3627339313870337,2.725121985797731
d:691:0.0003688116654139151,1.3627290335450262,1.3627338127691573,2.7250940346487695
d:692:0.0002135077564027199,1.3627290545046478,1.3627337015722212,2.7252492483204662
d:693:0.00020580467538877656,1.3627289436510708,1.3627337225319032,2.725256861507585
d:694:0.00033123208683250027,1.3627289059568284,1.3627336014713087,2.7251312753413046
d:695:0.00014521310709803004,1.3627287919555826,1.3627336224309907,2.7253172012794753
d:696:0.00023164891452687186,1.3627286710812214,1.3627336433906798,2.7252306655573744
d:697:0.00013695139400837775,1.3627286920408395,1.3627336643503654,2.7253254049971964
d:698:0.00035208556936794366,1.3627287130004575,1.362733685310051,2.7251103127411405
d:699:0.0006687644719338692,1.3627287339600826,1.3627337062697364,2.7247936757578852
d:700:0.00011670854250489526,1.3627287549197042,1.3627337272294255,2.725345773606625
d:701:0.0002807288626254234,1.3627287758793258,1.362733748189111,2.7251817952058115
d:702:0.0002404652631344817,1.3627287968389474,1.3627337691488002,2.725222100724613
d:703:0.00019135090851030157,1.3627286849235105,1.3627337901084928,2.725271124123493
d:704:0.0001394255496016683,1.3627287058831357,1.362733811068182,2.725323091401716
d:705:0.00020816241188370554,1.3627287268427573,1.3627338320278675,2.725254396458741
d:706:0.0005379287386571008,1.3627287478023788,1.3627338529875637,2.7249246720512854
d:707:0.00024059241021312516,1.362728768762004,1.3627338739472528,2.7252220502990436
d:708:0.00024375721787173177,1.3627287897216256,1.3627338949069419,2.7252189274106957
d:709:0.0001851201367699673,1.362728752027369,1.362733915866638,2.725277547757237
d:710:0.00036405886972090684,1.3627287729869977,1.3627339368263343,2.725098650943611
d:711:0.00013858609658790044,1.3627287236666632,1.3627339577860305,2.7253240953561058
d:712:0.00012104576922666865,1.362728674346311,1.3627338440260068,2.725341472603091
d:713:0.0003109418848286083,1.3627286953059397,1.362733864985703,2.725151618406814
d:714:8.115209798553735e-05,1.3627287162655648,1.3627338859453957,2.725381450112975
d:715:0.00010881318592304012,1.3627285979242245,1.3627339069050883,2.72535369164339
d:716:0.00018585938961201975,1.3627286188838497,1.3627339278647845,2.725276687359022
d:717:0.00012266555240714183,1.3627286398434748,1.3627339488244843,2.725339923115552
d:718:0.00023838616527704914,1.362728660803107,1.3627339697841805,2.7252242444220105
d:719:0.0001952786380083893,1.3627286817627287,1.362733858586619,2.7252672617113394
d:720:7.173997676090949e-05,1.362728702722361,1.3627338795463189,2.725390842291919
d:721:0.00016856441650503484,1.3627285979212616,1.3627338418525383,2.725293875357295
d:722:0.0001025134585308507,1.3627286188808903,1.3627338628122345,2.725359968234594
d:723:0.00012300441008861185,1.3627284963843138,1.3627338837719307,2.725339375746156
d:724:5.310872946218126e-05,1.362728517343946,1.3627339047316305,2.7254093133461144
d:725:0.00019292170719253932,1.3627285383035712,1.3627339256913338,2.7252695422877125
d:726:0.0002626621179082633,1.3627285592632,1.36273394665103,2.7251998437963216
d:727:0.0001284883224474953,1.3627285802228286,1.3627339676107368,2.725334059511118
d:728:0.0001474488148183184,1.3627286011824609,1.3627339299169456,2.725315082284588
d:729:0.00018006689498228923,1.3627286221420931,1.362733950876649,2.7252825061237598
d:730:9.065241390260326e-05,1.3627286431017218,1.3627339718363451,2.7253719625241644
d:731:0.00024024638346809013,1.362728664061354,1.362733992796052,2.725222410473938
d:732:0.0001997824914887758,1.3627285569861982,1.3627340137557518,2.725262788250461
d:733:0.00025781913130096257,1.3627285779458305,1.362734034715455,2.7252047935299846
d:734:7.850903464401426e-05,1.3627285402515525,1.362734055675162,2.7253840868920705
d:735:0.00010685912089059002,1.3627285612111848,1.3627340766348688,2.725355778725163
d:736:0.0003458926015404984,1.3627285821708206,1.3627340975945756,2.7251167871638557
d:737:7.253443956400929e-05,1.3627286031304493,1.362734118554279,2.7253901872451642
d:738:0.0001150680687622696,1.3627286240900887,1.362734139513993,2.7253476955353193
d:739:0.00011939617612632958,1.362728645049721,1.3627341604736927,2.7253434093472872
d:740:0.00010632525577314311,1.3627286660093603,1.3627341814334066,2.7253565221869938
d:741:0.00015232140691168183,1.3627285474539121,1.3627341437396048,2.7253103697866052
d:742:6.682669153157406e-05,1.3627285684135444,1.3627341646993152,2.725395906421328
d:743:8.473523893393065e-05,1.3627285893731802,1.3627341856590292,2.7253780397932754
d:744:0.00010038883537788479,1.362728478177221,1.362734206618736,2.725362295960579
d:745:0.00027319863405317335,1.3627284991368604,1.36273422757845,2.7251895280812573
d:746:5.2331368364022524e-05,1.3627285200964963,1.3627342485381604,2.7254104372662926
d:747:8.070119930358999e-05,1.362728541056132,1.3627342694978744,2.725382109354703
d:748:0.00023928663585159882,1.3627285620157679,1.3627342904575919,2.725223565837508
d:749:0.0001440022509378025,1.3627285243214686,1.3627343114173023,2.725318833487833
d:750:0.0003054098405943506,1.362728545281108,1.3627343323770198,2.7251574678175334
d:751:6.378419846697625e-05,1.3627285662407402,1.3627343533367338,2.725399135379007
d:752:0.00026242299746392916,1.3627285872003831,1.3627343742964513,2.7252005384993705
d:753:0.00019287568268921973,1.362728608160026,1.3627343952561688,2.7252701277335056
d:754:8.227556464035501e-05,1.3627286291196619,1.3627344162158863,2.725380769770908
d:755:0.00018040801122687355,1.3627286500793048,1.3627344371756038,2.7252826792436817
d:756:0.00011916157808045114,1.3627286710389512,1.362734458135325,2.7253439675961957
d:757:0.00044255841224583037,1.3627286333446413,1.362734479095046,2.7250205540274415
d:758:0.00016470170269577977,1.3627286543042842,1.362734500054767,2.7252984526563555
d:759:0.00019734526565606814,1.3627285339843205,1.362734521014488,2.7252657097331525
d:760:0.0001488040015527048,1.3627284154895136,1.3627345419742127,2.7253141534621736
d:761:0.00042910876654467245,1.362728436449153,1.3627345629339338,2.725033890616542
d:762:7.347431069959498e-05,1.3627284574087888,1.362734448128041,2.72538943122613
d:763:9.717614596738144e-05,1.3627284197144647,1.3627344104342285,2.725365654002726
d:764:2.506718534611707e-05,1.3627283820201335,1.3627344313939567,2.725437746228744
d:765:6.0650250157223695e-05,1.3627283443257845,1.3627344523536742,2.7254021464293015
d:766:0.00010402170768664121,1.3627282194121761,1.3627344733133953,2.7253586710178848
d:767:6.761603875915512e-05,1.3627281817178165,1.3627344942731199,2.7253950599521772
d:768:2.002498423436805e-05,1.3627282026774559,1.362734515232848,2.7254426929260696
d:769:5.3587862286264e-05,1.362728086550419,1.3627345361925727,2.7254090348807054
d:770:2.250936648096058e-05,1.3627281075100584,1.362734427717129,2.7254400258607063
d:771:0.00012971484725987636,1.3627281284696977,1.3627344486768571,2.725332862299295
d:772:6.582495488238749e-05,1.362728149429337,1.3627344696365782,2.725396794111033
d:773:3.491021879398204e-05,1.3627281703889764,1.3627343554859195,2.725427615656102
d:774:1.974478955979464e-05,1.3627281913486229,1.362734376445644,2.725442823004707
d:775:2.0892348976175867e-05,1.3627281536542455,1.3627343974053723,2.7254416587106416
d:776:3.4375332857550234e-05,1.362728174613892,1.362734359711542,2.7254281589925764
d:777:3.0826090656077554e-05,1.3627281955735349,1.3627343806712666,2.7254317501541454
d:778:1.926673052565775e-05,1.3627282165331742,1.3627344016309948,2.7254433514336434
d:779:0.00035054745643847696,1.3627282374928242,1.362734422590723,2.7251121126271087
d:780:2.1630954522677825e-05,1.3627282584524671,1.3627344435504476,2.725441071048392
d:781:2.2244239790580878e-05,1.3627281545503074,1.3627344058566067,2.7254403161671235
d:782:0.00012383409091043518,1.3627281755099538,1.3627344268163348,2.7253387682353782
d:783:0.00013889534049660313,1.3627281964696003,1.3627344477760701,2.725323748905174
d:784:0.05151184068800241,1.3627281587752123,1.3627344687357947,2.6739507868230046
d:785:0.00011250986696609289,1.3627281210808135,1.362734363330535,2.7253499745443825
d:786:0.00012237389197267134,1.3627280074362993,1.3627342516594645,2.725339885203791
d:787:2.708605585333146e-05,1.3627280283959493,1.3627342726191998,2.7254352149592957
d:788:2.2290515110157116e-05,1.3627280493555922,1.3627342935789244,2.7254400524194065
d:789:0.00031449700454544427,1.3627279381229869,1.3627343145386526,2.725147755657094
d:790:1.464196897416059e-05,1.3627279590826333,1.3627343354983843,2.7254476526120435
d:791:2.2873175213433683e-05,1.3627279800422798,1.362734356458116,2.7254394633251824
d:792:2.9079386251851247e-05,1.3627280010019263,1.3627343774178478,2.725433299033522
d:793:1.1910871201337159e-05,1.3627280219615727,1.362734324564947,2.7254504356553184
d:794:1.4077221935693274e-05,1.3627280429212227,1.3627343455246859,2.725448311223973
d:795:2.787783152413681e-05,1.3627279936007923,1.3627343664844105,2.7254344822536787
d:796:2.710494089974702e-05,1.3627280145604423,1.3627343874441493,2.725435297063692
d:797:0.00010627462807022425,1.362727896413535,1.3627344084038846,2.7253560301893494
d:798:1.5851650662312977e-05,1.362727917373185,1.362734355550959,2.7254464212734817
d:799:6.0472041512937835e-05,1.362727938332835,1.362734302698005,2.725401768989327
d:800:7.167632066540364e-06,1.362727959292485,1.3627343236577367,2.725455115318155
d:801:3.203121768713402e-05,1.3627278378907093,1.3627343446174685,2.7254301512904906
d:802:9.984041483157569e-05,1.3627278588503593,1.3627343655772108,2.7253623840127386
d:803:5.748893764767615e-05,1.3627278798100058,1.3627343865369461,2.725404777409304
d:804:1.6372793981034306e-05,1.3627279007696558,1.362734407496685,2.7254459354723597
d:805:8.964446888271027e-05,1.3627277805278588,1.3627344284564238,2.7253725645154
d:806:2.1739186804481392e-05,1.3627277312073964,1.3627343161507888,2.7254403081713807
d:807:0.00025278504150705317,1.3627277521670464,1.3627343371105276,2.725209304236067
d:808:9.380230780742238e-05,1.362727773126693,1.3627343580702664,2.725368328889152
d:809:0.00016218012772561963,1.3627276631313698,1.3627343790300053,2.7252998620336495
d:810:0.00011658795389912768,1.3627276840910199,1.3627342624669687,2.7253453586040894
d:811:0.0004188395414885804,1.3627277050506663,1.362734283426704,2.7250431489358817
d:812:0.00011048868647023369,1.3627277260103199,1.3627343043864464,2.725351541710296
d:813:9.816161928632994e-05,1.3627277469699663,1.3627342515334604,2.7253638368841404
d:814:1.1752227777606095e-05,1.3627277679296235,1.3627342724931992,2.725450288195045
d:815:0.00012674008631741174,1.3627276547879745,1.3627342934529416,2.7253352081545987
d:816:0.0001644925319403967,1.3627276757476245,1.3627343144126804,2.7252974976283646
d:817:4.6032271471929675e-05,1.3627275574993725,1.3627343353724228,2.7254158606003234
d:818:0.00026253669029507876,1.362727578459026,1.3627343563321652,2.725199398100896
d:819:0.00010045055992158325,1.3627275994186725,1.362734377291904,2.725361526150655
d:820:0.00019269914609942873,1.3627276203783332,1.36273439825165,2.7252693194838837
d:821:1.7065395972792885e-05,1.3627276413379832,1.3627344192113924,2.7254449951534028
d:822:2.37579407915689e-05,1.3627276622976332,1.3627344401711383,2.72543834452798
d:823:0.00027496606996813,1.3627276832572868,1.3627344611308843,2.725187178318203
d:824:3.6422087076104503e-05,1.362727704216944,1.3627344820906302,2.725425764220498
d:825:2.908109660282321e-05,1.3627277251765975,1.3627345030503761,2.7254331471303708
d:826:2.071477830867252e-05,1.3627277461362546,1.3627345240101256,2.7254415553680715
d:827:3.7933225623731914e-05,1.3627277670959081,1.3627345449698751,2.7254243788401595
d:828:2.2342618931858738e-05,1.3627277880555653,1.3627344270793138,2.725439872515947
d:829:5.411971519997394e-05,1.3627278090152188,1.3627344480390597,2.7254081373390786
d:830:6.253219398644205e-05,1.3627278299748795,1.3627344689988057,2.7253997667796988
d:831:2.6923747185492175e-05,1.3627278509345402,1.3627344899585552,2.72543541714591
d:832:0.0002849866720175953,1.3627277446186028,1.3627345109183047,2.72517726886489
d:833:8.149392627920804e-05,1.36272776557826,1.3627345318780542,2.725380803530035
d:834:9.24439723881676e-06,1.3627277865379206,1.3627345528378072,2.725453094978489
d:835:0.00015224253511547658,1.3627278074975848,1.3627344445460778,2.725310009508547
d:836:5.792166077256411e-05,1.36272768672913,1.3627343322637948,2.7254040973321523
d:837:0.0001288189080526081,1.3627277076887836,1.3627343532235408,2.7253332420042717
d:838:1.2566926573143178e-05,1.3627276026913364,1.3627343741832938,2.725449409948057
d:839:0.00010100509936350477,1.3627274898731585,1.3627343951430397,2.7253608799168347
d:840:9.907663399744138e-05,1.3627275108328192,1.3627344161027963,2.725362850301618
d:841:4.166506687042215e-05,1.3627275317924727,1.3627344370625423,2.7254203037881446
d:842:0.000182586926278816,1.3627274824719642,1.3627344580222953,2.7252793535679807
d:843:0.00014217307194108741,1.3627275034316284,1.362734478982052,2.7253198093417392
d:844:2.420412883097356e-05,1.3627275243912855,1.3627344999418085,2.725437820204263
d:845:8.978940473092223e-05,1.3627275453509426,1.362734520901565,2.725372276847777
d:846:3.442256749863759e-05,1.3627275663106033,1.3627345418613146,2.7254276856044193
d:847:9.974416763824934e-05,1.362727587270264,1.3627345628210712,2.725362405923697
d:848:1.7891514806578357e-05,1.3627276082299282,1.3627345837808313,2.725444300495953
d:849:1.0845219238220238e-05,1.3627275020245015,1.3627344793020555,2.725451136107319
d:850:8.547866819164085e-05,1.3627275229841622,1.3627345002618156,2.725376544577786
d:851:9.717916984897101e-06,1.362727543943823,1.3627345212215687,2.7254523472484067
d:852:2.089125900361921e-05,1.3627275649034871,1.3627345421813288,2.7254412158258123
d:853:4.1886019761960824e-05,1.3627275858631513,1.3627345631410854,2.725420262984475
d:854:3.593628794185122e-05,1.3627276068228156,1.3627345841008456,2.7254262546357193
d:855:0.00010732186984441228,1.3627276277824798,1.3627345312478099,2.7253548371604452
d:856:4.0211701557879564e-05,1.3627275156190244,1.36273455220757,2.7254218561250365
d:857:1.682741544328792e-05,1.3627275365786886,1.3627345731673337,2.725445282330579
d:858:0.0001773662490780481,1.3627275575383528,1.3627345354734501,2.725284726762725
d:859:2.1452768946161882e-05,1.3627274452559064,1.3627344157804835,2.7254404082674437
d:860:3.307169562027923e-05,1.362727323454834,1.36273443674024,2.725428688499454
d:861:0.00013447109922104516,1.3627273444144912,1.3627344577000002,2.7253273310152704
d:862:0.00045007324603929533,1.362727365374159,1.3627344786597675,2.725011770787887
d:863:9.14221917369673e-06,1.3627273160536184,1.362734499619524,2.725452673453969
d:864:2.2464474094263664e-05,1.362727337013279,1.36273444676646,2.7254393193056448
d:865:0.00014598607603488745,1.3627273579729433,1.3627344677262236,2.725315839623132
d:866:0.00012935704596728215,1.3627273789326075,1.3627344886859873,2.7253325105726276
d:867:0.0001770917732084598,1.3627273998922753,1.3627344358328983,2.725284743951965
d:868:1.7445386108150274e-05,1.362727420851943,1.362734456792662,2.725444432258497
d:869:0.0003404696393527473,1.3627274418116073,1.3627344777524222,2.7251214499246768
d:870:0.00017795824349065015,1.362727462771275,1.3627344987121894,2.725284003239974
d:871:2.4552984145387313e-05,1.3627274837309464,1.3627344610182988,2.7254373917651
d:872:7.155167429218068e-05,1.3627275046906178,1.3627344819780625,2.725390434994388
d:873:1.6521529447643957e-05,1.3627275256502855,1.3627345029378262,2.725445507058664
d:874:0.00020813064186242514,1.3627275466099569,1.3627343902862492,2.7252538062543437
d:875:2.0789950005095648e-05,1.3627275675696282,1.3627342736075434,2.7254410512271665
d:876:2.65320156298543e-05,1.3627275885292995,1.3627342359136314,2.725435292427301
d:877:0.000116301857755019,1.3627276094889744,1.3627342568733951,2.7253455645046145
d:878:4.627429250980697e-05,1.3627276304486493,1.3627342778331553,2.7254156339892948
d:879:2.8343956749665722e-05,1.3627275097671472,1.3627341640721795,2.725433329882577
d:880:1.7097519149800178e-05,1.3627273895299652,1.3627340432428774,2.725444335253693
d:881:0.0003726730754642915,1.3627274104896365,1.362734064202641,2.7250888016168133
d:882:0.0001648868988457508,1.3627274314493079,1.3627340851624048,2.725296629712867
d:883:0.00024083875796954146,1.3627274524089792,1.3627341061221685,2.725220719773178
d:884:5.681476512897632e-05,1.3627274733686505,1.3627341270819358,2.7254047856854573
d:885:1.596325885699912e-05,1.3627274943283254,1.362734148041696,2.7254456791111643
d:886:1.7283719692784416e-05,1.3627275152879967,1.3627341690014632,2.725444400569767
d:887:0.00010665960234135241,1.3627275362476752,1.362734131307537,2.725355007952871
d:888:1.9396645736691198e-05,1.3627275572073536,1.3627341522673042,2.725442312828921
d:889:4.65762259782565e-05,1.3627275781670285,1.3627341732270715,2.7254151751681217
d:890:1.939882378820812e-05,1.362727599126707,1.3627341941868387,2.7254423944897574
d:891:6.0787880650892134e-05,1.3627276200863854,1.362734081440788,2.7254009136465225
d:892:0.00031645260207291415,1.3627276410460638,1.3627339702028927,2.7251451586468836
d:893:0.00018269001755832903,1.3627276620057422,1.3627338575506442,2.725278829538828
d:894:0.000310576271266072,1.3627276829654242,1.3627338785104115,2.7251509852045697
d:895:0.00011287976323970383,1.3627277039251062,1.3627338994701717,2.725348723632038
d:896:1.5160591701146586e-05,1.3627277248847847,1.362733920429939,2.7254464847230224
d:897:1.1067381985085945e-05,1.3627277458444667,1.3627339413897026,2.725450619852184
d:898:0.0001570269985062822,1.3627277668041486,1.3627339623494734,2.7253047021551158
d:899:1.950729696531539e-05,1.3627277877638342,1.3627338580493706,2.7254421385162395
d:900:6.589148632940578e-05,1.3627278087235197,1.362733879009138,2.725395796246328
d:901:0.00022455741895477388,1.3627278296832017,1.3627338999689051,2.725237172233152
d:902:9.754098389258559e-05,1.3627278506428873,1.3627339209286724,2.725364230587667
d:903:7.238067932036074e-05,1.3627278716025764,1.3627339418884432,2.725389432811699
d:904:0.0002949864356800447,1.3627278222820003,1.362733962848214,2.7251667986945343
d:905:1.5191878963705108e-05,1.362727843241693,1.3627339838079848,2.725446635170714
d:906:0.00013802951544406028,1.3627277310775447,1.362734004767752,2.7253237063298528
d:907:2.1557225107216027e-05,1.3627276082037945,1.362734025727523,2.72544007670621
d:908:7.082506972011515e-06,1.3627275588831935,1.3627340466872937,2.725454523063515
d:909:7.019054862311691e-05,1.3627275798428755,1.362734067647068,2.7253914569413205
d:910:0.00011993757902750701,1.362727600802561,1.3627340886068424,2.725341751830376
d:911:4.0156487058240486e-05,1.3627276217622466,1.3627341095666168,2.725421574841805
d:912:2.1870695649184313e-05,1.3627276427219357,1.3627339966084797,2.7254397686347662
d:913:1.327982469234712e-05,1.3627276636816212,1.362734017568254,2.725448401425183
d:914:4.565276732293455e-05,1.3627276846413103,1.3627340385280249,2.7254160704020123
d:915:5.636370228501164e-05,1.3627277056009959,1.3627340594877992,2.72540540138651
d:916:5.848513083783757e-05,1.362727726560685,1.3627340804475736,2.7254033218774207
d:917:0.00012180414024243191,1.362727747520374,1.3627341014073515,2.725340044787483
d:918:0.0002684336071769877,1.3627277684800667,1.3627341223671294,2.725193457240019
d:919:3.2667825951904206e-05,1.3627277894397594,1.3627340087218336,2.725429130335641
d:920:2.7791923988829126e-05,1.3627278103994556,1.3627340296816115,2.7254340481570782
d:921:8.341967759406543e-05,1.3627278313591447,1.3627339167228172,2.725378328404368
d:922:1.4040289739725154e-05,1.3627278523188373,1.3627338638696571,2.7254476758987547
d:923:3.2631936155880226e-05,1.36272787327853,1.3627338848294315,2.7254291261718055
d:924:1.8149950332002618e-05,1.3627278942382262,1.362733905789213,2.725443650077107
d:925:4.8822364412615116e-05,1.3627279151979188,1.3627339267489873,2.7254130195824935
d:926:0.00020478356225339667,1.362727936157615,1.362733815508122,2.7252569681034835
d:927:0.0004356403012195642,1.3627279571173112,1.3627338364678998,2.7250261532839914
d:928:2.3061669052637512e-05,1.362727978077011,1.3627338574276742,2.7254387738356325
d:929:0.0002148435135858051,1.3627279990367072,1.362733878387452,2.7252470339105734
d:930:0.00031832620604532735,1.362728019996407,1.36273389934723,2.7251435931375916
d:931:2.3805230865647786e-05,1.3627279156520196,1.362733920307008,2.725438030728162
d:932:6.771047045717182e-06,1.3627279366117158,1.3627338086350882,2.7254549741997582
d:933:0.00012700112305985556,1.3627279575714155,1.362733829594866,2.7253347860432218
d:934:2.6580108754004073e-05,1.3627279785311153,1.362733850554644,2.7254352489770053
d:935:6.18335885178567e-05,1.3627279994908186,1.362733739321321,2.7253999052236217
d:936:4.4559485559148015e-05,1.3627280204505183,1.3627337602810954,2.7254172212460546
d:937:5.980769705971056e-05,1.3627280414102216,1.3627337812408769,2.7254020149540388
d:938:0.00012893218695886333,1.3627280623699214,1.3627338022006583,2.725332932383621
d:939:5.342982985645506e-05,1.3627280833296247,1.3627338231604362,2.7254084766602045
d:940:3.898943623603657e-05,1.3627281042893316,1.3627338441202177,2.725422958973313
d:941:0.0003416627637786718,1.3627281252490349,1.3627338650799992,2.7251203275652554
d:942:0.00013627088118006725,1.3627281462087382,1.3627338860397806,2.7253257613673387
d:943:0.00011854678296963073,1.362728167168445,1.3627339069995656,2.725343527385041
d:944:1.9070386654718163e-05,1.3627281881281483,1.3627339279593471,2.7254430457008407
d:945:0.000180158286902099,1.3627280798014922,1.3627339489191321,2.7252818704337223
d:946:0.0001900147171198796,1.362728100761199,1.3627339698789207,2.725272055923
d:947:0.000400662155861653,1.362728121720906,1.3627339908387022,2.7250614504037465
d:948:2.2881185779866087e-05,1.3627281426806093,1.3627340117984907,2.72543927329332
d:949:6.242433708614215e-05,1.3627281636403197,1.3627340327582758,2.7253997720615093
d:950:3.622131104563664e-05,1.3627281143196868,1.3627340537180643,2.7254259467267055
d:951:0.00020882049856218998,1.3627281352794007,1.362733936413754,2.7252532511945926
d:952:5.3025113077254105e-05,1.3627281562391076,1.3627339573735426,2.725409088499573
d:953:3.752240255927575e-05,1.3627280401109765,1.3627339783333312,2.7254244960417484
d:954:0.00012278864202208695,1.3627280610706833,1.3627339992931162,2.7253392717217775
d:955:2.605128061716755e-05,1.3627280820303938,1.3627340202529084,2.725436051002685
d:956:5.8083696325539336e-05,1.3627280158185506,1.362734041212697,2.725403973334922
d:957:1.970386901284371e-05,1.3627280367782575,1.362734062172489,2.7254423950817337
d:958:5.899300735023871e-05,1.362728057737968,1.362734083132274,2.7254031478628917
d:959:0.00034530019318701477,1.3627280786976783,1.3627341040920697,2.725116882596561
d:960:0.00016129035926937263,1.3627279747948506,1.3627341250518619,2.725300809487443
d:961:2.6623988592433534e-05,1.362727995754561,1.362734146011654,2.7254355177776226
d:962:2.9372476179290175e-05,1.3627280167142715,1.3627341669714497,2.725432811209542
d:963:6.864051616872757e-05,1.3627280376739819,1.362734046989516,2.725393444147329
d:964:2.703540266679738e-05,1.3627280586336923,1.3627340679493116,2.725435091180337
d:965:6.078266144271538e-05,1.3627280795934062,1.3627340889091037,2.7254013858410673
d:966:1.389984473476602e-05,1.3627279577651485,1.3627341098688959,2.7254481677893097
d:967:0.00025557838058176685,1.3627279787248625,1.3627339975364698,2.7252063978807506
d:968:1.7209761999481543e-05,1.362727999684573,1.3627340184962655,2.725444808418839
d:969:0.000130144780486674,1.362728020644294,1.3627340394560612,2.7253319153198685
d:970:0.00018926699625687604,1.3627280416040044,1.3627340604158569,2.7252728350236044
d:971:4.716638517798799e-05,1.3627279202940414,1.3627340813756526,2.725414835284516
d:972:0.0005128937328944261,1.3627278709733694,1.3627339629168667,2.7249489401573417
d:973:0.0001175912878377261,1.362727891933087,1.3627339838766623,2.7253442845219116
d:974:0.0001049080894190979,1.3627279128927974,1.362734004836458,2.7253570096398363
d:975:1.89359008420098e-05,1.3627279338525184,1.3627340257962537,2.72544302374793
d:976:6.048490465992984e-05,1.3627279548122289,1.3627340467560494,2.7254015166636183
d:977:0.00016175538746132645,1.3627279757719464,1.3627340677158486,2.7253002881003336
d:978:6.512470345931831e-05,1.3627279967316603,1.3627340886756478,2.725396960703849
d:979:0.00045671600922325695,1.3627280176913814,1.3627341096354435,2.7250054113176017
d:980:4.815258364310182e-05,1.3627280386510954,1.3627341305952427,2.725414016662695
d:981:0.00013341762397267587,1.36272805961082,1.3627341515550455,2.725328793541893
d:982:1.4668487599678315e-05,1.3627280102901267,1.3627341725148447,2.7254475143173718
d:983:0.0002735939221807371,1.3627280312498407,1.3627341934746475,2.7251886308023074
d:984:1.721178790603517e-05,1.3627280522095653,1.3627342144344539,2.725445054856113
d:985:9.44183378308594e-05,1.3627280731692863,1.3627342353942566,2.725367890225712
d:986:6.623732323163267e-05,1.3627280941290039,1.3627342563540594,2.7253961131598317
d:987:9.106559812721571e-05,1.3627281150887285,1.3627342773138658,2.725371326804467
d:988:2.3131448141811006e-05,1.362728136048453,1.362734298273672,2.7254393028739834
d:989:0.00017474756609558995,1.3627281570081706,1.3627343192334749,2.72528772867555
d:990:3.165879178901321e-05,1.3627281779678988,1.3627343401932848,2.7254308593693946
d:991:2.6800110065394733e-05,1.3627281989276199,1.3627343024993124,2.725435701316867
d:992:8.346341518716827e-05,1.3627282198873445,1.3627343234591187,2.725379079931276
d:993:9.572127642520911e-05,1.3627282408470727,1.362734344418925,2.7253668639895725
d:994:0.00016700347017639672,1.3627282618067973,1.362734365378735,2.725295623715356
d:995:7.334520082835638e-05,1.3627282124860827,1.3627343863385448,2.725389253623799
d:996:2.5051673274489872e-05,1.3627282334458144,1.36273427534233,2.72543745711487
d:997:6.441316705441125e-05,1.362728254405539,1.3627342963021398,2.7253981375406244
d:998:0.00018253503198017995,1.3627282050847995,1.3627343172619462,2.7252799873147655
d:999:5.258417104414548e-05,1.3627282260445277,1.3627343382217596,2.725409980095243
d:1000:2.3385350047533393e-05,1.3627282470042594,1.3627343591815766,2.7254392208357885
d:1001:5.374826447734904e-05,1.3627282679639912,1.3627343063283526,2.7254088260278664
d:1002:0.00025642010601956144,1.3627282889237229,1.3627343272881625,2.725206196105866
d:1003:0.0008983038607741634,1.362728309883451,1.3627343482479723,2.7245643542706492
