data: dataset/mnist_data/
d:1:0.006214733914189807,1.362735893764519,1.3627362433526002,2.7192574032029295
d:2:0.007331901923352646,1.3627358560715237,1.3627362643120584,2.7181402184602295
d:3:0.006384168043281235,1.3627358770309748,1.3627362852715166,2.71908799425921
d:4:0.006629831339248327,1.3627357582718282,1.3627363062309747,2.7188422331635547
d:5:0.006526624584491714,1.3627356360601617,1.3627362002535541,2.718945211729224
d:6:0.0077672290907564445,1.3627356570196127,1.3627362212130159,2.717704649141872
d:7:0.007571443268194145,1.3627356779790638,1.362736242172474,2.7179004768833437
d:8:0.006355418932390222,1.3627355579857792,1.36273612219329,2.719116261246679
d:9:0.007154889288241151,1.362735520292766,1.3627361431527518,2.7183167741572767
d:10:0.006385761592140327,1.3627355412522135,1.36273616411221,2.719085943772283
d:11:0.007155567111114536,1.3627355622116646,1.3627361850716682,2.718316180172218
d:12:0.006071500683207276,1.3627355831711156,1.3627362060311334,2.719400288519042
d:13:0.0073688157782125785,1.3627354654080186,1.3627360948371319,2.718102744466938
d:14:0.005747903172919067,1.362735486367466,1.3627361157965936,2.7197236989911406
d:15:0.006615830032897563,1.3627355073269207,1.3627361367560518,2.718855814050075
d:16:0.00632185158295151,1.3627355282863682,1.3627361577155135,2.71914983441893
d:17:0.006546722627149393,1.3627355492458264,1.3627361786749788,2.7189250052936558
d:18:0.006818954112638664,1.362735570205281,1.362736064528395,2.7186526806210374
d:19:0.006748262758806689,1.36273546411471,1.3627359461875983,2.7187231475435016
d:20:0.006624742221633895,1.362735485074161,1.3627359671470565,2.7188467099995837
d:21:0.006552919269919855,1.3627355060336122,1.3627359881065182,2.7189185748702105
d:22:0.006148564535807921,1.3627355269930668,1.3627359504135192,2.719322912870778
d:23:0.006179312343148169,1.362735547952525,1.362735971372981,2.7192922069823577
d:24:0.006471127846358726,1.362735568911976,1.3627359923324427,2.71900043339806
d:25:0.00610109686682847,1.3627355898714342,1.3627358717800568,2.7193703647846625
d:26:0.008052651582188375,1.3627356108308888,1.3627357525368389,2.7174187117855393
d:27:0.0060548618469944415,1.362735493066939,1.3627357734963006,2.7194164047162452
d:28:0.006431306443605678,1.3627355140263901,1.3627357944557623,2.719040002038547
d:29:0.006841483418579486,1.3627354763333557,1.3627356803071038,2.71862967322188
d:30:0.0062124017447029445,1.3627354972928174,1.3627357012665655,2.71925879681468
d:31:0.006361662151508796,1.3627353779755005,1.3627357222260272,2.719109438050019
d:32:0.0071485682824175,1.3627352618225252,1.3627357431854854,2.718322436725593
d:33:0.007400712448875524,1.3627352827819763,1.3627357641449471,2.718070334478048
d:34:0.006395221567649045,1.36273517012118,1.3627357112925758,2.7190756598461068
d:35:0.0070600580593644935,1.3627351910806382,1.3627356735995555,2.7184108066208292
d:36:0.005216151265534208,1.3627352120400893,1.3627356945590172,2.7202547553335723
d:37:0.005501318062233196,1.3627351743470406,1.3627357155184825,2.71996957180329
d:38:0.005794682084209413,1.3627351366539777,1.3627357364779442,2.7196761910477125
d:39:0.0067733337844799735,1.3627351576134359,1.3627356254845182,2.718697449313474
d:40:0.00609174772599097,1.362735178572894,1.3627355877914873,2.7193790186383904
d:41:0.006068622872044571,1.3627351995323487,1.362735608750949,2.719402185411253
d:42:0.006521137574612368,1.3627350825351492,1.3627356297104107,2.7189495746709476
d:43:0.005219131026734658,1.3627350448420756,1.362735524715191,2.720251438530532
d:44:0.005688331040298422,1.3627350071489843,1.3627355456746528,2.7197822217833387
d:45:0.006369433672341884,1.362734969455886,1.3627354266242335,2.7191009624077775
d:46:0.005399877719828083,1.362734990415344,1.3627354475836988,2.720070560279215
d:47:0.006046020067008939,1.3627350113747987,1.362735468543157,2.7194244598509467
d:48:0.006326549819418048,1.3627350323342569,1.3627354895026258,2.7191439720174646
d:49:0.005332716519379943,1.3627350532937115,1.3627355104620875,2.720137847236419
d:50:0.00512529127780148,1.3627350742531696,1.3627355314215528,2.720345314396921
d:51:0.005994773478233739,1.3627350952126314,1.3627355523810216,2.7194758741154192
d:52:0.006165508215845605,1.362735116172093,1.362735573340487,2.7193051812967344
d:53:0.006133206356173204,1.3627351371315513,1.3627355942999557,2.7193375250753338
d:54:0.005611881562641585,1.3627350327898604,1.362735615259421,2.71985876648664
d:55:0.005407094577350335,1.3627349950967513,1.3627356362188934,2.7200635367382944
d:56:0.005698024572613036,1.362735016056213,1.3627356571783622,2.7197726486619622
d:57:0.006196442702931293,1.3627350370156712,1.362735678137831,2.719274272450571
d:58:0.0069738259804346114,1.362734916717205,1.3627356990973034,2.7184967898340737
d:59:0.0051268998684363964,1.362734937676663,1.3627355941016432,2.72034363190987
d:60:0.005311031057315674,1.3627348155822965,1.3627354762401005,2.7201592607650813
d:61:0.005665083814990979,1.3627348365417582,1.3627354385470447,2.719805191273812
d:62:0.006221318138919685,1.3627348575012164,1.36273545950651,2.7192489988688067
d:63:0.006107104349581505,1.362734878460678,1.3627354804659824,2.719363254577079
d:64:0.0057875839898162695,1.3627347774419896,1.3627355014254512,2.7196826948776245
d:65:0.006012862885512504,1.3627347984014513,1.3627355223849236,2.7194574579008624
d:66:0.005543546149338496,1.3627347490817883,1.3627355433443924,2.719926746276842
d:67:0.00512466837548331,1.3627347113886543,1.3627354244352397,2.7203454674484107
d:68:0.006712472281234838,1.3627347323481196,1.3627354453947156,2.7187577054616003
d:69:0.005595752187531389,1.3627347533075778,1.3627354663541844,2.719874467474231
d:70:0.0058659335807025315,1.3627347742670395,1.3627354873136603,2.7196043279999973
d:71:0.006734801660035927,1.3627347952265048,1.3627353675332294,2.7187353610996983
d:72:0.005624904833537059,1.3627348161859665,1.3627353884927018,2.7198452998451312
d:73:0.006389782800804156,1.3627348371454318,1.3627354094521742,2.719080463796802
d:74:0.005289913397161783,1.362734736126395,1.362735430411643,2.7201802531408763
d:75:0.005188609521164622,1.3627346207283892,1.362735451371119,2.7202814625783436
d:76:0.005273427993847335,1.362734641687851,1.3627354723305913,2.720196686024595
d:77:0.0050938875245361,1.3627346626473162,1.3627354932900673,2.7203762684128474
d:78:0.004427178543107146,1.362734683606778,1.3627355142495432,2.721043019313214
d:79:0.004814510038164244,1.3627345650786822,1.3627355352090191,2.720655590249537
d:80:0.005949452713185366,1.362734586038144,1.3627354152512687,2.7195205485762273
d:81:0.005894809136650636,1.3627346069976127,1.3627354362107482,2.7195752340717103
d:82:0.006060070703297171,1.3627346279570745,1.3627354571702206,2.719410014423998
d:83:0.004811425418919768,1.3627346489165397,1.3627354781296965,2.7206587016273165
d:84:0.005251865163927505,1.362734669876005,1.362735499089176,2.7202183038012535
d:85:0.0047846042327321925,1.3627346908354667,1.362735520048652,2.7206856066513865
d:86:0.004963253875809315,1.362734711794939,1.3627355410081314,2.720506998927261
d:87:0.006446264648220179,1.3627346741017874,1.3627355033150579,2.719023912768625
d:88:0.004231136861776008,1.3627346950612562,1.3627354656219772,2.7212390238214574
d:89:0.005554223098629407,1.3627345831312851,1.3627354865814567,2.7199158466141125
d:90:0.005860412087406175,1.3627346040907504,1.3627355075409398,2.719609699544284
d:91:0.004998203106760357,1.3627346250502193,1.36273539472419,2.720471816667649
d:92:0.005378229694905201,1.3627345162417974,1.3627354156836766,2.720091702230569
d:93:0.005412845834412039,1.3627345372012627,1.3627354366431526,2.720057128010003
d:94:0.005085129362457863,1.3627345581607315,1.3627354576026356,2.7203848864009093
d:95:0.004823983156606815,1.3627345791202004,1.3627354785621186,2.720646074525712
d:96:0.005454362460605822,1.3627346000796656,1.3627354995215981,2.720015737140658
d:97:0.005424563599445875,1.362734621039138,1.3627355204810812,2.7200455779207733
d:98:0.003866673839368673,1.3627345833459756,1.3627355414405642,2.721603450947171
d:99:0.006716504534761469,1.362734545652792,1.3627355624000472,2.7187536035180777
d:100:0.004545455509212815,1.3627345666122679,1.3627355833595303,2.7209246944625853
d:101:0.0049978701862265495,1.362734454441057,1.3627356043190169,2.720472188573847
d:102:0.00639820167319094,1.3627344754005293,1.3627354872929978,2.719071761020336
d:103:0.005294179091833939,1.3627344963600017,1.3627355082524844,2.720175825520652
d:104:0.00633396032172584,1.3627345173194705,1.362735529211971,2.7191360862097156
d:105:0.006042837244930155,1.3627345382789429,1.3627355501714575,2.7194272512054702
d:106:0.00559537074454397,1.3627345592384152,1.3627354318296376,2.719874620323509
d:107:0.00655012160910573,1.3627345215452245,1.3627354527891207,2.7189198527252394
d:108:0.005383672424621011,1.3627345425046968,1.3627354150960187,2.7200862851760945
d:109:0.005313434722667765,1.3627345634641728,1.3627353089319953,2.7201564376735003
d:110:0.006585454774185706,1.3627345844236487,1.362735192256249,2.718884321905712
d:111:0.005019366971669825,1.362734478220414,1.3627352132157284,2.7204503244644727
d:112:0.004394054910001444,1.36273449917989,1.362735234175215,2.7210756784451036
d:113:0.004951094739855222,1.3627345201393624,1.362735255134698,2.720518680534205
d:114:0.004940355930381557,1.3627345410988383,1.3627352174415783,2.720529402610035
d:115:0.005574420569852023,1.3627345620583142,1.362735238401065,2.719895379889527
d:116:0.004683951756053517,1.362734443680381,1.3627352593605515,2.720785751284879
d:117:0.004816043271814507,1.362734464639857,1.362735280320038,2.7206537016880805
d:118:0.004191949885475665,1.3627344269466484,1.3627353012795282,2.721277778340701
d:119:0.004572320753121417,1.3627344479061279,1.3627353222390148,2.7208974493920213
d:120:0.005058325193981972,1.3627344688656073,1.362735343198505,2.7204114868701303
d:121:0.0053921740995317435,1.3627344898250797,1.3627352320037254,2.7200775477292733
d:122:0.005689758619844554,1.3627345107845628,1.3627352529632155,2.7197800051279337
d:123:0.004781360742207141,1.3627343924444055,1.362735273922702,2.7206883056249005
d:124:0.005092263596333524,1.362734278444936,1.3627352948821958,2.7203773097307984
d:125:0.006232981254701286,1.3627342994044085,1.362735315841686,2.719236633991393
d:126:0.005230643249555911,1.3627341905954147,1.362735336801176,2.720238884147035
d:127:0.004324740059223231,1.3627342115548906,1.3627353577606698,2.721144829256337
d:128:0.006488398309659971,1.3627342325143665,1.3627352517826026,2.718981085987309
d:129:0.0050596668393794175,1.3627342534738425,1.3627352727420927,2.7204098593765558
d:130:0.004336159622154057,1.362734274433322,1.3627352937015864,2.7211334085127543
d:131:0.004934335740301776,1.3627342367400956,1.3627353146610766,2.7205352156608704
d:132:0.004611188152891188,1.3627341206143022,1.3627353356205703,2.7208582680819813
d:133:0.004196834658829474,1.3627340829210652,1.3627352979274363,2.721272546189672
d:134:0.005680531940500444,1.3627341038805376,1.3627351931273815,2.7197887650674186
d:135:0.0068767527916460125,1.3627340661872864,1.3627352140868751,2.7185925274825156
d:136:0.0044789856325611055,1.362734087146766,1.3627352350463688,2.7209903365605737
d:137:0.004812702009564518,1.3627339670126837,1.362735256005866,2.7206565210089853
d:138:0.005727477638471257,1.3627339879721596,1.3627352769653598,2.719741787299048
d:139:0.005088838269257323,1.3627340089316355,1.362735297924857,2.7203804685872353
d:140:0.004665904625161588,1.3627340298911115,1.3627353188843507,2.7208034441503006
d:141:0.006039769033499454,1.3627339921978496,1.362735339843848,2.719429563008198
d:142:0.003941545563833415,1.3627340131573327,1.3627352233488352,2.7215276909423345
d:143:0.0042622126613611755,1.3627340341168086,1.3627351049140266,2.721206926369474
d:144:0.005645745306628314,1.362733996423536,1.362735067220875,2.7198233183377827
d:145:0.0038339692665783076,1.3627340173830156,1.3627350881803721,2.7216351362968094
d:146:0.004701353760159677,1.3627340383424986,1.3627351091398694,2.7207677937222083
d:147:0.004382215632963593,1.3627340593019817,1.362735130099363,2.721086973768381
d:148:0.004242791700532322,1.3627339496700728,1.362735151058864,2.7212263090284043
d:149:0.0039426233152664025,1.3627339706295523,1.3627350355281003,2.721526382842386
d:150:0.004729504918856264,1.3627339915890317,1.3627349978349343,2.72073948450511
d:151:0.003360262572222439,1.3627340125485183,1.3627350187944316,2.7221087687707275
d:152:0.004328445486322607,1.3627340335079978,1.3627350397539253,2.7211406277756005
d:153:0.004000835310302264,1.3627340544674844,1.3627350607134225,2.7214682798706047
d:154:0.005326692298766034,1.362734075426964,1.362735023020246,2.720142406148444
d:155:0.005067920935063697,1.362734096386454,1.3627350439797468,2.720401219431137
d:156:0.004403382883767293,1.362734117345937,1.362735064939244,2.721065799401414
d:157:0.004737770263291807,1.3627341383054237,1.3627350858987413,2.720731453940873
d:158:0.0042461152953077175,1.3627341592649174,1.3627351068582456,2.7212231508278553
d:159:0.0043810976009428515,1.3627341215716307,1.36273512781775,2.7210881517884378
d:160:0.0037348970640547208,1.3627340089099675,1.3627350224905364,2.721734134336449
d:161:0.004724743940645482,1.3627340298694541,1.3627350434500336,2.7207443293788423
d:162:0.004151939545504746,1.3627340508289372,1.362734923456454,2.7213170347398865
d:163:0.005662468200398507,1.3627340717884273,1.3627349444159549,2.7198065480039837
d:164:0.004385176333688179,1.3627340927479175,1.3627349653754592,2.7210838817896885
d:165:0.0048640851950718655,1.362733988848376,1.36273498633496,2.720604889988264
d:166:0.003741332418265131,1.3627340098078662,1.362734869658322,2.721727547047923
d:167:0.006687126044257141,1.3627340307673563,1.3627348906178227,2.718781795340922
d:168:0.004426865243281952,1.362734051726843,1.36273491157732,2.721042098060881
d:169:0.0050608276860746315,1.3627339345394915,1.3627347996635066,2.7204079065169235
d:170:0.00434728439478782,1.3627338968461835,1.3627347619703087,2.7211213744217044
d:171:0.004185737659915034,1.3627339178056737,1.3627347829298095,2.721282963075568
d:172:0.005370128067610835,1.362733880112355,1.362734803889314,2.720098555934058
d:173:0.005867052506218329,1.362733901071845,1.3627348248488111,2.719601673414438
d:174:0.005431345735571469,1.3627339220313353,1.3627347871556026,2.7200373634513664
d:175:0.003885695539581846,1.362733801071066,1.362734808115107,2.721582913646591
d:176:0.005219019081705412,1.3627337633777366,1.3627348290746113,2.7202495733706424
d:177:0.003488985404692002,1.3627337843372267,1.3627348500341157,2.7219796489666503
d:178:0.004494568266801835,1.3627337466438831,1.3627348709936165,2.7209740493706978
d:179:0.005280518063564443,1.3627337676033733,1.3627348919531244,2.720188141492933
d:180:0.003935111052944862,1.3627337885628634,1.3627349129126287,2.7215335904225473
d:181:0.0037471955306358495,1.362733676649011,1.3627349338721366,2.721721414990512
d:182:0.004326368658807311,1.3627336976085012,1.362734954831648,2.721142283781342
d:183:0.0041186622695370545,1.3627337185679949,1.3627348450162735,2.7213499013147313
d:184:0.003701007305524584,1.3627337395274886,1.3627348659757814,2.7217675981977454
d:185:0.0032524113887113515,1.3627336902077225,1.3627348869352893,2.7222161657543005
d:186:0.004082288121722399,1.362733582898528,1.3627349078947972,2.721386202671603
d:187:0.004485921161629491,1.3627335452051703,1.3627349288543087,2.7209825528978495
d:188:0.004098328139885865,1.3627334266759838,1.3627349498138166,2.7213700483499146
d:189:0.0038563209869568738,1.3627334476354704,1.3627349707733245,2.721612097421838
d:190:0.0035271350962453596,1.3627334685949606,1.362734991732836,2.721941325231551
d:191:0.003560281005386301,1.3627334895544507,1.3627349540396132,2.7219081625886776
d:192:0.004047108632402541,1.3627335105139409,1.362734974999121,2.7214213768806594
d:193:0.004117526576335351,1.3627335314734346,1.3627349959586361,2.7213510008557353
d:194:0.004127168454488128,1.3627335524329283,1.3627350169181511,2.7213414008965913
d:195:0.004065134081173483,1.362733573392422,1.3627350378776661,2.7214034771889146
d:196:0.004216248713451165,1.362733594351912,1.3627349266496758,2.7212522722881367
d:197:0.004111467906756872,1.3627336153114094,1.3627349476091872,2.7213570950138397
d:198:0.0042781083700838,1.3627336362709066,1.3627349685687022,2.721190496469525
d:199:0.003734458922854955,1.3627335985775346,1.3627349308754688,2.7217340705301485
d:200:0.004583171846045175,1.3627336195370283,1.3627349518349838,2.720885399525967
d:201:0.0037455688179939273,1.3627336404965291,1.3627348508160892,2.7217229224946244
d:202:0.0037261953977463236,1.3627336614560264,1.3627348131228416,2.7217422791811217
d:203:0.004157965605458003,1.3627335564605154,1.3627348340823566,2.721310424937414
d:204:0.004490223749657574,1.3627335774200127,1.3627348550418716,2.7209782087122267
d:205:0.0034414538845428666,1.36273353972663,1.3627348760013867,2.722026961843474
d:206:0.004429509218777383,1.362733419700021,1.3627348969609017,2.721038807442145
d:207:0.0035615113761959805,1.3627333134219661,1.3627349179204202,2.7219067199661904
d:208:0.004237392735289447,1.3627332757285622,1.3627348042770357,2.7212306872703085
d:209:0.0036500663240790487,1.362733170925086,1.3627348252365543,2.7218179298375613
d:210:0.00385044465707729,1.3627330670250721,1.3627348461960729,2.7216174685640677
d:211:0.0035182451480118004,1.3627330879845658,1.362734867155588,2.721949709992142
d:212:0.003097475617245493,1.362733108944056,1.3627347531559693,2.7223703864827797
d:213:0.0033034149278545755,1.3627331299035497,1.362734634555526,2.722164349531221
d:214:0.0031252538821320286,1.362733092210135,1.362734655515041,2.722342493843044
d:215:0.00435097882033908,1.3627331131696288,1.3627346764745596,2.7211168108238493
d:216:0.004194645017584264,1.362733134129126,1.3627346974340746,2.7212731865456163
d:217:0.003423583080454762,1.3627331550886232,1.3627347183935932,2.7220442904017617
d:218:0.0038021550362277168,1.3627331173951909,1.3627347393531082,2.7216657017120713
d:219:0.003187120513290509,1.3627331383546917,1.3627347603126339,2.722280778154035
d:220:0.0032984249981122815,1.3627331593141854,1.3627347812721524,2.7221695155882255
d:221:0.004109376002729093,1.3627331802736862,1.362734802231671,2.721358606502628
d:222:0.003683044157451576,1.3627332012331799,1.362734823191193,2.7217849802669214
d:223:0.0032689752765797664,1.362733095380321,1.3627348441507152,2.7221989642544564
d:224:0.0033463052258309034,1.3627331163398217,1.3627348651102373,2.722121676224228
d:225:0.004778074723517989,1.3627330068424115,1.362734886069756,2.7206898181886494
d:226:0.002919107727159087,1.3627330278019123,1.3627347680627224,2.7225486881374756
d:227:0.004054747513780654,1.362733048761413,1.3627347890222445,2.721413090269877
d:228:0.004190997256824147,1.362733069720914,1.3627348099817667,2.7212768824458564
d:229:0.0033947914898071474,1.3627329511664819,1.3627348309412888,2.7220729906179635
d:230:0.0038639299702687424,1.3627328357674457,1.362734851900818,2.721603757697995
d:231:0.004218078354297106,1.3627328567269394,1.3627348728603401,2.7212496512329825
d:232:0.00347074186802665,1.3627328776864367,1.3627348938198658,2.721997029638276
d:233:0.003720814010979012,1.362732898645934,1.3627349147793915,2.7217469994143464
d:234:0.0038736355613213647,1.3627329196054347,1.3627349357389207,2.721594219783034
d:235:0.0037343828982638883,1.3627329405649355,1.3627349566984464,2.721733514365118
d:236:0.0037020911211627094,1.3627329615244363,1.3627349776579756,2.721765848061249
d:237:0.003830702175749323,1.3627329824839371,1.3627348563616337,2.7216371366698215
d:238:0.00343738849305808,1.362732944790487,1.3627348773211665,2.7220304336185954
d:239:0.003537654815930935,1.3627329657499878,1.3627347565559127,2.7219300674899696
d:240:0.004049262500592121,1.3627329164301578,1.362734777515442,2.7214184314450076
d:241:0.0030659867590863144,1.3627329373896586,1.3627347984749676,2.72240174910554
d:242:0.0035494059697498415,1.3627329583491594,1.3627348194344933,2.721918371813903
d:243:0.003303695487179681,1.3627329206556986,1.362734840394026,2.722164065562545
d:244:0.0030331395727607458,1.362732941615203,1.362734724860882,2.7224345269033243
d:245:0.005202348188314332,1.3627329039217315,1.3627347458204113,2.7202653015538285
d:246:0.002823318566241184,1.3627329248812394,1.3627346273638246,2.722644233678823
d:247:0.0038027589699272113,1.3627329458407438,1.3627346483233538,2.7216648351941704
d:248:0.003470688408938827,1.362732831840347,1.3627346692828795,2.7219968127142877
d:249:0.005281495156580718,1.3627327206458872,1.3627346902424051,2.7201859157317116
d:250:0.0032040657629863745,1.3627327416053845,1.3627346525491255,2.7222633283915236
d:251:0.004741399519112122,1.3627327625648924,1.3627346735086583,2.7207260365544386
d:252:0.0036755009745785827,1.3627326400703694,1.3627346944681875,2.7217918335639784
d:253:0.003541132258543911,1.3627326023768802,1.3627347154277238,2.72192618554606
d:254:0.0030555757509436177,1.362732623336381,1.362734736387253,2.7224117839726905
d:255:0.003483280397304611,1.3627326442958818,1.3627347573467858,2.721984121245363
d:256:0.002957527820758088,1.3627326066023784,1.362734778306315,2.7225098570879354
d:257:0.0033951885170910856,1.3627326275618863,1.3627347992658514,2.7220722383106466
d:258:0.003252452655786442,1.3627326485213906,1.3627348202253877,2.722215016090992
d:259:0.0032135824863086526,1.3627326694808914,1.362734841184917,2.7222539281794997
d:260:0.004147073276495661,1.362732690440403,1.3627348621444533,2.7213204793083605
d:261:0.0029305982680156717,1.3627327113999108,1.3627348831039932,2.7225369962358883
d:262:0.004125778841890693,1.362732589317769,1.3627349040635295,2.721341714539408
d:263:0.004404454558180504,1.3627326102772734,1.3627349250230623,2.721063080742155
d:264:0.004203780265539692,1.3627324917470673,1.3627348179492458,2.7212635294307734
d:265:0.0035918850713319017,1.3627325127065717,1.3627348389087857,2.7218754665440255
d:266:0.003318825073858278,1.3627325336660796,1.362734859868322,2.7221485684605433
d:267:0.00284291623144739,1.362732554625591,1.3627348808278619,2.7226245192220055
d:268:0.003226669409878369,1.362732575585099,1.3627349017874053,2.722240807962626
d:269:0.0037267117392811855,1.3627325965446033,1.362734922746938,2.72174080755226
d:270:0.002613683458184468,1.3627326175041148,1.3627348097905632,2.7228537438364935
d:271:0.003992979403170338,1.3627325798105971,1.362734830750103,2.72147443115753
d:272:0.002875104576574472,1.3627324699950272,1.362734851709643,2.7225922171280956
d:273:0.004196036740459874,1.362732490954535,1.3627348726691864,2.7212713268832616
d:274:0.0033379610731216758,1.362732511914043,1.3627348936287262,2.7221294444696476
d:275:0.00332971335216925,1.3627325328735544,1.3627349145882661,2.7221377341096513
d:276:0.0030799765022138104,1.3627325538330624,1.3627349355478096,2.722387512878658
d:277:0.0030276681073875267,1.3627325747925774,1.3627349565073494,2.7224398631925393
d:278:0.0036688813268632714,1.3627325957520888,1.3627349774668964,2.721798691892122
d:279:0.002911059134463656,1.3627326167116003,1.3627349397736026,2.7225564973507392
d:280:0.003643809376098872,1.3627326376711153,1.362734960733146,2.7218237890281625
d:281:0.0038411410698380166,1.3627326586306303,1.3627349816926966,2.721626499253489
d:282:0.003332975168847341,1.362732620937095,1.3627348746183827,2.7221345203866303
d:283:0.003343653515267775,1.362732498853859,1.3627347560125962,2.7221236013511874
d:284:0.0029200633459733893,1.3627325198133704,1.3627346363852624,2.7225470928526594
d:285:0.0028492853212451763,1.3627324022259408,1.3627346573448058,2.7226177742495015
d:286:0.0030608796164912633,1.3627324231854558,1.3627346783043457,2.7224062218733103
d:287:0.0030114679240345055,1.3627323183851132,1.3627346992638927,2.7224555497249714
d:288:0.0022746514758544834,1.3627323393446247,1.362734661570581,2.7231923494393513
d:289:0.003684721296265181,1.3627323603041361,1.362734682530128,2.721782321537999
d:290:0.003494955780189102,1.3627323812636476,1.362734703489668,2.7219721289731265
d:291:0.002862721049034178,1.3627322773631043,1.3627347244492114,2.7226042807632815
d:292:0.0027022678636825503,1.3627322983226193,1.362734745408762,2.7227647758676987
d:293:0.0035776623817707076,1.3627323192821308,1.3627347077154361,2.7218893646157962
d:294:0.002871670870527865,1.3627322092893834,1.3627347286749867,2.7225952670938423
d:295:0.0028846632660144422,1.362732230248895,1.3627346100595865,2.722582177042467
d:296:0.0034806189600811166,1.3627322512084064,1.3627346310191335,2.7219862632674587
d:297:0.0040176812654397764,1.3627322721679214,1.362734651978677,2.7214492428811585
d:298:0.00313859253320814,1.3627321536098833,1.3627346729382275,2.7223282340149026
d:299:0.002473452751743821,1.3627321745693948,1.3627346938977745,2.7229934157154254
d:300:0.003017431089917366,1.3627321368758345,1.3627347148573214,2.7224494206432386
d:301:0.0026717662083566296,1.362732157835346,1.362734735816872,2.7227951274438613
d:302:0.004231852462838859,1.3627321201417786,1.3627346981235355,2.7212349658024753
d:303:0.0032685589558116845,1.3627321411012971,1.362734719083086,2.7221983012285715
d:304:0.0030944448897169963,1.3627320161886516,1.3627347400426366,2.722372311341571
d:305:0.0027538196602563403,1.362731899396998,1.3627347610021907,2.7227128407389323
d:306:0.0025384559760723846,1.3627319203565165,1.3627347819617412,2.7229282463421853
d:307:0.0026260957250681116,1.362731941316028,1.3627348029212953,2.722840648512255
d:308:0.0036229497310067416,1.362731962275543,1.3627347652279447,2.721843777772481
d:309:0.0026893002804921906,1.3627319245819578,1.3627347861874988,2.7227774104889644
d:310:0.0030900482049371902,1.362731886888362,1.3627348071470529,2.7223766458304777
d:311:0.0033605596769827883,1.3627317650894426,1.3627348281066105,2.7221060335190703
d:312:0.002194542611274386,1.362731786048954,1.3627348490661646,2.7232720925038443
d:313:0.003895483682770262,1.3627316710655393,1.3627348700257151,2.721571057408484
d:314:0.002678868360188602,1.3627316920250543,1.3627348909852763,2.722787714650142
d:315:0.0028981086526851385,1.3627316543314407,1.3627347776239809,2.7225683233027365
d:316:0.0023760070789347054,1.3627316752909557,1.3627347399306196,2.7230904081426406
d:317:0.0033183390978539506,1.362731570948391,1.3627347608901736,2.7221479927407106
d:318:0.002916068835812524,1.3627315919079024,1.3627346415623478,2.7225501646344377
d:319:0.002899781941858137,1.3627315542142817,1.362734662521909,2.7225664347943326
d:320:0.002352312556958225,1.3627315751737967,1.3627346834814666,2.723113946098305
d:321:0.002335187175647846,1.3627315961333082,1.3627345654734064,2.7231309744310668
d:322:0.0027541543631368626,1.3627316170928196,1.3627345864329605,2.7227120491626433
d:323:0.002630789530238431,1.3627316380523382,1.362734548739585,2.7228353972616848
d:324:0.0026914617831277354,1.3627316003586998,1.3627345696991426,2.7227747082747147
d:325:0.0024605701919533374,1.3627316213182148,1.3627345906587003,2.7230056417849617
d:326:0.002483072937401687,1.362731510123023,1.362734611618258,2.7229830488038793
d:327:0.002030480736332052,1.362731531082538,1.3627344912829358,2.723435541629142
d:328:0.0023866365696303404,1.362731552042053,1.3627345122424899,2.7230794277149126
d:329:0.00327191708094432,1.3627315730015752,1.3627345332020546,2.7221941891226855
d:330:0.002789281137330235,1.3627315939610867,1.3627345541616087,2.722676866985365
d:331:0.0028215955503583245,1.3627315562674376,1.36273457512117,2.722644535838249
d:332:0.002889514461630327,1.3627315185737743,1.362734596080731,2.722576600192875
d:333:0.0024705955414336955,1.3627315395332928,1.3627346170402888,2.722995561032148
d:334:0.0028619524127098117,1.3627315018396189,1.3627346379998464,2.7226041874267555
d:335:0.002801358546360433,1.362731522799141,1.3627346589594111,2.7226648232121917
d:336:0.0028556699190804835,1.362731543758656,1.3627346799189688,2.7226105537585443
d:337:0.002640072292345863,1.3627315647181781,1.362734700878537,2.7228261933043694
d:338:0.0034761139911907435,1.3627315856777003,1.3627347218381018,2.7219901935246114
d:339:0.0026444723784671,1.3627316066372224,1.3627347427976595,2.7228218770564148
d:340:0.0016495002779191026,1.3627315689435378,1.3627347637572313,2.72381683242285
d:341:0.002530520895385635,1.3627315899030599,1.3627346525614854,2.7229357215691596
d:342:0.0025589316162175635,1.3627315405831233,1.3627345324270301,2.722907141393936
d:343:0.0021915871580144852,1.362731561542649,1.3627345533865913,2.723274527771226
d:344:0.003623462796333854,1.362731582502171,1.3627345743461525,2.7218426940519898
d:345:0.0022561954959883224,1.3627314725087807,1.3627344733267073,2.7232097503394996
d:346:0.002254201654313448,1.3627314934682992,1.3627343530276903,2.723211644841676
d:347:0.002402745935379258,1.362731514427825,1.3627342392683097,2.7230630077607554
d:348:0.0018075447120011745,1.3627315353873506,1.362734260227871,2.7236582509032203
d:349:0.0022518090712093652,1.3627315563468727,1.3627341490315246,2.723213896307188
d:350:0.0024984329319650556,1.3627315186531739,1.3627341699910858,2.7229672557122946
d:351:0.0018519207898979317,1.362731539612703,1.362734190950647,2.723613809773452
d:352:0.0020399537310460403,1.3627315605722323,1.3627342119102082,2.7234258187513944
d:353:0.0024514056622830793,1.362731581531758,1.3627342328697694,2.7230144087392443
d:354:0.002139950700993154,1.3627316024912872,1.36273412305356,2.723325774843854
d:355:0.00231790264520626,1.362731623450813,1.3627341440131175,2.723147864818724
d:356:0.0022029606978559713,1.3627315857570999,1.3627341649726787,2.7232627900319226
d:357:0.002749125650181483,1.3627316067166362,1.362734185932247,2.7227166669987017
d:358:0.0018584162778907398,1.3627314879233623,1.3627342068918082,2.72360727853728
d:359:0.0020578750541950797,1.3627315088828915,1.3627340913599184,2.723407725188615
d:360:0.0018826078643137123,1.3627315298424207,1.3627341123194796,2.7235830342975866
d:361:0.0022663923604167024,1.36273155080195,1.3627341332790444,2.7231992917205776
d:362:0.0025197891335917433,1.3627315717614827,1.362734154238609,2.7229459368665
d:363:0.0018870696738542136,1.3627314575212637,1.3627341751981739,2.7235785630455833
d:364:0.0022489748143605937,1.3627314784807965,1.3627341961577422,2.723216699824178
d:365:0.0022266995907305187,1.3627314994403257,1.3627341584643347,2.72323895831393
d:366:0.0024413644023972836,1.362731520399855,1.3627341794238959,2.7230243354213535
d:367:0.0024729691497409334,1.3627315413593877,1.3627342003834606,2.7229927725931073
d:368:0.0025061828021613053,1.3627314365552259,1.3627342213430325,2.722959475096097
d:369:0.001761485411261532,1.3627314575147587,1.3627342423026008,2.723704214406098
d:370:0.002816953344677131,1.3627314784742914,1.3627341235427508,2.722648648672365
d:371:0.002607715468135652,1.3627314994338242,1.3627341445023191,2.7228579284680077
d:372:0.003636584836343104,1.362731461740097,1.3627341654618874,2.7218290423656413
d:373:0.0025370488683638115,1.3627314826996297,1.3627341864214557,2.7229286202527216
d:374:0.0022949926575837054,1.3627315036591625,1.3627340692337349,2.7231705802353137
d:375:0.0020096821627131334,1.3627315246186988,1.3627339569645365,2.723455799420522
d:376:0.002195328212788894,1.3627314066113279,1.3627339779241048,2.7232700563226437
d:377:0.001979591382223589,1.3627314275708606,1.362733998883666,2.723485835072303
d:378:0.00193900617195375,1.362731448530397,1.3627339012734687,2.723526343631912
d:379:0.0022898835739155743,1.3627314694899297,1.3627339222330335,2.7231755081490476
d:380:0.0019314160751271459,1.3627314904494696,1.3627339431926053,2.723534017566948
d:381:0.0019548737921066817,1.3627313746649428,1.3627339641521736,2.7235104650250097
d:382:0.001890568501778489,1.362731395624479,1.3627339851117384,2.723574812234439
d:383:0.0023398963966982933,1.3627314165840154,1.3627340060713102,2.7231255262586274
d:384:0.002252460802514733,1.3627314375435553,1.3627338850123003,2.723212861753341
d:385:0.002041440710991438,1.3627314585030916,1.3627339059718686,2.723423923763969
d:386:0.002220983003288879,1.362731479462628,1.3627339269314405,2.7232444233907795
d:387:0.0016405727644794865,1.3627313818523668,1.3627339478910088,2.723824756978896
d:388:0.0025330041734239472,1.3627314028119137,1.3627339688505806,2.7229323674890704
d:389:0.0023475975735696153,1.36273142377145,1.362733989810149,2.7231178160080294
d:390:0.001931670831734067,1.36273144473099,1.3627340107697279,2.7235337846689838
d:391:0.002060933974552981,1.3627314656905298,1.3627340317292962,2.723404563445273
d:392:0.0022111361758891945,1.3627314866500697,1.362734052688868,2.7232544031630486
d:393:0.002132887752908985,1.3627315076096131,1.3627340736484435,2.7233326935051476
d:394:0.0017451155901380133,1.3627313872922926,1.3627340946080189,2.7237203663101734
d:395:0.002431445126052978,1.3627313495985405,1.3627341155675978,2.7230340200400853
d:396:0.0017695252289335883,1.362731370558084,1.3627341365271768,2.723695981856327
d:397:0.002355581540053109,1.3627313212380905,1.3627341574867486,2.723109897184786
d:398:0.00194404647208124,1.3627313421976304,1.3627341784463276,2.7235214741718767
d:399:0.002269878977445572,1.3627313631571703,1.3627341994059101,2.723195683585635
d:400:0.001827305558570913,1.3627313841167137,1.362734220365482,2.7236382989236247
d:401:0.002062413301130661,1.3627314050762607,1.3627342413250645,2.7234032331001945
d:402:0.002018606329656336,1.3627314260358006,1.3627342622846434,2.7234470819907877
d:403:0.0021069071278585483,1.362731446995344,1.362734283244226,2.7233588231117114
d:404:0.0022770412009691654,1.3627314679548945,1.3627343042038085,2.723188730957734
d:405:0.001974900704816207,1.3627314889144415,1.362734266510376,2.7234908547200014
d:406:0.0026813714317466264,1.3627315098739885,1.3627342874699586,2.7227844259122005
d:407:0.0018039520379158347,1.362731530833539,1.3627341656428733,2.7236617444384965
d:408:0.0019195275359980002,1.3627314931397727,1.3627341866024487,2.7235461522062234
d:409:0.0021244670286275635,1.3627315140993197,1.3627342075620348,2.723341254632727
d:410:0.0022915340188962574,1.3627315350588702,1.3627342285216208,2.723174229561595
d:411:0.0013388680753134707,1.3627314240647372,1.3627342494811998,2.7241268054706236
d:412:0.0032232772776499274,1.3627314450242878,1.3627342704407894,2.7222424381874273
d:413:0.001700248541931515,1.3627314659838383,1.362734291400372,2.7237655088422787
d:414:0.002443425548237954,1.3627314869433853,1.362734312359958,2.7230223737551054
d:415:0.002405809167624895,1.3627315079029358,1.362734333319544,2.723060032054855
d:416:0.0018353119795371242,1.3627315288624864,1.3627343542791301,2.7236305711620794
d:417:0.0020873881585981025,1.362731549822037,1.3627343752387198,2.7233785369021586
d:418:0.003147058864266583,1.3627315707815875,1.3627343961983094,2.7223189081156303
d:419:0.002005709867079375,1.3627315917411416,1.362734417157899,2.723460299031961
d:420:0.001551183839914927,1.3627314857629749,1.3627342966037759,2.723914598526836
d:421:0.0018719495532106833,1.362731506722529,1.362734317563362,2.72359387473268
d:422:0.0014556573301387488,1.3627315276820866,1.3627343385229551,2.724010208874903
d:423:0.0016042543120278197,1.3627315486416371,1.362734253392702,2.7238615477223114
d:424:0.0020053003379469914,1.3627315696011912,1.3627342156992484,2.7234604849624926
d:425:0.0018757156950126586,1.3627314511658035,1.362734236658838,2.723589972129629
d:426:0.0019427526139832452,1.3627314721253576,1.3627342576184276,2.723522977129802
d:427:0.002007617065931555,1.3627314930849153,1.3627342785780172,2.723458154597001
d:428:0.0018086632073686104,1.3627315140444658,1.3627341727248492,2.7236570235619464
d:429:0.0015548022974218867,1.36273153500402,1.3627341936844388,2.723910926391037
d:430:0.001681437045704115,1.3627315559635775,1.362734214644032,2.7237843335619054
d:431:0.0021364320543000304,1.3627315769231352,1.3627342356036252,2.7233293804724603
d:432:0.0019061920840801605,1.3627315276031098,1.3627342565632148,2.7235595920822444
d:433:0.0020137434254134945,1.3627315485626639,1.362734277522808,2.7234520826600583
d:434:0.0016252322599736857,1.362731569522225,1.3627342984824011,2.7238406357446525
d:435:0.001571641127840806,1.3627314610472752,1.3627343194419979,2.723894139361432
d:436:0.002143930608156097,1.3627313551936133,1.3627343404015946,2.723321764987052
d:437:0.0026826826643855384,1.362731305873563,1.3627343613611842,2.7227829845703617
d:438:0.0026014570882555432,1.3627313268331207,1.362734382320781,2.722864252065646
d:439:0.0016503416313842223,1.3627313477926783,1.3627344032803776,2.7238154094416718
d:440:0.002341584618747561,1.362731226918843,1.3627344242399744,2.7231240665400698
d:441:0.0023212582414942062,1.3627312478784006,1.3627343088413184,2.723144298478225
d:442:0.0015018199383547426,1.3627312688379618,1.3627343298009116,2.7239637787005186
d:443:0.002249646110522363,1.3627312897975195,1.3627343507605119,2.723215994447509
d:444:0.0019518488852323657,1.3627311778825693,1.3627342447814854,2.7235135737788223
d:445:0.0019944846095381052,1.362731062930287,1.3627342657410821,2.723470844061831
d:446:0.002471271908714101,1.3627309439671649,1.3627342280476107,2.7229939001060615
d:447:0.0022278502083832308,1.3627309649267154,1.362734249007211,2.723237363725543
d:448:0.0015724370285674638,1.3627309858862766,1.3627342699668112,2.7238928188245204
d:449:0.001709262178735571,1.3627310068458236,1.362734290926408,2.723756035593496
d:450:0.001241437972831605,1.3627308910604228,1.3627343118860082,2.7242237649735994
d:451:0.001860407564675981,1.3627307760760345,1.3627343328456085,2.723604701356967
d:452:0.0018922696473566702,1.3627307970355922,1.36273429515213,2.7235728225403655
d:453:0.001907435071530017,1.3627308179951427,1.3627342289408375,2.7235576118644502
d:454:0.0018778390461058336,1.3627308389546968,1.3627342499004378,2.7235872498090288
d:455:0.0018133656456011948,1.3627308599142545,1.362734270860038,2.7236517651286913
d:456:0.0016419545526176194,1.3627308808738121,1.362734291819642,2.7238232181408364
d:457:0.0018687297748201104,1.3627309018333662,1.3627343127792457,2.723596484837792
d:458:0.0014406968356279748,1.3627308641395643,1.362734333738846,2.7240245010427824
d:459:0.0020991263112115632,1.362730885099122,1.3627343546984498,2.7233661134863603
d:460:0.0014153547030542057,1.3627309060586796,1.3627342473888255,2.724049798744451
d:461:0.0018412992036651588,1.3627309270182408,1.3627342683484294,2.723623896163005
d:462:0.0012405734450258166,1.362730947977802,1.3627342893080296,2.724224663840806
d:463:0.0017253083934640756,1.3627309689373597,1.3627341780760922,2.723739838619988
d:464:0.0016780925580732742,1.3627309898969244,1.3627340696011458,2.723786966939997
d:465:0.0016324202864002046,1.3627310108564856,1.3627340905607461,2.7238326811308315
d:466:0.0019034343664792175,1.3627310318160468,1.3627341115203535,2.723561708969921
d:467:0.0014341459416282731,1.362731052775608,1.3627340738268536,2.7240309806608334
d:468:0.0013168761419706243,1.3627310737351728,1.3627340947864575,2.7241482923796596
d:469:0.001729671803706978,1.3627310946947375,1.3627341157460648,2.7237355386370954
d:470:0.0022216425633061476,1.3627310570009215,1.3627341367056651,2.7232435511432804
d:471:0.0019424107555430226,1.3627310193070983,1.3627340274632829,2.723522636014838
d:472:0.001838285603204426,1.362731040266663,1.3627340484228903,2.723626803086349
d:473:0.0017076838724019439,1.3627310612262313,1.3627339327342014,2.723757310088031
d:474:0.0010164460295083444,1.362731082185796,1.3627339536938017,2.7244485898500894
d:475:0.001434568589058216,1.3627311031453644,1.3627339746534055,2.7240305092097117
d:476:0.0014575332059436619,1.3627311241049291,1.3627339956130093,2.724007586511995
d:477:0.0014622336203693465,1.362731145064501,1.3627339579194953,2.724002869363627
d:478:0.0012571987843816856,1.3627311073706636,1.3627339788791026,2.7242078874653846
d:479:0.001737021352669288,1.3627311283302355,1.3627338618515772,2.7237279688291434
d:480:0.0011710908456645797,1.362731010310867,1.3627337556864845,2.724293675151687
d:481:0.0008640596021418645,1.3627310312704388,1.3627336393221903,2.7246006109904872
d:482:0.001865323490413573,1.3627310522300107,1.362733660281794,2.723599389021391
d:483:0.001340087637418108,1.3627310731895754,1.3627336812413944,2.7241246667935517
d:484:0.0010071828216435819,1.3627309576559377,1.362733643547859,2.724457418382153
d:485:0.001201275004914848,1.3627309786155095,1.3627336645074664,2.724263368118061
d:486:0.001149193165193907,1.3627309995750778,1.3627336854670702,2.724315491876954
d:487:0.0015287669978008012,1.3627310205346497,1.362733706426674,2.723935959963523
d:488:0.0013499760416646467,1.362730914680462,1.362733668733128,2.7241146073719253
d:489:0.0017952486315522265,1.3627309356400303,1.3627336896927353,2.7236693767012135
d:490:0.001147959757714645,1.3627309565996057,1.3627337106523427,2.724316707494234
d:491:0.0011171448458782152,1.362730977559174,1.36273373161195,2.724347564325246
d:492:0.0014575821241198383,1.362730998518746,1.3627337525715575,2.7240071689661836
d:493:0.0010624433310315595,1.3627308885245526,1.3627337735311684,2.7244022187246895
d:494:0.0011084472859117511,1.362730909484121,1.3627337944907758,2.724356256688985
d:495:0.0008170290105677935,1.3627309304436963,1.3627338154503867,2.7246477168835153
d:496:0.0019007698413986418,1.3627309514032682,1.3627338364099941,2.7235640179718636
d:497:0.0012700450743263758,1.3627309723628471,1.362733857369605,2.724194784658126
d:498:0.0016462436985484885,1.3627308538313123,1.3627338783292196,2.7238184884619834
d:499:0.0011960730448592471,1.3627308747908842,1.3627337740305379,2.724268575776563
d:500:0.0010607621344789209,1.3627308957504631,1.3627337949901488,2.724403928606133
d:501:0.0012760196999046514,1.362730916710035,1.3627336801847072,2.7241885771948375
d:502:0.00122220545264895,1.3627308790161763,1.3627337011443181,2.7242423747078455
d:503:0.0008793745820661059,1.3627307668435975,1.362733722103929,2.7245851143654605
d:504:0.0007788836739717198,1.3627307291497246,1.3627337430635436,2.7246855885392964
d:505:0.0014528545448087016,1.3627307501092965,1.3627337640231545,2.7240116595876422
d:506:0.0007366972286568796,1.3627307710688754,1.362733784982769,2.7247278588229875
d:507:0.0013579324998556075,1.3627307333749883,1.36273380594238,2.7241066068175126
d:508:0.001305868324523729,1.3627307543345673,1.362733826901998,2.7241587129120415
d:509:0.0012307544611012133,1.362730775294139,1.3627338478616124,2.7242338686946503
d:510:0.0010982800340517684,1.362730796253718,1.3627338688212305,2.724366385040897
d:511:0.0021012566363705076,1.3627306741689615,1.3627338897808485,2.7233633073134396
d:512:0.0009745996299024284,1.3627306951285334,1.362733910740463,2.724490006239094
d:513:0.0014639820663813197,1.3627306458084085,1.3627338730469027,2.72400053678893
d:514:0.0014431672590013989,1.3627306667679875,1.3627338940065208,2.724021393515507
d:515:0.0007633092802894481,1.3627305466321857,1.3627339149661388,2.724701152318035
d:516:0.0008255161354231433,1.362730508938288,1.3627339359257569,2.7246389287286217
d:517:0.0012008230153703892,1.3627305298978634,1.362733956885382,2.724263663767875
d:518:0.0014239140161382835,1.3627305508574352,1.3627339778450036,2.7240406146863005
d:519:0.0008317385707687919,1.3627305131635268,1.3627339988046252,2.724632773397383
d:520:0.0011170857759612574,1.3627305341231022,1.3627340197642503,2.7243474681113913
d:521:0.0009049682235371392,1.3627305550826811,1.362734040723872,2.724559627583016
d:522:0.00109668853956002,1.362730440933067,1.3627340616834935,2.7243678140770005
d:523:0.0010582513776355995,1.362730461892646,1.3627340826431187,2.724406293158129
d:524:0.0007342084467669707,1.3627304828522249,1.3627341036027438,2.7247303780082017
d:525:0.0009700165707826613,1.3627305038118003,1.3627341245623725,2.72449461180339
d:526:0.0009085685666985199,1.3627305247713828,1.3627341455219977,2.724556101726682
d:527:0.0011572357587290583,1.3627305457309618,1.3627341664816264,2.724307476453859
d:528:0.0011154459308588827,1.3627305666905372,1.3627341874412515,2.72434930820093
d:529:0.0008195574632576808,1.3627305876501197,1.3627342084008838,2.7246452385877458
d:530:0.0010586795504607949,1.3627306086097022,1.362734229360509,2.7244061584197503
d:531:0.0009034533808822687,1.362730570915776,1.3627342503201412,2.724561367855035
d:532:0.0014439082452142316,1.3627305332218427,1.3627342712797734,2.724020896256402
d:533:0.0009671106442556976,1.3627304119147645,1.3627341517108178,2.7244974529813266
d:534:0.000999863837275683,1.362730432874347,1.362734172670443,2.7244647417075143
d:535:0.001625216158286591,1.362730453833926,1.3627341936300787,2.723839431305718
d:536:0.0009285215237646582,1.3627304747935085,1.362734214589711,2.724536167859455
d:537:0.0010140232626518753,1.362730495753091,1.3627342355493397,2.724450708039779
d:538:0.0011337392927099899,1.3627305167126735,1.3627342565089755,2.724331033928939
d:539:0.0016358956405273517,1.3627305376722596,1.3627342774686042,2.7238289195003365
d:540:0.001121173321720903,1.3627305586318457,1.36273429842824,2.7243436837383648
d:541:0.000852991441336215,1.3627305093116817,1.3627343193878758,2.7246118372582213
d:542:0.0009191043211078664,1.3627305302712713,1.3627343403475116,2.724545766297675
d:543:0.0010326941301208592,1.3627304240668288,1.3627343613071474,2.7244320912438553
d:544:0.0015199439340758403,1.3627304450264113,1.3627343822667868,2.723944883359122
d:545:0.0009948995796786875,1.3627303237183064,1.3627344032264226,2.7244698273650503
d:546:0.0010386920110079245,1.362730344677889,1.362734424186062,2.724426076852943
d:547:0.00127799240257076,1.3627303069839343,1.3627344451456977,2.7241867597270613
d:548:0.0007223588593205932,1.3627303279435132,1.3627344074521197,2.7247423765363123
d:549:0.0008600467135959633,1.3627302081379433,1.3627344284117626,2.72460458983611
d:550:0.0006891829034323393,1.3627302290975258,1.3627344493714055,2.724775495565499
d:551:0.0008275153218111342,1.3627301068985211,1.3627344703310484,2.7246370619077585
d:552:0.0007029489557517365,1.3627301278581037,1.3627344912906878,2.7247616701930397
d:553:0.0014464451149933666,1.3627301488176826,1.3627345122503307,2.72401821595302
d:554:0.0008870617689211713,1.3627301697772722,1.3627345332099736,2.7245776412183247
d:555:0.000942775616776359,1.3627300652988836,1.36273455416962,2.7245218438517274
d:556:0.0005503182894006642,1.3627300862584661,1.3627344399291168,2.7249142078981823
d:557:0.0007487147764440039,1.3627301072180487,1.3627344608887597,2.7247158533303644
d:558:0.0009612510460499379,1.3627301281776347,1.3627344818484026,2.7245033589799874
d:559:0.0009136866545151889,1.3627301491372208,1.362734502808049,2.7245509652907547
d:560:0.0012416854925252352,1.3627301700968104,1.3627343916107684,2.7242228762150535
d:561:0.0012525264559926086,1.3627301910563965,1.3627344125704113,2.724212077170815
d:562:0.0009538819765406714,1.3627301533624205,1.3627344335300577,2.7245107049159376
d:563:0.0006777029815623337,1.3627301743220102,1.3627344544897042,2.724786925830152
d:564:0.0009366049498495954,1.3627300555608528,1.3627344754493471,2.7245279260603503
d:565:0.0010132624312735317,1.3627300765204424,1.3627344964089971,2.724451310498166
d:566:0.0011250036063668034,1.3627300974800285,1.3627345173686436,2.7243396112423053
d:567:0.000972738673054252,1.362730118439618,1.3627345383282936,2.7244919180948575
d:568:0.0014653524911274474,1.3627301393992077,1.36273455928794,2.7239993461960204
d:569:0.0010703296150413877,1.3627301603587973,1.36273458024759,2.724394410991346
d:570:0.0008572854932413776,1.362730181318387,1.36273460120724,2.7246074970323857
d:571:0.0009731749964920766,1.3627300635525152,1.3627346221668937,2.724491510722917
d:572:0.0008494804477372497,1.3627300845121049,1.3627346431265437,2.7246152471909113
d:573:0.0007594416863145881,1.362730105471698,1.3627346640861973,2.7247053278715807
d:574:0.0007236840607749429,1.3627301264312877,1.3627346850458473,2.72474112741636
d:575:0.0011538249538087797,1.3627300052689542,1.3627347060054973,2.7243108863206427
d:576:0.0009765601769835541,1.362729892963639,1.3627347269651544,2.7244880597518097
d:577:0.0008820237796669517,1.3627297726449932,1.362734747924808,2.724582496790134
d:578:0.0009085275017959304,1.3627297349509924,1.3627346383956578,2.724555845844854
d:579:0.0010199975527633853,1.362729755910582,1.3627345176287875,2.724444275986606
d:580:0.0006300319158611956,1.3627297768701716,1.3627345385884375,2.724834283542748
d:581:0.0011719700962178337,1.3627297978297612,1.362734559548091,2.7242923872816345
d:582:0.0008990971959068617,1.3627298187893508,1.3627345805077482,2.724565302101192
d:583:0.0007257740308990179,1.362729839748937,1.3627344611785261,2.724738526896564
d:584:0.0005914513173426172,1.362729727236026,1.3627344821381833,2.7248727580568666
d:585:0.0006993586220307435,1.3627296064700332,1.3627345030978368,2.7247647509458393
d:586:0.000587735239044207,1.3627296274296192,1.3627345240574869,2.724876416248062
d:587:0.0005645098602986565,1.3627295897356078,1.3627344068153455,2.7248994866906546
d:588:0.0009968251340790601,1.3627296106951938,1.362734427774999,2.724467213336114
d:589:0.0005355885309583641,1.362729631654787,1.3627344487346527,2.7249284918584813
d:590:0.0005167716858025528,1.3627295131603105,1.3627344110410569,2.724947152515565
d:591:0.0004905194870623575,1.3627295341198966,1.3627344320007104,2.7249734466335447
d:592:0.0008611764800718902,1.3627295550794862,1.3627344529603675,2.724602831559782
d:593:0.0007071676446859243,1.3627295760390759,1.3627344739200247,2.7247568823144146
d:594:0.0007465313521777261,1.3627294721376195,1.3627344948796782,2.72471743566512
d:595:0.0006717624368413055,1.3627294344435903,1.362734515839339,2.724792187846088
d:596:0.0005023265359085372,1.36272945540318,1.362734536798996,2.7249616656662674
d:597:0.0006739176186645324,1.3627293469274342,1.3627345577586567,2.7247899870674264
d:598:0.0005836558106810941,1.3627293678870203,1.3627345200650467,2.724880232141386
d:599:0.001039073565435089,1.3627293888466099,1.3627345410247038,2.7244248563058786
d:600:0.0007197986640807841,1.3627294098061995,1.3627344224078755,2.724744033549994
d:601:0.0008165552079297811,1.3627294307657891,1.3627343847142477,2.724647260272107
d:602:0.0005013897664589706,1.3627293268639313,1.362734405673912,2.7249623427713843
d:603:0.0006833913845092354,1.3627293478235245,1.3627344266335726,2.724780383072588
d:604:0.0007415568743365242,1.3627293687831177,1.3627344475932368,2.724722259502018
d:605:0.0007576620358360486,1.3627293897427073,1.3627344098995984,2.7247061376064696
d:606:0.0005071851216946754,1.3627293520486639,1.3627343722059528,2.724956539132922
d:607:0.000755811545586127,1.362729373008257,1.3627343931656135,2.7247079546282844
d:608:0.001072540710222114,1.3627293939678466,1.3627344141252742,2.7243912673828987
d:609:0.0005187232421448584,1.3627294149274398,1.3627344350849384,2.7249451267702334
d:610:0.001303820143528256,1.36272943588704,1.3627343973912822,2.724160013134794
d:611:0.0008829091917590404,1.3627294568466333,1.3627344183509464,2.7245809660058207
d:612:0.0006981550147990845,1.3627294075263876,1.3627344393106071,2.7247656918221956
d:613:0.0006461609165064885,1.36272936983233,1.362734460270275,2.7248176691860984
d:614:0.0005769819487806416,1.3627293907919302,1.3627344812299391,2.7248868900730887
d:615:0.0005053146063414005,1.362729411751527,1.3627345021896033,2.724958599334789
d:616:0.0005599788331274169,1.3627294327111201,1.3627345231492711,2.724903977027264
d:617:0.0010048554596817638,1.3627293149443247,1.3627344854556043,2.724458944940247
d:618:0.000590039081636462,1.3627293359039214,1.362734506415272,2.724873803237557
d:619:0.000563882550189021,1.362729298209846,1.3627345273749398,2.724899943034597
d:620:0.0006517885805266133,1.3627293191694427,1.3627345483346112,2.7248120789235273
d:621:0.0006790029646523976,1.362729340129043,1.3627345692942825,2.724784906458673
d:622:0.0006020059864493277,1.3627293610886433,1.3627345902539538,2.724861945356148
d:623:0.00042899088847114797,1.3627292478399653,1.3627346112136216,2.7250348681651158
d:624:0.0006920696249927971,1.3627291270729174,1.362734632173293,2.7247716896212175
d:625:0.0004912747937346751,1.3627290893788242,1.3627346531329643,2.724972467718054
d:626:0.0007014991535001514,1.3627291103384245,1.3627346740926392,2.7247622852775635
d:627:0.0006625862200966282,1.3627291312980212,1.362734695052314,2.7248012401302386
d:628:0.0005560578611429889,1.362729152257618,1.3627347160119854,2.7249078104084603
d:629:0.0005809572599222435,1.3627291732172147,1.3627347369716603,2.7248829529289527
d:630:0.0003334231345970551,1.3627291941768185,1.3627347579313387,2.72513052897356
d:631:0.0005500913312488365,1.3627292151364152,1.3627347788910136,2.72491390269618
d:632:0.0004668519882251587,1.3627291101397354,1.3627347998506885,2.7249970580021987
d:633:0.0009380964984426754,1.3627291310993357,1.3627348208103705,2.7245258554112635
d:634:0.0008011792341982016,1.362729008885296,1.3627348417700524,2.72466267142115
d:635:0.0006575212462589519,1.3627289711911885,1.3627348627297309,2.7248063126746604
d:636:0.0005272224539094594,1.3627289334970776,1.3627348836894093,2.7249365947325774
d:637:0.0005408342043260461,1.3627289544566743,1.3627349046490878,2.724923024901436
d:638:0.0003480139227480805,1.3627289754162746,1.3627349256087733,2.7251158871023
d:639:0.0005396328294295927,1.3627289963758749,1.3627348045483032,2.7249241680947485
d:640:0.0009348904666648394,1.3627290173354751,1.3627348255079852,2.7245289523767955
d:641:0.0004878432602577476,1.3627290382950754,1.3627348464676672,2.724976041502485
d:642:0.0005813619344365861,1.3627290592546792,1.3627347293830852,2.724882426703328
d:643:0.0007341131422435865,1.3627290802142866,1.3627347503427671,2.72472971741481
d:644:0.0005040980882871082,1.3627289680408197,1.362734771302442,2.7249596412549746
d:645:0.000425639369961317,1.3627289890004235,1.3627347922621276,2.7250381418925897
d:646:0.0006269977159529816,1.3627290099600273,1.3627348132218131,2.7248368254658875
d:647:0.00032048774766124666,1.3627290309196276,1.362734834181495,2.7251433773534615
d:648:0.00047444289213594004,1.362729051879235,1.3627348551411735,2.7249894641282726
d:649:0.0010937423913972566,1.3627290728388424,1.3627348761008662,2.7243702065483113
d:650:0.0005459720623512965,1.3627290937984462,1.3627348970605482,2.724918018796643
d:651:0.0004979611207662771,1.3627290561043175,1.3627347784427606,2.724965873426312
d:652:0.00035381932641520564,1.3627290770639213,1.3627347994024497,2.725110057139956
d:653:0.00034602725291144054,1.3627290980235287,1.3627348203621317,2.725117891132749
d:654:0.0002883097955024283,1.362729118983136,1.3627348413218172,2.725175650509451
d:655:0.0003434407862155098,1.362729139942747,1.362734803628129,2.7251205027846606
d:656:0.0002670146256882333,1.362729160902358,1.3627348245878181,2.725196970864488
d:657:0.00037604810512270603,1.3627291232082115,1.3627347068235345,2.7250877819266233
d:658:0.00019749151636538897,1.3627290074216631,1.3627347277832236,2.7252662436885213
d:659:0.00046382271838751876,1.362729028381267,1.3627347487429091,2.7249999544057886
d:660:0.0002417100858043142,1.3627290493408744,1.3627347697025947,2.7252221089576647
d:661:0.00038855641927781903,1.3627290703004888,1.3627347906622838,2.725075304543495
d:662:0.00032920852765272457,1.3627290912601033,1.3627348116219729,2.7251346943544235
d:663:0.00044467052851437927,1.3627291122197143,1.3627347739282705,2.7250192156194704
d:664:0.0002934905253937359,1.3627291331793252,1.3627347948879631,2.7251704375418946
d:665:0.00043744672437462384,1.3627291541389361,1.3627348158476522,2.7250265232622137
d:666:0.0005871644989596803,1.3627291750985506,1.3627348368073413,2.7248768474069323
d:667:0.00039292577076821544,1.3627291960581687,1.3627348577670375,2.725071128054438
d:668:0.0004878868057645036,1.362729075738379,1.3627348200733245,2.724976009005939
d:669:0.0003391835373260932,1.36272909669799,1.3627348410330136,2.7251247541936774
d:670:0.000352009159692912,1.3627290590038363,1.3627348619927098,2.725111911836853
d:671:0.0002938594808288286,1.3627290799634508,1.3627348829524024,2.7251701034350244
d:672:0.0004591549286914187,1.3627291009230618,1.362734903912095,2.7250048499064654
d:673:0.0002509241540131768,1.3627291218826798,1.3627349248717913,2.725213122600458
d:674:0.0008329646902094368,1.362729003647516,1.3627349458314875,2.724630984788794
d:675:0.00032011022670985767,1.3627290246071304,1.3627349667911837,2.725143881171604
d:676:0.00019992284128633742,1.362729045566745,1.3627349877508834,2.725264110476342
d:677:0.0002954412130637962,1.3627290665263594,1.362735008710576,2.7251686340238717
d:678:0.00022369806677957627,1.362729028832188,1.3627350296702758,2.7252403604356843
d:679:0.0003409323429757194,1.362729049791806,1.3627350506299756,2.725123168078806
d:680:0.00036064278347680556,1.3627290707514312,1.3627350715896753,2.7251034995576298
d:681:0.0002956691749194107,1.3627290917110457,1.362735092549375,2.7251685150855014
d:682:0.0003954302368267548,1.3627291126706638,1.3627351135090784,2.7250687959429154
d:683:0.0002597157690189533,1.3627291336302818,1.3627351344687781,2.725204552330041
d:684:0.0004239571514244034,1.3627291545899034,1.3627351554284814,2.7250403528669604
d:685:0.0004252162879883059,1.362729175549525,1.3627351177347578,2.7250390769962944
d:686:0.0006907271961207329,1.3627291378553466,1.3627351386944646,2.7247735493536904
d:687:0.0002222703516778779,1.3627291588149681,1.3627350136836434,2.7252419021469336
d:688:0.00027955476995700224,1.362729121120772,1.3627349759899055,2.7251845423407204
d:689:0.00026283143096961226,1.3627291420803935,1.3627349969496088,2.7252013075990327
d:690:0.0002725896345605605,1.3627291630400151,1.3627350179093085,2.725191591314763
d:691:0.0002485350934655628,1.3627291253458118,1.3627350388690154,2.7252156291213616
d:692:0.00028066451710273554,1.362729146305437,1.3627350598287187,2.725183541617053
d:693:0.0006274713437353086,1.362729167265062,1.362735080788422,2.7248367767097488
d:694:0.0002728722505498382,1.3627291882246837,1.3627351017481253,2.725191417722259
d:695:0.0001964392322424402,1.3627291505304697,1.3627351227078357,2.725267834006063
d:696:0.0008455714400170677,1.3627291714900984,1.3627351436675426,2.724618743717624
d:697:0.00034838383909097104,1.362729048993586,1.362735032672422,2.725115697826917
d:698:0.0002476246437037588,1.3627290699532075,1.3627350536321252,2.725216498941629
d:699:0.0005276589646481256,1.3627290206328908,1.3627350745918356,2.7249364362600783
d:700:0.00020408463405097166,1.3627290415925195,1.362735095551546,2.7252600525100146
d:701:0.0002097889546135434,1.362729062552141,1.362735116511253,2.7252543901087805
d:702:0.0003157042918946473,1.3627290835117662,1.362735010143247,2.7251483893631185
d:703:0.000227008295938802,1.362728974268908,1.3627350311029538,2.725236997075923
d:704:0.0002387992192804944,1.362728995228533,1.3627350520626642,2.725225248071917
d:705:0.0007291445856800749,1.3627290161881618,1.362735073022371,2.7247349446248528
d:706:0.00040097029342334167,1.3627289012025763,1.3627350939820815,2.7250630248912344
d:707:0.00023802948995133022,1.362728922162205,1.3627350562883294,2.725225948960583
d:708:0.0001430223100093997,1.362728811308596,1.3627350772480362,2.725320866246623
d:709:0.00017769431166847482,1.3627288322682212,1.3627350395542734,2.725286177510826
d:710:0.0001536791354652678,1.3627288532278499,1.3627350605139874,2.725310234606372
d:711:9.14782003871295e-05,1.362728874187475,1.3627349562145987,2.7253723522016866
d:712:0.00024392737420164678,1.3627288364932362,1.3627348431132091,2.7252197522322437
d:713:0.0004576483323326386,1.3627288574528684,1.362734864072923,2.725006073193459
d:714:0.00037022464937486177,1.3627288784124971,1.362734744267133,2.725093398030255
d:715:0.0002913300338907021,1.3627288407182476,1.3627346221841705,2.7251721328685274
d:716:0.0004251306399805088,1.3627287336435856,1.3627346431438738,2.725038246147479
d:717:0.00018631349461806224,1.3627287546032107,1.3627346641035842,2.725277105212177
d:718:0.00019803191403156006,1.362728775562843,1.362734685063291,2.7252654287121025
d:719:0.00015370160071448424,1.3627287378685793,1.3627347060230015,2.7253097422908663
d:720:0.00012913669296210628,1.3627287588282115,1.3627345865059546,2.725334208641204
d:721:0.00015786035299036882,1.3627287797878438,1.362734607465665,2.7253055269005184
d:722:0.00022107370392454584,1.3627288007474725,1.3627346284253754,2.7252423554689233
d:723:0.00013762865662059198,1.3627287630531946,1.3627346493850823,2.7253257837816562
d:724:0.00011489522533913998,1.3627287840128268,1.3627346703447962,2.725348559132284
d:725:0.00023151357714823462,1.3627286673358583,1.3627346913045066,2.7252318450632167
d:726:0.00019579660905755247,1.362728688295487,1.362734712264217,2.7252676039506465
d:727:0.00016261228875258382,1.3627287092551192,1.3627347332239275,2.725300830190294
d:728:8.782878120250359e-05,1.3627287302147515,1.362734754183645,2.725375655617194
d:729:0.00010556869911049205,1.3627286925204665,1.362734775143359,2.725357898964715
d:730:0.000146295092013915,1.3627287134800952,1.3627347961030694,2.7253172144911506
d:731:0.00010464946684507481,1.3627287344397274,1.3627346772598479,2.72535876223273
d:732:0.00019443374515049072,1.3627287553993597,1.3627346982195618,2.725269019873771
d:733:8.979745624060342e-05,1.362728776358999,1.3627347191792794,2.7253736980820378
d:734:0.0005321947746921296,1.3627287973186313,1.3627347401389933,2.7249313426829325
d:735:0.00015573157684478645,1.362728818278267,1.3627347610987108,2.725307847800133
d:736:0.00014628108744219048,1.36272883923791,1.3627347820584284,2.725317340208896
d:737:9.693479458583454e-05,1.3627288601975458,1.3627348030181494,2.7253667284211094
d:738:0.00017235932956261024,1.3627288811571887,1.362734823977867,2.725291345805493
d:739:0.0003084348779989199,1.362728902116821,1.362734844937581,2.725155312176403
d:740:0.00012286252855098212,1.3627288644225253,1.3627348658972984,2.7253408677912727
d:741:0.00019930440244841918,1.362728746654657,1.3627348282035108,2.7252642704557193
d:742:0.00024380582471472678,1.3627286395794869,1.3627348491632318,2.725219682918004
d:743:6.845019532875085e-05,1.3627285334871964,1.3627348701229565,2.725394953414824
d:744:7.711056105286218e-05,1.3627285544468322,1.3627348910826704,2.7253863349684497
d:745:0.00018040263724472538,1.3627284481673811,1.3627349120423986,2.725282957572535
d:746:0.00012705571049131947,1.362728398847004,1.3627349330021197,2.7253362761386324
d:747:0.0001943859195190356,1.3627284198066363,1.3627349539618443,2.7252689878489615
d:748:0.00019782959718739335,1.362728440766272,1.362734974921569,2.7252655860906536
d:749:0.00025630972256607265,1.3627284617259114,1.3627349958812935,2.725207147884639
d:750:3.075637439486911e-05,1.3627284826855472,1.3627350168410182,2.7254327431521705
d:751:0.00017748503928949333,1.3627284449912231,1.3627350378007428,2.7252859977526764
d:752:0.00010263917948982737,1.3627283260806884,1.3627349220156262,2.7253606089168247
d:753:2.819674067922051e-05,1.3627282883863572,1.3627349429753544,2.7254350346210323
d:754:7.406893674222204e-05,1.362728309345993,1.362734963935079,2.7253892043443297
d:755:0.00019706780598127693,1.3627283303056252,1.3627349848948036,2.7252662473944476
d:756:7.19526266106385e-05,1.3627283512652681,1.3627350058545389,2.7253914044931964
d:757:8.201366125604181e-05,1.3627282342379345,1.3627348939391197,2.7253811145157982
d:758:0.0003274399759209956,1.362728255197574,1.3627349148988408,2.7251357301204937
d:759:5.821748526990689e-05,1.3627282761572062,1.3627348078232977,2.725404866495234
d:760:1.9167724211399673e-05,1.362728156828453,1.3627348287830259,2.7254438178872675
d:761:4.481385219889944e-05,1.362728119134104,1.3627348497427505,2.7254181550246557
d:762:7.455276767309726e-05,1.3627281400937434,1.3627348707024751,2.7253884580285455
d:763:2.794874074751874e-05,1.3627280357500204,1.3627348916622033,2.725434978671476
d:764:6.574590103980427e-05,1.3627280567096598,1.3627349126219386,2.7253972234305586
d:765:2.3154795227853242e-05,1.3627280776692956,1.3627349335816632,2.725439856455731
d:766:1.6745481767443948e-05,1.3627280986289314,1.362734954541395,2.725446307688559
d:767:2.6705982174135556e-05,1.3627280609345682,1.3627348403907575,2.7254361953431516
d:768:9.806166328552024e-05,1.362728081894204,1.3627348613504857,2.725364881581404
d:769:4.038902660852273e-05,1.3627280441998302,1.362734882310214,2.7254225374834355
d:770:0.00048532959329072867,1.3627279239942567,1.362734844616405,2.724977439017371
d:771:0.00014579604576603344,1.362727944953896,1.3627348655761402,2.72531701448427
d:772:0.0003337209435105848,1.3627279659135318,1.3627348865358684,2.7251291315058896
d:773:5.388294517416625e-05,1.3627279282191438,1.3627347665993135,2.725408811873283
d:774:6.359115383247627e-05,1.3627279491787831,1.3627347875590452,2.725399145583996
d:775:4.1897878183760895e-05,1.3627279701384225,1.3627346676215488,2.7254207398817876
d:776:3.2526600289628504e-05,1.3627279910980654,1.362734688581284,2.72543015307906
d:777:0.0001495738772518962,1.3627280120577048,1.3627346508874574,2.7253130890679103
d:778:0.00011159393429238662,1.3627280330173477,1.3627345345218735,2.725350973604929
d:779:0.0001598100517696821,1.362728053976987,1.3627345554816017,2.725302799406819
d:780:1.2933082077282165e-05,1.3627280162825883,1.3627345764413334,2.7254496596418445
d:781:8.222108847988352e-05,1.3627280372422312,1.362734538747496,2.7253803549012474
d:782:4.0948008871666275e-05,1.3627280582018777,1.3627345597072242,2.7254216699002303
d:783:0.00013711592996656918,1.3627280791615242,1.3627345806669595,2.725325543898517
d:784:0.051511782033950126,1.362728100121167,1.3627344687357983,2.6739507868230152
d:785:0.00013409152292354065,1.362728121080817,1.36273448969553,2.7253285192534236
d:786:3.88040858396721e-05,1.3627280049529809,1.3627345106552582,2.7254237115223994
d:787:8.425137166057084e-05,1.3627280259126309,1.3627345316149935,2.7253783061559638
d:788:8.529007899937824e-06,1.3627279070011333,1.3627345525747252,2.7254539305679586
d:789:0.00014622798158114847,1.3627277882816244,1.3627344398288592,2.7253160001289025
d:790:0.00011294796071403823,1.3627278092412638,1.362734460788591,2.7253493220691407
d:791:0.00015155987288828499,1.3627278302009103,1.3627344817483227,2.7253107520763447
d:792:2.1091174067677798e-05,1.3627277808804763,1.3627345027080615,2.72544119241447
d:793:4.097641292233334e-05,1.362727731560021,1.3627345236677932,2.725421278814892
d:794:5.78608908448075e-05,1.3627277525196675,1.362734544627532,2.7254044362563548
d:795:4.2990124654807005e-05,1.362727703199191,1.3627345655872674,2.7254192786618034
d:796:0.00032100975409576904,1.3627277241588338,1.3627345865470026,2.7251413009517407
d:797:0.00013130440533792864,1.3627277451184767,1.3627344699839945,2.7253309106971333
d:798:0.00048276439254379966,1.3627277660781267,1.3627344909437333,2.7249794926293163
d:799:2.7571402467785333e-05,1.3627277870377732,1.3627345119034686,2.725434727538774
d:800:8.862923314367777e-05,1.3627278079974197,1.3627345328632074,2.7253737116274834
d:801:2.2473046678683772e-05,1.3627278289570697,1.3627345538229427,2.7254399097333337
d:802:1.7787811469105463e-05,1.3627278499167161,1.3627345747826816,2.7254446368879286
d:803:1.0762268457753521e-05,1.3627278708763697,1.3627345957424204,2.7254517043503323
d:804:5.499937579855896e-05,1.3627278918360197,1.3627346167021628,2.725407509162384
d:805:2.6937447520580804e-05,1.3627279127956697,1.3627346376619052,2.7254356130100543
d:806:5.2874783609269116e-05,1.3627279337553198,1.3627345452695572,2.7254096042412677
d:807:5.713449274225013e-05,1.3627279547149733,1.362734566229296,2.725405386451527
d:808:1.1781861852355746e-05,1.3627279756746233,1.3627345871890384,2.7254507810018094
d:809:4.632880255783789e-05,1.3627278549062254,1.362734534336127,2.7254160604397946
d:810:0.0003021046366438185,1.3627278758658754,1.362734555295873,2.7251603265251045
d:811:7.744356634376004e-05,1.362727896825529,1.362734576255619,2.725385029514804
d:812:2.6344613560880248e-05,1.3627279177851825,1.3627345972153577,2.7254361703869794
d:813:0.00014868052866923165,1.3627277989416804,1.3627344859822514,2.7253136043952626
d:814:4.385012599250615e-05,1.3627278199013375,1.3627345069419938,2.725418476717339
d:815:9.815372123966881e-06,1.362727770580829,1.3627345279017362,2.725452483110441
d:816:5.6531585023833486e-05,1.3627277915404825,1.3627344064898992,2.725405666445358
d:817:0.0001594413934977723,1.3627278125001396,1.362734368796037,2.725302739902679
d:818:1.5238961944774587e-05,1.3627278334597932,1.3627343897557758,2.725446984253624
d:819:0.00024271610258352894,1.3627278544194503,1.3627344107155182,2.725219549032385
d:820:0.00012753686434407996,1.3627278753791074,1.3627343046236469,2.7253346431384102
d:821:0.00014280485022766243,1.362727896338761,1.3627343255833892,2.7253194170719226
d:822:5.377738280998301e-05,1.3627277749369426,1.3627343465431316,2.7254083440972643
d:823:0.00016514667833433805,1.3627277958965998,1.362734367502874,2.7252970167211394
d:824:1.1429815899077767e-05,1.362727686097216,1.362734329808994,2.725450586090311
d:825:1.3414500527275663e-05,1.362727707056873,1.3627342165522727,2.7254485091086185
d:826:0.00015652511123498414,1.3627277280165266,1.362734237512015,2.7253054404173067
d:827:9.272934297932522e-05,1.3627277489761838,1.362734184659061,2.7253692042922655
d:828:8.025355559659886e-05,1.3627276302828655,1.362734205618807,2.725381582346076
d:829:0.00017437911921724947,1.3627275809623285,1.3627341527658317,2.725287354608943
d:830:1.4077586529381847e-05,1.362727601921982,1.3627340417698939,2.7254475661053466
d:831:5.4020409219646126e-05,1.3627276228816392,1.3627340627296398,2.7254076652020593
d:832:3.085603143482274e-05,1.3627276438412927,1.3627340836893858,2.7254308714992437
d:833:6.666785006359532e-05,1.3627276648009534,1.3627341046491281,2.725395101600018
d:834:0.000506406134251236,1.3627276857606105,1.362734125608874,2.7249554052352334
d:835:9.90838766412594e-06,1.3627276364400522,1.3627341465686165,2.7254518746210046
d:836:5.012781235258501e-05,1.3627276573997165,1.362734028073774,2.725411557661138
d:837:1.0591596698361627e-05,1.3627276783593736,1.3627340490335165,2.7254511357961917
d:838:2.1361600770930522e-05,1.3627276993190378,1.3627340699932624,2.7254404077115293
d:839:1.9095407902014472e-05,1.362727720278695,1.3627340909530048,2.7254427158237977
d:840:1.851773185812533e-05,1.3627277412383556,1.3627341119127543,2.7254433354192518
d:841:0.00011614318679953328,1.3627277621980163,1.362734074218853,2.7253456932300697
d:842:0.0001411240778779188,1.3627277831576805,1.3627340951786024,2.725320754258405
d:843:0.0001642302612019364,1.3627278041173483,1.362734116138352,2.7252976899944983
d:844:4.911939293528178e-05,1.362727825077009,1.3627341370981014,2.725412842782175
d:845:1.6262806965983145e-05,1.3627278460366732,1.3627340842450906,2.7254456674747978
d:846:0.00015520449922412638,1.362727727578001,1.362734105204833,2.72530662828361
d:847:4.3659193647016536e-05,1.3627277485376652,1.3627340675109245,2.7254181568549427
d:848:3.258929569938118e-05,1.362727699217082,1.362734088470674,2.7254291983920567
d:849:1.5054875962761116e-05,1.3627277201767498,1.3627341094304235,2.7254467747312106
d:850:4.370327333624857e-05,1.3627276708561453,1.36273413039018,2.725418097972989
d:851:6.29857401079903e-05,1.3627276918158095,1.3627340077147423,2.725398713790444
d:852:0.00018808443284434873,1.3627277127754738,1.3627340286744953,2.7252736570171248
d:853:0.00010263328455017984,1.3627277337351416,1.3627339624627979,2.7253590629133893
d:854:0.00011508600004361824,1.3627277546948093,1.362733983422551,2.7253466521173166
d:855:0.0002112080546972095,1.3627277756544771,1.362733930569508,2.725250498169288
d:856:2.0701268478973134e-05,1.3627277966141484,1.3627339515292576,2.725441046874927
d:857:1.7604222874112452e-05,1.3627278175738162,1.3627339724890106,2.7254441858399527
d:858:2.2127028078244848e-05,1.3627278385334876,1.3627339347950809,2.72543964630049
d:859:9.764192485661738e-06,1.3627278594931553,1.362733955754834,2.7254520510555036
d:860:1.574463596121234e-05,1.3627278804528302,1.362733976714587,2.725446112531456
d:861:5.256486958238327e-05,1.3627278311322009,1.36273399767434,2.7254092639369585
d:862:2.1149000861697687e-05,1.3627278520918722,1.362734018634093,2.7254407217251035
d:863:0.0006003948741817311,1.3627278730515435,1.3627340395938496,2.7248615177712114
d:864:7.219528715296519e-06,1.3627278940112149,1.3627339196121007,2.7254545940946002
d:865:8.494230786304513e-05,1.3627279149708933,1.3627339405718537,2.725376913234884
d:866:0.00013588466728009507,1.3627279359305646,1.3627339615316103,2.725326012794895
d:867:7.070499527728202e-05,1.362727956890243,1.362733982491367,2.7253912343863327
d:868:3.660649428383067e-05,1.362727977849918,1.3627340034511235,2.7254253748067576
d:869:0.0004788112880351747,1.3627279988095893,1.36273402441088,2.724983211932434
d:870:0.0001090185346335204,1.3627280197692748,1.3627340453706367,2.725353046605278
d:871:0.0001034404039561565,1.3627280407289533,1.3627340076766963,2.7253586080016934
d:872:0.0006692015978160271,1.3627280616886281,1.362733954823618,2.72479281491443
d:873:1.3914676120663216e-05,1.3627280826483066,1.3627339757833745,2.7254481437555604
d:874:2.2756870611928548e-05,1.3627281036079886,1.3627339967431382,2.725439343480515
d:875:0.0005562165756476389,1.3627281245676706,1.362733884460777,2.7249057924528
d:876:1.9503260334730044e-05,1.3627281455273526,1.3627339054205336,2.7254425476875515
d:877:3.711874990663944e-05,1.3627281664870345,1.3627339263802938,2.7254249741174217
d:878:1.5599472888538912e-05,1.3627281874467165,1.362733947340054,2.725446535313882
d:879:2.4505119952777932e-05,1.362728208406395,1.3627338811282854,2.7254375844147276
d:880:6.593886163841489e-05,1.3627282293660805,1.3627339020880456,2.7253961925924877
d:881:3.064798314156292e-05,1.3627282503257696,1.3627339230478093,2.7254315253904373
d:882:0.00041808566082224274,1.3627282712854516,1.3627338022184965,2.725043987843126
d:883:0.00013773777889447558,1.362728221964801,1.3627338231782566,2.725324307364163
d:884:0.00024228062502906766,1.3627282429244865,1.3627337703251463,2.7252197326246037
d:885:1.2322354653093726e-05,1.3627282638841756,1.362733791284903,2.7254497328144254
d:886:0.00015683321113613147,1.362728284843861,1.3627337384317642,2.725305190064489
d:887:4.682538926026325e-05,1.3627283058035502,1.3627337593915279,2.725415239805818
d:888:6.70285004655824e-05,1.3627283267632393,1.3627337803512916,2.7253950786140653
d:889:3.491041428915764e-05,1.3627283477229284,1.3627338013110517,2.725427238619691
d:890:1.638889108512842e-05,1.362728368682621,1.362733822270819,2.725445802062355
d:891:7.875677574809004e-05,1.3627283896423101,1.3627338432305791,2.725383476097141
d:892:1.5617937286549477e-05,1.3627284106020028,1.3627337248512177,2.725446517515934
d:893:2.582255047123283e-05,1.3627284315616919,1.362733671998047,2.7254362810092676
d:894:0.0004458367657456108,1.3627284525213845,1.3627335665926026,2.7250161823482415
d:895:8.681826835044149e-05,1.3627284734810807,1.3627335875523627,2.725375242765093
d:896:6.484118828886665e-05,1.3627284944407734,1.3627336085121229,2.7253972617646074
d:897:2.4144972426753952e-05,1.3627285154004696,1.3627336294718901,2.725437999899933
d:898:2.3138072561934564e-05,1.3627285363601622,1.3627335202282644,2.7254389185158647
d:899:6.216288458027464e-05,1.36272842419665,1.3627335411880246,2.7253998025000943
d:900:2.514486325289056e-05,1.3627283748759709,1.3627335621477883,2.7254367921605063
d:901:0.00015369290722588858,1.3627283958356706,1.362733583107552,2.7253082860359967
d:902:0.00036454809369423913,1.3627282760284771,1.3627334786286767,2.7250972065634596
d:903:9.463309413426657e-05,1.3627282969881769,1.362733499588444,2.7253671634824865
d:904:4.054043600021373e-05,1.362728317947873,1.362733520548204,2.725421298060077
d:905:7.037322727398987e-05,1.3627283389075657,1.3627335415079713,2.725391507188263
d:906:6.386641265798687e-05,1.3627283598672655,1.362733562467735,2.7253980559223425
d:907:7.825658983051653e-06,1.3627283808269581,1.3627335834274987,2.725454138595474
d:908:0.00013755034852103165,1.3627284017866579,1.362733604387266,2.725324455825403
d:909:0.00013647290863971762,1.362728422746354,1.3627336253470368,2.725325575184751
d:910:2.706608935021393e-05,1.3627284437060503,1.362733646306804,2.725435023923504
d:911:2.0615507839494285e-05,1.3627284646657536,1.3627336672665713,2.7254415164244854
d:912:0.00013677032516490328,1.362728485625457,1.3627335508999678,2.72532526620026
d:913:1.928472538281767e-05,1.362728506585153,1.362733571859728,2.7254427937194983
d:914:9.888617541520262e-05,1.3627283878540375,1.3627335928195023,2.7253630944981246
d:915:1.6783243692586325e-05,1.362728281648515,1.362733613779266,2.7254451121840884
d:916:1.8952795862503535e-05,1.3627283026082146,1.3627336347390369,2.725442984551389
d:917:2.1869956121634004e-05,1.362728323567918,1.3627336556988112,2.7254401093106075
d:918:0.0001624733823408775,1.3627283445276213,1.3627336766585785,2.725299547803859
d:919:0.0006437714184510668,1.3627282916745536,1.3627336976183528,2.7248182178744553
d:920:1.1960568185642728e-05,1.3627283126342533,1.3627337185781236,2.7254500706441913
d:921:1.7431011293922438e-05,1.362728333593953,1.362733739537898,2.725444642120557
d:922:0.00012935060558660894,1.362728213351943,1.3627337604976688,2.725332623244025
d:923:7.432592110667713e-05,1.3627282343116427,1.3627337814574467,2.7253876898479827
d:924:2.7410622628565307e-05,1.362728255271346,1.3627338024172246,2.725434647065942
d:925:0.0003109002863102006,1.3627281368909578,1.362733823376999,2.7251510599816466
d:926:7.43176253035216e-05,1.3627281578506576,1.3627337068129641,2.725387547038318
d:927:0.0002417920276851504,1.362728178810361,1.3627337277727385,2.7252201145554142
d:928:0.0003048832784582345,1.3627281294896392,1.3627336749195287,2.7251569211307096
d:929:0.00012310486129685216,1.3627281504493425,1.3627336958793066,2.725338741467352
d:930:1.266326828108788e-05,1.3627281714090458,1.362733716839081,2.7254492249798457
d:931:0.000190722108351693,1.362728050099161,1.3627335976202914,2.7252709256111007
d:932:3.9100174577200164e-05,1.3627280710588607,1.3627336185800694,2.725422589464353
d:933:0.0003504321483909223,1.3627280920185676,1.3627335657268311,2.725111225597008
d:934:8.052486859000396e-05,1.3627281129782638,1.362733446033701,2.725381034143375
d:935:0.0002591813331598303,1.3627281339379707,1.3627333931804344,2.7252023457852452
d:936:2.6747785717873285e-05,1.362728154897674,1.3627334141402088,2.725434821252165
d:937:4.306224623640276e-05,1.3627281758573844,1.3627334350999831,2.725418548711131
d:938:1.142421466759913e-05,1.3627281968170912,1.362733382246688,2.7254501548491117
d:939:4.943526679390686e-05,1.3627282177767945,1.3627334032064624,2.725412185716463
d:940:1.0650745721818566e-05,1.3627282387364978,1.3627334241662368,2.725451012157013
d:941:8.43276088833278e-05,1.3627282596962083,1.3627334451260147,2.7253773772133396
d:942:4.639152834862159e-05,1.3627282806559187,1.3627334660857926,2.7254153552133626
d:943:8.843562400073779e-05,1.36272816041863,1.3627334870455705,2.7253732118402
d:944:0.00021881229716136374,1.362728181378337,1.362733434192247,2.7252428032734226
d:945:1.6553302952360127e-05,1.3627282023380438,1.362733319834195,2.7254449688692866
d:946:0.00012822789768129894,1.3627282232977542,1.362733340793973,2.725333336194046
d:947:0.0001592467311795076,1.3627282442574646,1.3627333617537545,2.7253023592800396
d:948:5.201063696880226e-05,1.362728265217175,1.3627333827135288,2.725409637293735
d:949:9.869200462730987e-05,1.362728286176889,1.3627334036733139,2.7253629978455756
d:950:5.308444456098016e-05,1.3627283071365994,1.3627334246330918,2.72540864732513
d:951:0.0004894855314070412,1.3627283280963098,1.3627334455928732,2.724972288157776
d:952:1.5846102805028295e-05,1.3627283490560274,1.3627334665526547,2.725445969505877
d:953:9.166800249360563e-05,1.3627283700157378,1.3627333521938993,2.7253700542071435
d:954:2.2118316950425765e-05,1.3627283909754517,1.3627332439019497,2.725439516560451
d:955:2.061467046488019e-05,1.3627284119351692,1.3627332648617312,2.7254410621264356
d:956:0.00011082369578652163,1.3627284328948868,1.3627332858215127,2.725350895020613
d:957:0.00027186198797934935,1.3627284538546007,1.3627333067812906,2.725189898647912
d:958:0.00042537536853259894,1.3627284748143147,1.3627332690872933,2.7250363685330754
d:959:9.236536915580018e-05,1.3627284957740358,1.3627332900470748,2.7253694204519547
d:960:0.0003010542822377005,1.3627284464532856,1.3627333110068598,2.7251607031779077
d:961:3.93838034984384e-05,1.3627284674130031,1.3627333319666377,2.7254224155761424
d:962:2.81917505979834e-05,1.3627284180922352,1.3627333529264227,2.72543357926806
d:963:0.0001102994680906022,1.3627284390519527,1.3627333738862077,2.72535151347007
d:964:1.456366386953789e-05,1.36272838973116,1.3627332695859984,2.725447095653289
d:965:0.00010120566828675237,1.3627284106908775,1.3627332905457834,2.725360495568374
d:966:4.0890221926659365e-05,1.3627284316505985,1.3627333115055684,2.7254208529342403
d:967:3.649269041083869e-05,1.362728382329788,1.3627333324653534,2.7254252221047306
d:968:5.4740248424778315e-05,1.362728403289509,1.3627332796119873,2.7254069426530716
d:969:0.00017275852055220753,1.3627283539686736,1.3627333005717759,2.7252888960198973
d:970:2.0594383105532188e-05,1.3627283749283947,1.3627333215315645,2.7254411020768536
d:971:3.5115654885231606e-05,1.3627282897973636,1.362733342491346,2.7254265166338243
d:972:9.479592809569226e-05,1.3627283107570882,1.3627333634511345,2.725366878280127
d:973:2.5567777253598933e-05,1.3627283317168093,1.362733384410923,2.7254361483504788
d:974:7.112577575618673e-05,1.362728352676534,1.3627334053707116,2.7253906322714894
d:975:3.930866279766576e-05,1.362728373636255,1.3627333676767002,2.7254224326501575
d:976:1.759727224737162e-05,1.3627283945959796,1.3627333886364887,2.725444185960221
d:977:2.9393957914791713e-05,1.3627284155557007,1.3627334095962773,2.725432431194063
d:978:9.059822473389545e-05,1.3627283006173876,1.3627334305560694,2.725371132948723
d:979:0.0002010666365883651,1.3627283215771122,1.3627334515158616,2.7252607064563854
d:980:6.130480730348609e-05,1.3627283425368333,1.3627333349509456,2.7254003726804754
d:981:2.0935459964732672e-05,1.3627283634965615,1.3627333559107413,2.725440783947338
d:982:7.198471033476039e-06,1.3627283141757012,1.3627333768705334,2.725454492575201
d:983:1.186594895052906e-05,1.362728264854816,1.3627332636213048,2.7254496625271702
d:984:5.187720852184441e-05,1.3627282858145406,1.3627332845810969,2.7254096931871157
d:985:0.00012364408160259188,1.3627283067742688,1.36273317358431,2.7253378362769762
d:986:8.143797048099088e-05,1.3627283277339899,1.3627330550545231,2.725379944818032
d:987:0.0001093940574783403,1.3627282615221255,1.3627330760143153,2.7253519434789624
d:988:3.692117039832965e-05,1.3627282824818572,1.3627330969741074,2.7254244582855662
d:989:3.471763040785447e-05,1.3627282331609507,1.3627331179338924,2.7254266334644353
d:990:8.832679348280692e-05,1.3627281838400265,1.3627331388936845,2.725372995940228
d:991:2.8969796527889002e-05,1.362728204799751,1.3627331598534802,2.7254323948567034
d:992:4.4603424012024107e-05,1.3627282257594793,1.3627331808132688,2.725416803148736
d:993:4.948049271824573e-05,1.362728246719211,1.362733201773061,2.7254119679995537
d:994:1.6600383640152927e-05,1.3627282676789392,1.3627330894898684,2.7254447567851674
d:995:1.9385569991925422e-05,1.3627282886386638,1.3627331104496605,2.7254420135183324
d:996:2.84053530457129e-05,1.3627281676757654,1.3627331314094526,2.7254328937321723
d:997:0.00013711304019459192,1.3627281886354972,1.3627331523692483,2.725324227964551
d:998:0.000240939793679118,1.3627282095952218,1.3627331733290369,2.7252204431305795
d:999:0.00013774730089366471,1.3627282305549535,1.362733194288836,2.725323677542896
d:1000:0.00023241331662049447,1.3627282515146888,1.3627332152486353,2.7252290534467036
