data: dataset/foma/
d:1:0.052732305748415254,1.229857239096635,1.2298583691807117,2.4069833025289316
d:2:0.03375494014257674,1.2298572532242287,1.2298583833083698,2.4259606963900215
d:3:0.023557021807188328,1.2298572702519268,1.2298583974360213,2.43615864588076
d:4:0.017752719855725463,1.2298572843795208,1.2298584115636664,2.4419629760874617
d:5:0.014522579108200873,1.2298572985071083,1.2298584285914558,2.4451931479903632
d:6:0.01243226051131252,1.2298573155348147,1.229858404645851,2.447283459669353
d:7:0.010804453734070574,1.229857329662403,1.229858421673639,2.4489112976019713
d:8:0.009326488654920695,1.229857220939596,1.2298584358012954,2.4503891680859704
d:9:0.007800490765068613,1.2298571969939172,1.2298584499289453,2.451915156157794
d:10:0.006310556170801451,1.229857211121501,1.2298584669567414,2.453405121907441
d:11:0.004847520585310239,1.2298572252490785,1.229858443011132,2.4548681476749
d:12:0.0034733878692079223,1.2298572013033864,1.2298584190655004,2.456242232499679
d:13:0.0023193779439529827,1.2298572154309613,1.229858433193159,2.4573962706801673
d:14:0.001457489017410829,1.22985722955853,1.229858447320811,2.4582581878619303
d:15:0.0008453172964926203,1.2298572465862716,1.229858464348624,2.458870393638403
d:16:0.0004867307590674663,1.2298572607138405,1.229858478476276,2.459229008431049
d:17:0.00030322886362332824,1.229857274841403,1.229858492603922,2.459412538581702
d:18:0.00021804052524343476,1.2298572889689587,1.2298585096317431,2.4594977580754587
d:19:0.00015613709779627172,1.2298573059967157,1.2298585266595587,2.4595596955584784
d:20:8.243811811947666e-05,1.2298573230244672,1.2298585407872116,2.4596334256935592
d:21:1.6158094066742734e-05,1.2298573371520303,1.229858516841592,2.459699695899556
d:22:3.6312466611843064e-05,1.229857354179783,1.2298585309692427,2.459679572682414
d:23:8.387372025397966e-05,1.2298573683073464,1.2298585450968869,2.4596320396839793
d:24:0.0001161916931331497,1.2298573853351007,1.2298584363741196,2.459599630016087
d:25:0.00011020649297144303,1.2298573994626643,1.2298584505017558,2.4596056434714484
d:26:8.580834499527512e-05,1.229857413590222,1.2298584675295958,2.459630072774823
d:27:5.005031204374788e-05,1.229857427717773,1.2298584845574305,2.4596658619631597
d:28:2.03742676094798e-05,1.229857444745542,1.2298585015852592,2.459695572063192
d:29:5.336213219298003e-06,1.2298574617733053,1.2298585186130826,2.459710644173169
d:30:5.743738377361751e-06,1.2298573530503685,1.2298585356409006,2.4597101449528918
d:31:1.7764863377234263e-05,1.2298573700781252,1.2298585526687131,2.459698157883461
d:32:2.7434516753466198e-05,1.2298573871058758,1.2298585696965196,2.459688522285642
d:33:3.509434798587563e-05,1.2298573631602365,1.2298585838241973,2.459680852636448
d:34:3.4592813137113154e-05,1.2298573772878107,1.2298586008520056,2.4596813853266792
d:35:2.456502408332284e-05,1.2298573943155673,1.2298586178798085,2.4596914471712923
d:36:1.4130683756885531e-05,1.2298574113433183,1.229858632007493,2.4597019126670543
d:37:4.767994502774542e-06,1.22985738739767,1.2298586490352972,2.4597112684384643
d:38:4.694629947898932e-06,1.2298573634520003,1.229858663162982,2.4597113319850346
d:39:9.190623186050573e-06,1.2298573775795898,1.2298586801907876,2.459706867147191
d:40:1.8041521262723847e-05,1.2298573536339026,1.229858694318473,2.459698006431113
d:41:2.6935898386426516e-05,1.229857329688194,1.2298587113462798,2.4596891051360874
d:42:2.534370027706956e-05,1.2298573438157852,1.2298587254739655,2.4596907255894735
d:43:1.734127216135306e-05,1.2298573198700595,1.2298587425017737,2.459698721099672
d:44:8.419582953944627e-06,1.2298573368978396,1.2298587185562153,2.459707635871101
d:45:3.010107011203189e-06,1.2298573539256143,1.229858735584022,2.459713079402625
d:46:1.1850664751733575e-06,1.2298573680532168,1.2298587497117193,2.4597149326984606
d:47:2.7659885866171408e-06,1.2298573850809928,1.2298587257661477,2.459713344858554
d:48:5.728228106960387e-06,1.2298574021087634,1.2298587398938425,2.459710413774499
d:49:8.001958073489135e-06,1.2298574191365286,1.2298587540215307,2.4597081711999857
d:50:8.652202613479432e-06,1.2298573951908063,1.2298587710493565,2.4597075140375493
d:51:7.278533479482263e-06,1.2298574122185701,1.2298587851770453,2.459708918862136
d:52:4.089124829853574e-06,1.2298574292463282,1.2298587612314684,2.4597121013529666
d:53:1.780559294672912e-06,1.229857446274081,1.229858737285871,2.4597144030006572
d:54:1.211301665193787e-06,1.2298574633018282,1.2298587543137065,2.4597150063138695
d:55:8.929042865091219e-07,1.22985748032957,1.2298587684414035,2.4597153558666873
d:56:3.3772491168093666e-06,1.229857497357306,1.2298587825690943,2.4597129026772837
d:57:4.694315044684316e-06,1.2298575114849677,1.2298587995969381,2.459711616766861
d:58:4.3208146958129134e-06,1.229857528512705,1.2298588137246291,2.459712021422638
d:59:3.5127438957616164e-06,1.229857542640367,1.2298588278523137,2.459712857748785
d:60:1.9892382980835066e-06,1.2298575567680223,1.2298588419799916,2.459714409509716
d:61:1.2566187037599263e-06,1.229857573795768,1.229858859007851,2.459715176184915
d:62:3.241889290350741e-07,1.229857587923424,1.2298588350622643,2.4597160987967595
d:63:6.50774967247969e-07,1.2298576020510732,1.229858852090122,2.459715803366228
d:64:1.37829211821483e-06,1.229857619078827,1.2298588281445182,2.459715068931227
d:65:2.2021453771614574e-06,1.2298576332064768,1.2298588041988934,2.4597142352599928
d:66:2.2663189178651066e-06,1.229857524483374,1.2298588183265908,2.459714076491047
d:67:2.0092209651600967e-06,1.229857541511128,1.2298587943809483,2.459714326671111
d:68:8.448325363730191e-07,1.2298575585388756,1.2298588114088198,2.459715525115159
d:69:5.257940727254606e-07,1.229857572666531,1.2298587026858685,2.459715749558327
d:70:3.115600355485526e-07,1.2298575487208578,1.229858593962828,2.45971583112365
d:71:4.40342958984985e-07,1.2298575657486115,1.2298586080905265,2.459715733496179
d:72:8.351498248515554e-07,1.2298575827763596,1.2298586251183963,2.459715372744931
d:73:1.1273547788626104e-06,1.2298575588306735,1.2298586421462607,2.459715073622155
d:74:1.2900952026662083e-06,1.2298575729583439,1.229858656273966,2.459714939137107
d:75:1.3584318354631364e-06,1.2298575899860975,1.2298586704016652,2.4597149019559272
d:76:6.233844369596397e-07,1.2298575660403988,1.2298586874295376,2.4597156300854994
d:77:4.5917130542250106e-07,1.2298575801680733,1.229858701557237,2.459715822554005
d:78:2.8322534673108635e-07,1.2298575942957417,1.2298587156849297,2.459716026755325
d:79:3.0281722107616815e-07,1.2298575703500294,1.2298587298126165,2.459715997345425
d:80:2.589124137308829e-07,1.2298575464042958,1.2298587439402964,2.4597160314321784
d:81:5.740913442409123e-07,1.22985756343207,1.2298587580679703,2.459715747408696
d:82:6.607396403346399e-07,1.229857580459839,1.2298587341223466,2.459715653842545
d:83:8.018829666944782e-07,1.2298575565140923,1.2298587511502521,2.4597155057813778
d:84:7.25231547260563e-07,1.22985757064178,1.22985876527793,2.459715610688163
d:85:5.797512723226816e-07,1.2298575876695546,1.2298587794056017,2.459715787323884
d:86:4.188354272294248e-07,1.2298576046973235,1.2298587964335153,2.4597159822954118
d:87:5.516371865965652e-07,1.229857580751568,1.2298588134614235,2.459715842575805
d:88:6.109485295446859e-07,1.2298575977793353,1.2298588304893259,2.4597158173201317
d:89:6.866689226114886e-07,1.2298576148070979,1.2298588475172232,2.4597157756553987
d:90:1.091032839184436e-06,1.2298576318348544,1.2298588645451145,2.4597154053471297
d:91:7.254909166753976e-07,1.229857645962574,1.2298588786728137,2.459715799144471
d:92:6.40103158477956e-07,1.229857660090287,1.2298588547272065,2.4597158747143353
d:93:7.972939459754969e-07,1.229857677118052,1.2298588307815779,2.459715710605684
d:94:4.605589936090837e-07,1.2298576912457657,1.2298588068359277,2.4597160375227
d:95:3.155828323109233e-07,1.2298577053734727,1.229858782890256,2.4597161726808965
d:96:3.8413154346272904e-07,1.2298577224012455,1.2298587589445629,2.459716097214265
d:97:5.549281025807318e-07,1.2298577365289531,1.229858775972477,2.4597159575733274
d:98:6.004427453021322e-07,1.2298577125832173,1.2298587901001967,2.459715902240669
d:99:1.104957189301814e-06,1.229857729610996,1.229858766154491,2.459715390808298
d:100:6.786257911173266e-07,1.229857746638769,1.2298586574312935,2.4597157254442714
d:101:6.039793007950323e-07,1.2298577636665367,1.2298585487080083,2.4597157083952443
d:102:2.9460528860880686e-07,1.2298577806942985,1.2298585657359247,2.459716051824935
d:103:2.6040551048822635e-07,1.2298577948220308,1.229858579863645,2.459716114280165
d:104:5.285022890433311e-07,1.2298578118497943,1.229858596891563,2.4597158802390684
d:105:2.2805617172494408e-07,1.229857825977527,1.229858611019284,2.4597162089406392
d:106:4.55298382995295e-07,1.2298578401052533,1.2298586280472028,2.459716012854073
d:107:3.078787478294487e-07,1.2298578542329732,1.2298586450751166,2.459716191429342
d:108:2.508322722860612e-07,1.2298578712607517,1.2298586621030243,2.4597162825315038
d:109:4.688731518598388e-07,1.2298578882885243,1.2298586762307597,2.459716095646132
d:110:4.652683154304782e-07,1.2298577795652397,1.2298586903584885,2.4597160046554127
d:111:5.546077099793933e-07,1.229857670841866,1.2298587073864047,2.4597158236205607
d:112:3.9193359624434265e-07,1.2298576468961457,1.229858724414315,2.4597159793768646
d:113:4.28056473378291e-07,1.2298576229504043,1.2298587414422204,2.4597159363361514
d:114:4.3802921245728044e-07,1.2298576399781769,1.22985875847012,2.4597159604190844
d:115:5.617276150893247e-07,1.2298576541059152,1.2298587725978698,2.45971586497617
d:116:4.4332554471893104e-07,1.229857671133689,1.2298587486521915,2.459715976460336
d:117:2.5889176535898173e-07,1.2298576881614576,1.229858765680097,2.4597161949497894
d:118:2.3145904082255697e-07,1.2298576642157113,1.2298587417344016,2.459716174491072
d:119:3.276412110508886e-07,1.2298576402699437,1.2298587558621596,2.4597160684908923
d:120:1.1141329414599e-07,1.2298576572977151,1.2298587319164471,2.4597162778008683
d:121:3.839800708504981e-07,1.2298576714254756,1.2298587460442028,2.4597160334896078
d:122:2.1530816196602132e-07,1.2298576855532297,1.229858722098473,2.459716192343541
d:123:5.120491919363701e-07,1.2298577025810091,1.229858736226226,2.4597159267580433
d:124:5.188161043001571e-07,1.2298577196087832,1.2298587122804787,2.4597159130731576
d:125:4.275117078123003e-07,1.229857695663015,1.22985868833471,2.459715956486017
d:126:8.037896761514673e-07,1.2298577126907877,1.2298587024624652,2.4597156113635767
d:127:2.1891917612038014e-07,1.22985772681856,1.229858678516679,2.459716186416063
d:128:5.305722057258322e-07,1.2298577028727784,1.2298586545708714,2.4597158268714443
d:129:6.806521768432106e-07,1.2298577170005482,1.2298586686986277,2.459715705046999
d:130:5.15674708712055e-07,1.2298576930547493,1.2298586857265914,2.459715863106632
d:131:4.890523430667315e-07,1.2298577100825385,1.2298586617807707,2.459715882810966
d:132:2.555436084961116e-07,1.2298577271103224,1.229858678808733,2.4597161503754466
d:133:2.1485378987051718e-07,1.2298577441381007,1.229858654862895,2.4597161841472057
d:134:6.310565394684886e-07,1.2298577611658739,1.229858671890856,2.4597158020001904
d:135:5.194883505588166e-07,1.229857778193641,1.229858647945001,2.4597159066502914
d:136:8.043822106174048e-07,1.2298577923214427,1.2298586649729608,2.459715652912193
d:137:2.824343443563748e-07,1.229857806449238,1.2298586410270886,2.459716165041982
d:138:7.059760536165527e-07,1.2298578205770263,1.2298586580550468,2.4597157726560193
d:139:2.680582205094595e-07,1.2298578376048086,1.2298586721828473,2.4597162417294354
d:140:4.299285301101463e-07,1.229857813659026,1.229858648236962,2.459716031967458
d:141:3.8621669817828774e-07,1.229857830686807,1.2298586242910552,2.459716068761164
d:142:4.5005621318594535e-07,1.2298578477145825,1.229858600345127,2.4597159980034964
d:143:4.570317666541257e-07,1.229857861842389,1.2298586144729327,2.459716019283555
d:144:2.697188921096938e-07,1.229857878870166,1.2298586286007327,2.4597162377520063
d:145:1.6630485832891395e-07,1.2298578549243786,1.229858604654791,2.4597162932743113
d:146:2.3885971112136417e-07,1.2298578690521897,1.2298586216827814,2.45971625187526
d:147:4.4114064357003713e-07,1.2298578831799944,1.2298586387107662,2.459716080750117
d:148:4.6445315149412636e-07,1.229857897307793,1.2298586147648118,2.4597160476194535
d:149:4.926680894357105e-07,1.229857914335589,1.2298586288926265,2.459716050560126
d:150:6.224789763642491e-07,1.2298579313633795,1.2298586049466549,2.459715913831058
d:151:4.800471224974956e-07,1.2298579483911645,1.2298585810006615,2.4597160493447032
d:152:2.0851065274385405e-07,1.2298579654189439,1.2298585951284782,2.4597163520367693
d:153:3.496016076631747e-07,1.2298579824467182,1.2298585711824674,2.4597162040275777
d:154:3.0563973885122664e-07,1.229857996574544,1.2298585472364356,2.4597162381712407
d:155:3.8236494059873394e-07,1.2298580107023638,1.2298585232903823,2.4597161516278057
d:156:2.794311013687434e-07,1.229858024830177,1.2298585403184006,2.459716285717476
d:157:3.4080397348645874e-07,1.2298580389579834,1.2298585573464131,2.459716255500423
d:158:5.275132060056364e-07,1.2298580559857792,1.2298585714742492,2.459716099946822
d:159:4.110195970241648e-07,1.2298579472622142,1.2298585885022633,2.4597161247448804
d:160:4.1449619070377253e-07,1.2298578385385601,1.2298586026300995,2.459716026672469
d:161:4.370259318875469e-07,1.2298578526663637,1.2298585786840455,2.459715994324477
d:162:3.0381009352709043e-07,1.2298578667941604,1.2298585547379701,2.459716117722037
d:163:4.895748237920827e-07,1.2298578428484046,1.2298585688658077,2.4597159221393885
d:164:2.9695123648920685e-07,1.2298578598762098,1.229858582993639,2.459716145918612
d:165:5.847514827905798e-07,1.2298578769040094,1.2298586000216767,2.459715892174203
d:166:3.11529133156796e-07,1.2298578939318034,1.2298586141495085,2.4597161965521788
d:167:2.6690063581469303e-07,1.2298579080596186,1.2298586282773334,2.459716269436316
d:168:6.873194737799793e-07,1.229857922187427,1.2298586453053795,2.459715880173333
d:169:2.4469387893688577e-07,1.2298579363152293,1.2298586623334198,2.45971635395477
d:170:2.0688109847455394e-07,1.2298579504430251,1.2298586764612522,2.4597164200231787
d:171:2.835551495827815e-07,1.229857967470841,1.229858690589078,2.459716374504769
d:172:5.730384931013077e-07,1.2298579844986515,1.2298587047168976,2.4597161161770558
d:173:3.090519125059643e-07,1.2298579986264544,1.2298587217449528,2.4597164113194947
d:174:4.53913572062703e-07,1.2298580127542507,1.2298586977989012,2.4597162566395796
d:175:3.7267179742173084e-07,1.2298580297820694,1.2298587148269553,2.459716371937227
d:176:2.9143882596116555e-07,1.2298580439098665,1.2298587289547862,2.4597164814258266
d:177:6.880109899576325e-07,1.2298580580376568,1.2298587459828416,2.4597161160095085
d:178:3.430136921167559e-07,1.2298580721654406,1.229858722036781,2.4597164511885294
d:179:3.1671027223012516e-07,1.2298580891932742,1.229858736164616,2.459716508647618
d:180:6.458358359218153e-07,1.2298579804694965,1.229858712218538,2.4597160468521984
d:181:6.613612653083578e-07,1.2298578717456299,1.2298586882724387,2.4597158986568033
d:182:2.700479613260143e-07,1.2298578477999098,1.2298587024002758,2.4597162801522243
d:183:4.854557755784583e-07,1.229857864827739,1.229858716528106,2.4597160959000695
d:184:4.016520667171619e-07,1.2298578408820016,1.2298586925819932,2.4597161318119283
d:185:4.6694150945825186e-07,1.2298578579098294,1.2298587096100806,2.4597161005784005
d:186:3.513009643185683e-07,1.2298578339640749,1.2298587266381624,2.459716209301273
d:187:3.688051513073276e-07,1.2298578509919014,1.2298587026920367,2.4597161848787867
d:188:8.410045078122153e-07,1.2298578270461298,1.2298586787458898,2.459715664787512
d:189:1.2558951461016932e-06,1.2298578411739471,1.2298586547997212,2.4597152400785225
d:190:9.66887374609371e-07,1.229857855301758,1.2298586689275748,2.4597155573419585
d:191:4.895365615098513e-07,1.2298578694295625,1.229858644981389,2.45971602487439
d:192:5.372074745046973e-07,1.2298578835573608,1.2298586210351818,2.459715967385068
d:193:2.4754342131672047e-07,1.2298578596115837,1.229858638063286,2.4597162501314482
d:194:2.8695309772786004e-07,1.2298578737393795,1.2298586141170618,2.4597162009033435
d:195:2.176700557576794e-07,1.2298578907672433,1.2298586282449278,2.4597163013421155
d:196:2.2466452120895042e-07,1.2298579048950393,1.2298586423727877,2.4597163226033056
d:197:5.161363945127562e-07,1.2298579219229042,1.2298586594009042,2.459716065187414
d:198:4.779019531220285e-07,1.229857938950764,1.2298586735287644,2.4597161345775755
d:199:1.0483251502435564e-06,1.2298579559786178,1.2298586876566182,2.4597155953100858
d:200:7.115010478564443e-07,1.2298579730064663,1.2298587046847431,2.4597159661901613
d:201:5.073079898387789e-07,1.2298579871342832,1.2298586807385221,2.4597161605648155
d:202:8.144793706144071e-07,1.229858004162133,1.229858572014881,2.4597157616976433
d:203:2.7330747665033073e-07,1.2298580182899503,1.2298585890430034,2.4597163340254773
d:204:3.8098840438038906e-07,1.2298580324177613,1.2298586031708663,2.459716254600223
d:205:5.60750152089895e-07,1.2298580494456195,1.2298586201989896,2.4597161088944572
d:206:2.795581148795634e-07,1.2298580635734306,1.2298586372271074,2.459716421242423
d:207:4.353726321681961e-07,1.2298580806012898,1.2298586513549778,2.459716296583635
d:208:5.407010932323431e-07,1.2298580947291016,1.229858668383097,2.4597162224111053
d:209:9.496792512386776e-07,1.2298581117569622,1.2298586825109676,2.4597158445886786
d:210:6.406891368548884e-07,1.2298581258847743,1.2298586995390879,2.459716184734725
d:211:3.885262875868989e-07,1.2298580171607567,1.2298587165672032,2.4597163452016724
d:212:1.7062426271863274e-07,1.2298580312885603,1.229858730695081,2.4597165913593786
d:213:2.74758394702701e-07,1.2298580483164274,1.2298587477231975,2.45971652128123
d:214:2.0268243972054734e-07,1.2298580653442894,1.2298587618510757,2.459716624512925
d:215:2.485053545164817e-07,1.2298580823721452,1.2298587759789477,2.459716609845738
d:216:3.941434165710689e-07,1.2298580964999632,1.229858790106813,2.4597164924633597
d:217:3.4789415703784243e-07,1.2298581135278208,1.2298588071349446,2.4597165727686083
d:218:6.714176521427362e-07,1.229858127655639,1.22985882416307,2.459716280401057
d:219:1.226506416429629e-07,1.229858144683498,1.2298588411911904,2.4597168632240467
d:220:3.935309118574537e-07,1.2298581588113167,1.2298588553190697,2.4597166205994743
d:221:4.30300628906366e-07,1.2298581758391767,1.2298588723471915,2.4597166178857393
d:222:4.567835376612095e-07,1.2298581899669958,1.229858848401023,2.4597165815844813
d:223:5.812118888393059e-07,1.2298582069948574,1.229858862528907,2.4597164883118756
d:224:2.0395688249408295e-07,1.2298580982707308,1.2298588385827216,2.45971673289657
d:225:1.937222720016507e-07,1.2298581123985484,1.2298588527106031,2.4597167713868795
d:226:3.3688354861283187e-07,1.2298580884528654,1.2298588287644001,2.459716580333717
d:227:5.555355446773547e-07,1.2298581025806807,1.2298588457925426,2.4597163928376786
d:228:3.063469247166495e-07,1.2298581167084892,1.2298588599204285,2.459716670281993
d:229:3.245626825076897e-07,1.2298581308362917,1.229858874048308,2.4597166803219173
d:230:2.4283109034684003e-07,1.2298581478641777,1.229858888176181,2.4597167932092683
d:231:1.717887272434382e-07,1.2298581648920583,1.2298589023040478,2.4597168954073787
d:232:4.4643231911223324e-07,1.2298581790198677,1.229858793580261,2.4597165261678096
d:233:3.4535411019831486e-07,1.2298581960477493,1.2298586848563857,2.4597165355500246
d:234:3.391647886985538e-07,1.2298582130756257,1.2298585761324217,2.459716450043259
d:235:2.8435639221058295e-07,1.2298582301034966,1.2298585902602763,2.4597165360073805
d:236:3.5611621118647463e-07,1.2298582471313617,1.2298586072884425,2.4597164983035933
d:237:8.10957982100291e-07,1.2298582612591922,1.229858621416298,2.459716071717508
d:238:5.325385541432581e-07,1.2298582782870588,1.2298586384444654,2.45971638419297
d:239:2.464569170967934e-07,1.2298582953149197,1.2298586554726278,2.4597167043306305
d:240:8.593045364158058e-07,1.2298583094427575,1.2298586725007843,2.4597161226390054
d:241:4.055185613971446e-07,1.2298582007185128,1.2298586866286536,2.4597164818286053
d:242:8.884787052743093e-07,1.2298582148463422,1.2298587036568114,2.4597160300244485
d:243:1.0014691302906442e-06,1.2298581061220069,1.2298587177846811,2.4597158224375577
d:244:3.7895832472045754e-07,1.2298579973975827,1.2298587348128405,2.4597163532520985
d:245:1.1519720986008508e-06,1.229858011525402,1.2298587489407105,2.459715608494014
d:246:7.776899608735732e-07,1.2298579875797508,1.2298587630685738,2.4597159729583637
d:247:5.86300673788287e-07,1.2298580046076262,1.229858654344501,2.459716072651453
d:248:6.238465486418932e-07,1.2298580216354962,1.229858545620339,2.459715943409287
d:249:4.180587316326978e-07,1.2298580386633606,1.2298585597481926,2.459716180352822
d:250:4.6248896889977686e-07,1.2298580147177007,1.2298585767763637,2.4597161290050957
d:251:5.79769764641469e-07,1.229857990772019,1.2298585909042177,2.459716001906472
d:252:3.115345763582411e-07,1.2298580048998646,1.2298586079323899,2.459716301297678
d:253:2.855751253250105e-07,1.2298579809541657,1.2298586220602443,2.459716317439285
d:254:4.979308281249928e-07,1.2298579979820443,1.2298586390884185,2.4597161391396347
d:255:4.4505980456577277e-07,1.229857974036328,1.2298586561165865,2.45971618509311
d:256:2.70912758892905e-07,1.2298579910642053,1.2298586731447494,2.459716393296196
d:257:1.2678109464481224e-06,1.2298580051920662,1.2298586901729065,2.4597154275540265
d:258:3.6843856232593453e-07,1.2298580193199207,1.2298587072010585,2.459716358082417
d:259:6.035208057753039e-07,1.2298580363478062,1.2298587242292045,2.4597161570562047
d:260:3.8240629240959834e-07,1.2298580533756858,1.2298587412573452,2.4597164122267383
d:261:3.7077483261427346e-07,1.2298580704035604,1.2298587553852407,2.4597164550139685
d:262:3.386319660236836e-07,1.2298580874314289,1.229858772413383,2.4597165212128456
d:263:3.406736905908758e-07,1.2298581044592927,1.2298587894415194,2.4597165532271217
d:264:2.5486209453973174e-07,1.2298580805135884,1.2298588035694225,2.459716629220916
d:265:3.16223699670104e-07,1.2298580975414506,1.22985882059756,2.4597166019153107
d:266:3.593737081253323e-07,1.2298580735957294,1.2298587966514547,2.4597165108734758
d:267:3.622614945797409e-07,1.2298580877236263,1.2298588136795912,2.4597165391417226
d:268:4.2683084622296974e-07,1.229858101851517,1.2298587897334687,2.4597164647541394
d:269:4.385042755572499e-07,1.229858115979401,1.2298587657873248,2.45971644326245
d:270:4.5723746922021746e-07,1.2298581330072824,1.2298587828154643,2.4597164585852775
d:271:3.6355048971259407e-07,1.229858147135167,1.2298587969433934,2.4597165805280707
d:272:2.0478492013253913e-07,1.229858161263045,1.2298588139715343,2.4597167704496594
d:273:2.9478672880500767e-07,1.2298581753909166,1.2298588280994638,2.4597167087036516
d:274:3.634282168540892e-07,1.229858189518782,1.229858804153315,2.45971663024388
d:275:3.5187185076779315e-07,1.2298582065466848,1.2298587802071446,2.4597166348819783
d:276:5.789383328291819e-07,1.2298582206745505,1.2298587562609529,2.4597163979971706
d:277:6.917887040991388e-07,1.2298582377024552,1.2298587323147399,2.4597162782284907
d:278:5.987664275508564e-07,1.229858254730354,1.229858749342899,2.4597164053068257
d:279:6.199620581348597e-07,1.2298582717582474,1.2298587253966686,2.459716377192858
d:280:5.338489006412317e-07,1.2298582887861353,1.2298587424248266,2.4597164973620615
d:281:8.170554379738348e-07,1.2298583029140218,1.2298587565527832,2.459716242411367
d:282:4.068239185528455e-07,1.229858319941911,1.22985873260654,2.4597166457245327
d:283:1.9621166380545674e-07,1.2298583369697946,1.2298587086602752,2.459716849418406
d:284:3.105998747088279e-07,1.2298583510976884,1.2298586847139892,2.459716725211803
d:285:5.076256028857529e-07,1.2298583681255735,1.2298586988419515,2.4597165593419223
d:286:4.7526613222714786e-07,1.2298583822534677,1.229858712969908,2.459716619957243
d:287:5.244507463864068e-07,1.2298583963813552,1.229858729998093,2.459716601928702
d:288:2.798061058406631e-07,1.2298584105092365,1.2298587060517978,2.4597168367549282
d:289:2.8939257479265734e-07,1.2298584275371365,1.229858682105481,2.459716820250043
d:290:6.248078459059059e-07,1.2298583188125294,1.2298586991336695,2.4597163931383528
d:291:3.1575614034551336e-07,1.229858294866877,1.2298587161618524,2.459716695272589
d:292:3.160517647593508e-07,1.2298583089947608,1.229858692215523,2.459716685158519
d:293:2.408755208627156e-07,1.229858326022665,1.2298587092437043,2.4597167943908484
d:294:3.594704227616319e-07,1.229858340150549,1.2298587233716936,2.4597167040518197
d:295:1.5283893395334758e-07,1.2298583542784267,1.2298587403998764,2.459716941839369
d:296:4.665284394356206e-07,1.229858368406298,1.229858754527866,2.4597166564057247
d:297:4.227902494768898e-07,1.229858382534163,1.2298587715560503,2.4597167312999635
d:298:3.8499290999638447e-07,1.2298583995620889,1.22985874760972,2.459716762178899
d:299:4.424232122879346e-07,1.2298584165900093,1.2298587236633685,2.4597166978301654
d:300:2.3105985480498248e-07,1.2298584336179241,1.2298586997169951,2.4597169022750647
d:301:3.7524505014374654e-07,1.2298584477458028,1.2298586757706007,2.4597167482713536
d:302:3.5281784116492076e-07,1.2298584647737192,1.2298586927987964,2.4597168047546742
d:303:2.941306997961135e-07,1.2298584818016298,1.2298587098269866,2.4597168974979167
d:304:2.8743413560405884e-07,1.2298584959295158,1.2298587239550065,2.459716932450387
d:305:8.422475152869424e-07,1.2298585129574278,1.2298587380830197,2.459716408792932
d:306:9.335999449078258e-07,1.2298585299853344,1.22985871413662,2.4597163105220092
d:307:2.3914719893269876e-07,1.2298585470132353,1.2298587282646312,2.4597170361306677
d:308:6.25684021038353e-07,1.2298585640411308,1.2298587423926353,2.459716680749745
d:309:3.730435889082173e-07,1.229858455316402,1.2298587565206334,2.4597168387934465
d:310:2.974247061970914e-07,1.2298584694443075,1.2298587325742245,2.459716904593826
d:311:3.93004269572117e-07,1.2298584864722024,1.229858749602452,2.459716843070385
d:312:2.4081345229021167e-07,1.2298585006001082,1.2298587666306737,2.4597170264173296
d:313:4.1257290073204445e-07,1.2298585176280046,1.2298587426842522,2.459716847739356
d:314:3.076398029655536e-07,1.2298585346558957,1.229858718737809,2.4597169457539017
d:315:3.155176306890439e-07,1.2298585487838085,1.2298586947913446,2.4597169280575226
d:316:4.822207970711645e-07,1.229858562911715,1.2298585860669198,2.4597166667578376
d:317:3.91018172507529e-07,1.2298585799396138,1.2298584773424064,2.459716666263848
d:318:6.935394254448113e-07,1.2298585940675208,1.229858368617804,2.459716269145899
d:319:4.004645508537408e-07,1.2298586081954213,1.2298583856460283,2.4597165933768985
d:320:3.847298999382076e-07,1.2298586252233286,1.229858402674247,2.4597166431676754
d:321:1.8045654881504447e-07,1.2298586422512305,1.2298584197024602,2.4597168814971417
d:322:5.086049177371876e-07,1.2298586563791378,1.2298584338304968,2.459716581604717
d:323:4.775748023710946e-07,1.229858673407041,1.2298584479585268,2.4597166437907654
d:324:2.931956388785295e-07,1.2298586875349489,1.2298584620865503,2.4597168564258602
d:325:6.136996928418625e-07,1.2298587016628506,1.2298584762145675,2.459716564177725
d:326:6.914849572936532e-07,1.2298587186907617,1.2298584932428023,2.4597165204486067
d:327:5.982508373136852e-07,1.2298586099659157,1.22985850737082,2.459716519085898
d:328:2.688920801574568e-07,1.229858586020374,1.229858524399056,2.45971684152735
d:329:2.3102744117764473e-07,1.2298586030482823,1.2298585414272873,2.4597169134481285
d:330:2.3487135836219863e-07,1.2298585791027232,1.2298585584555126,2.4597169026868775
d:331:3.7493863169757446e-07,1.2298585932306383,1.229858572583544,2.4597167908755506
d:332:3.0020094854421586e-07,1.2298586102585525,1.2298585896117706,2.459716899669375
d:333:5.181472100268536e-07,1.2298586243864675,1.2298586066399917,2.459716712879249
d:334:2.608522899905097e-07,1.2298586004408998,1.2298584979152762,2.459716837503886
d:335:3.335564193740481e-07,1.2298585764953103,1.229858389190471,2.459716632129362
d:336:2.3546840033361605e-07,1.2298585906232273,1.2298582804655778,2.4597166356204045
d:337:8.478781934329049e-07,1.229858604751138,1.2298582945936112,2.4597160514665557
d:338:3.1098342789803723e-07,1.229858618879042,1.229858311621829,2.459716619517443
d:339:3.7319397927504383e-07,1.2298586359069863,1.2298583286500413,2.459716591363048
d:340:2.571240482751591e-07,1.2298586500348907,1.2298583456782477,2.45971673858909
d:341:2.120474400513217e-07,1.2298586641627887,1.2298583598062953,2.459716811921644
d:342:4.798675221628912e-07,1.2298586811907413,1.2298583739343365,2.4597165752575556
d:343:3.2479582756650416e-07,1.229858698218688,1.2298583909625511,2.4597167643854116
d:344:3.321730277505708e-07,1.2298587123465934,1.2298584079907606,2.459716788164326
d:345:2.7596605756130543e-07,1.229858726474492,1.2298584250189641,2.459716875527399
d:346:5.487221339528503e-07,1.2298587406023844,1.2298584391470195,2.4597166310272702
d:347:7.93612381144726e-07,1.2298587547302704,1.2298584561752248,2.459716417293114
d:348:3.5512518703484375e-07,1.2298587717582392,1.2298584732034243,2.4597168898364767
d:349:5.592532716924836e-07,1.2298587858861254,1.229858490231618,2.4597167168644716
d:350:5.383161187921814e-07,1.2298588029140956,1.229858507259807,2.4597167718577837
d:351:4.3378272929217587e-07,1.229858817041982,1.22985852428799,2.4597169075472425
d:352:3.3030510016018866e-07,1.2298588311698622,1.2298585413161676,2.45971704218093
d:353:5.064467978321829e-07,1.2298588452977361,1.2298585554442572,2.4597168942951955
d:354:5.837300269817547e-07,1.229858859425603,1.2298585695723405,2.4597168452679163
d:355:4.962681954268078e-07,1.2298588764535952,1.2298584608473284,2.459716841032728
d:356:5.103606381950954e-07,1.2298588934815817,1.2298584749754038,2.459716858096347
d:357:3.915036494994695e-07,1.2298589076094562,1.229858366250301,2.459716882356108
d:358:4.326360194539802e-07,1.2298589217373241,1.2298582575251098,2.4597167466264143
d:359:6.513060712975971e-07,1.2298588130123254,1.229858271653175,2.459716433359429
d:360:4.2981000314412654e-07,1.2298587890668045,1.2298582857812335,2.4597166450380348
d:361:3.194153683772072e-07,1.2298588060948017,1.2298582999092855,2.459716786588719
d:362:3.636532404094339e-07,1.2298588202226723,1.229858316937494,2.459716773506926
d:363:3.177621188399371e-07,1.229858837250671,1.2298583310655462,2.4597168505540985
d:364:4.863134952515225e-07,1.2298588542786641,1.2298583451935923,2.459716713158761
d:365:2.5184592722382604e-07,1.229858868406542,1.2298583622218089,2.4597169787824233
d:366:5.380108669683636e-07,1.2298588444610201,1.22985837925002,2.4597166857001733
d:367:3.72062751274882e-07,1.2298588585888954,1.2298583933780731,2.4597168799042173
d:368:5.874916872983249e-07,1.2298588727167645,1.2298584104062855,2.4597166956313625
d:369:2.1930058036190303e-07,1.229858889744777,1.2298584245343394,2.459717094978536
d:370:4.509562776533471e-07,1.229858865799246,1.2298584386623863,2.4597168535053546
d:371:3.901513276893809e-07,1.2298588799271195,1.229858455690607,2.4597169454663987
d:372:5.170206613946959e-07,1.2298588559815713,1.2298584727188215,2.459716811679731
d:373:5.433258158937804e-07,1.2298588730095938,1.2298584897470313,2.459716819430809
d:374:2.3113240432692805e-07,1.229858849064028,1.2298585038750922,2.4597171218067158
d:375:7.409284950021799e-07,1.2298588251184417,1.2298584799287744,2.4597165641187213
d:376:4.327336764475831e-07,1.2298588392463272,1.2298584940568331,2.459716900569484
d:377:4.4677311983321033e-07,1.2298588562743595,1.2298584701104978,2.4597168796117375
d:378:3.5394507591490765e-07,1.2298588733023856,1.2298584842385538,2.4597170035958635
d:379:5.109740466302526e-07,1.2298588874302787,1.2298585012667869,2.459716877723019
d:380:4.6641922368806377e-07,1.2298589015581654,1.2298584773204382,2.45971691245938
d:381:3.174558789176274e-07,1.2298589185862001,1.229858491448499,2.45971709257882
d:382:1.8164739001846897e-07,1.2298588946406168,1.229858467502133,2.45971718049536
d:383:2.314159406324734e-07,1.2298589116686502,1.2298584435557458,2.4597171238084554
d:384:4.159118005553353e-07,1.229858925796548,1.2298584196093365,2.459716929494084
d:385:5.30094720119223e-07,1.2298589428245825,1.2298584337374032,2.4597168464672654
d:386:3.507536696645275e-07,1.2298589569524807,1.2298584097909768,2.4597170159897876
d:387:2.5704231587653226e-07,1.2298589330068928,1.229858426819239,2.459717102783816
d:388:3.2098350599696346e-07,1.2298589471347885,1.2298584028727957,2.459717029024078
d:389:2.5028860006770515e-07,1.229858961262678,1.2298584170008708,2.459717127974949
d:390:2.689994045290689e-07,1.2298589782907319,1.2298583082755161,2.4597170175668435
d:391:3.2443892195033186e-07,1.2298589543451344,1.2298583224035828,2.4597169523097953
d:392:3.2002031602473835e-07,1.2298589303995158,1.229858336531643,2.4597169469108424
d:393:4.206093424663493e-07,1.2298589445274137,1.229858353559923,2.459716877477994
d:394:3.8498964949340575e-07,1.2298589615554774,1.2298583676879835,2.4597169442538114
d:395:2.3436912721663816e-07,1.2298589376098454,1.2298583818160376,2.459717085056756
d:396:2.650055845876409e-07,1.229858954637908,1.2298583988443257,2.459717088476649
d:397:8.519227701064835e-07,1.2298589687658168,1.2298584129723804,2.459716529815427
d:398:2.8218522984957417e-07,1.2298589857938806,1.2298584271004287,2.4597171307090795
d:399:4.3838569929732785e-07,1.2298589999217902,1.2298584441287246,2.4597170056648157
d:400:4.906026882522951e-07,1.2298590169498553,1.2298584201822964,2.4597169465294635
d:401:2.6711256184697163e-07,1.2298590310777653,1.2298583114568333,2.4597170754220365
d:402:3.606870575545429e-07,1.2298590481058316,1.229858325584884,2.459717013003658
d:403:4.417773133980063e-07,1.2298590651338923,1.2298583426131842,2.459716965969763
d:404:3.9232716853021543e-07,1.2298590792618094,1.2298583567412356,2.459717043675876
d:405:6.336973639164967e-07,1.2298590933897202,1.2298583737695368,2.459716833461893
d:406:4.3018470385902674e-07,1.2298591104177892,1.2298583878975884,2.459717068130674
d:407:3.112275028804845e-07,1.2298591274458528,1.2298584020256333,2.4597172182439833
d:408:6.525698799109136e-07,1.2298591444739106,1.2298584190539432,2.459716910957974
d:409:8.411150380638333e-07,1.229859161501963,1.2298584331819884,2.4597167535689133
d:410:3.715755974020851e-07,1.22985917853001,1.2298584473100276,2.45971725426444
d:411:3.191716477779494e-07,1.2298591926579483,1.2298584643383452,2.4597173378246455
d:412:5.177280981705223e-07,1.2298592067858805,1.2298584784663846,2.459717167524167
d:413:4.928190526776177e-07,1.2298592238139356,1.2298584954947038,2.459717226489587
d:414:5.607320026079776e-07,1.229859240841985,1.2298585096227437,2.4597171897327264
d:415:2.7125524848514715e-07,1.2298591321167756,1.2298585237507769,2.459717384612304
d:416:5.220945773487529e-07,1.2298591081711967,1.2298585407791043,2.4597171268557236
d:417:4.408102864950081e-07,1.229859084225597,1.2298585549071377,2.459717198322448
d:418:3.4454254960181174e-07,1.2298590983535422,1.2298585719354664,2.459717325746459
d:419:2.973816410900554e-07,1.2298591153816,1.2298585889637896,2.4597174069637484
d:420:3.773185746069885e-07,1.229859129509546,1.2298586059921073,2.4597173581830787
d:421:2.8527811313239226e-07,1.229859146537605,1.2298585820457317,2.4597174433052236
d:422:3.4903176215905773e-07,1.229859122592,1.2298585580993349,2.4597173316595726
d:423:2.4472250270690665e-07,1.229859139620058,1.2298585341529162,2.4597174290504715
d:424:6.376022683163285e-07,1.229859153748015,1.2298585102064765,2.4597170263522234
d:425:1.7238024874188795e-07,1.2298591678759658,1.2298585272348055,2.4597175227305224
d:426:7.776405843706868e-07,1.229859184904032,1.2298585442631291,2.4597169515265764
d:427:5.373413558551476e-07,1.2298591609584222,1.2298585583912067,2.4597171820082733
d:428:5.885381524350919e-07,1.229859137012791,1.2298585754195315,2.45971712389417
d:429:6.808699151150677e-07,1.2298591540408597,1.229858551473087,2.4597170246440316
d:430:3.181127805618189e-07,1.2298591681688258,1.229858565601169,2.459717415657214
d:431:3.0619615509763776e-07,1.2298591442231812,1.2298585826294994,2.4597174206565255
d:432:1.752904057461535e-07,1.229859158351145,1.2298585967575817,2.459717579818321
d:433:2.93182117250268e-07,1.229859134405483,1.2298586108856577,2.4597174521090235
d:434:3.5675307286098246e-07,1.2298591485334442,1.2298585869392078,2.459717378719579
d:435:3.066296758724718e-07,1.2298591245877653,1.229858562992737,2.4597173809508264
d:436:5.419658495320334e-07,1.2298591387157238,1.229858580021084,2.4597171767709582
d:437:4.437412752800185e-07,1.2298591147700275,1.2298584712954546,2.4597171423242066
d:438:4.726568265667197e-07,1.2298590908243097,1.2298584854235368,2.4597171035910197
d:439:6.196954194237492e-07,1.2298591078524215,1.2298585024518838,2.459716990608886
d:440:2.4831718503648403e-07,1.2298590839066865,1.2298585165799667,2.459717352169468
d:441:4.6969243205907674e-07,1.2298591009347972,1.229858533608315,2.45971716485068
d:442:6.278497228784374e-07,1.2298591179629024,1.2298585506366575,2.459717040749837
d:443:6.087958572820185e-07,1.2298591320908872,1.2298585647647478,2.4597170880597776
d:444:4.40163719250819e-07,1.2298591462188657,1.2298585817930916,2.459717287848238
d:445:3.8438371641191793e-07,1.2298591222731257,1.229858595921182,2.4597173338105915
d:446:2.9690904579382504e-07,1.2298591393012432,1.2298586129495273,2.4597174553417247
d:447:2.7954044012901136e-07,1.2298591563293553,1.2298586299778673,2.4597175067667822
d:448:4.924703858044666e-07,1.2298591733574618,1.229858644105965,2.459717324993041
d:449:2.438086972311737e-07,1.2298591903855627,1.229858661134306,2.4597176077111715
d:450:6.205176061868656e-07,1.2298592074136583,1.2298586781626417,2.4597172650586936
d:451:4.525500201246757e-07,1.2298592215416684,1.2298586922907466,2.459717461282395
d:452:5.34103687943599e-07,1.229859197595932,1.2298587093190834,2.4597173728113275
d:453:5.589164424613102e-07,1.2298592117239404,1.229858726347415,2.4597173791549127
d:454:8.587734825482585e-07,1.2298592258519414,1.2298587404755275,2.4597171075539865
d:455:6.106738359434871e-07,1.2298592399799362,1.22985875750386,2.4597173868099604
d:456:6.107886982853472e-07,1.229859257008058,1.2298586487781116,2.4597172949974713
d:457:5.470121098305469e-07,1.2298592330623168,1.2298586629062223,2.459717348956429
d:458:5.808717884470127e-07,1.229859247190316,1.2298585541803837,2.4597172204989115
d:459:2.876503577553535e-07,1.229859264218443,1.229858445454456,2.4597174220225413
d:460:2.8099090609856603e-07,1.2298592783464428,1.2298583367284397,2.4597173340839764
d:461:1.991112892341107e-07,1.2298592953745713,1.2298583508565386,2.4597174471198207
d:462:5.940752836330887e-07,1.2298593124026944,1.2298582421304318,2.459716960457843
d:463:4.405399032236801e-07,1.2298593294308118,1.229858133404236,2.4597170222951448
d:464:5.457279499410106e-07,1.2298593464589236,1.229858024677952,2.4597168254089254
d:465:3.9182292077555303e-07,1.2298593225131902,1.2298580417062814,2.459716972396551
d:466:2.973381585391621e-07,1.2298593395413009,1.229858058734606,2.4597171009377483
d:467:5.755422174402725e-07,1.2298593155955502,1.2298580728627064,2.459716812916039
d:468:4.808381710574849e-07,1.2298592916497784,1.2298580869908013,2.4597168978024087
d:469:4.078885220692996e-07,1.229859308677892,1.2298581040191336,2.4597170048085033
d:470:4.3873830790630564e-07,1.2298592847321026,1.2298581210474606,2.4597169670412553
d:471:6.536410275259641e-07,1.2298592988601533,1.2298581351755624,2.459716780394688
d:472:7.686931722261647e-07,1.2298593158882722,1.2298581112291507,2.4597166584242505
d:473:6.476168668001492e-07,1.229859330016323,1.2298580872827176,2.459716769682174
d:474:1.1064674216854087e-06,1.2298593060705247,1.2298581043110546,2.4597163039141576
d:475:8.340516575167101e-07,1.2298593201985732,1.2298581184391646,2.4597166045860805
d:476:6.37193279917625e-07,1.2298593372267048,1.2298580944927187,2.4597167945261433
d:477:4.16585835605332e-07,1.2298593513547535,1.2298580705462512,2.459717005315169
d:478:4.171845402467511e-07,1.2298593274089462,1.229858084674363,2.459716994898769
d:479:4.937915618619115e-07,1.2298593444370833,1.2298580607278784,2.4597169113733997
d:480:3.695179024987283e-07,1.229859361465215,1.2298580367813718,2.4597170287286843
d:481:3.350442301375267e-07,1.229859378493341,1.2298580509094854,2.4597170943585964
d:482:4.0614430618646225e-07,1.2298593955214614,1.2298580650375923,2.4597170544147473
d:483:4.6466227709984764e-07,1.2298594096495352,1.2298580410910729,2.459716986078331
d:484:6.731790649361358e-07,1.229859426677657,1.2298580552191771,2.459716808717769
d:485:2.4393809683331824e-07,1.229859440805731,1.2298580312726404,2.4597172281402746
d:486:2.0926375432495092e-07,1.229859457833854,1.229858048301031,2.4597172968711307
d:487:1.8939292711905864e-07,1.2298594748619718,1.2298580653294164,2.459717350798461
d:488:2.277510340320532e-07,1.229859491890084,1.2298580794575322,2.4597173435965822
d:489:2.9208872875940983e-07,1.2298595089181905,1.229858096485919,2.4597173133153807
d:490:1.2732615495281152e-07,1.2298595259462917,1.229858072539377,2.4597174711595136
d:491:2.28610361308057e-07,1.2298595400743935,1.2298580485928143,2.4597173600568465
d:492:1.653214103392031e-07,1.229859554202489,1.2298579398663683,2.459717328747447
d:493:3.7494495730427957e-07,1.2298595712305982,1.2298578311398338,2.4597170274254747
d:494:1.704935281843234e-07,1.229859585358694,1.2298577224132103,2.459717137278376
d:495:1.8007821900312138e-07,1.2298596023868045,1.2298577365413292,2.459717158849915
d:496:1.8293192960427973e-07,1.2298596165149007,1.2298576278146152,2.4597170613975865
d:497:6.134779861888262e-07,1.2298596306429903,1.2298576448430054,2.4597166620080095
d:498:1.7363809456938384e-07,1.2298595219175006,1.2298576589711228,2.459717007250529
d:499:2.875272917535199e-07,1.2298594979717468,1.2298576730992337,2.4597168835436887
d:500:4.2254626553273056e-07,1.229859474025971,1.2298576872273381,2.4597167387070433
d:501:2.6402209130083065e-07,1.229859450080174,1.2298577042557435,2.4597168903138265
d:502:2.962394480832131e-07,1.2298594642082676,1.229857721284143,2.4597168892529626
d:503:3.19956767302898e-07,1.2298594783363548,1.2298577354122546,2.459716893791842
d:504:5.323150085168038e-07,1.2298594543905446,1.22985774954036,2.459716671615896
d:505:4.642206543614691e-07,1.2298594304447128,1.2298577665687676,2.459716732792826
d:506:4.7182805618106727e-07,1.2298594474728648,1.2298577835971698,2.4597167592419784
d:507:2.1842996167364959e-07,1.2298594645010112,1.2298578006255665,2.4597170466966163
d:508:3.4505010315655227e-07,1.2298594786291137,1.2298577766790142,2.4597169102580247
d:509:4.787770127023805e-07,1.22985949275721,1.2298577527324404,2.4597167667126376
d:510:6.217515808870644e-07,1.2298595068852993,1.229857766860568,2.4597166519942864
d:511:2.5780787549223305e-07,1.2298594829394667,1.2298577429139768,2.459716968045568
d:512:1.9471223522415926e-07,1.2298594999676324,1.2298577599423874,2.459717065197785
d:513:4.7570481154224353e-07,1.2298595169957927,1.2298577769707926,2.4597168182617737
d:514:3.3610435945519157e-07,1.2298594930499473,1.2298577910989312,2.459716948044519
d:515:7.982387479898989e-07,1.2298595100781062,1.2298577671523312,2.459716478991689
d:516:4.689746120334348e-07,1.2298594861322438,1.229857784180742,2.4597168013383737
d:517:4.7665344382608055e-07,1.2298595002603592,1.2298578012091474,2.459716824816063
d:518:2.816866331301071e-07,1.2298594763144794,1.2298578153372972,2.4597170099651438
d:519:2.8034718901892575e-07,1.2298594904425924,1.229857791390688,2.4597170014860916
d:520:3.4528309678094615e-07,1.2298594664966949,1.229857808419099,2.459716929632697
d:521:4.278058232110027e-07,1.229859480624806,1.2298577844724727,2.4597168372914555
d:522:3.5035856615905914e-07,1.2298594947529102,1.2298577605258254,2.4597169049201693
d:523:2.944965222795304e-07,1.2298594708069994,1.2298576517989601,2.4597168281094373
d:524:4.055672633285212e-07,1.2298594849351014,1.2298575430720065,2.459716622439845
d:525:3.3497786722236356e-07,1.229859501963306,1.2298574343449638,2.4597166013304026
d:526:3.928781056039554e-07,1.2298595160914085,1.2298573256178325,2.4597164488311356
d:527:6.537948338269928e-07,1.2298595331196143,1.2298573397459878,2.4597162190707684
d:528:4.4393580944657174e-07,1.2298595472477167,1.2298573538741364,2.4597164571860435
d:529:3.9492706394028687e-07,1.2298595613758132,1.2298573680022789,2.459716534451028
d:530:2.8279759112237457e-07,1.2298595374299057,1.2298573821304146,2.4597166367627294
d:531:5.270860063966154e-07,1.2298595134839767,1.2298573962585442,2.4597163826565143
d:532:7.671124850894273e-07,1.2298595305121993,1.2298574103866673,2.4597161737863815
d:533:5.12976951583255e-07,1.2298595475404162,1.2298573016594363,2.459716336222901
d:534:4.068211238994479e-07,1.229859561668528,1.2298571929321165,2.4597163477795205
d:535:4.3027689455854556e-07,1.229859575796633,1.229857209960562,2.4597163554803005
d:536:3.5326965930337906e-07,1.2298595899247315,1.2298572240886816,2.459716460743754
d:537:4.0983318028153803e-07,1.2298596069529637,1.2298572411171285,2.459716438236912
d:538:3.677630084908401e-07,1.2298596210810626,1.2298572552452485,2.459716508563303
d:539:3.145053653064167e-07,1.2298596352091553,1.2298572722736965,2.4597165929774865
d:540:3.641266035359081e-07,1.2298596522373955,1.2298572864018171,2.4597165745126093
d:541:2.657799273997341e-07,1.2298596663654884,1.2298572624551707,2.4597166630407314
d:542:6.325428461018134e-07,1.2298596833937299,1.2298572794836242,2.459716330334508
d:543:1.4188369990009164e-07,1.2298597004219658,1.2298572936117493,2.4597168521500152
d:544:3.0289465868804655e-07,1.229859714550066,1.2298573077398678,2.459716719395275
d:545:2.830537955134105e-07,1.2298597315783035,1.22985732186798,2.459716770392488
d:546:4.3953723105616405e-07,1.2298597486065352,1.2298572979213283,2.4597166069906327
d:547:5.712814137304179e-07,1.2298597656347616,1.2298573149498013,2.4597165093031492
d:548:7.707344935603544e-07,1.2298596569090647,1.229857329077918,2.4597162152524894
d:549:3.5237078321870285e-07,1.2298595481832795,1.229857346106392,2.459716541918888
d:550:6.985963652006433e-07,1.2298595242373866,1.2298573221597318,2.459716147800753
d:551:2.7905864330435293e-07,1.2298595002914725,1.2298573391882046,2.459716560421034
d:552:2.245865102779021e-07,1.2298594763455368,1.229857356216672,2.4597166079756985
d:553:5.845502100143563e-07,1.2298594904736597,1.2298573732451334,2.459716279168583
d:554:2.0070988115961086e-07,1.229859504601776,1.2298573902735899,2.459716694165485
d:555:3.2231809932170563e-07,1.229859480655827,1.229857366326925,2.4597165246646524
d:556:3.1203018791003956e-07,1.2298594567098566,1.2298572575994708,2.4597164022791396
d:557:3.6635967104459155e-07,1.229859473738109,1.2298571488719279,2.4597162562503656
d:558:3.302558413409429e-07,1.2298594497921214,1.2298571630000765,2.4597162825363563
d:559:3.6953994797528367e-07,1.2298594639202503,1.2298570542724427,2.459716148652745
d:560:2.716956943871196e-07,1.2298594780483727,1.2298569455447206,2.459716151897399
d:561:6.723060383961865e-07,1.2298594950766375,1.2298568368169092,2.4597156595875083
d:562:2.1354637524950704e-07,1.2298595121048967,1.2298567280890096,2.459716026647531
d:563:1.480878824011711e-07,1.2298595262330263,1.2298566193610208,2.459715997506165
d:564:5.786236911831111e-07,1.229859543261287,1.229856633489154,2.45971559812675
d:565:4.695853661473848e-07,1.2298595193153026,1.2298565247610749,2.4597155744910113
d:566:4.2871050887072215e-07,1.2298595334434368,1.2298565388892002,2.459715643622128
d:567:2.7191766660550343e-07,1.2298595504717031,1.2298565559176629,2.4597158344716994
d:568:2.2107519059844094e-07,1.229859567499964,1.2298565700457886,2.459715916470562
d:569:3.134253638847895e-07,1.229859584528219,1.229856584173908,2.4597158552767633
d:570:3.6094880107029326e-07,1.2298596015564687,1.22985659830202,2.4597158389096876
d:571:3.681225795304499e-07,1.2298596156846235,1.2298566153304982,2.4597158628925424
d:572:2.728390651185464e-07,1.229859629812772,1.2298566323589704,2.459715989332677
d:573:3.086267379437402e-07,1.2298596439409142,1.229856608412286,2.459715943726462
d:574:3.1155562352225274e-07,1.2298596609691788,1.229856625440757,2.4597159748543125
d:575:4.2940543387715024e-07,1.2298596750973214,1.2298566014940555,2.459715847185943
d:576:2.7119746848214277e-07,1.229859692125587,1.22985661562219,2.4597160365503083
d:577:3.580715119966271e-07,1.2298597091538475,1.2298566326506668,2.4597159837330023
d:578:7.616308770330704e-07,1.2298597261821027,1.2298565239224732,2.459715488473699
d:579:5.418047135385962e-07,1.2298597403102591,1.2298565409509425,2.459715739456488
d:580:5.698684395483156e-07,1.2298597544384091,1.2298565579794067,2.4597157425493763
d:581:2.829843790408404e-07,1.2298597685665527,1.2298565750078652,2.459716060590039
d:582:1.889928231690874e-07,1.2298596598406055,1.229856592036318,2.4597160628841004
d:583:2.612617735486822e-07,1.2298596768688739,1.2298566090647658,2.459716024671866
d:584:3.1163669955702744e-07,1.2298596938971367,1.229856623192933,2.4597160054533704
d:585:4.11892377982781e-07,1.2298597109253941,1.2298566402213817,2.459715939254398
d:586:2.0517089271976374e-07,1.22985972505355,1.2298566543495497,2.4597161742322067
d:587:2.790492916737719e-07,1.2298597391816992,1.229856671378,2.4597161315104077
d:588:2.721692666796116e-07,1.229859756209965,1.2298566855061683,2.4597161695468666
d:589:2.5761551114555914e-07,1.2298597703381147,1.22985669963433,2.4597162123569336
d:590:3.367789256358833e-07,1.2298597873663815,1.2298567137624856,2.4597161643499414
d:591:4.3133705140974143e-07,1.2298598014945317,1.2298567278906343,2.4597160980481148
d:592:2.88546883275842e-07,1.2298598156226754,1.2298567449191067,2.459716271994899
d:593:5.551840391859741e-07,1.2298598297508128,1.2298567590472558,2.459716033614029
d:594:5.331372823214053e-07,1.2298598467790944,1.229856776075729,2.459716089717541
d:595:7.784666640198168e-07,1.229859738053038,1.2298567931041968,2.459715752690571
d:596:4.2813724610013537e-07,1.2298596293268935,1.2298568101326592,2.4597160113223064
d:597:4.659083141511644e-07,1.2298596053809905,1.2298568242608225,2.459715963733499
d:598:3.72265787973447e-07,1.229859581435066,1.2298568383889796,2.4597160475582576
d:599:2.0629924168957814e-07,1.2298595984633478,1.2298568144423432,2.4597162066064495
d:600:3.828610046774372e-07,1.2298596125914965,1.229856705714023,2.459715935444515
d:601:2.4795109609954125e-07,1.2298596296197797,1.229856722742496,2.4597161044111795
d:602:7.112882807192022e-07,1.2298596056738462,1.2298567397709634,2.459715634156529
d:603:3.957266048182362e-07,1.2298595817278914,1.2298567538991299,2.4597159399004167
d:604:5.221996737247991e-07,1.2298595577819151,1.2298567709275987,2.4597158065098403
d:605:4.651995557658495e-07,1.2298595338359177,1.2298567850557656,2.4597158536921273
d:606:2.432633365856418e-07,1.229859509889899,1.229856799183926,2.4597160658104884
d:607:2.8611575908499276e-07,1.2298595269181973,1.2298568133120802,2.4597160541145184
d:608:2.743841380770107e-07,1.229859541046374,1.2298568303405637,2.4597160970027994
d:609:2.480540906013573e-07,1.2298595551745437,1.2298568473690423,2.4597161544894957
d:610:3.950193891988363e-07,1.2298595312285157,1.229856861497203,2.4597159977063296
d:611:1.3435092638403034e-07,1.2298595482568266,1.2298568756253583,2.4597162895312583
d:612:2.7205090313842106e-07,1.2298595623850013,1.2298568897535063,2.459716180087604
d:613:3.823370549049798e-07,1.2298595765131688,1.2298569067819995,2.4597161009581137
d:614:4.231428434309237e-07,1.2298595935414882,1.2298569238104873,2.4597160942091323
d:615:5.73203721820903e-07,1.2298596105698019,1.229856937938643,2.4597159753047233
d:616:3.606676299838796e-07,1.2298595866237731,1.2298569139920426,2.4597161399481857
d:617:6.18515477501802e-07,1.2298594778974814,1.229856805263604,2.459715664645608
d:618:5.305188359727708e-07,1.2298594920256587,1.2298568193917552,2.459715780898578
d:619:3.80996625803931e-07,1.2298595061538296,1.2298567106632257,2.4597158358204294
d:620:5.973549015436674e-07,1.2298595202819942,1.2298566019346078,2.4597155248617004
d:621:3.507082797504779e-07,1.2298594115556083,1.2298566160627493,2.459715676910078
d:622:8.264760023024564e-07,1.2298593028291338,1.2298566301908835,2.459715106544015
d:623:4.0761494535246356e-07,1.2298591941025707,1.2298565214621735,2.459715307949799
d:624:4.041235537322052e-07,1.2298590853759186,1.2298564127333742,2.459715093985739
d:625:3.758813011955908e-07,1.2298590995040695,1.2298563040044863,2.4597150276272544
d:626:2.908000924506382e-07,1.2298590755580134,1.2298563181326094,2.4597151028905304
d:627:3.696532036023825e-07,1.2298590925863495,1.2298563351611207,2.459715058094267
d:628:2.632240758693172e-07,1.2298591096146803,1.2298563492892443,2.459715195679849
d:629:3.078091825869933e-07,1.2298591237428422,1.229856363417361,2.4597151793510204
d:630:3.3267212540266655e-07,1.2298591407711743,1.2298563804458804,2.459715188544929
d:631:2.1375190062400407e-07,1.2298591577995006,1.2298563974743943,2.4597153415219943
d:632:3.9198358114944654e-07,1.2298591748278214,1.2298564145029027,2.4597151973471427
d:633:3.375818153905641e-07,1.2298591918561366,1.2298564286310336,2.459715282905355
d:634:3.09912028928494e-07,1.2298592088844467,1.2298564456595433,2.459715344631961
d:635:3.025348873642031e-07,1.2298592259127508,1.2298564626880477,2.4597153860659113
d:636:2.283979427808447e-07,1.2298592429410498,1.2298564768161857,2.4597154913592925
d:637:2.2552505729578343e-07,1.2298592570692533,1.2298564528695952,2.459715484413791
d:638:3.170318834122554e-07,1.2298592711974503,1.2298564289229836,2.4597153830885503
d:639:2.6136379105423657e-07,1.229859285325641,1.2298564049763505,2.4597154289382006
d:640:3.4880044541552024e-07,1.2298593023539546,1.2298562962473425,2.4597152498008517
d:641:3.5995880365291555e-07,1.2298593164821456,1.2298563103754843,2.4597152668988262
d:642:6.143457880192216e-07,1.2298593306103303,1.229856327404008,2.45971504366855
d:643:4.465832064148856e-07,1.2298592218835567,1.2298563415321504,2.4597151168325007
d:644:6.23154842394058e-07,1.2298591979375415,1.2298563556602862,2.4597149304429853
d:645:2.729672070600486e-07,1.2298591739915048,1.2298563697884162,2.4597152708127137
d:646:2.134099696959879e-07,1.2298591500454468,1.2298563868169545,2.4597153234524316
d:647:5.09256340208708e-07,1.2298591260993674,1.2298564009450843,2.4597150177881115
d:648:1.5700429756293488e-07,1.2298591431277046,1.2298563769984538,2.4597153631218607
d:649:2.569377350880586e-07,1.229859157255904,1.2298563530518023,2.4597152533699713
d:650:3.021503580669105e-07,1.2298591742842426,1.2298562443226841,2.459715116456569
d:651:2.0861723726284254e-07,1.2298591503381542,1.229856261351231,2.4597152030721476
d:652:9.829650524650901e-07,1.229859164466358,1.2298562754793674,2.459714456980673
d:653:5.078741356356886e-07,1.2298591405202524,1.2298562896074976,2.4597149222536143
d:654:2.825519613836036e-07,1.2298591546484532,1.2298563066360526,2.4597151787325444
d:655:5.38265974014962e-07,1.2298591716768088,1.229856323664602,2.4597149570754366
d:656:2.463544941377904e-07,1.2298591858050105,1.2298563406931458,2.459715280143662
d:657:3.482447263891686e-07,1.2298591618588954,1.2298563577216841,2.459715171335853
d:658:5.706671095673244e-07,1.2298591379127592,1.229856374750217,2.4597149419958666
d:659:2.6548259368652793e-07,1.2298591520409625,1.2298563917787444,2.459715278337113
d:660:3.8099077492859124e-07,1.2298591690693346,1.229856405906909,2.4597151939854687
d:661:2.7195575569294306e-07,1.229859186097701,1.2298564229354376,2.459715337077383
d:662:2.1470742117557506e-07,1.2298592002259114,1.229856398988806,2.4597153845072963
d:663:6.107121692799922e-07,1.229859217254279,1.2298564131169751,2.4597150196590847
d:664:5.24438455773435e-07,1.2298592313824899,1.2298563891703262,2.4597150961143606
d:665:4.997373963533391e-07,1.2298592455106943,1.2298564061988646,2.4597151519721625
d:666:1.0016903959630952e-06,1.2298592596388924,1.2298563822521988,2.4597146402006955
d:667:7.634316618876369e-07,1.2298591509119694,1.2298563963803761,2.459714783860684
d:668:4.520892344928029e-07,1.2298590421849576,1.2298564105085474,2.4597150006042705
d:669:3.6485015542098154e-07,1.2298590563131455,1.229856386561868,2.459715078024858
d:670:3.822348340065673e-07,1.229859073341532,1.229856362615167,2.4597150537218653
d:671:4.813327230124287e-07,1.229859090369913,1.2298563796437263,2.459714988680916
d:672:5.709541910370319e-07,1.2298591044981082,1.2298563556970084,2.4597148892409257
d:673:4.0181263916139187e-07,1.2298590805519911,1.2298563727255662,2.459715051464918
d:674:6.003771875207065e-07,1.2298590566058527,1.2298563897541188,2.459714845982784
d:675:3.7665861229996267e-07,1.2298590707340493,1.229856403882316,2.459715097957753
d:676:6.908813205974695e-07,1.2298590467878936,1.2298564180105067,2.4597147739170797
d:677:3.064424967114121e-07,1.2298590228417163,1.2298564350390675,2.4597151514382873
d:678:4.5984728913595063e-07,1.2298589988955178,1.2298564110923487,2.4597149501405773
d:679:3.62462586611656e-07,1.2298590130237201,1.2298563023630764,2.45971495292421
d:680:3.585376888715075e-07,1.2298590300521373,1.2298563164912701,2.4597149880057185
d:681:4.3698929808044795e-07,1.2298590061059254,1.2298562077619073,2.459714776878535
d:682:3.0767676673093547e-07,1.2298590202341322,1.2298562247904703,2.4597149373478358
d:683:6.290577658774055e-07,1.2298590372625549,1.2298562389186625,2.4597146471234517
d:684:2.9850785976393013e-07,1.229859054290972,1.2298562530468478,2.45971500882996
d:685:7.806761481710112e-07,1.2298590303447512,1.2298562671750273,2.4597145168436305
d:686:3.4244020019613686e-07,1.229859047373167,1.229856284203605,2.4597149891365717
d:687:2.700771419839043e-07,1.2298590615013922,1.2298563012321777,2.459715092656428
d:688:3.4929892800406037e-07,1.2298590375551584,1.2298563182607447,2.459715006516975
d:689:3.700324784361442e-07,1.2298590136089032,1.229856332388938,2.4597149759653627
d:690:3.5064876868773354e-07,1.2298589896626264,1.2298563465171246,2.459714985530982
d:691:4.4684682976026124e-07,1.2298590066910564,1.2298563635457,2.4597149233899267
d:692:3.9598776169214034e-07,1.2298590208192937,1.229856377673887,2.459715002505419
d:693:6.65243247599534e-07,1.2298590349475245,1.2298563947024637,2.4597147644067405
d:694:3.165171480468132e-07,1.229859049075749,1.229856408830651,2.459715141389252
d:695:4.517342362397869e-07,1.2298590632039672,1.2298564229588322,2.459715034428563
d:696:3.138100290733803e-07,1.229859080232419,1.2298564370870064,2.4597152035093965
d:697:2.246316310738905e-07,1.229859097260865,1.2298563283575297,2.4597152009867638
d:698:2.2891273321334893e-07,1.2298591113890904,1.2298562196279637,2.4597151021043206
d:699:5.586633857745937e-07,1.229859125517309,1.2298562337561283,2.4597148006100515
d:700:5.722736866609068e-07,1.2298591425457635,1.2298562478842865,2.4597148181563635
d:701:4.888437667993628e-07,1.2298591566739827,1.229856262012438,2.459714929842654
d:702:4.5895173261811806e-07,1.2298591708021955,1.2298562761405833,2.4597149879910463
d:703:4.0616374619162343e-07,1.2298590620750103,1.2298561674109214,2.4597148233221855
d:704:4.0873935436280817e-07,1.2298590762032147,1.2298561815390585,2.4597148490029186
d:705:4.352658926620734e-07,1.229858967475939,1.2298561956671887,2.459714727877235
d:706:5.114667946948259e-07,1.2298588587485744,1.2298560869374346,2.4597144342192143
d:707:2.524857261043678e-07,1.2298588757770392,1.229855978207592,2.4597146014989053
d:708:2.2664618448686724e-07,1.229858892805498,1.2298559923357122,2.4597146584950256
d:709:4.473327037679553e-07,1.2298589069337063,1.229855883605779,2.4597143432067816
d:710:2.763502506830662e-07,1.229858921061908,1.229855897733891,2.4597145424455484
d:711:3.5443010304447853e-07,1.2298589380903755,1.229855911861997,2.4597144955222694
d:712:5.64409389003373e-07,1.229858955118837,1.2298559288906403,2.459714319600088
d:713:3.7529749441489457e-07,1.2298589721472932,1.2298559459192786,2.4597145427690776
d:714:4.734484408963624e-07,1.229858989175744,1.229855962947911,2.4597144786752145
d:715:4.481477566820047e-07,1.2298590062041892,1.2298559799765383,2.4597145380329706
d:716:3.395746372980568e-07,1.229859023232629,1.22985599700516,2.4597146806631516
d:717:4.247563603065885e-07,1.2298590373608649,1.2298560111332932,2.459714623737798
d:718:6.80240526129694e-07,1.2298590543893062,1.2298560252614203,2.4597143994102004
d:719:5.830265381590038e-07,1.2298589456618332,1.2298560422900502,2.459714404925345
d:720:4.951418333121183e-07,1.2298588369342718,1.2298560564181775,2.459714398210616
d:721:8.81498240179468e-07,1.229858853962704,1.2298560734468087,2.4597140459112725
d:722:5.918427161688555e-07,1.229858870991131,1.2298560875749365,2.459714366723351
d:723:4.298062359353594e-07,1.229858888019552,1.2298561017030578,2.4597145599163737
d:724:2.851246363455573e-07,1.2298589021478057,1.2298561158311727,2.459714732854342
d:725:2.740782556465149e-07,1.2298589191762284,1.2298561299592812,2.459714775057254
d:726:3.072262702019657e-07,1.2298589362046455,1.229856146987934,2.4597147759663094
d:727:3.972831037479807e-07,1.229858953233057,1.229856161116043,2.4597147170659963
d:728:2.75348617240212e-07,1.2298589673613247,1.229856175244145,2.4597148672568525
d:729:2.578061475411175e-07,1.2298589843897374,1.2298561512975423,2.459714877881132
d:730:2.179617153430513e-07,1.2298589985180057,1.2298561683262077,2.459714948882498
d:731:6.925369917532009e-07,1.22985901554642,1.2298561853548675,2.459714508364296
d:732:4.792081211846266e-07,1.2298590296746883,1.2298561614082515,2.4597147118748186
d:733:1.6985539552649698e-07,1.2298590438029504,1.2298561374616142,2.459715011409169
d:734:3.7071486103101847e-07,1.2298590608313729,1.2298561135149555,2.4597148036314676
d:735:4.928182297803119e-07,1.2298590749596352,1.2298561305436222,2.4597147126850274
d:736:5.004486949289344e-07,1.229859091988059,1.2298561446717549,2.4597147362111187
d:737:4.692367920888785e-07,1.229858983260382,1.229856158799881,2.459714672823471
d:738:4.962059914070949e-07,1.2298588745326162,1.2298561729280009,2.4597145512546255
d:739:5.117775621066301e-07,1.2298588886608754,1.2298561899566827,2.459714566839996
d:740:8.352269227351883e-07,1.2298589027891282,1.229856204084803,2.4597142716470084
d:741:3.977742619731828e-07,1.2298589169173746,1.2298562182129162,2.459714737356029
d:742:3.4844893281871236e-07,1.2298589310456145,1.2298562352416067,2.4597148178382886
d:743:1.9604151013652427e-07,1.229858948074057,1.2298562112949591,2.4597149633275057
d:744:2.8292520681816313e-07,1.2298589651024938,1.2298562254230774,2.4597149076003646
d:745:3.2418076534312945e-07,1.2298589821309251,1.229856239551189,2.4597148975013488
d:746:4.5368426304648324e-07,1.2298589991593512,1.2298562536792939,2.459714799154382
d:747:4.346452588954719e-07,1.229858890431483,1.2298562297326374,2.4597146855188616
d:748:5.959353375217802e-07,1.2298589045597421,1.2298562467613507,2.459714555385755
d:749:6.947161650394662e-07,1.2298587958317835,1.2298562228146772,2.4597143239302954
d:750:4.772904871330752e-07,1.2298586871037362,1.2298562398433894,2.4597144496566385
d:751:4.114695495438525e-07,1.2298585783756004,1.2298562158966986,2.4597143828027495
d:752:7.831001216374034e-07,1.2298585925038474,1.2298561071665834,2.4597139165703092
d:753:3.7731523772066566e-07,1.2298585685577121,1.2298561241952932,2.4597143154377674
d:754:3.2970892371864124e-07,1.2298585855861441,1.229856141223997,2.459714397101217
d:755:4.2101530350890926e-07,1.2298585616399915,1.2298561553521332,2.4597142959768212
d:756:9.838932908401432e-07,1.2298585376938178,1.2298561694802632,2.45971372328079
d:757:7.315370846860958e-07,1.2298585137476226,1.2298561865089754,2.4597139687195133
d:758:4.7171168748860737e-07,1.2298585307760617,1.2298562006371054,2.45971425970148
d:759:3.5625607042177876e-07,1.229858544904332,1.2298562147652294,2.459714403413491
d:760:3.968770778683961e-07,1.2298585590325963,1.2298562317939499,2.4597143939494686
d:761:2.977246169599823e-07,1.2298585760610434,1.2298562459220739,2.4597145242585
d:762:5.870662707074814e-07,1.2298585930894852,1.2298562600501917,2.4597142660734064
d:763:2.9598486905868526e-07,1.2298586072177564,1.2298562741783028,2.45971458541119
d:764:3.753270489958993e-07,1.2298586242461997,1.2298562883064077,2.4597145372255587
d:765:9.115725374542194e-07,1.229858641274637,1.2298563053351497,2.4597140350372495
d:766:4.3474897459816475e-07,1.2298586173284536,1.2298563194632552,2.4597145020427345
d:767:3.079917818560318e-07,1.22985863435689,1.2298563335913537,2.459714659956462
d:768:4.7970065564229e-07,1.2298586484851792,1.2298562248611242,2.459714393645648
d:769:3.4307035123859464e-07,1.2298586655136172,1.229856116130806,2.4597144385740717
d:770:5.178219577572918e-07,1.2298586796419066,1.2298561302588946,2.4597142920788437
d:771:5.304889820756387e-07,1.22985869377019,1.2298561472876486,2.4597143105688564
d:772:2.3603615817435752e-07,1.229858710798636,1.2298561643163972,2.459714639078875
d:773:6.253952924417661e-07,1.229858727827076,1.22985618134514,2.4597142837769237
d:774:4.782998832553176e-07,1.229858744855511,1.2298561983738776,2.4597144649295055
d:775:3.8999664431216274e-07,1.2298587589838084,1.2298562154026096,2.4597145843897734
d:776:6.517833850416821e-07,1.2298587760122444,1.229856229530726,2.4597143537595856
d:777:4.2578761894063177e-07,1.2298587930406748,1.229856243658836,2.459714610911892
d:778:2.1284096085594228e-07,1.2298588071689796,1.229856260687576,2.4597148550155947
d:779:4.792659908936514e-07,1.2298588241974113,1.2298562777163107,2.459714622647731
d:780:2.783885051371726e-07,1.2298588412258376,1.2298562918444278,2.45971485468176
d:781:3.915424136025081e-07,1.2298588553541496,1.2298563088731638,2.4597147726849
d:782:5.16242577575099e-07,1.2298588694824553,1.2298563230012813,2.459714676241159
d:783:4.3365781099424794e-07,1.2298588865108897,1.2298562990546713,2.4597147519077502
d:784:4.305389649239544e-07,1.229858777782598,1.2298563131827864,2.4597146604264197
d:785:4.4858524184121507e-07,1.2298587919109019,1.2298563273108956,2.4597146706365556
d:786:5.813083321370982e-07,1.2298588060391995,1.2298563443396504,2.4597145690705178
d:787:6.7982475426831e-07,1.2298588230676404,1.2298563613684002,2.4597145046112865
d:788:3.6013879656238146e-07,1.2298588400960762,1.2298563374217852,2.459714817379065
d:789:3.3991436731994895e-07,1.2298588571245062,1.2298563134751488,2.4597148306852876
d:790:5.581183262215461e-07,1.2298588712528178,1.2298563305039016,2.459714643638393
d:791:3.516770807898695e-07,1.2298588882812493,1.2298563446320323,2.459714881236201
d:792:2.0515177778790417e-07,1.2298589053096751,1.2298563616607865,2.459715061818684
d:793:1.4689188931882313e-07,1.2298589194379939,1.229856378689535,2.4597151512356397
d:794:2.830384229213223e-07,1.2298589335663064,1.2298563547428938,2.4597150052707772
d:795:5.217828515924339e-07,1.2298589476946125,1.2298563688710358,2.459714794782797
d:796:3.3169575797131756e-07,1.2298589647230531,1.22985638589979,2.459715018927085
d:797:5.855511897578936e-07,1.2298589817514884,1.2298564000279324,2.459714796228231
d:798:3.0356406632847666e-07,1.2298589958798019,1.2298564141560686,2.459715106471804
d:799:2.925742506043605e-07,1.2298590129082383,1.2298564282841982,2.459715148618186
d:800:2.2590814952039295e-07,1.229858904179833,1.229856404337556,2.459715082609239
d:801:2.492605362114375e-07,1.2298589183081443,1.229856418465683,2.4597150875132914
d:802:2.2650269171364812e-07,1.22985893243645,1.2298563945190237,2.4597151004527817
d:803:4.635438486388921e-07,1.2298589465647487,1.2298564086471486,2.4597148916680487
d:804:3.5816474497352146e-07,1.229858837836249,1.2298563847004715,2.4597148643719757
d:805:3.439099303115256e-07,1.2298587291076606,1.2298564017292672,2.4597147869269977
d:806:2.5454655050438646e-07,1.2298587432359491,1.2298564158573964,2.459714904546795
d:807:2.098156373087079e-07,1.2298587573642317,1.229856429985519,2.4597149775341136
d:808:1.8392206335704486e-07,1.2298587334181623,1.2298564441136353,2.459714993609734
d:809:2.0391336663649895e-07,1.229858750446627,1.2298564201669533,2.4597149667002136
d:810:3.1247183107652177e-07,1.2298587674750863,1.2298564371957679,2.459714892199023
d:811:5.427593876561332e-07,1.2298587435290038,1.2298564542245771,2.459714654994193
d:812:5.45348914471333e-07,1.2298587195828998,1.2298564302778823,2.4597146045118676
d:813:7.200495542036833e-07,1.2298586956367747,1.229856406331166,2.4597143819183866
d:814:8.747432329592186e-07,1.2298587126652412,1.2298564204593017,2.4597142583813096
d:815:3.978556599726346e-07,1.229858726793554,1.2298564345874308,2.4597147635253247
d:816:5.219357137598024e-07,1.2298587028474153,1.2298564106407013,2.459714591552403
d:817:2.948895767573845e-07,1.2298587169757256,1.2298563866939505,2.4597148087800993
d:818:4.490185543382097e-07,1.2298586930295696,1.2298562779634297,2.459714521974445
d:819:3.1971725888979563e-07,1.2298587071578775,1.2298562949922625,2.459714682432881
d:820:3.972050066636257e-07,1.2298587241863674,1.2298563120210895,2.45971463900245
d:821:2.8243786642789814e-07,1.2298587002401984,1.2298563290499112,2.459714746852243
d:822:6.717077782880665e-07,1.229858717268687,1.2298563431780607,2.4597143887389694
d:823:2.956618003757683e-07,1.2298586933225009,1.2298563602068835,2.459714757867584
d:824:2.7037785166328376e-07,1.229858707450824,1.229856377235701,2.4597148143086733
d:825:2.3779482383190498e-07,1.2298587244793184,1.2298563913638574,2.459714878048352
d:826:4.278440419724916e-07,1.229858741507807,1.2298564054920078,2.459714719155773
d:827:3.4184609765119944e-07,1.2298587556361373,1.2298564225208333,2.459714836310873
d:828:4.68558415178677e-07,1.2298587697644612,1.2298564395496534,2.4597147407556994
d:829:4.760327123598529e-07,1.2298587838927786,1.229856456578468,2.459714764438534
d:830:2.6863687851985674e-07,1.2298587599465955,1.229856473607277,2.459714964916994
d:831:2.7699933680125355e-07,1.2298587360003912,1.2298564877354479,2.459714946736502
d:832:4.6240479978365556e-07,1.2298587120541655,1.2298565047642582,2.459714754413624
d:833:5.350441352192092e-07,1.229858729082682,1.2298565217930633,2.45971471583161
d:834:2.065252915350868e-07,1.229858746111193,1.2298565359212414,2.459715075507143
d:835:4.41189536459774e-07,1.2298587221649542,1.2298565529500478,2.4597148339254655
d:836:3.206335721372966e-07,1.229858736293295,1.2298565699788482,2.4597149856385707
d:837:2.570812669411282e-07,1.2298587123470388,1.2298565870076434,2.4597150422734155
d:838:6.615086070027587e-07,1.2298587293755594,1.2298564782770027,2.459714546143955
d:839:4.1177383502954967e-07,1.2298587054292862,1.2298564924051936,2.4597147860606445
d:840:3.1424552382475213e-07,1.2298586814829917,1.2298565094339884,2.4597148766714563
d:841:2.3950652439097553e-07,1.2298586985115154,1.2298565235621792,2.4597149825671702
d:842:5.684973030106732e-07,1.2298587126398752,1.2298565405909754,2.4597146847335476
d:843:3.571412428016174e-07,1.2298587296684003,1.229856554719167,2.4597149272463246
d:844:5.289655207185717e-07,1.2298587466969197,1.229856568847352,2.459714786578751
d:845:3.374550878731952e-07,1.2298587227506206,1.2298565858761563,2.459714971171689
d:846:2.9069409057669304e-07,1.2298587368789917,1.2298566029049551,2.4597150490898563
d:847:5.190453586934041e-07,1.2298587539075168,1.2298566170331473,2.4597148518953054
d:848:4.884581166209045e-07,1.2298587680358886,1.2298566340619477,2.4597149136397194
d:849:2.30983441262822e-07,1.229858785064415,1.22985664819014,2.4597152022711137
d:850:2.573019428631085e-07,1.2298587991927872,1.2298566652189418,2.459715207109786
d:851:3.968332014103737e-07,1.2298588133211528,1.2298566822477377,2.459715098735689
d:852:6.30775724097532e-07,1.2298588274495117,1.229856699276528,2.4597148959503157
d:853:3.9350895786327555e-07,1.2298588035032196,1.2298567134047347,2.4597151233989965
d:854:1.8517100519588325e-07,1.2298587795569063,1.2298567304335264,2.4597153248194275
d:855:2.2430089074987336e-07,1.2298587965854564,1.2298567445617332,2.4597153168462986
d:856:4.3343106082005534e-07,1.2298587726391252,1.229856758689934,2.4597150978979982
d:857:1.5327807467713228e-07,1.2298587486927732,1.2298567757187338,2.4597153711334325
d:858:3.44202809809957e-07,1.229858765721326,1.2298567927475286,2.4597152142660446
d:859:3.552363740944031e-07,1.2298587417749567,1.2298568097763172,2.4597151963149
d:860:4.286052743829316e-07,1.2298587559033436,1.229856823904532,2.459715151202601
d:861:7.312660645908409e-07,1.2298587700317232,1.2298567999579213,2.45971483872358
d:862:4.2212144268916063e-07,1.2298587841600974,1.2298567760112895,2.459715138049944
d:863:4.412646488205496e-07,1.2298588011886693,1.2298567901395057,2.459715150063526
d:864:3.3782040720353734e-07,1.2298588182172359,1.2298568071683111,2.45971528756514
d:865:3.2043447983909346e-07,1.2298587942708656,1.2298567832216662,2.4597152570580523
d:866:3.486509680961092e-07,1.229858770324474,1.2298567973498868,2.459715219023393
d:867:3.117467599622614e-07,1.229858784452863,1.2298568143786979,2.459715287084801
d:868:3.4532200965387005e-07,1.2298587985812457,1.2298567904320394,2.4597152436912757
d:869:3.1331351690866427e-07,1.2298588127096215,1.2298568045602647,2.459715303956369
d:870:2.3239106106132112e-07,1.229858826837991,1.2298568186884833,2.459715413135413
d:871:5.469173789407478e-07,1.2298588028915942,1.229856794741812,2.459715050716027
d:872:2.1192809285253134e-07,1.2298588199201954,1.2298568088700281,2.4597154168621307
d:873:5.113120939981286e-07,1.2298588369487908,1.2298568258988627,2.4597151515355593
d:874:3.756196185200622e-07,1.229858813002381,1.229856842927692,2.4597152803104545
d:875:2.114900277128129e-07,1.22985878905595,1.2298568599565152,2.4597154375224375
d:876:2.4813427712544467e-07,1.2298587651094977,1.229856876985333,2.4597153939605536
d:877:3.3119020592664583e-07,1.2298587792378906,1.2298568911135703,2.4597153391612547
d:878:2.2650052500239326e-07,1.2298587933662768,1.2298568671669026,2.4597154340326544
d:879:3.4849965357963697e-07,1.2298588074946568,1.229856881295137,2.45971534029014
d:880:3.1273688483324236e-07,1.2298588245232802,1.2298568954233653,2.4597154072097607
d:881:4.130580890659985e-07,1.2298588005768227,1.2298569124522023,2.459715299970936
d:882:2.6561058996676934e-07,1.2298588176054446,1.2298569265804313,2.4597154785752857
d:883:1.986453814772915e-07,1.229858831733836,1.2298569436092697,2.459715576697724
d:884:3.960633487842813e-07,1.229858848762459,1.229856957737499,2.4597154104366092
d:885:4.175028474051601e-07,1.229858862890851,1.229856933790834,2.4597153791788378
d:886:3.4789732339390866e-07,1.229858877019236,1.2298569098441479,2.4597154389660605
d:887:2.8967084464426307e-07,1.2298588530727774,1.2298569268729962,2.459715490274929
d:888:5.432932685955905e-07,1.2298588291262977,1.229856943901839,2.459715229734868
d:889:4.1645320258965057e-07,1.2298588432546844,1.2298569199551401,2.4597153467566217
d:890:2.984446529907814e-07,1.2298588602833314,1.2298569340833883,2.4597154959220666
d:891:5.685173189995396e-07,1.2298588744117187,1.2298569511122366,2.459715257006636
d:892:5.159795168907522e-07,1.2298588504652295,1.2298569652404854,2.4597152997261977
d:893:4.392028074562404e-07,1.2298588265187194,1.229856979368728,2.45971536668464
d:894:5.611549180883912e-07,1.2298588025721873,1.2298569554220233,2.4597151968392925
d:895:3.0792413729940904e-07,1.2298588196008482,1.2298569695502632,2.4597154812269744
d:896:3.693146335415065e-07,1.2298588366295033,1.229856983678497,2.4597154509933667
d:897:3.5200521697476006e-07,1.2298588536581532,1.2298570007073715,2.4597155023603077
d:898:3.563296999686827e-07,1.2298588706867974,1.2298570148356052,2.4597155291927026
d:899:4.6524677532744363e-07,1.2298588877154362,1.2298569908888959,2.4597154133575567
d:900:1.575370709439028e-07,1.2298589018438633,1.2298569669421655,2.459715711248958
d:901:2.3528731318833707e-07,1.229858915972284,1.2298569429954131,2.459715623680384
d:902:3.433636046601407e-07,1.2298589330009309,1.2298569571236526,2.459715546760979
d:903:2.2355959528042035e-07,1.2298589500295722,1.229856933176883,2.45971565964686
d:904:5.137247520714538e-07,1.2298589641580002,1.2298569473051204,2.4597153977383686
d:905:3.151091019226726e-07,1.2298589782864215,1.2298569614333505,2.4597156246106704
d:906:5.483269376327371e-07,1.2298589924148362,1.229856978462264,2.4597154225501625
d:907:4.860265563344512e-07,1.229859006543245,1.2298569925904947,2.4597155131071835
d:908:4.551800611984902e-07,1.2298589825967454,1.2298570067187193,2.4597155341354036
d:909:6.819768234578305e-07,1.2298589586502247,1.2298570237476405,2.459715300421042
d:910:2.1094120850051468e-07,1.2298589756788965,1.2298569998008746,2.4597157645385623
d:911:4.809848350717516e-07,1.2298589517323584,1.2298570139291032,2.4597154846766265
d:912:1.6828566229420971e-07,1.229858968761029,1.2298570280573258,2.4597158285326928
d:913:3.6836054873035096e-07,1.2298589857896938,1.2298570450862598,2.459715662515405
d:914:3.263880845594258e-07,1.2298590028183534,1.2298570211394844,2.459715697569753
d:915:6.045350966488172e-07,1.2298590169467947,1.2298570381684168,2.4597154505801146
d:916:4.2185944693073907e-07,1.2298590310752298,1.2298570142216243,2.459715623437407
d:917:3.378562558609133e-07,1.2298590452036582,1.2298569902748102,2.4597156976222125
d:918:4.433275440085538e-07,1.2298590593320804,1.2298569663279746,2.4597155823325108
d:919:2.5291639271785016e-07,1.2298590734604962,1.2298569833569148,2.4597158039010183
d:920:5.196336241297672e-07,1.229859090489184,1.2298569974851672,2.459715568340727
d:921:3.696938026820362e-07,1.2298591075178669,1.2298569735383187,2.459715711362383
d:922:1.9395375749908794e-07,1.2298591216462895,1.2298569876665688,2.459715915359101
d:923:3.19383169689047e-07,1.2298591386749733,1.2298570017948127,2.4597158210866166
d:924:2.997152641626144e-07,1.229859155703652,1.229856977847951,2.4597158338363387
d:925:2.547775088679316e-07,1.229859172732325,1.2298569539010675,2.4597158718558836
d:926:4.820173984398934e-07,1.2298591868607618,1.229856968029313,2.4597156728726763
d:927:3.575694491608772e-07,1.2298592009891922,1.2298569440824123,2.4597157875021556
d:928:3.1504550213057314e-07,1.2298592180178731,1.2298569201354903,2.4597158231078615
d:929:5.978261805594798e-07,1.2298592350465487,1.229856937164473,2.459715574384841
d:930:4.222086134042513e-07,1.2298591263175649,1.2298569132175339,2.4597156173264856
d:931:6.582814306987927e-07,1.2298591023710757,1.229856889270573,2.459715333360218
d:932:3.0857905430892174e-07,1.229859078424565,1.229856906299559,2.45971567614507
d:933:4.6352735472154905e-07,1.229859092553009,1.2298568823525808,2.4597155113782354
d:934:6.500209583926164e-07,1.2298591095816929,1.2298568993815653,2.4597153589422995
d:935:1.4644421630904958e-07,1.2298591237101373,1.2298568754345705,2.459715852700491
d:936:2.7136099500779665e-07,1.2298591407388224,1.2298568924635536,2.459715761841381
d:937:2.889482644263808e-07,1.229859157767502,1.2298569065918439,2.459715775411081
d:938:2.2221468665151178e-07,1.229859174796176,1.2298569236208285,2.459715876202318
d:939:3.686845135852934e-07,1.2298591889246344,1.2298569406498077,2.4597157608899285
d:940:2.939562082637792e-07,1.2298592059533098,1.2298569547781053,2.459715866775207
d:941:6.89006213860921e-07,1.2298592229819796,1.2298569718070858,2.4597155057828513
d:942:6.539300012597948e-07,1.2298592400106438,1.2298569478600943,2.4597155339407366
d:943:2.919204562523703e-07,1.2298592570393025,1.2298569648890731,2.459715930007919
d:944:4.1146965434890603e-07,1.229859271167782,1.2298569409420645,2.459715800640192
d:945:6.683687976405395e-07,1.229859288196442,1.2298569169950346,2.459715536822679
d:946:4.6914061080371994e-07,1.2298593023249218,1.2298569340240162,2.459715767208327
d:947:2.6602938341113713e-07,1.2298593193535832,1.229856951052993,2.459716004377193
d:948:4.755784632770599e-07,1.229859210624477,1.2298569680819638,2.4597157031279777
d:949:3.3766604490281793e-07,1.2298591866780033,1.229856944134925,2.4597157931468834
d:950:2.0423324320617553e-07,1.2298591627315079,1.229856961163895,2.4597159196621594
d:951:2.5620713905993853e-07,1.2298591797601708,1.2298569372168389,2.4597158607698706
d:952:3.053065902314245e-07,1.229859196788828,1.2298569542458073,2.459715845728045
d:953:3.202851912575966e-07,1.22985921381748,1.2298569683741665,2.459715861906455
d:954:5.052854903375703e-07,1.2298592279459866,1.2298569444270975,2.4597156670875937
d:955:2.849307985108851e-07,1.2298592420744874,1.229856920480007,2.459715877623696
d:956:6.146788575911444e-07,1.2298592181279913,1.2298568965328953,2.4597154999820288
d:957:1.3149144661994683e-07,1.2298592351566555,1.2298569106612602,2.459716014326469
d:958:5.321991629614331e-07,1.2298592521853142,1.2298569276902496,2.4597156476764006
d:959:4.790690297795663e-07,1.2298592692139674,1.2298569418186147,2.459715731963552
d:960:3.5661418484878027e-07,1.229859286242615,1.229856917871494,2.459715847499924
d:961:5.09546287830176e-07,1.2298592622961146,1.2298569349004884,2.4597156876503155
d:962:4.0089056119185784e-07,1.229859276424644,1.2298569109533506,2.4597157864874335
d:963:4.102272797013029e-07,1.2298592934532975,1.2298569250817244,2.459715808307742
d:964:6.573522433050982e-07,1.2298592695067836,1.2298569011345686,2.4597155132891086
d:965:4.0019461833296077e-07,1.2298592836353175,1.2298569152629404,2.4597157987036398
d:966:4.3885509626306884e-07,1.2298593006639762,1.2298568913157673,2.459715753124647
d:967:2.0929968957972278e-07,1.2298592767174497,1.229856908344783,2.459715975762543
d:968:4.4208615124219364e-07,1.2298592937461068,1.229856925373793,2.4597157770337486
d:969:3.079135364458807e-07,1.2298592697995632,1.2298569424027976,2.4597159042888244
d:970:2.2567247848215288e-07,1.2298592839281124,1.2298569565311872,2.4597160147868213
d:971:3.44768734006351e-07,1.229859298056655,1.2298569735601932,2.4597159268481144
d:972:3.166458344416867e-07,1.229859274110098,1.2298569905891934,2.4597159480534567
d:973:6.720337504262375e-07,1.2298592501635195,1.2298569666420245,2.4597155447717935
d:974:4.313588037874183e-07,1.2298592642920636,1.229856942694834,2.459715775628094
d:975:1.4918521573648036e-07,1.2298592813207487,1.2298569568232387,2.4597160889587717
d:976:5.521774455452544e-07,1.2298592954492937,1.229856932876031,2.459715676147879
d:977:4.773100958921361e-07,1.229859271502706,1.2298569089288016,2.4597157031214114
d:978:2.9227666953346443e-07,1.2298592475560965,1.2298569259578203,2.4597158812372473
d:979:3.296049340129059e-07,1.2298592645847917,1.2298569429868331,2.459715877966691
d:980:3.0985567844865614e-07,1.2298592406381652,1.229856960015841,2.459715890798328
d:981:2.623660355638435e-07,1.2298592576668588,1.229856974144268,2.4597159694450914
d:982:2.3587964381732718e-07,1.229859274695547,1.2298569911732768,2.4597160299891803
d:983:3.853748653526168e-07,1.22985929172423,1.2298570082022802,2.4597159145516447
d:984:3.628097640095973e-07,1.2298593058528076,1.2298569842550549,2.4597159272980984
d:985:3.6330900510250785e-07,1.2298593228814914,1.229857001284057,2.4597159608565433
d:986:2.0262637834278507e-07,1.2298593370100694,1.2298570183130535,2.459716152696745
d:987:2.6186655421867044e-07,1.2298593540387548,1.2298570324415055,2.4597161246137063
d:988:4.556143826661696e-07,1.2298593681673333,1.2298570494705034,2.459715962023454
d:989:3.638810754935662e-07,1.2298593851960198,1.2298570635989559,2.4597160849139
d:990:4.6209342130509867e-07,1.229859402224701,1.2298570396517299,2.4597159797830095
d:991:4.4134716059573975e-07,1.2298594163532868,1.2298570157044821,2.4597159907106083
d:992:5.729810350629805e-07,1.2298594333819692,1.2298569917572129,2.459715852158147
d:993:2.662116478369114e-07,1.2298594475105553,1.2298569678099227,2.45971614910883
d:994:3.4904092460763536e-07,1.2298594616391352,1.2298569819383847,2.4597160945365952
d:995:3.398961134770673e-07,1.2298594786678254,1.2298568732072606,2.4597160119789723
d:996:3.3261099030568175e-07,1.2298594956965108,1.2298567644760479,2.459715927561568
d:997:1.794177491021287e-07,1.2298595127251903,1.2298566557447463,2.459715989052188
d:998:5.757231811287511e-07,1.2298595268537842,1.229856547013356,2.459715498143959
d:999:3.460351152284602e-07,1.2298594181244733,1.2298565611418042,2.4597156332311623
d:1000:5.719099829271101e-07,1.2298593093950734,1.2298564524103235,2.4597151898954137
