data: dataset/foma/
d:1:0.003755405842009729,3.214361071917362,3.2143613283862393,6.424966994461592
d:2:0.003506353410784868,3.2143610635997044,3.214361329946247,6.425216040135167
d:3:0.0033453396281153402,3.2143610651135046,3.2143613315821895,6.425377057067578
d:4:0.0031708055361914234,3.2143610665900844,3.2143613331421914,6.425551594196085
d:5:0.003019033010554395,3.214361068110227,3.214361334702186,6.425703369801859
d:6:0.0028857036759530885,3.2143610696303635,3.214361323304794,6.425836689259204
d:7:0.002739981377305689,3.2143610711069384,3.214361324822254,6.4259824145518865
d:8:0.002622382971086523,3.214361072727553,3.2143613134248477,6.426100003181315
d:9:0.002518843647297153,3.2143610743634934,3.214361289855296,6.426203520571492
d:10:0.0024249449912723264,3.214361075877289,3.2143612913536472,6.426297422239664
d:11:0.0023133761903784134,3.2143610773538587,3.214361292851912,6.426408994015392
d:12:0.002228191750387687,3.2143610788732984,3.2143612943890063,6.426494181511917
d:13:0.002163216625019615,3.2143610803715608,3.214361295915881,6.426559159662422
d:14:0.0020614780113108466,3.214361082086405,3.2143612974360307,6.4266609015111245
d:15:0.0019889104109225286,3.214361073768737,3.214361298966703,6.426733462324518
d:16:0.0019210972001770799,3.214361075245301,3.2143613004545672,6.426801278499691
d:17:0.0018656148476363654,3.2143610767759703,3.214361289057147,6.426856750985481
d:18:0.0018011508160356016,3.214361068458291,3.214361290584016,6.426921208226272
d:19:0.0017297438086307793,3.2143610700182994,3.214361292219957,6.426992618429625
d:20:0.0016697593518468778,3.2143610717058966,3.214361293750624,6.427052606104674
d:21:0.001638386786236623,3.2143610731824555,3.2143612952680813,6.4270839816643
d:22:0.0015757584364735067,3.2143610747424582,3.2143612846040592,6.427146600910044
d:23:0.0015220649585128143,3.2143610762637973,3.2143612861411497,6.427200297446435
d:24:0.0014686733121198614,3.2143610777906724,3.2143612754771134,6.427253679955665
d:25:0.0014311476105506316,3.2143610793954367,3.214361276998457,6.427291208783343
d:26:0.0013834866325925788,3.2143610808833,3.214361253428875,6.427338847679582
d:27:0.0013471128751856298,3.2143610701006224,3.2143612550494987,6.427375212274935
d:28:0.0013012164540686655,3.2143610716207593,3.2143612566113653,6.427421111778056
d:29:0.0012653736354959477,3.214361073134555,3.2143612581713596,6.427456957670419
d:30:0.001234646442497045,3.2143610746716504,3.2143612597501496,6.427487687979303
d:31:0.0012028445945269084,3.2143610761699115,3.2143612614377535,6.427519493013138
d:32:0.0011520368414634774,3.2143610777905276,3.2143612629143465,6.427570303863411
d:33:0.0011212038399275315,3.214361079327617,3.2143612643909325,6.427601139878622
d:34:0.001091907813751014,3.214361081015212,3.214361265910382,6.4276304391118435
d:35:0.0010675621315208161,3.2143610824917697,3.2143612674086475,6.427654787768896
d:36:0.0010245462092868252,3.214361084096531,3.2143612690134193,6.427697806900664
d:37:0.0010014782783471787,3.2143610857012863,3.214361270527234,6.427720877950174
d:38:0.0009591258338472741,3.214361087416131,3.214361272047384,6.427763233629668
d:39:0.000948331027421645,3.2143610890367427,3.2143612613833352,6.427774019392656
d:40:0.0009168389746054828,3.2143610905580817,3.2143612629204243,6.4278055145039
d:41:0.0008897234364306783,3.214361092034634,3.2143612644187782,6.4278326330169815
d:42:0.0008722485213139564,3.2143610935521005,3.2143612660394005,6.427850111070187
d:43:0.0008405693430120209,3.214361095082772,3.214361267515983,6.427881793255743
d:44:0.0008214652815077272,3.2143610966096468,3.2143612690334407,6.42790090036158
d:45:0.0007929275229088262,3.214361098130981,3.2143612706122284,6.4279294412203
d:46:0.0007751338778820838,3.214361099607528,3.2143612721722223,6.4279472379018685
d:47:0.0007440223232961785,3.2143611011288553,3.214361273808165,6.427978352613724
d:48:0.0007273693305362983,3.214361102707649,3.2143612753700315,6.427995008747144
d:49:0.0007015202708009483,3.2143611041841904,3.214361277057635,6.428020860971024
d:50:0.0006800805483653249,3.214361105672055,3.2143612786194957,6.428042303743185
d:51:0.0006604861393091355,3.214361107193378,3.2143612801813495,6.428061901235418
d:52:0.000637127655991776,3.214361108829326,3.2143612816579283,6.428085262831262
d:53:0.0006172926917065169,3.214361098046638,3.2143612702604973,6.428105075615429
d:54:0.0005931266880780939,3.214361099577306,3.2143612718652674,6.428129244754495
d:55:0.0005808611571191946,3.2143611010967534,3.2143612612012076,6.428141501140842
d:56:0.0005545845664221005,3.2143611026236254,3.2143612626995592,6.4281677807567625
d:57:0.0005373434467550453,3.2143611043384706,3.214361264261408,6.428185025153123
d:58:0.0005191689957246837,3.214361105900344,3.214361265882029,6.428203202786648
d:59:0.000497799559779466,3.214361107419786,3.2143612674021798,6.4282245752621865
d:60:0.00048337865183789575,3.214361108939927,3.214361269117042,6.428238999405131
d:61:0.0004599887254910229,3.214361098157226,3.2143612706153877,6.428262380047123
d:62:0.00044809652859356675,3.2143610996773617,3.214361272194175,6.428274275342943
d:63:0.0004248921018685792,3.2143611013649593,3.2143612737143203,6.4282974829774115
d:64:0.0004110814596476331,3.214361103000905,3.2143612753349364,6.428311296876194
d:65:0.00039261338523299827,3.214361104518373,3.214361276939704,6.428329768072843
d:66:0.0003731047377080188,3.2143611060321735,3.214361278416281,6.428349279710746
d:67:0.0003585160275578758,3.2143610977144905,3.2143612799762744,6.428363861663207
d:68:0.0003377342906913938,3.2143610991910316,3.2143612816911333,6.428384646591474
d:69:0.0003212810863892912,3.214361100728126,3.214361270293689,6.428401089935425
d:70:0.00030618003939419935,3.2143611022494483,3.2143612718536767,6.428416194063731
d:71:0.00028751820644856707,3.214361103770764,3.214361273341552,6.428434858905867
d:72:0.0002758097134663018,3.214361092988051,3.214361274903399,6.428446558177983
d:73:0.00025436700493752795,3.214361094548063,3.214361276440492,6.4284680039836175
d:74:0.0002489613091496423,3.2143610960359292,3.2143612779606334,6.428473412687413
d:75:0.00023513100795735653,3.2143610977235246,3.2143612794589784,6.428487246174545
d:76:0.00021852101277897162,3.214361099260615,3.2143612810637423,6.428503859311578
d:77:0.00020547674842141816,3.2143611008394104,3.214361282590624,6.4285169066816135
d:78:0.00019273848992007458,3.214361102399419,3.2143612841694105,6.428529648078909
d:79:0.00018360053683785793,3.2143611039262914,3.2143612857064983,6.428538789095952
d:80:0.00017251443230126284,3.214361105505081,3.2143612872664833,6.428549878339263
d:81:0.0001589220199011976,3.214361107141025,3.2143612889024307,6.428563474023555
d:82:0.0001507187948108779,3.2143610963582994,3.2143612904007712,6.42857166796426
d:83:0.00014482459837061867,3.2143610978851664,3.214361291914594,6.42857756520139
d:84:0.0001377646010274347,3.2143610994639515,3.214361293445275,6.428584628308199
d:85:0.00012903028398891792,3.214361088681212,3.2143612949331475,6.4285933533303705
d:86:0.00012326040897203683,3.2143610902118835,3.2143612964314836,6.428599126234395
d:87:0.0001202467645509131,3.2143610916997463,3.214361297958362,6.428602142893557
d:88:0.00011494573144865683,3.2143610932785256,3.214361286560906,6.428607434107983
d:89:0.0001096265193467616,3.214361094766383,3.2143612882485155,6.428612756495552
d:90:0.00010696403084597961,3.214361096287697,3.2143612898084974,6.428615422065349
d:91:0.00011234740986676428,3.2143610978090056,3.2143612913259636,6.428610041725102
d:92:0.00011986630239224638,3.214361099339673,3.214361279928493,6.428602512965774
d:93:0.00012334824755111384,3.214361100859811,3.2143612814423124,6.428599034054572
d:94:0.00012894902886717574,3.2143611023581857,3.2143612830210966,6.428593436350416
d:95:0.00013021417168523897,3.2143610909608125,3.2143612845810736,6.428592161370201
d:96:0.00014067243333748536,3.214361092448665,3.2143612862686792,6.428581706284007
d:97:0.00014143488312612362,3.214361094163516,3.214361287788143,6.428580947068532
d:98:0.00013825445895410127,3.2143610834313607,3.214361289424089,6.428584118396496
d:99:0.00013052201930818796,3.2143610849297297,3.2143612910600288,6.428591853970451
d:100:0.00012180017104146401,3.214361086550354,3.2143612926200005,6.428600578999313
d:101:0.00010586743771590079,3.2143610880268985,3.2143612941987807,6.428616514787963
d:102:8.973190269401243e-05,3.214361089586907,3.214361283466628,6.428632641150841
d:103:7.787269196413149e-05,3.214361091301753,3.2143612849935055,6.428644503603294
d:104:6.420313526156463e-05,3.214361082984063,3.214361286481377,6.4286581663301785
d:105:5.179375555020016e-05,3.2143610844606023,3.214361288018467,6.428670578723519
d:106:4.5386273492376006e-05,3.2143610859371354,3.2143612897333314,6.428676989396974
d:107:3.71563023477961e-05,3.214361087435501,3.2143612912704147,6.428685222403567
d:108:2.8835345373678933e-05,3.2143610890402714,3.214361292797286,6.428693546492184
d:109:2.3687088631874076e-05,3.214361090619051,3.2143612943572544,6.428698697887674
d:110:2.048993274073041e-05,3.214361092197824,3.214361295977879,6.428701898242962
d:111:1.6891072265323714e-05,3.214361093717961,3.214361297556655,6.428705500202351
d:112:1.304186710715527e-05,3.2143610952392696,3.214361289239017,6.428709342611179
d:113:1.0630525107302446e-05,3.21436109673755,3.214361290800871,6.428711757013314
d:114:1.0098342041686692e-05,3.214361098425152,3.2143612925157323,6.428712292598842
d:115:7.642845545774435e-06,3.2143610999870362,3.2143612940528112,6.428714751194302
d:116:7.182417068207769e-06,3.2143611017018805,3.21436129554068,6.428715214825493
d:117:6.989332811180304e-06,3.2143611032231836,3.2143612970545012,6.428715410944874
d:118:7.223426270464017e-06,3.2143611046997145,3.214361298591575,6.428715179865018
d:119:6.770008451617571e-06,3.2143611062198474,3.214361290273927,6.428715626485323
d:120:7.928851495364597e-06,3.214361107855798,3.214361291794077,6.428714470798379
d:121:9.076320912626556e-06,3.2143611094158064,3.2143612933559265,6.42871332645082
d:122:1.0813193590308856e-05,3.2143610986836393,3.2143612948760705,6.4287115803661194
d:123:1.2072632236126424e-05,3.21436110024552,3.2143612964379153,6.428710324051199
d:124:1.2454850163656772e-05,3.214361101881464,3.2143612979517315,6.428709944983032
d:125:1.5404288895126683e-05,3.214361103402764,3.2143612995876727,6.428706998701541
d:126:1.5615267414226253e-05,3.214361104929638,3.2143613011051437,6.428706790767367
d:127:1.7960752999535146e-05,3.2143611064490956,3.214361302666982,6.428704448363078
d:128:1.8500242401131572e-05,3.2143611079703884,3.214361304287606,6.428703912015593
d:129:2.295700997478889e-05,3.21436110950749,3.214361305908223,6.428699458405738
d:130:2.5353852363352303e-05,3.2143611111950903,3.214361295176061,6.428697052518788
d:131:2.4909926808369676e-05,3.2143611127569667,3.214361296702933,6.428697499533091
d:132:2.5924170422797488e-05,3.214361114392908,3.2143612982297998,6.428696488452285
d:133:2.8631120063238313e-05,3.2143611159141967,3.214361299944659,6.428693784738792
d:134:2.646760330549114e-05,3.2143611174354794,3.214361291627001,6.428695941459175
d:135:3.234295821297195e-05,3.2143611191230748,3.2143612932317773,6.428690069396639
d:136:3.345026258294581e-05,3.2143611206849467,3.2143612947301223,6.428688965152486
d:137:3.507940984270874e-05,3.2143611222637216,3.2143612963348933,6.428687339188772
d:138:3.483801641213091e-05,3.2143611237943976,3.214361298022505,6.428687583800491
d:139:3.550634196614055e-05,3.214361125354405,3.2143612996272704,6.428686918639709
d:140:3.684316381846742e-05,3.214361126875683,3.2143613012060497,6.428685584917914
d:141:3.810889514621607e-05,3.2143611284963147,3.2143613027274247,6.428684322328594
d:142:3.717482957910079e-05,3.214361130075085,3.2143613042257644,6.428685259471271
d:143:3.876517570233773e-05,3.21436112175739,3.2143613057526275,6.428683662334315
d:144:3.8569996510418036e-05,3.2143611233192577,3.214361307388569,6.428683860711317
d:145:3.9955132095315093e-05,3.214361124856358,3.2143613089933294,6.428682478717592
d:146:4.0412603777184586e-05,3.2143611265439502,3.214361310572104,6.428682024512277
d:147:3.936332310505719e-05,3.214361128164577,3.214361312286962,6.428683077128434
d:148:3.949764617239282e-05,3.2143611174323996,3.214361313846936,6.428682933633163
d:149:3.819030713003713e-05,3.2143611189630725,3.214361315467553,6.428684244123495
d:150:3.8594897370458625e-05,3.2143611204843467,3.2143613169889242,6.4286838425759
d:151:3.7552363598258864e-05,3.2143611220056147,3.2143613062062646,6.428684875848281
d:152:3.834994914875267e-05,3.214361123493479,3.2143613077257394,6.428684081270069
d:153:3.584220835151086e-05,3.2143611251294195,3.2143613094405925,6.428686592361661
d:154:3.5294785875272794e-05,3.2143611266488796,3.2143613109674525,6.428687142830457
d:155:3.42715659753523e-05,3.2143611282536595,3.21436131246575,6.4286881691534346
d:156:3.4102009676573175e-05,3.214361117470915,3.2143613140028293,6.428688329464068
d:157:3.258478383472152e-05,3.214361118969203,3.2143613155335276,6.4286898497188965
d:158:3.1378024991646214e-05,3.214361120656793,3.2143613171694674,6.4286910598012685
d:159:3.132333745448079e-05,3.2143611221706174,3.2143613186573434,6.428691117490507
d:160:2.837846158332269e-05,3.2143611238854697,3.214361307925172,6.428694053349058
d:161:2.6094338648974258e-05,3.2143611254225677,3.2143613094465384,6.428696340530458
d:162:2.4432011442421242e-05,3.214361126942708,3.214361310934409,6.428698005865675
d:163:2.2013753069316522e-05,3.21436111615995,3.214361312451885,6.428700414858765
d:164:2.163007530597838e-05,3.2143611176583273,3.214361313978742,6.428700801561764
d:165:1.9113789170965845e-05,3.214361119146189,3.2143613032465557,6.428703308603574
d:166:1.7278509580442858e-05,3.214361120708057,3.2143612949288913,6.428705137127368
d:167:1.5249396972727425e-05,3.2143611221959127,3.214361296427232,6.428707169226172
d:168:1.3642694376869713e-05,3.2143611237171794,3.2143612979890768,6.428708779011879
d:169:1.256553623552037e-05,3.2143611252050293,3.214361299593839,6.428709859262633
d:170:1.0598340121958927e-05,3.214361116887326,3.2143613012814547,6.428711819828658
d:171:9.548952768057006e-06,3.2143611184491894,3.2143612905492556,6.428712860045676
d:172:9.40223913481475e-06,3.214361119947562,3.21436128223158,6.428712999940007
d:173:8.24684981637347e-06,3.2143611215075736,3.2143612739138914,6.428714148571649
d:174:7.531793782433738e-06,3.214361122995418,3.214361275412188,6.428714866613824
d:175:6.639783189932302e-06,3.214361114677704,3.214361276949267,6.428715751843781
d:176:7.022246622412354e-06,3.2143611162824848,3.214361278511107,6.42871537254697
d:177:8.46779514418472e-06,3.2143611178443434,3.2143612800710835,6.428713930120283
d:178:8.475419322806488e-06,3.214361119371227,3.2143612815693743,6.428713925521278
d:179:1.0098975492311979e-05,3.214361120901902,3.214361283067712,6.4287123049941215
d:180:1.2892412225795624e-05,3.2143611225066775,3.214361284594567,6.428709514689018
d:181:1.4479498433139781e-05,3.2143611117239077,3.2143612861147233,6.428707918340198
d:182:1.7848424898048165e-05,3.2143611132377328,3.2143612878023364,6.428704552615171
d:183:2.2251821603092026e-05,3.2143611147578732,3.2143612893218143,6.428700152258084
d:184:2.7801079370171067e-05,3.2143611162457137,3.21436129083929,6.428694606005633
d:185:3.3370370326579746e-05,3.2143611079279895,3.214361292526898,6.428689030084561
d:186:4.243068459253152e-05,3.214361109404535,3.214361294057599,6.428679972777541
d:187:4.976260080447048e-05,3.214361110964544,3.2143612956194363,6.428672643983176
d:188:5.919425521661026e-05,3.2143611124858107,3.214361297146287,6.428663215376881
d:189:6.974155805039572e-05,3.214361114106444,3.2143612863636166,6.428652658912011
d:190:8.276302715781725e-05,3.2143611157423897,3.2143612878837686,6.428639640599001
d:191:9.504765509493751e-05,3.2143611050102034,3.21436128940124,6.428627346756349
d:192:0.00011009981155396531,3.2143611065240254,3.214361281083543,6.428612287796014
d:193:0.0001171872393825879,3.2143611082388808,3.2143612575139136,6.428605178513411
d:194:0.0001252554873705236,3.214361109800738,3.2143612590352837,6.428597113348651
d:195:0.00012879060320081237,3.214361111331411,3.2143612605659806,6.428593581294191
d:196:0.00012449633840994068,3.2143611128515492,3.214361262144764,6.428597878657904
d:197:0.00011515267113360039,3.214361114371681,3.21436125074729,6.428607212447837
d:198:0.00010808245597093702,3.2143611037076742,3.2143612523091236,6.428614273560827
d:199:9.173900491443732e-05,3.2143611053436167,3.2143612538229567,6.428630620161659
d:200:8.532141934214366e-05,3.2143611068419116,3.2143612431588986,6.428637028581468
d:201:7.106966687242533e-05,3.2143611084206944,3.2143612446572365,6.4286512834110585
d:202:5.715915156390139e-05,3.214361109918983,3.2143612462190645,6.428665196986484
d:203:5.0129749656235845e-05,3.214361111417266,3.214361234821577,6.428672216489186
d:204:4.02801107295403e-05,3.21436111289381,3.214361236319869,6.428682069102949
d:205:3.305086518867739e-05,3.2143611144538196,3.2143612127502093,6.42868927633884
d:206:2.6885305000945436e-05,3.2143611161686727,3.2143612143120315,6.428695445175704
d:207:2.2989639646198157e-05,3.2143611177474507,3.2143612158427235,6.4286993439505284
d:208:1.906587508848645e-05,3.2143611194350497,3.2143612175303304,6.428703271090292
d:209:1.550796687688205e-05,3.214361121013822,3.2143612061328293,6.428706819179775
d:210:1.1758326694533139e-05,3.214361122501664,3.214361207620706,6.428710571795676
d:211:1.0712503615728508e-05,3.2143611240229313,3.2143612091577887,6.428711620677104
d:212:9.303901689072802e-06,3.21436112554044,3.2143612106344035,6.428713032273154
d:213:7.585013094058013e-06,3.214361127061701,3.214361212270352,6.428714754318959
d:214:6.748158217995126e-06,3.2143611187439696,3.214361213906295,6.428715584492047
d:215:7.279073013677362e-06,3.2143611202708584,3.214361215485077,6.428715056682922
d:216:6.624913425845591e-06,3.2143611217846813,3.21436121717268,6.4287157140439355
d:217:7.825650113701954e-06,3.2143611232829614,3.2143612187514563,6.428714516384304
d:218:8.769608194292289e-06,3.2143611247812363,3.214361208087386,6.428713563260428
d:219:1.0084510133623326e-05,3.2143611264018728,3.2143612096087573,6.428712251500496
d:220:1.149402643019215e-05,3.2143611279220052,3.2143612111705777,6.428710845066153
d:221:1.137009484963869e-05,3.214361129483864,3.21436121273056,6.428710972119575
d:222:1.3964101441388266e-05,3.21436113100399,3.214361214248033,6.428708381150582
d:223:1.5595641147392314e-05,3.2143611325411023,3.2143612157655,6.428706752665454
d:224:1.7355287696751986e-05,3.2143611340782074,3.2143612172637908,6.428704996054301
d:225:2.01903252046165e-05,3.2143611356400617,3.2143612187851573,6.428702164100014
d:226:2.1054538815512558e-05,3.21436112732232,3.214361220312012,6.428701293095517
d:227:2.1349908459811218e-05,3.2143611288424414,3.2143612220268807,6.428701000960862
d:228:2.4070554739630268e-05,3.2143611304212123,3.2143612236056542,6.428698283472127
d:229:2.56718047069171e-05,3.2143611319812226,3.2143612251231155,6.428696685299631
d:230:2.779512353701108e-05,3.214361133586007,3.214361226660198,6.428694565122668
d:231:2.8958829737746328e-05,3.2143611350738497,3.2143612282201763,6.428693404464289
d:232:2.860530592130317e-05,3.214361136652616,3.214361229750871,6.428693761097566
d:233:3.110424942764922e-05,3.2143611382313764,3.2143612312879473,6.428691265269896
d:234:3.342709197085014e-05,3.214361139750855,3.21436123292389,6.428688945582774
d:235:3.2865525390946004e-05,3.214361141270972,3.214361234411769,6.42868951015735
d:236:3.537508478768103e-05,3.214361142875753,3.2143612359735885,6.428687003764554
d:237:3.5858483548700804e-05,3.2143611444026425,3.2143612374502055,6.4286865233693
d:238:3.657351060226688e-05,3.214361146007416,3.2143612389703655,6.428685811467179
d:239:3.8052558251955304e-05,3.2143611475286797,3.2143612405074373,6.4286843354778656
d:240:3.737101500878026e-05,3.214361149048793,3.214361242195042,6.428685020228826
d:241:3.796623519125575e-05,3.2143611506088,3.214361243693386,6.428684428066995
d:242:3.796782605558491e-05,3.2143611521394826,3.2143612454082535,6.42868442972168
d:243:3.941616152136618e-05,3.214361141475468,3.2143612340107413,6.428682959324688
d:244:3.805590624850197e-05,3.2143611429955756,3.2143612355321074,6.428684322621434
d:245:3.8269706157834094e-05,3.21436114468318,3.214361237058962,6.4286841120359846
d:246:3.962162790216439e-05,3.214361146181457,3.2143612386637397,6.428682763217294
d:247:3.832259376856939e-05,3.214361147701559,3.2143612401838957,6.4286840652916855
d:248:3.882060600268744e-05,3.2143611493891577,3.2143612418045375,6.428683570587692
d:249:3.603526342743635e-05,3.2143611509939287,3.214361243318379,6.42868635904888
d:250:3.667848558119857e-05,3.214361152520817,3.214361244806257,6.428685718841493
d:251:3.556356196199317e-05,3.2143611540086594,3.214361246343326,6.428686836790023
d:252:3.6759987401602245e-05,3.2143611555261744,3.2143612478571617,6.4286856433959345
d:253:3.413406013486053e-05,3.214361157213769,3.214361249418981,6.428688272572614
d:254:3.144153930456639e-05,3.214361158773774,3.2143612509977557,6.428690968232225
d:255:3.2236811859931436e-05,3.214361160250329,3.214361252496097,6.428690175934566
d:256:2.9964198798637653e-05,3.2143611617381667,3.2143612540748663,6.428692451614234
d:257:2.9991701346432365e-05,3.214361163275276,3.2143612556055614,6.428692427179492
d:258:2.638177924652041e-05,3.214361164962866,3.214361257167375,6.428696040350994
d:259:2.491638819002162e-05,3.2143611665228655,3.214361258684841,6.428697508819516
d:260:2.3736040919430934e-05,3.2143611679994155,3.21436126030548,6.428698692263977
d:261:2.1571243182805233e-05,3.214361169475959,3.214361262020347,6.428700860253123
d:262:2.032792021644525e-05,3.214361171096604,3.214361263656293,6.428702106832681
d:263:1.757620097109225e-05,3.214361172623489,3.2143612651701257,6.428704861592644
d:264:1.609886485010037e-05,3.214361174111324,3.2143612666839525,6.428706341930426
d:265:1.4217664610960412e-05,3.2143611756251556,3.2143612682146445,6.428708226175189
d:266:1.3112968804129821e-05,3.2143611773127416,3.2143612697129433,6.42870933405688
d:267:1.2112154138321785e-05,3.2143611666487173,3.2143612713335776,6.428710325828156
d:268:1.0688031553129917e-05,3.2143611681858233,3.2143612728642643,6.4287117530185345
d:269:8.793373091009471e-06,3.21436116970709,3.2143612744430317,6.428713650777031
d:270:7.90607970024837e-06,3.214361171285855,3.214361275919653,6.428714541125808
d:271:7.863435480537362e-06,3.214361162968109,3.214361277446509,6.428714576979138
d:272:7.753500188556472e-06,3.214361164488212,3.2143612790252707,6.428714690013294
d:273:7.127493051761746e-06,3.214361166092985,3.2143612807401354,6.428715319340069
d:274:7.681886653898573e-06,3.214361167697751,3.2143612822384307,6.428714768049527
d:275:7.763513165670588e-06,3.2143611693853327,3.214361283715047,6.428714689587213
d:276:9.317865718116991e-06,3.214361170906595,3.2143612852133363,6.4287131382542135
d:277:1.0397103174852873e-05,3.214361172427851,3.214361286928196,6.428712062252872
d:278:1.3400384790251962e-05,3.214361173926252,3.2143612884483566,6.428709061989818
d:279:1.6501927652790016e-05,3.214361175531013,3.2143612901359684,6.428705963739328
d:280:2.2534153002240487e-05,3.2143611770294083,3.2143612916125797,6.428699934488986
d:281:2.661987905838714e-05,3.2143611785059516,3.2143612931327343,6.4286958517596275
d:282:3.286489672582604e-05,3.214361180220824,3.214361294631078,6.4286896099551765
d:283:3.9183259170627593e-05,3.214361181742075,3.2143612961449053,6.42868329462781
d:284:4.360394640645637e-05,3.214361183456942,3.2143612976215117,6.4286788771320476
d:285:5.5709296979955525e-05,3.214361184983828,3.2143612992421455,6.428666774928994
d:286:6.430086777253763e-05,3.214361186671407,3.2143613007404315,6.428658186544066
d:287:7.496724780864383e-05,3.214361188198288,3.2143613023004227,6.428647523250902
d:288:8.362401894501659e-05,3.214361189696678,3.2143613039052092,6.428638869582942
d:289:0.0001015830810020546,3.2143611913842522,3.2143613054651943,6.4286209137684445
d:290:0.00010812968208551155,3.2143611930048994,3.2143613069958823,6.428614370318696
d:291:0.00011812223970864011,3.2143611822221287,3.2143613086318306,6.42860436861425
d:292:0.00011746668506518176,3.214361183783999,3.21436131031944,6.428605027418374
d:293:0.0001206458939444488,3.214361185271835,3.214361311940071,6.4286018513179615
d:294:0.00011661510993121738,3.2143611738744684,3.2143613012759964,6.428605860040534
d:295:0.00010938354256140315,3.2143611630916844,3.214361302990856,6.428613082539979
d:296:9.926743096766444e-05,3.214361164779253,3.214361292326769,6.428623189675054
d:297:8.939284118980595e-05,3.2143611662776403,3.214361294041622,6.4286330674780725
d:298:7.60339715490943e-05,3.214361167795164,3.2143612955787,6.428646429402315
d:299:6.58668661879247e-05,3.2143611693152687,3.2143612971405204,6.428656599589601
d:300:5.300489945536668e-05,3.214361170951238,3.2143612986388637,6.428669464690646
d:301:4.3622291030942506e-05,3.214361172449526,3.2143613001590183,6.428678850317514
d:302:3.6495541357872696e-05,3.214361174028296,3.2143613016791663,6.4286859801661045
d:303:3.1679936998152414e-05,3.214361175588303,3.2143612902816465,6.428690785932951
d:304:2.722608672112159e-05,3.2143611770648475,3.2143612919692535,6.42869524294738
d:305:2.0681637911579287e-05,3.2143611785413846,3.2143612936841026,6.428701790587576
d:306:1.7862981621874496e-05,3.21436118016203,3.2143612952440863,6.428704612424495
d:307:1.3842831029009517e-05,3.21436118168891,3.2143612967423723,6.428708635600254
d:308:1.1271141321600453e-05,3.214361183226023,3.214361298457216,6.428711210541918
d:309:9.534586493664676e-06,3.214361184746125,3.2143613001448177,6.4287129503044484
d:310:7.859602806803423e-06,3.2143611862662205,3.2143613016622927,6.428714628325706
d:311:7.339877038603504e-06,3.2143611879810887,3.214361303224111,6.428715151328161
d:312:7.262418764142353e-06,3.2143611895117874,3.2143613047007196,6.428715231793743
d:313:7.227768358042397e-06,3.214361191199356,3.214361306214549,6.428715269645547
d:314:7.44438113464696e-06,3.2143611927262317,3.2143613077359325,6.42871505608103
d:315:9.011472464237613e-06,3.2143611944410955,3.2143613092730097,6.428713492241641
d:316:9.347664535752642e-06,3.2143611959176304,3.2143613108100806,6.428713159063175
d:317:1.028035632621993e-05,3.2143611976051925,3.2143613123471453,6.4287122295960115
d:318:1.105163346970528e-05,3.2143611990817225,3.214361313867293,6.428711461315546
d:319:1.2436955007188999e-05,3.2143612005800097,3.214361305549603,6.428710069174606
d:320:1.3512661048764585e-05,3.2143612022006534,3.214361307185555,6.42870899672516
d:321:1.6106895171397184e-05,3.214361203779423,3.2143613086621596,6.428706405546412
d:322:1.8709362633373416e-05,3.214361205298924,3.214361297998062,6.4287037939343525
d:323:1.8945169032669185e-05,3.2143612067867635,3.2143612997129036,6.428703561330635
d:324:2.0618194760402275e-05,3.2143612083062587,3.2143613012112477,6.428701891322746
d:325:2.3779401693957425e-05,3.2143612098369556,3.2143613027287223,6.4286987331639835
d:326:2.472150701482434e-05,3.2143612113353455,3.214361304216618,6.428697794044949
d:327:2.5388521014413357e-05,3.214361212856604,3.2143613057361353,6.428697130071725
d:328:2.7285848523739276e-05,3.214361214376095,3.2143613072127355,6.428695235740307
d:329:2.9028755625937208e-05,3.2143612158639296,3.2143613087341167,6.4286934958424204
d:330:2.95233615439372e-05,3.2143612175787917,3.214361310294102,6.42869300451135
d:331:3.1264867072167135e-05,3.214361219098276,3.2143613019764024,6.428691256207607
d:332:3.219748563854097e-05,3.2143612205965613,3.214361303493873,6.428690326604795
d:333:3.4022337137784575e-05,3.214361222158438,3.2143613050133855,6.428688504834685
d:334:3.545066066124036e-05,3.2143612238460006,3.214361306534762,6.428687079720101
d:335:3.6285048648387885e-05,3.2143612255335565,3.214361308094742,6.42868624857965
d:336:3.765478342465656e-05,3.214361227112324,3.2143613096565615,6.428684881985461
d:337:3.997133462974034e-05,3.2143612288271823,3.214361311371401,6.4286825688639535
d:338:3.931225465159116e-05,3.2143612304631577,3.2143613128697432,6.428683231078249
d:339:4.043143396437188e-05,3.2143612320838018,3.2143613143911147,6.428682115040952
d:340:3.6012063547197215e-05,3.214361233719772,3.214361315904947,6.4286865375611715
d:341:3.98662462366417e-05,3.21436123524665,3.214361317483724,6.428682686484137
d:342:3.941939175700071e-05,3.2143612367667496,3.214361319003872,6.428683136378864
d:343:4.066726544849075e-05,3.2143612383286233,3.2143613205656876,6.428681891628862
d:344:3.7605447096744626e-05,3.214361239827013,3.2143613220640246,6.428684956443941
d:345:3.972981722544233e-05,3.214361229044222,3.214361323590899,6.428682822817896
d:346:3.6168056763763445e-05,3.2143612306489993,3.214361325067499,6.428686387659734
d:347:3.679563324965329e-05,3.214361232168482,3.214361326782336,6.428685763317569
d:348:3.515865418357578e-05,3.214361233789122,3.214361328497166,6.428687403632105
d:349:3.513108904584783e-05,3.2143612352656543,3.2143613300342353,6.428687434210843
d:350:3.42332791731792e-05,3.2143612367851313,3.2143613315649353,6.428688335070893
d:351:3.258815041462526e-05,3.214361213215542,3.2143613331437093,6.428689958208837
d:352:3.36852854321279e-05,3.2143612148515084,3.214361334680773,6.428688864246849
d:353:3.118129470003339e-05,3.214361203454134,3.2143613362009176,6.428691358360352
d:354:2.7587462013478614e-05,3.2143612049753942,3.2143613377210563,6.428694955234437
d:355:2.6011904953548992e-05,3.2143612064736806,3.214361339242427,6.428696533811154
d:356:2.6360965580174422e-05,3.2143612080108026,3.214361340821196,6.428696187866419
d:357:2.3735918636802467e-05,3.2143612095091894,3.2143613423518915,6.428698815942444
d:358:2.3787606010294837e-05,3.214361211071061,3.214361343956694,6.428698767421745
d:359:2.094294021226517e-05,3.214361212592316,3.214361345561491,6.428701615213594
d:360:1.8457779217051495e-05,3.2143612018095133,3.2143613348973843,6.428704078927681
d:361:1.6878727477021016e-05,3.214361203286043,3.2143613364148567,6.4287056609734226
d:362:1.4411128873348389e-05,3.214361204816744,3.214361337976672,6.428708131664543
d:363:1.3544633916673376e-05,3.2143612063767644,3.214361339474969,6.4287090012178165
d:364:1.1692425204934409e-05,3.2143612079367787,3.214361341036778,6.428710856548352
d:365:1.0733014351949066e-05,3.2143612094351615,3.214361330372658,6.428711806793467
d:366:8.634898621906473e-06,3.214361211071126,3.2143613319933055,6.428713908165809
d:367:9.058528117833475e-06,3.2143612125923777,3.2143613334916443,6.428713487555904
d:368:8.068229800706206e-06,3.214361214129497,3.2143613352064753,6.428714481106172
d:369:7.600236015647965e-06,3.2143612157654564,3.214361336827117,6.428714952356557
d:370:7.452957301978813e-06,3.214361217284933,3.2143613383871026,6.428715102714733
d:371:7.658933483867258e-06,3.2143612187832167,3.214361330069398,6.428714889919131
d:372:9.211574218959129e-06,3.2143611952135958,3.21436133160646,6.428713315245837
d:373:8.468422025842415e-06,3.214361196701438,3.214361320942327,6.428714049221739
d:374:1.0792235555001639e-05,3.214361198232137,3.2143613224624654,6.428711728459048
d:375:1.291062440067492e-05,3.2143611868347497,3.214361323982598,6.428709600192947
d:376:1.6293970813485714e-05,3.214361188439529,3.2143613254808923,6.428706219949608
d:377:1.9503897858541563e-05,3.2143611899379083,3.214361327000413,6.428703013040463
d:378:2.272164465821902e-05,3.2143611914517702,3.214361328498702,6.428699798305814
d:379:2.728451739919535e-05,3.214361192939608,3.2143613299866085,6.428695238408817
d:380:3.498883546448894e-05,3.214361194453464,3.214361331607247,6.428687537225246
d:381:4.303472487698912e-05,3.214361183721286,3.214361333212044,6.428679482208453
d:382:4.774846979849201e-05,3.214361185357242,3.214361334832676,6.42867477172012
d:383:5.70471200722622e-05,3.214361186962016,3.214361336309282,6.428665476151226
d:384:6.970640926784455e-05,3.214361188499134,3.214361337807619,6.4286528198974855
d:385:8.116110689471157e-05,3.214361190016678,3.214361339321459,6.428641368231243
d:386:9.009516523672545e-05,3.2143611915149606,3.2143613408415885,6.428632437191312
d:387:9.915613467370576e-05,3.214361192991491,3.214361342477555,6.428623379334372
d:388:0.00010658308638777925,3.214361194511598,3.214361344037539,6.4286159554627496
d:389:0.00011353297757743519,3.2143611960254503,3.2143613455358717,6.428609008583745
d:390:0.00011586469461732918,3.214361197604229,3.2143613470976824,6.428606680007293
d:391:0.0001114417008167834,3.2143611992089993,3.2143613486347453,6.428611106142927
d:392:0.0001075157126617654,3.214361200844952,3.2143613502553747,6.428615035387665
d:393:9.875950060589389e-05,3.214361190180928,3.2143613517692105,6.428623782449533
d:394:9.111748323675783e-05,3.2143611787835287,3.214361353267538,6.42863141456783
d:395:8.300867333854711e-05,3.2143611803036314,3.214361354787058,6.428639526417351
d:396:7.024237885211448e-05,3.214361181863649,3.2143613441229153,6.428652283607712
d:397:5.8247227745944485e-05,3.2143611833837453,3.2143613455995186,6.428664281755518
d:398:4.9162974311123264e-05,3.214361184914445,3.2143613472043135,6.428673369144447
d:399:4.2880645182208355e-05,3.214361186445138,3.214361348721792,6.428679654521748
d:400:3.430426617079263e-05,3.2143611881600087,3.214361337989605,6.4286882218834425
d:401:2.9504218868048326e-05,3.2143611897200213,3.214361329671893,6.428693015173047
d:402:2.298730685268424e-05,3.2143611783226085,3.2143613311598,6.428699522175556
d:403:1.871840852452067e-05,3.2143611798427005,3.2143613327197826,6.428703794153959
d:404:1.4878652508265588e-05,3.214361181369591,3.2143613342466693,6.428707636963752
d:405:1.283418862918495e-05,3.2143611828834424,3.214361335744961,6.428709684439774
d:406:1.0282579365750166e-05,3.214361184403528,3.214361337459797,6.428712239283959
d:407:8.949571432381731e-06,3.214361185940646,3.2143613389811767,6.42871357535039
d:408:7.783406344330501e-06,3.2143611874713356,3.21436134050255,6.428714744567541
d:409:7.69400762479222e-06,3.2143611889914157,3.2143613420625283,6.42871483704632
d:410:6.97050620068751e-06,3.2143611906120686,3.214361343641308,6.428715563747176
d:411:7.022094087538733e-06,3.2143611921103523,3.2143613451720148,6.428715515188279
d:412:7.594070261518482e-06,3.2143611937463037,3.214361346670341,6.428714946346384
d:413:8.888036470366956e-06,3.214361195461173,3.2143613483579703,6.428713655782673
d:414:9.291457214288812e-06,3.2143611970818204,3.214361349871807,6.4287132554964135
d:415:1.1044094144985195e-05,3.214361198612506,3.2143613513913265,6.428711505909687
d:416:1.1804959895833633e-05,3.2143612001108908,3.214361352922028,6.428710748073023
d:417:1.39612556990798e-05,3.214361201672774,3.2143613544395047,6.428708594856579
d:418:1.473960934816887e-05,3.214361203192259,3.214361343707307,6.428707807290218
d:419:1.6538742334759604e-05,3.214361204719148,3.214361345343277,6.42870601132009
d:420:1.8910388831727687e-05,3.2143612064067244,3.2143613468607493,6.4287036428786415
d:421:1.9848884461382e-05,3.21436119574269,3.21436134838212,6.428702695240348
d:422:2.2959970387148587e-05,3.214361197378639,3.214361349895952,6.428699587304203
d:423:2.274097244558959e-05,3.2143611989405176,3.214361351416087,6.42869980938416
d:424:2.6469840276099887e-05,3.214361187543093,3.2143613529335533,6.42869607063637
d:425:2.6841165233548736e-05,3.2143611891049653,3.214361354421461,6.428695702361193
d:426:2.762228442332315e-05,3.214361177707526,3.214361355938922,6.428694911362025
d:427:3.156008624749518e-05,3.2143611792059077,3.2143613574372467,6.428690976556907
d:428:3.017901722657257e-05,3.21436118073659,3.214361358935539,6.428692360654902
d:429:3.006611422229355e-05,3.2143611822244367,3.214361360650376,6.42869247676059
d:430:3.3038926215311903e-05,3.2143611837863038,3.214361362255175,6.428689507115264
d:431:3.473120892838466e-05,3.2143611853075686,3.214361353937456,6.428687808036096
d:432:3.5798550388932426e-05,3.2143611868251223,3.214361355516237,6.428686743790971
d:433:3.642683625049159e-05,3.2143611884610674,3.214361357004141,6.428686118628958
d:434:3.734822053313991e-05,3.2143611777970205,3.2143613585255095,6.428685188101997
d:435:3.87166116384563e-05,3.2143611663995677,3.2143613600524006,6.42868380984033
d:436:3.773090228165188e-05,3.214361168020215,3.2143613615698574,6.42868479868779
d:437:3.750617156850211e-05,3.214361169518593,3.2143613532521274,6.428685016599152
d:438:3.781664059765433e-05,3.214361171139235,3.214361354872765,6.428684709371403
d:439:3.819118498249452e-05,3.2143611726587196,3.214361356434585,6.428684337908322
d:440:3.880519414778405e-05,3.214361174263499,3.2143613579559487,6.4286837270253
d:441:3.913152545464982e-05,3.2143611635994396,3.2143613594760834,6.428683391550068
d:442:3.770563312066599e-05,3.214361165159458,3.214361360974406,6.428684820500743
d:443:3.845408188052346e-05,3.2143611666863476,3.2143613624957643,6.428684075100231
d:444:3.796783740117604e-05,3.2143611684012185,3.214361364009597,6.428684564573414
d:445:3.860468160787889e-05,3.2143611699187686,3.214361365536484,6.428683930773644
d:446:3.614017308706252e-05,3.2143611714363125,3.214361367224118,6.4286863984873435
d:447:3.4401524786176196e-05,3.214361173072255,3.2143613688289157,6.4286881403763845
d:448:3.2052811199001496e-05,3.214361174708193,3.214361370349045,6.428690492246039
d:449:3.243509348926921e-05,3.2143611762294566,3.2143613719538378,6.4286901130898055
d:450:2.9894540157116012e-05,3.2143611777913237,3.2143613734909127,6.428692656742079
d:451:2.9298138920275107e-05,3.2143611792896127,3.2143613750696933,6.428693256220385
d:452:2.7118083202992693e-05,3.2143611810044814,3.214361376583522,6.4286954395048
d:453:2.44978946284391e-05,3.2143611825257397,3.2143613781048774,6.428698062735989
d:454:2.4650683684512842e-05,3.2143611840432795,3.2143613795814927,6.428697912941088
d:455:2.2149696458306778e-05,3.214361185564532,3.2143613811016176,6.428700416969691
d:456:2.060463534636625e-05,3.214361187041078,3.214361382632325,6.428701965038057
d:457:1.9985279290146707e-05,3.2143611756436132,3.2143613841461494,6.4287025745104724
d:458:1.6646451060253753e-05,3.2143611771574743,3.2143613856662685,6.4287059163726825
d:459:1.5776783776288994e-05,3.214361178717492,3.2143613872869077,6.428706789220623
d:460:1.3894264331071327e-05,3.2143611802481775,3.214361388763518,6.428708674747364
d:461:1.2473879662522336e-05,3.2143611818529574,3.214361390240122,6.428710098213417
d:462:1.0843728833975774e-05,3.214361183390086,3.214361391800111,6.428711731461362
d:463:9.994366606314031e-06,3.2143611849500986,3.2143613933788893,6.4287125839623815
d:464:8.567103833456713e-06,3.2143611865119635,3.214361394866797,6.428714014274927
d:465:7.85452385798635e-06,3.214361188090758,3.2143613841345906,6.4287147177014905
d:466:8.533726115089735e-06,3.2143611896955333,3.214361375816854,6.4287140317862725
d:467:6.649009524295479e-06,3.2143611790314632,3.214361377343741,6.42871590736568
d:468:7.4461855570362445e-06,3.2143611676339856,3.2143613790585848,6.428715100507014
d:469:7.6197374347941604e-06,3.2143611691540777,3.2143613806204083,6.428714930037051
d:470:8.361695671865732e-06,3.2143611707588478,3.214361382308043,6.428714191371219
d:471:9.98251946526807e-06,3.214361172278934,3.2143613838349254,6.428712573594394
d:472:1.12749261953482e-05,3.2143611737927924,3.2143613853115265,6.4287112841781235
d:473:1.3500831601120922e-05,3.214361175291175,3.2143613869991556,6.428709061458729
d:474:1.706984945215595e-05,3.2143611768087146,3.214361388619792,6.428705495579054
d:475:2.2989730713796064e-05,3.2143611782852592,3.2143613901076966,6.4286995786622425
d:476:2.609505204098639e-05,3.214361179773114,3.214361391606024,6.428696476327097
d:477:3.068033598907505e-05,3.214361181334976,3.214361393127381,6.428691894126368
d:478:3.86714761662077e-05,3.214361182854467,3.2143613947061582,6.428683906084459
d:479:4.6099442017499825e-05,3.2143611843757203,3.214361396226278,6.428676481159981
d:480:5.7750051315252904e-05,3.2143611859357315,3.2143613977401024,6.428664833624518
d:481:6.031483012769456e-05,3.214361187455815,3.214361399228002,6.428662271853689
d:482:7.346581208622638e-05,3.214361188982711,3.2143614007263253,6.42864912389695
d:483:8.214923232952032e-05,3.214361190561505,3.214361402243791,6.4286404435729665
d:484:9.145785008435325e-05,3.2143611669918424,3.214361403774501,6.428631112916259
d:485:9.723607910849807e-05,3.2143611685093783,3.2143614052511,6.428625337681369
d:486:0.00010564029652559981,3.214361170130028,3.2143614068298736,6.428616936663376
d:487:0.00011001199225368907,3.2143611717659715,3.2143614083281777,6.4286125681018955
d:488:0.00010925739609302099,3.2143611732642654,3.214361409804771,6.428613325672943
d:489:0.00010945190501132629,3.214361174762553,3.2143614114095698,6.428613134267112
d:490:0.00010274682051658601,3.214361176299685,3.2143614128974662,6.4286198423766345
d:491:9.385184963406346e-05,3.2143611777980667,3.214361414612312,6.428628740560745
d:492:8.341013960500021e-05,3.2143611792859192,3.2143614161741354,6.42863918532045
d:493:7.418305384199186e-05,3.2143611807737664,3.2143614176942537,6.4286484154141785
d:494:6.34629502309636e-05,3.2143611822938474,3.214361419182145,6.428659138525761
d:495:5.3957113319569316e-05,3.214361183824538,3.2143614206804454,6.428668647391664
d:496:4.7449058228288266e-05,3.2143611853863994,3.214361422259215,6.428675158587386
d:497:3.730474036434117e-05,3.214361186991171,3.214361423837978,6.428685306088784
d:498:3.0334950348098744e-05,3.2143611885511816,3.214361425359335,6.428692278960169
d:499:2.6335297539148428e-05,3.2143611777683785,3.214361417041592,6.4286962595124315
d:500:2.2596421805687328e-05,3.2143611792990643,3.214361418620349,6.4287000014976075
d:501:1.6960249228148427e-05,3.2143611709813413,3.2143614201803437,6.428705630912457
d:502:1.4871642241232053e-05,3.2143611725082355,3.214361421678641,6.428707722544635
d:503:1.1785892414017951e-05,3.214361174128885,3.2143614232386297,6.4287108114751
d:504:9.215838501219764e-06,3.2143611756464203,3.214361424752456,6.428713384560375
d:505:8.235298803782598e-06,3.214361177167676,3.21436142644009,6.428714368308962
d:506:7.704570655242549e-06,3.214361178644224,3.2143614279384147,6.428714902011984
d:507:7.646817210549273e-06,3.2143611802648673,3.2143614294263037,6.42871496287396
d:508:7.487105132319982e-06,3.2143611817527127,3.214361430988127,6.428715125635708
d:509:7.654789498268144e-06,3.21436118337335,3.214361432525215,6.428714961109066
d:510:7.223048282156697e-06,3.214361184910481,3.2143614340521034,6.428715395914303
d:511:9.07089006663142e-06,3.21436118643056,3.214361435582817,6.428713551123311
d:512:9.889244777738782e-06,3.214361187944425,3.214361437100286,6.428712735799934
d:513:1.1039747983332404e-05,3.214361189458283,3.214361438576881,6.428711588287181
d:514:1.3175341150528652e-05,3.214361191020144,3.2143614277942345,6.4287094434732275
d:515:1.3303047171397964e-05,3.2143611925801534,3.214361429481865,6.428709319014847
d:516:1.5893121442900338e-05,3.214361181797339,3.2143614309956883,6.428706719671585
d:517:1.7378008161372804e-05,3.2143611833761376,3.2143614325131526,6.428705237881129
d:518:1.9756613498955744e-05,3.2143611849809086,3.2143614241954004,6.42870285256281
d:519:1.922792866437817e-05,3.214361186518036,3.214361425726109,6.42870338431548
d:520:2.3010195411288237e-05,3.2143611880164205,3.2143614150619677,6.428699592882976
d:521:2.345749967158639e-05,3.2143611895359183,3.214361416582087,6.428699148618334
d:522:2.4575942650706395e-05,3.214361178803742,3.2143614181608444,6.428698021021936
d:523:2.8839631959876044e-05,3.2143611805186265,3.2143614196374366,6.428693760524103
d:524:2.822608874364363e-05,3.2143611821545743,3.21436142116814,6.428694377233971
d:525:2.9667945876887813e-05,3.214361183790517,3.2143614226664368,6.428692938511077
d:526:3.2886882314286936e-05,3.21436118528881,3.214361412002282,6.4286897104087775
d:527:3.2736413626999195e-05,3.2143611868676056,3.2143614036845185,6.428689854138497
d:528:3.471329287485503e-05,3.214361188387684,3.2143614051828093,6.428687880277618
d:529:3.5022926629935114e-05,3.214361189992452,3.2143614067615625,6.428687573827384
d:530:3.367729428127575e-05,3.214361191597215,3.2143614084491907,6.428688922752125
d:531:3.8996173528538236e-05,3.2143611930850606,3.214361410053997,6.428683606965529
d:532:3.685436133338271e-05,3.2143611823528713,3.2143613993217857,6.428685727313324
d:533:3.858273687740166e-05,3.214361183851254,3.2143614008588735,6.4286840019732505
d:534:3.769307923828791e-05,3.2143611854718928,3.2143614024795237,6.428684894872178
d:535:3.826600468670449e-05,3.2143611871078317,3.2143614040102237,6.428684325113369
d:536:3.8867097061690004e-05,3.214361188627906,3.2143614055409175,6.428683727071761
d:537:3.765631776175837e-05,3.2143611901897677,3.2143614071457187,6.428684941017725
d:538:3.7847075012642506e-05,3.2143611917685595,3.214361398827945,6.428684743521492
d:539:3.939961542709369e-05,3.2143611810363577,3.2143614003493086,6.428683181770239
d:540:3.7354861111893456e-05,3.214361182751241,3.214361401911135,6.428685229801264
d:541:3.785144292933751e-05,3.2143611842687827,3.2143614033877252,6.428684736213579
d:542:3.811865385650037e-05,3.2143611859836594,3.214361405023729,6.428684472353532
d:543:3.61417154266519e-05,3.2143611875624463,3.2143613967059443,6.428686442552964
d:544:3.3415370165101876e-05,3.2143611890825166,3.21436139826594,6.4286891719782915
d:545:3.212854225331796e-05,3.214361190600052,3.2143613998865863,6.4286904619443845
d:546:3.257842798731758e-05,3.214361192098432,3.214361401446576,6.42869001511702
d:547:3.0740044200783245e-05,3.214361193677213,3.2143614030083976,6.42869185664141
d:548:2.8431249518234836e-05,3.2143611952079074,3.2143614046131956,6.428694168571585
d:549:2.6942286611486566e-05,3.214361196745038,3.2143614061731793,6.428695660631606
d:550:2.653500328353431e-05,3.2143611983656752,3.2143614077331573,6.4286960710955485
d:551:2.3995032933044058e-05,3.2143611999256896,3.214361409293129,6.428698614185885
d:552:2.3511491478167557e-05,3.2143612016405636,3.2143614109137704,6.428699101062856
d:553:2.241937902791591e-05,3.2143612031618276,3.2143614124508595,6.428700196233659
d:554:2.1209875148642254e-05,3.214361204766592,3.2143614139683283,6.428701408859771
d:555:1.7692085463316687e-05,3.214361206280457,3.214361415655958,6.4287049298509515
d:556:1.7148670056421622e-05,3.2143612078175834,3.2143614073381643,6.428705466485691
d:557:1.5043184893315242e-05,3.214361209377592,3.2143614088577235,6.428707575050423
d:558:1.3345631286298953e-05,3.2143612108758894,3.21436141041769,6.4287092756622926
d:559:1.1006739789820585e-05,3.21436121241301,3.2143614020998847,6.428711607773105
d:560:1.0323221311558939e-05,3.2143612138895685,3.21436140378751,6.428712294455766
d:561:1.0100182326944207e-05,3.21436121560444,3.2143614052858447,6.428712520707958
d:562:8.153468801452846e-06,3.2143612171832197,3.214361406906483,6.428714470620902
d:563:8.03418116124277e-06,3.214361218697081,3.214361408466445,6.428714592982365
d:564:7.831385538281666e-06,3.214361207914259,3.2143614099865725,6.428714786515293
d:565:6.567851811745129e-06,3.2143612094343292,3.2143614115066925,6.42871605308921
d:566:7.616980096436521e-06,3.2143612109543938,3.214361412994593,6.428715006968891
d:567:7.715880217418203e-06,3.2143612125903367,3.2143614046767772,6.428714901386897
d:568:8.909974607007598e-06,3.2143612142262734,3.2143614061751076,6.4287137104267735
d:569:1.0884592955839878e-05,3.214361215746333,3.214361407889972,6.428711739043349
d:570:1.3202379474996917e-05,3.214361217244714,3.214361409416872,6.428709424282111
d:571:1.575947276766243e-05,3.214361218743009,3.2143614109786953,6.428706870248937
d:572:1.9417352965511725e-05,3.2143612204306273,3.214361412693553,6.428703215771215
d:573:2.3613400172095567e-05,3.2143612221454956,3.2143614019613316,6.428699010706655
d:574:3.178435104622679e-05,3.2143612238603576,3.2143614035212904,6.428690843030601
d:575:3.346417384797462e-05,3.2143612131281465,3.2143614050583786,6.428689154012677
d:576:4.359614846105586e-05,3.214361214706924,3.21436140663714,6.428679025195604
d:577:5.2419261692193686e-05,3.2143612162856967,3.214361408135467,6.428670205159472
d:578:5.582909557944049e-05,3.2143612177622543,3.2143613974032332,6.428666786069908
d:579:6.930033406060687e-05,3.2143612192835205,3.214361398922792,6.428653317872252
d:580:7.544188661690043e-05,3.214361220971136,3.2143614004846106,6.428647179569129
d:581:8.147234555266891e-05,3.214361222575901,3.2143614020059808,6.428641152236329
d:582:9.245475959573923e-05,3.214361224089762,3.214361403720835,6.428630173051001
d:583:0.00010003819645731937,3.2143612256268836,3.2143614052403895,6.428622592670816
d:584:0.00010296751298621842,3.214361217309162,3.214361406928015,6.428619656724191
d:585:0.00010200650330105532,3.214361218945097,3.2143614084651,6.428620620906896
d:586:0.00010427636154730635,3.21436122044339,3.214361409986466,6.428618354068309
d:587:9.892556972790345e-05,3.214361221980506,3.214361411506587,6.428623707917365
d:588:9.611809097176405e-05,3.2143612234788863,3.2143614007743397,6.428626506162254
d:589:8.997365203278207e-05,3.2143612250095877,3.214361389991687,6.4286326413492425
d:590:8.096544621771784e-05,3.214361214277365,3.2143613915535023,6.428641640384649
d:591:6.818460240065605e-05,3.2143612157974233,3.214361393241124,6.4286544244361465
d:592:5.701122026913197e-05,3.2143612050145904,3.214361394877138,6.428665588671459
d:593:5.145773317760671e-05,3.2143612065024505,3.2143613963946116,6.428671145163885
d:594:4.304961044354627e-05,3.214361208039562,3.2143613979084527,6.4286795563375705
d:595:3.618819829931397e-05,3.2143612095608263,3.2143613994702633,6.42868642083279
d:596:2.7593107648549164e-05,3.214361211139597,3.214361400987732,6.42869501901968
d:597:2.4601288267867005e-05,3.2143612127755294,3.2143614025051948,6.428698013992457
d:598:2.060172794138282e-05,3.2143612143126363,3.2143614040035215,6.4287020165882165
d:599:1.5187704552666048e-05,3.214361215830182,3.2143614055406036,6.428707433666233
d:600:1.3368562129301154e-05,3.2143612175450453,3.2143614070675075,6.428709256050423
d:601:1.0957677208267569e-05,3.214361219180973,3.2143613963352484,6.428711657839013
d:602:9.487391100293507e-06,3.2143612207597396,3.2143613978952095,6.428713131263849
d:603:7.915184708551237e-06,3.2143612222475952,3.2143613871629357,6.428714694225823
d:604:6.711553040439355e-06,3.2143612238263555,3.214361388650842,6.428715900924157
d:605:7.248043692342776e-06,3.2143612253029157,3.2143613901709625,6.428715367430186
d:606:7.754685048766419e-06,3.2143612269905324,3.2143613793882975,6.4287148516937815
d:607:7.758401593171982e-06,3.214361228488913,3.214361381024309,6.4287148511116285
d:608:8.097014931429669e-06,3.2143612301765234,3.2143613825613877,6.428714515722979
d:609:9.046813987723112e-06,3.2143612316977865,3.214361384080943,6.428713568964742
d:610:1.0980489102863089e-05,3.214361220965552,3.21436138570159,6.428711626178039
d:611:1.206746710025186e-05,3.2143612102333043,3.214361387337596,6.4287105301038
d:612:1.472133232294226e-05,3.214361211753363,3.2143613888577116,6.428707879278751
d:613:1.4009137337289701e-05,3.2143612133892883,3.214361390417669,6.42870859466962
d:614:1.6876742372495812e-05,3.2143612149940575,3.2143613919390366,6.428705730190722
d:615:1.9354487520217845e-05,3.2143612165153153,3.214361393517803,6.428703255545598
d:616:1.968589783452046e-05,3.2143612180940733,3.214361395077755,6.428702927273994
d:617:2.13050908470791e-05,3.214361219698837,3.2143613965952174,6.428701311203207
d:618:2.4304776396810723e-05,3.2143612212588595,3.21436138581254,6.428698302295003
d:619:2.5329136455809476e-05,3.2143612228947793,3.2143613873263823,6.428697281084705
d:620:2.5373004632456286e-05,3.2143612244735316,3.214361388853285,6.428697240322184
d:621:2.8645793271664388e-05,3.2143612261611407,3.2143613904150974,6.428693970782966
d:622:2.985045219361382e-05,3.2143612276595186,3.214361379017596,6.428692756224921
d:623:3.127849703066232e-05,3.214361229219536,3.214361380535053,6.428691331257558
d:624:3.446983167432194e-05,3.214361230739593,3.2143613820116625,6.428688142919581
d:625:3.3164497494020395e-05,3.214361232301476,3.2143613712289727,6.428689439032955
d:626:3.364710986808461e-05,3.214361233799849,3.214361372727288,6.4286889594172685
d:627:3.4443484973500915e-05,3.2143612353199,3.2143613742038903,6.428688166038817
d:628:3.65300997557938e-05,3.214361236796461,3.214361375723445,6.42868608242015
d:629:3.614826330800014e-05,3.2143612384012226,3.2143613772605244,6.428686467398439
d:630:3.394926642563689e-05,3.2143612399631016,3.214361378748431,6.428688669445107
d:631:3.665661441498713e-05,3.2143612415990193,3.2143613802250286,6.428685965209633
d:632:3.9479280591336874e-05,3.2143612431128896,3.2143613688275146,6.428683132659813
d:633:3.8925645176490775e-05,3.2143612447176455,3.214361370344968,6.428683689417436
d:634:3.920016301783846e-05,3.214361246237173,3.214361346775233,6.428683392849388
d:635:3.747434582734854e-05,3.2143612477678825,3.214361348302134,6.42868512172419
d:636:3.819531385129693e-05,3.2143612492661857,3.214361349938141,6.428684403890475
d:637:3.815521323513593e-05,3.2143612508032984,3.214361351436472,6.428684447026535
d:638:3.6317155611698126e-05,3.2143612525181684,3.214361352924375,6.428686288286931
d:639:3.7180619371746104e-05,3.214361254154082,3.214361354438216,6.428685427972926
d:640:3.497770001992251e-05,3.214361255641943,3.21436135591481,6.4286876338567325
d:641:3.453994790358905e-05,3.2143612571790507,3.214361357493578,6.428688074724725
d:642:3.298683463626162e-05,3.214361258705985,3.2143613339238137,6.428689605795162
d:643:3.282049533304132e-05,3.214361260267862,3.214361335437649,6.428689775210178
d:644:3.18614064003242e-05,3.2143612617947905,3.2143613369514785,6.428690737339869
d:645:3.161735334700211e-05,3.2143612633123455,3.2143613384715963,6.428690984430595
d:646:2.891209170208242e-05,3.214361264831871,3.2143613400503592,6.428693692790528
d:647:2.8211981472736625e-05,3.2143612663302434,3.214361341577257,6.428694395926028
d:648:2.4297262212868986e-05,3.214361267908999,3.2143613301797287,6.428698300826515
d:649:2.4015567052337872e-05,3.2143612693855608,3.214361331678044,6.428698585496552
d:650:2.364228627094178e-05,3.2143612708994307,3.2143613332087666,6.428698961821926
d:651:2.0628115652066015e-05,3.2143612724206942,3.214361334829419,6.428701979134462
d:652:1.9753466105498774e-05,3.2143612741083065,3.214361336389375,6.428702857031576
d:653:1.6787077422364405e-05,3.214361275795913,3.2143613256066734,6.4287058143251645
d:654:1.60641699826769e-05,3.214361277357787,3.214361327094574,6.428706540282378
d:655:1.374974195744727e-05,3.2143612790453875,3.2143613286141295,6.4287088579175595
d:656:1.2796831427408506e-05,3.21436128054369,3.2143613302189546,6.428709813931217
d:657:1.1488939959392042e-05,3.214361282063745,3.214361331906589,6.428711125030375
d:658:1.0415368354443899e-05,3.214361283684412,3.214361333594218,6.428712201910276
d:659:8.61139542429612e-06,3.2143612852215186,3.2143613351080456,6.42871400893414
d:660:8.349021188180927e-06,3.214361261651809,3.214361336584638,6.428714249215259
d:661:7.591799207062877e-06,3.214361253334087,3.2143613382722616,6.428714999807141
d:662:7.05373913056917e-06,3.2143612548959566,3.214361339786083,6.428715540942909
d:663:6.4706278237736115e-06,3.21436125647471,3.2143613413074577,6.428716127154344
d:664:6.583865223674934e-06,3.214361245742455,3.214361342834354,6.428716004711585
d:665:7.606590680886427e-06,3.2143612473043186,3.214361344332688,6.428714985046326
d:666:8.74603043499178e-06,3.214361248823843,3.2143613459686975,6.428713848762106
d:667:1.2756514595757551e-05,3.214361250350772,3.214361347445286,6.428709841281463
d:668:1.4717912863559945e-05,3.2143612519555336,3.2143613360477468,6.428707870090417
d:669:1.8794693250612227e-05,3.2143612534767954,3.2143613376077016,6.428703796391247
d:670:2.196739634641176e-05,3.2143612549968474,3.2143613391215187,6.428700626722019
d:671:2.6457759556564042e-05,3.214361256523771,3.2143613283388057,6.42869612710302
d:672:3.350553187519978e-05,3.2143612581596885,3.2143613298526166,6.42868908248043
d:673:3.895754816607422e-05,3.2143612473768517,3.214361331488622,6.428683621317307
d:674:4.6172493043172835e-05,3.214361236594001,3.214361333203499,6.428676397304457
d:675:5.3591474983072374e-05,3.214361238092376,3.2143613349183684,6.428668981535761
d:676:6.340789367964561e-05,3.214361239580242,3.21436133648019,6.428659168166752
d:677:7.01137223071413e-05,3.21436124107861,3.214361338195055,6.428652465551358
d:678:7.960639200721431e-05,3.2143612426157158,3.214361339773821,6.428642975997529
d:679:8.85564152044438e-05,3.2143612441357634,3.2143613413786465,6.4286340290992054
d:680:9.776569822683712e-05,3.2143612333528995,3.214361342876965,6.4286248105316375
d:681:9.602457751789473e-05,3.214361234957658,3.214361344394427,6.428626554774567
d:682:9.967944092004188e-05,3.214361236488376,3.2143613459213216,6.428622902968778
d:683:0.00010166954368617809,3.21436123812429,3.214361334523769,6.428620903104373
d:684:9.898883587311502e-05,3.214361239622595,3.214361336159771,6.428623586946493
d:685:9.446857131134578e-05,3.2143612412273477,3.2143613377804283,6.428628110436464
d:686:8.703367662921124e-05,3.214361242914951,3.2143613393422474,6.428635548580569
d:687:7.814585606880087e-05,3.214361244550861,3.2143613408560565,6.428644439550849
d:688:7.380338859785951e-05,3.2143612460491586,3.2143613423543713,6.428648785014932
d:689:6.23139601625411e-05,3.2143612475630343,3.2143613315716464,6.428660265174518
d:690:5.569551217110558e-05,3.214361249089958,3.2143613330930227,6.428666886670809
d:691:4.812016782729245e-05,3.2143612505882513,3.2143613345913318,6.428674465011756
d:692:3.96623568317267e-05,3.214361252109514,3.2143613361182237,6.4286829258709055
d:693:3.2423708736573076e-05,3.214361253586083,3.214361337655315,6.428690167532661
d:694:2.669586722259254e-05,3.2143612552736824,3.214361339275969,6.428695898682428
d:695:2.1051567625995915e-05,3.2143612567720505,3.2143613407742717,6.428701545978696
d:696:1.758165070953055e-05,3.214361258332085,3.2143613422943997,6.428705018975775
d:697:1.4078865867794832e-05,3.2143612598921143,3.214361343825131,6.428708524851378
d:698:1.1204256965768877e-05,3.2143612613904766,3.2143613454299564,6.428711402563467
d:699:9.484720893127019e-06,3.2143612629105247,3.214361346906548,6.42871312509618
d:700:8.324354514144261e-06,3.214361264441242,3.214361348424009,6.4287142885107365
d:701:7.292967605820877e-06,3.21436126600311,3.214361337641272,6.428715310676776
d:702:7.0199119557301515e-06,3.2143612674909785,3.214361339117859,6.428715586696882
d:703:6.8821644099159585e-06,3.214361269069738,3.214361340679676,6.428715727585004
d:704:7.3483042104527385e-06,3.214361270606845,3.2143613323618667,6.428715254664501
d:705:7.574380028074756e-06,3.214361272227521,3.214361334076734,6.428715031924227
d:706:8.388891923338804e-06,3.214361273748782,3.214361335613823,6.428714220470682
d:707:9.770805073472388e-06,3.2143612754363793,3.2143613371351987,6.4287128417665045
d:708:1.0764116920469746e-05,3.214361264653505,3.2143613388228305,6.428711839359416
d:709:1.2100243758084162e-05,3.2143612662582592,3.214361340537692,6.428710506552193
d:710:1.3862882331849846e-05,3.2143612554753727,3.2143613421736954,6.428708734766737
d:711:1.530420385975617e-05,3.214361256995417,3.214361343700587,6.428707296492144
d:712:1.6456484910776226e-05,3.214361258526131,3.214361345260549,6.428706147301769
d:713:1.930271753014523e-05,3.2143612602410188,3.2143613468393197,6.428703304362808
d:714:1.9626243677350885e-05,3.2143612617393136,3.2143613483567792,6.428702983852416
d:715:2.2090539906649553e-05,3.214361263344063,3.214361349887509,6.428700522691665
d:716:2.1547307371250213e-05,3.214361264979975,3.2143613513754232,6.428701069048027
d:717:2.558660993834394e-05,3.21436126658472,3.2143613529353794,6.428697032910161
d:718:2.754349111544485e-05,3.214361268115429,3.2143613544119645,6.428695079036278
d:719:2.7581663307074678e-05,3.214361269591999,3.2143613460941465,6.428695034022839
d:720:2.8564309597634008e-05,3.2143612711967378,3.214361347614276,6.428694054501416
d:721:3.191895080600915e-05,3.2143612727236652,3.2143613490908547,6.428690702863714
d:722:3.0832536449310055e-05,3.2143612743283967,3.2143613506177435,6.4286917924096905
d:723:3.385940006772614e-05,3.2143612759071565,3.2143613521965113,6.4286887687036
d:724:3.550308879596287e-05,3.2143612775430648,3.214361353710326,6.428687128164595
d:725:3.634813327213493e-05,3.2143612790699865,3.214361355247415,6.428686286184129
d:726:3.542187264038432e-05,3.2143612805465525,3.2143613569350458,6.428687215608958
d:727:3.6981053010975984e-05,3.2143612820449183,3.214361358513808,6.428685659505716
d:728:3.831800975984123e-05,3.2143612835644566,3.214361360033381,6.428684325588078
d:729:3.825732125406489e-05,3.2143612852520547,3.2143613615316884,6.428684389462489
d:730:3.841010848582016e-05,3.2143612868308096,3.214361350867541,6.428684227589865
d:731:3.944000884015253e-05,3.214361278513087,3.214361352429362,6.428683190933609
d:732:3.9276932589871194e-05,3.2143612800306633,3.214361353960091,6.428683357058164
d:733:3.874703095707588e-05,3.214361281567774,3.214361355538848,6.428683890075665
d:734:3.821099110901116e-05,3.2143612830878197,3.2143613570371503,6.428684429133861
d:735:3.7509314918970915e-05,3.214361284649693,3.2143613487193234,6.428685124054097
d:736:3.653168286721353e-05,3.2143612861262563,3.2143613503241544,6.428686104767544
d:737:3.697094209176299e-05,3.2143612876141283,3.214361351837967,6.428685668510004
d:738:3.379080618959307e-05,3.214361289101995,3.2143613533979236,6.428688851693729
d:739:3.304148405636198e-05,3.214361290663863,3.2143613549286476,6.428689604108454
d:740:3.222042894002186e-05,3.2143612921777494,3.214361344264488,6.428690416013297
d:741:3.1228438356123434e-05,3.21436129369779,3.2143613457524034,6.428691411011837
d:742:3.111790314846985e-05,3.214361295196087,3.2143613473884116,6.42869152468135
d:743:2.9185042139445727e-05,3.2143612966944515,3.214361348925499,6.428693460577811
d:744:2.7374040179495296e-05,3.2143612982315592,3.2143613505615014,6.428695274752881
d:745:2.538340521063276e-05,3.214361299791597,3.214361339897328,6.428697256283714
d:746:2.406660638865077e-05,3.2143613012898893,3.214361341428048,6.4286985761115485
d:747:2.27701349544418e-05,3.2143613029257985,3.214361342989866,6.42869987578071
d:748:2.100627494350249e-05,3.2143613044527215,3.214361344594694,6.428701642772472
d:749:2.001160991671469e-05,3.214361305983435,3.214361346154647,6.428702640528165
d:750:1.840382578510713e-05,3.21436130756219,3.2143613476742208,6.428704251410626
d:751:1.5734095633490597e-05,3.2143613090817293,3.2143613492790433,6.428706924265139
d:752:1.548948829643848e-05,3.214361310612438,3.2143613507991757,6.4287071719233175
d:753:1.3855470987422791e-05,3.2143613121324766,3.2143613401349906,6.42870879679648
d:754:1.1153150676790347e-05,3.214361313711227,3.2143613417398074,6.428711502300358
d:755:1.0199880052574883e-05,3.2143613029789693,3.2143613310756076,6.428712434174524
d:756:9.315656154917917e-06,3.2143613044772574,3.21436133256352,6.428713321384623
d:757:8.538601558250036e-06,3.2143613059985285,3.2143613340809867,6.428714101477957
d:758:7.095464289008646e-06,3.2143613076344355,3.2143613356409357,6.428715547811082
d:759:7.623108819743152e-06,3.2143613091557004,3.2143613372027517,6.428715023249632
d:760:7.746501339056522e-06,3.2143613108705975,3.21436133882342,6.428714903192678
d:761:7.153553643668431e-06,3.2143613123975183,3.214361340337233,6.4287154991811075
d:762:7.69504888431527e-06,3.2143613141124083,3.2143613418355366,6.428714960899061
d:763:9.611747177729058e-06,3.2143613156002764,3.214361343352998,6.428713047206097
d:764:1.1000882553346969e-05,3.2143613170986414,3.2143613450406345,6.428711661256722
d:765:1.3846617030743857e-05,3.214361318660512,3.2143613465777228,6.428708818621204
d:766:1.53284896775574e-05,3.2143613202205503,3.214361348091531,6.428707339822404
d:767:2.030032552280403e-05,3.214361321741811,3.2143613496116616,6.42870237102795
d:768:2.4942570394870245e-05,3.214361323272518,3.214361351142382,6.428697731844505
d:769:2.8619970885657153e-05,3.2143613247994347,3.2143613527471975,6.428694057575747
d:770:3.465516572553895e-05,3.214361316481706,3.214361354462072,6.428688015778052
d:771:4.333724842275899e-05,3.214361305749437,3.2143613559991557,6.42867932450017
d:772:4.9738781072505844e-05,3.2143613073541792,3.2143613575779186,6.428672926151025
d:773:6.19616199504236e-05,3.214361308990084,3.214361359156676,6.428660706526809
d:774:6.636987926711413e-05,3.2143613105169946,3.2143613607773416,6.428656301415069
d:775:7.13155682339206e-05,3.214361302199255,3.2143613622987326,6.428651348929754
d:776:8.336194932478946e-05,3.2143613036976175,3.214361363858682,6.428639305606975
d:777:8.656553480435036e-05,3.2143613053852236,3.2143613654374343,6.428636105287854
d:778:9.42323240522569e-05,3.214361306905264,3.214361366925348,6.42862844150656
d:779:9.484853103280955e-05,3.214361308426523,3.21436135619308,6.42862781608857
d:780:9.409816009053884e-05,3.2143613100052746,3.214361357714466,6.42862856955965
d:781:9.772850197986571e-05,3.2143613115265266,3.2143613592127696,6.428624942237316
d:782:9.305379639013012e-05,3.214361313162428,3.214361360900406,6.4286296202664435
d:783:9.125415469046771e-05,3.2143613146800143,3.214361362414213,6.428631422939537
d:784:7.79394078964657e-05,3.214361316394906,3.214361364129086,6.428644741116095
d:785:7.471218992360917e-05,3.2143613179124872,3.2143613657078336,6.428647971430397
d:786:6.653989727212206e-05,3.2143613071802055,3.214361354975553,6.428656122258486
d:787:5.607780158545239e-05,3.214361308710911,3.2143613565962164,6.428666587505542
d:788:4.897557898608795e-05,3.214361310224805,3.214361358216874,6.428673692862693
d:789:4.294399292170681e-05,3.2143613118035534,3.214361359734337,6.428679727544969
d:790:3.249838074204092e-05,3.214361313334254,3.2143613613391517,6.428690176292664
d:791:2.7218801410988647e-05,3.2143613148518293,3.2143613628374528,6.428695458887871
d:792:2.3119248291791905e-05,3.214361316487728,3.2143613643588353,6.428699561598272
d:793:2.0135183839364856e-05,3.214361317986021,3.2143613658726387,6.42870254867482
d:794:1.7097115619257863e-05,3.2143613196219127,3.2143613674932925,6.428705589999586
d:795:1.3075729584421936e-05,3.214361321098488,3.2143613690551134,6.428709614424017
d:796:1.0701290086956305e-05,3.2143613226254,3.2143613705746947,6.428711991910008
d:797:9.7899656674727e-06,3.2143613241454405,3.2143613597919547,6.428712893971728
d:798:8.344930011006113e-06,3.2143613134131463,3.214361361396766,6.428714329879901
d:799:7.1786189250744314e-06,3.2143613148897163,3.2143613630844,6.428715499355191
d:800:7.447656852122009e-06,3.2143613163880054,3.2143613645982,6.428715233329353
d:801:7.152250782738179e-06,3.214361317925125,3.214361353815446,6.4287155194897885
d:802:7.034631111402234e-06,3.214361319455822,3.2143613553138173,6.428715640138528
d:803:8.386769291490737e-06,3.2143613211707134,3.214361356844542,6.428714291245964
d:804:9.626197385870228e-06,3.21436132273259,3.2143613583816304,6.428713054916834
d:805:1.0252312398151275e-05,3.214361324353291,3.2143613600965026,6.428712432137395
d:806:1.0872646965864874e-05,3.2143613259739867,3.214361361627222,6.428711814954243
d:807:1.3886782213035076e-05,3.2143613276615977,3.2143613632478725,6.4287088041272575
d:808:1.6141847561712552e-05,3.214361329159883,3.21436136485268,6.428706552165002
d:809:1.6528920321334795e-05,3.2143613184275766,3.2143613664314286,6.428706155938684
d:810:1.7152950509746745e-05,3.214361320032325,3.214361368052074,6.428705535133889
d:811:1.915630861049067e-05,3.21436132155358,3.2143613572693073,6.428703522514277
d:812:2.1172626912147052e-05,3.214361323115452,3.2143613587867716,6.428701509275312
d:813:2.2633044419961834e-05,3.2143613246461467,3.2143613603467256,6.428700051948452
d:814:2.491470148324737e-05,3.214361326165699,3.2143613618450937,6.42869777330931
d:815:2.5811664410291257e-05,3.2143613276869494,3.214361363406914,6.428696879429453
d:816:2.693877086556995e-05,3.214361329185231,3.214361365094548,6.4286957555089135
d:817:2.9097599616889624e-05,3.2143613307223484,3.214361366571151,6.428693599693883
d:818:3.114827020933575e-05,3.2143613199394605,3.2143613551735974,6.428691526842848
d:819:3.363108176301921e-05,3.214361309207142,3.214361356861226,6.428689034986605
d:820:3.3572410627513705e-05,3.214361310922032,3.214361358349146,6.42868909686055
d:821:3.293439523588404e-05,3.214361312442072,3.2143613598257437,6.428689737872579
d:822:3.5799454311202794e-05,3.2143613140021214,3.2143613613453264,6.428686875893137
d:823:3.673033412354698e-05,3.21436131568973,3.214361362833241,6.428685948188848
d:824:3.59002057264135e-05,3.2143613049573982,3.2143613643211504,6.428686769072822
d:825:3.629036690977472e-05,3.214361306494512,3.2143613658407277,6.42868638196833
d:826:3.722611423206956e-05,3.2143613079928826,3.2143613673778155,6.4286854492564665
d:827:3.820743621041345e-05,3.214361309519797,3.21436135905999,6.428684461143577
d:828:3.744839929442634e-05,3.214361311046705,3.2143613605869064,6.428685223234317
d:829:3.754582792758754e-05,3.214361312606751,3.2143613622075495,6.428685128986373
d:830:3.743127304289828e-05,3.214361314168621,3.2143613637693687,6.428685246664947
d:831:3.9573341171106335e-05,3.2143613156881727,3.2143613652868317,6.428683107633834
d:832:3.701706812719863e-05,3.2143613174030605,3.214361366804289,6.428685667139222
d:833:3.595912571618953e-05,3.2143613190389577,3.2143613684403123,6.428686728353554
d:834:3.657223175501656e-05,3.2143613205565407,3.21436136993868,6.428686118263466
d:835:3.452202868547971e-05,3.2143613222714227,3.214361371465592,6.4286881717083295
d:836:3.499281501095908e-05,3.2143613238021174,3.214361373025547,6.4286877040126535
d:837:3.553903791697621e-05,3.2143613254897243,3.214361364707712,6.428687151159519
d:838:3.398846167534941e-05,3.214361326988093,3.2143613661843085,6.428688704710726
d:839:2.9624480269774267e-05,3.2143613286756936,3.2143613676826712,6.4286930718780955
d:840:2.8911307159873445e-05,3.2143613301952416,3.2143613693033117,6.428693788191394
d:841:2.7827586461803833e-05,3.214361331722148,3.2143613708403986,6.4286948749760855
d:842:2.6657166654509012e-05,3.2143613334370253,3.214361372371123,6.428696048641494
d:843:2.635016608820706e-05,3.21436133507292,3.214361373949876,6.428696358856708
d:844:2.4024832060653978e-05,3.2143613367088086,3.214361375511692,6.42869868738844
d:845:2.1899872606923054e-05,3.2143613382300615,3.214361377048774,6.428700815406229
d:846:1.9011151995762532e-05,3.214361339747642,3.2143613786847953,6.428703707280442
d:847:1.9470907012930638e-05,3.214361341267685,3.214361380399675,6.428703250760347
d:848:1.749956606555969e-05,3.2143613428883877,3.2143613820203125,6.428705225342635
d:849:1.5582790778623234e-05,3.2143613443649675,3.2143613737024674,6.428707135276657
d:850:1.3992901092940713e-05,3.2143613458845124,3.2143613752238624,6.428708728207282
d:851:1.247949488991651e-05,3.214361322314754,3.2143613768026116,6.4287102196224755
d:852:1.1534804744250948e-05,3.2143613239506372,3.2143613783396887,6.428711167485582
d:853:9.711399416190147e-06,3.214361313167739,3.2143613799184316,6.428712981686754
d:854:8.6136682577731e-06,3.214361314687278,3.2143613816060648,6.428714082625085
d:855:8.15298917800078e-06,3.214361303904366,3.2143613831256452,6.428714534040833
d:856:7.363953097083709e-06,3.214361293172024,3.214361384687459,6.428715313906386
d:857:7.0838841121911855e-06,3.2143612946932727,3.2143613862070333,6.428715597016193
d:858:7.249664362163344e-06,3.21436129621085,3.214361387766989,6.428715434313476
d:859:7.867197325595043e-06,3.2143612977284204,3.214361389403009,6.428714819934104
d:860:8.061178619733766e-06,3.214361286945495,3.2143613908909225,6.428714616657798
d:861:1.0313446634491186e-05,3.2143612885502524,3.2143613923788306,6.428712367482448
d:862:1.203194559806775e-05,3.2143612900714964,3.214361393866731,6.428710651992629
d:863:1.4906661904845464e-05,3.2143612915698654,3.214361395386301,6.428707780294261
d:864:1.7622287899143885e-05,3.2143612930464425,3.214361397073931,6.428705067832475
d:865:2.3035081221145504e-05,3.214361294560355,3.2143613985877453,6.428699658066879
d:866:2.7168056608850577e-05,3.2143612961810555,3.2143614001184706,6.428695528242917
d:867:3.288422999947471e-05,3.214361297816937,3.2143614016380346,6.428689815224972
d:868:3.8333196929585256e-05,3.214361299338177,3.214361390855263,6.428684356996511
d:869:4.596328519479442e-05,3.2143613009588727,3.214361392385983,6.428676730059661
d:870:5.360036264878687e-05,3.2143613025189244,3.2143613939061404,6.428669096062416
d:871:6.11113431734367e-05,3.2143612789491334,3.2143613954848833,6.428661563090843
d:872:6.719354043305259e-05,3.2143612806367376,3.2143613971725085,6.428655484268813
d:873:7.610667052837528e-05,3.214361282156276,3.2143613888546554,6.4286465643404025
d:874:7.846219181839587e-05,3.2143612738385388,3.214361378071869,6.4286441897185895
d:875:8.458541522138319e-05,3.214361275526137,3.214361379631824,6.428638069742739
d:876:9.261815746697266e-05,3.2143612772137296,3.214361381267842,6.428630040324105
d:877:9.40385552627987e-05,3.214361278750853,3.2143613827892397,6.42862862298483
d:878:9.318518117584773e-05,3.2143612803867314,3.2143613844098797,6.428629479615435
d:879:9.214834037152286e-05,3.2143612819914873,3.2143613858977793,6.428630519548895
d:880:8.85204646161597e-05,3.214361283489855,3.214361387415245,6.428634150440484
d:881:8.655204643126524e-05,3.2143612720924053,3.2143613760176843,6.428636096063658
d:882:7.834931170602744e-05,3.2143612735907667,3.214361377494288,6.428644301773349
d:883:6.700197914089046e-05,3.2143612752783546,3.2143613691764243,6.428655642475638
d:884:6.216375749268366e-05,3.2143612768154726,3.2143613708640464,6.428660483922027
d:885:5.266481315935323e-05,3.214361278303372,3.214361360199849,6.428669973690061
d:886:4.668231286508728e-05,3.214361279834076,3.2143613616877444,6.428675959208956
d:887:3.875770393158007e-05,3.21436128145477,3.2143613634026305,6.428683887153468
d:888:3.070348470757267e-05,3.214361282953067,3.214361364922194,6.428691944390554
d:889:2.5701342448058995e-05,3.21436128464065,3.2143613665009356,6.4286969497991375
d:890:2.1499970923599676e-05,3.2143612861606994,3.2143613681369514,6.428701154326728
d:891:1.8765380158214384e-05,3.214361287648595,3.214361369654413,6.42870389192285
d:892:1.4524303457719157e-05,3.214361289363481,3.214361371175808,6.428708136235832
d:893:1.2801345928181718e-05,3.2143612909993573,3.214361372674181,6.42870986232761
d:894:1.0173925371503856e-05,3.21436129249765,3.2143613741725483,6.428712492744827
d:895:7.994908324704397e-06,3.2143612940283495,3.214361375777378,6.428714674897403
d:896:8.076607929119461e-06,3.214361295588403,3.2143613773391975,6.428714596319671
d:897:6.913927251162022e-06,3.2143612970867625,3.2143613788991527,6.428715762058664
d:898:7.5427440089370634e-06,3.21436129861368,3.21436138041297,6.428715136282641
d:899:7.150055195026539e-06,3.2143613003285614,3.2143613819325307,6.4287155322058975
d:900:7.4622758194919925e-06,3.214361301890448,3.214361373614658,6.428715213229287
d:901:7.869938408511246e-06,3.21436130336703,3.2143613751764724,6.428714808605094
d:902:9.381970322408506e-06,3.214361304880948,3.214361376664366,6.428713299574992
d:903:1.1864720119270089e-05,3.2143613064428282,3.2143613781627294,6.428710819885438
d:904:1.2420710239879895e-05,3.214361307964073,3.214361379724539,6.4287102669783724
d:905:1.2982119788063073e-05,3.2143613095259473,3.2143613812447005,6.42870970865086
d:906:1.5152669450735345e-05,3.214361311013841,3.2143613827716284,6.428707541116019
d:907:1.7759770262415486e-05,3.214361312544538,3.2143613842482335,6.428704937022509
d:908:1.933827155831125e-05,3.2143613140211165,3.2143613857361233,6.428703361485681
d:909:2.019312339029966e-05,3.214361303357083,3.214361387356766,6.428702497590459
d:910:2.2045284646665664e-05,3.214361304918953,3.2143613889185705,6.428700648552876
d:911:2.2840163840243122e-05,3.2143613064560737,3.2143613904360335,6.428699856728267
d:912:2.3515732059387062e-05,3.214361308016125,3.21436138211815,6.428699174402215
d:913:2.6306532854292186e-05,3.214361309530039,3.2143613836165104,6.428696386613695
d:914:2.8390386596299777e-05,3.214361311067155,3.2143613851360695,6.428694305816628
d:915:2.937344497766503e-05,3.2143613126290194,3.214361386697869,6.428693325881911
d:916:3.068851273013706e-05,3.214361314316605,3.2143613882766124,6.428692014080488
d:917:3.344925450043945e-05,3.214361315952483,3.214361389807341,6.428689256505324
d:918:3.162729588623847e-05,3.2143613174725356,3.214361379143133,6.4286910693197825
d:919:3.3773567126971216e-05,3.214361318990119,3.214361370825239,6.428688916248231
d:920:3.739223241527867e-05,3.214361320466694,3.2143613723131246,6.428685300547403
d:921:3.7634540100306424e-05,3.2143613220714573,3.2143613739337655,6.4286850614651225
d:922:3.759177417794746e-05,3.2143613237863407,3.214361375421646,6.428685107433808
d:923:3.708310551786553e-05,3.2143613253234533,3.214361376981602,6.428685619199538
d:924:3.644175517170112e-05,3.214361326841032,3.2143613786022374,6.428686263688097
d:925:3.753903801673175e-05,3.2143613283393275,3.214361380116056,6.428685169417367
d:926:3.795690109420491e-05,3.214361329858876,3.2143613816335175,6.428684754591299
d:927:3.763024449376928e-05,3.2143613314636355,3.2143613831604445,6.428685084379586
d:928:3.973739969431733e-05,3.2143613329848817,3.2143613847810744,6.428682980366261
d:929:3.5823176510518806e-05,3.2143613345118025,3.2143613863181684,6.42868689765346
d:930:3.6852468902282e-05,3.214361336147679,3.2143613878799666,6.428685871558743
d:931:3.777515008263066e-05,3.214361337646043,3.2143613894399192,6.428684951935879
d:932:3.577828857004306e-05,3.2143613392079073,3.214361391154814,6.428686952074152
d:933:3.633859219753788e-05,3.214361340786695,3.2143613927335557,6.428686394928054
d:934:3.5078381245057244e-05,3.2143613423173956,3.2143613943383915,6.4286876582745425
d:935:3.271365223156408e-05,3.2143613438052916,3.2143613958597936,6.428690026012854
d:936:3.159078185177577e-05,3.2143613453840736,3.2143613851955752,6.428691139797797
d:937:3.1770818490706176e-05,3.214361346882368,3.2143613869104644,6.428690962974342
d:938:2.8176586099881717e-05,3.2143613354849108,3.2143613884475553,6.428694547346367
d:939:2.8457348585142483e-05,3.214361337105616,3.2143613899241643,6.428694269681196
d:940:2.5886736761293605e-05,3.214361338625668,3.214361391484113,6.42869684337302
d:941:2.5816431103109494e-05,3.2143613403405515,3.2143613808198817,6.42869690472933
d:942:2.3354094521366164e-05,3.21436134186747,3.2143613823373403,6.428699370110289
d:943:2.3345848106259837e-05,3.214361343446248,3.214361383858739,6.42869938145688
d:944:1.8590839747645305e-05,3.214361319876421,3.214361385346619,6.428704114383292
d:945:1.5905126427462335e-05,3.2143613214071176,3.2143613868773495,6.42870680315804
d:946:1.5950122995711524e-05,3.2143613229671733,3.2143613762131045,6.428706749057282
d:947:1.3113421174715256e-05,3.2143613245272236,3.2143613777918447,6.428709588897894
d:948:1.3514364332500861e-05,3.214361326087267,3.214361379268449,6.428709190991383
d:949:1.1591409998956692e-05,3.214361314689796,3.21436136860419,6.4287110918839865
d:950:1.1226162193622713e-05,3.214361316220487,3.2143613701255846,6.428711460183878
d:951:9.853460301023631e-06,3.2143613177188515,3.214361371602184,6.428712835860734
d:952:8.373726206656329e-06,3.2143613192384013,3.2143613731639817,6.428714318676176
d:953:7.461128293861918e-06,3.214361295668544,3.2143613746947084,6.428715209234959
d:954:7.533005159210404e-06,3.214361297166836,3.2143613762546543,6.4287151404163305
d:955:7.151314717290802e-06,3.21436129868638,3.2143613777815845,6.4287155251532475
d:956:7.678803527255695e-06,3.2143613002064306,3.214361379343377,6.42871500074628
d:957:7.70204548583564e-06,3.214361301842308,3.2143613809794074,6.428714980776229
d:958:9.195950850582335e-06,3.2143613033405942,3.214361382539349,6.428713489929093
d:959:1.142793032649081e-05,3.2143613048171744,3.214361384058916,6.428711260945764
d:960:1.264734112194077e-05,3.214361294153133,3.2143613855467947,6.428710032358806
d:961:1.545537986569201e-05,3.214361295670716,3.2143613870346672,6.428707227325518
d:962:2.0700850708266216e-05,3.214361285006662,3.2143613886706928,6.428701972826646
d:963:2.4840861745367704e-05,3.214361274342593,3.214361380352794,6.428697813833641
d:964:2.8630912976446155e-05,3.214361275856516,3.2143613819145824,6.428694026858122
d:965:3.630595345427423e-05,3.2143612774165575,3.2143613834359743,6.428686354899078
d:966:4.3417719610694405e-05,3.2143612660190737,3.214361384955537,6.428679233255
d:967:4.794612952441213e-05,3.214361242449185,3.2143613865154745,6.428674682835135
d:968:5.4277141335212775e-05,3.2143612439704357,3.2143613880424025,6.428668354871503
d:969:6.447466526804391e-05,3.2143612454904824,3.2143613896472423,6.428658160472456
d:970:7.246914592862197e-05,3.2143612470100242,3.2143613911686293,6.428650169032725
d:971:7.934941334575285e-05,3.214361248529559,3.2143613928562735,6.428643291972486
d:972:8.40960868782048e-05,3.214361237865478,3.214361394418058,6.428638536196658
d:973:8.88882499374688e-05,3.214361214295559,3.2143613959967996,6.428633722042421
d:974:8.888375945836913e-05,3.2143611907256107,3.214361397601635,6.428633704567787
d:975:9.111868222078101e-05,3.2143611922456525,3.2143613862040694,6.428631459767502
d:976:8.764866216370848e-05,3.214361193733553,3.2143613878917083,6.428634932963098
d:977:8.709816236773804e-05,3.2143611953123323,3.2143613893795795,6.428635486529544
d:978:8.048438936292257e-05,3.2143611968106964,3.2143613909009625,6.4286421033222965
d:979:7.692168547368539e-05,3.214361198330733,3.214361392399317,6.428645669044577
d:980:7.398188536189565e-05,3.2143611999514414,3.214361394019957,6.428648612086037
d:981:6.105745231099746e-05,3.214361201439337,3.214361395707591,6.428661539694617
d:982:5.6595392733171934e-05,3.214361203044105,3.2143613972383203,6.428666004889692
d:983:5.025115098078459e-05,3.214361204561687,3.2143613987261865,6.428672352136893
d:984:4.038693530539206e-05,3.214361206182391,3.2143614003468213,6.428682219593907
d:985:3.514536024695758e-05,3.214361207713085,3.2143614018682003,6.4286874642210385
d:986:2.964389982995641e-05,3.214361209291861,3.214361403389572,6.428692968781603
d:987:2.406022042134026e-05,3.2143612108519024,3.2143614050256,6.428698555657081
d:988:1.8905625178256003e-05,3.2143612124306715,3.214361406546967,6.42870371335246
d:989:1.6994989755048096e-05,3.214361213950206,3.214361408068327,6.428705627028778
d:990:1.3297195899042435e-05,3.2143612154697325,3.21436139975042,6.428709318024254
d:991:1.0602301392381719e-05,3.214361216968095,3.214361401386443,6.4287120160531455
d:992:9.649030572767003e-06,3.2143612186829857,3.214361402884821,6.428712972537234
d:993:8.944781320074924e-06,3.2143612202030196,3.2143614045997215,6.4287136800214215
d:994:7.928062965234517e-06,3.2143612217230477,3.214361406161507,6.428714699821589
d:995:6.910659394065988e-06,3.2143612234106502,3.214361407678977,6.428715720430233
d:996:7.280810825349704e-06,3.2143612249706877,3.2143614092838124,6.428715353443675
d:997:7.105372702653767e-06,3.214361214306595,3.2143614108107426,6.428715519744635
d:998:8.35129802112533e-06,3.2143612159424775,3.2143614123309283,6.428714276975384
d:999:9.148257127833404e-06,3.2143612175783542,3.214361413850495,6.428713483171721
d:1000:1.01383837289859e-05,3.214361219214224,3.214361403186229,6.4287124840167245
