data: dataset/foma/
d:1:0.001666306142666052,3.2572220802460863,3.2572227952049873,6.5127785693084075
d:2:0.001225538480345456,3.2572220791683004,3.2572227939985896,6.513219334686545
d:3:0.0009506712823563745,3.2572220778274312,3.2572227927480206,6.5134941992930955
d:4:0.0007217249417825755,3.2572220762393465,3.2572227912968246,6.5137231425943884
d:5:0.0005487170768541105,3.257222075686888,3.25722279009037,6.513896148700404
d:6:0.00040254050235510874,3.257222075941179,3.2572227844627273,6.514042319901551
d:7:0.00030791841792510155,3.2572220746002545,3.257222783910309,6.514136940092638
d:8:0.00021822689895145686,3.257222073157457,3.257222785118249,6.514226631376754
d:9:0.0001657513950714673,3.257222073411693,3.2572227840405144,6.514279106057136
d:10:0.00011829907408600349,3.2572220738874234,3.2572227825977556,6.514326557411093
d:11:8.356760142724795e-05,3.2572220776264755,3.2572227879956457,6.5143612980206935
d:12:6.619277807029533e-05,3.2572220781021493,3.2572227876185917,6.51437867294267
d:13:4.7253758266307955e-05,3.2572220779832923,3.257222789746297,6.514397613971322
d:14:3.626878214912921e-05,3.2572220801109646,3.257222788861073,6.514408600189888
d:15:2.6750957970556044e-05,3.2572220808836585,3.2572227942589165,6.514418124184604
d:16:1.9517719427319946e-05,3.2572220805065797,3.2572227979980175,6.51442536078517
d:17:1.7479582489876577e-05,3.257222080982204,3.2572227964099976,6.514427397809712
d:18:1.6676040172747264e-05,3.2572220817548447,3.257222795149983,6.514428200864654
d:19:1.6861409283919215e-05,3.2572220805042784,3.2572227959227216,6.514428015017716
d:20:1.6217647633709475e-05,3.257222078916165,3.257222798050385,6.5144286593189165
d:21:1.5023817189430133e-05,3.2572220782399537,3.2572227971651144,6.514429851587879
d:22:1.4148659487567272e-05,3.257222076651781,3.2572228009041724,6.514430728896466
d:23:1.5273238952673296e-05,3.2572220765328845,3.257222799653586,6.5144296029475175
d:24:1.4924038975294707e-05,3.2572220767870945,3.2572227989676037,6.514429951715723
d:25:1.698864287646984e-05,3.2572220783046166,3.2572228043654197,6.514427894027159
d:26:1.4177855036656695e-05,3.257222079077215,3.2572228036892548,6.514430704911433
d:27:1.4850523407439198e-05,3.257222077634397,3.257222802348477,6.514430029459467
d:28:1.4265711440586415e-05,3.2572220788423514,3.257222801435942,6.514430614566853
d:29:1.6641009755957725e-05,3.257222077391179,3.2572228008835142,6.514428237264937
d:30:1.4604081651548029e-05,3.257222071763553,3.2572228001974826,6.514430267879384
d:31:1.571101793551577e-05,3.25722207032068,3.2572227993121716,6.514429158614917
d:32:1.4885288058152923e-05,3.2572220688777453,3.2572227980615422,6.514429981651229
d:33:1.542337257198767e-05,3.25722206875881,3.2572227995791194,6.514429444965357
d:34:1.5495267175147376e-05,3.2572220671706003,3.2572228000548824,6.5144293719583075
d:35:1.5173457352801734e-05,3.257222066092828,3.257222800115101,6.514429692750577
d:36:1.6048008869340435e-05,3.257222064832819,3.2572227944874528,6.514428811311403
d:37:1.591046304305621e-05,3.25722206358223,3.2572227939349796,6.514428947054167
d:38:1.3961672189921615e-05,3.2572220650997235,3.257222793382446,6.51443089680998
d:39:1.4625067198181796e-05,3.2572220641871787,3.2572227919396917,6.514430231059672
d:40:1.765041251200472e-05,3.2572220629271156,3.257222791999859,6.514427204514463
d:41:1.6213444772539276e-05,3.257222061484137,3.257222791323666,6.514428639363031
d:42:1.5606316216221217e-05,3.257222065223211,3.257222790438318,6.514429249345312
d:43:1.641666976048839e-05,3.257222064546987,3.2572227925659782,6.514428440443204
d:44:1.3912993846787458e-05,3.257222063870702,3.2572227914882625,6.514430942365118
d:45:1.4750601412316655e-05,3.2572220676097254,3.2572227919639904,6.514430108972304
d:46:1.635270853839188e-05,3.257222068085358,3.2572227906231914,6.51442850600001
d:47:1.557324547807326e-05,3.2572220679663935,3.257222789363181,6.5144292840840965
d:48:1.678654406234159e-05,3.257222066760069,3.257222790571159,6.514428070787165
d:49:1.533056560365509e-05,3.257222072158024,3.2572227932485136,6.514429534840934
d:50:1.5065035189110176e-05,3.2572220729306185,3.2572227935029456,6.514429801398375
d:51:1.475025634434246e-05,3.257222073184832,3.2572227928267137,6.514430115755202
d:52:1.524825117282802e-05,3.2572220722996623,3.25722279227415,6.51442961632264
d:53:1.4255661868745051e-05,3.2572220727752508,3.2572227908313636,6.514430607944746
d:54:1.537830828546305e-05,3.2572220718900216,3.2572227935086726,6.514429487090409
d:55:1.6399846240133797e-05,3.2572220704470123,3.2572227878809947,6.514428458481767
d:56:1.529958600077208e-05,3.257222069003941,3.25722278720471,6.51442955662265
d:57:1.5792608683895537e-05,3.2572220702119044,3.2572227876804045,6.514429065283625
d:58:1.6255457763847403e-05,3.257222072339628,3.2572227864203556,6.514428603302219
d:59:1.7500726517738485e-05,3.2572220707514123,3.2572227853426106,6.514427355367506
d:60:1.5144392222943281e-05,3.257222069410547,3.2572227841362213,6.5144297091545456
d:61:1.5755346367996026e-05,3.257222074808479,3.2572227835836154,6.514429103045726
d:62:1.420830474607726e-05,3.257222077485832,3.257222784356397,6.514430653537483
d:63:1.635563718416222e-05,3.2572220777400123,3.2572227880955027,6.51442851019833
d:64:1.3647834073537979e-05,3.2572220766622446,3.257222787210142,6.514431216038313
d:65:1.583600568011434e-05,3.2572220787899253,3.2572227884181006,6.514429031202345
d:66:1.5224801861890569e-05,3.257222077712098,3.257222787077285,6.5144296399875214
d:67:1.533630525951679e-05,3.2572220770261833,3.257222787137455,6.514429527858378
d:68:1.7166296723658547e-05,3.2572220763498922,3.2572227898147394,6.514427699867908
d:69:1.3554942468019249e-05,3.2572220800889213,3.257222788371926,6.514431313518379
d:70:1.632408691776277e-05,3.257222079402948,3.257222787695612,6.5144285430116415
d:71:1.5381066621245054e-05,3.2572220779518095,3.257222789823283,6.514429486708471
d:72:1.592979896347657e-05,3.2572220806291283,3.2572227892706405,6.514428940100806
d:73:1.570729709499119e-05,3.257222080883271,3.257222788584647,6.514429162170822
d:74:1.5000911499640779e-05,3.257222082091217,3.2572227869966945,6.514429868176412
d:75:1.5116477202425926e-05,3.257222082345302,3.257222785746102,6.514429751614202
d:76:1.6067320618873282e-05,3.257222086084291,3.2572227848336155,6.514428803597287
d:77:1.56376789703927e-05,3.257222086559876,3.257222784157254,6.514429233038159
d:78:1.804611991662597e-05,3.2572220858738596,3.257222783471209,6.514426823225151
d:79:1.4610685831861758e-05,3.2572220854968683,3.257222782130359,6.514430256941396
d:80:1.5774122439360383e-05,3.2572220862694756,3.2572227836479923,6.514429095795029
d:81:1.510137196092387e-05,3.257222085892426,3.257222783529332,6.514429768049798
d:82:1.6029535151673713e-05,3.2572220852063567,3.2572227828529194,6.5144288385241245
d:83:1.599709071253841e-05,3.2572220845202255,3.257222781401843,6.514428868831356
d:84:1.571521726617675e-05,3.2572220831793537,3.2572227814619907,6.514429149424078
d:85:1.5367336015259525e-05,3.2572220824931635,3.2572227801210913,6.51442949527824
d:86:1.4835584935646295e-05,3.2572220840107162,3.257222779043346,6.5144300274691265
d:87:1.545425000770706e-05,3.2572220827507,3.257222778130822,6.514429406631514
d:88:1.5067266621926478e-05,3.2572220864896626,3.2572227768801945,6.514429796103235
d:89:1.5965720322697052e-05,3.257222088007162,3.25722277553924,6.514428897826079
d:90:1.5213936572777698e-05,3.257222086564106,3.2572227749865763,6.51442964761411
d:91:1.607305028983319e-05,3.2572220851129496,3.2572227776638596,6.514428789726519
d:92:1.573174643532127e-05,3.257222088851864,3.257222783061797,6.514429140167225
d:93:1.5542522789679936e-05,3.2572220879393843,3.2572227829431024,6.5144293283596975
d:94:1.5154626253455206e-05,3.257222093337349,3.2572227850707716,6.514429723781867
d:95:1.642995547790349e-05,3.257222093591421,3.2572227855464964,6.514428449182439
d:96:1.5919124228602755e-05,3.2572220932143447,3.257222783958531,6.514428958048647
d:97:1.653353498465293e-05,3.257222091963833,3.2572227876976663,6.514428346126515
d:98:1.781286567492657e-05,3.2572220907575624,3.2572227870212287,6.514427064913116
d:99:1.7782024908541416e-05,3.2572220902052655,3.2572227885388476,6.514427096719205
d:100:1.5853608067217806e-05,3.2572220956031908,3.2572227870960417,6.514429029091165
d:101:1.535816062148143e-05,3.2572220952260635,3.2572227858453817,6.514429522910824
d:102:1.5466025792498783e-05,3.2572220937829717,3.2572227852926843,6.5144294130498634
d:103:1.4584272411077848e-05,3.2572220931067015,3.257222785547182,6.514430294381472
d:104:1.576756614518615e-05,3.2572220933607334,3.257222787674816,6.514429113469404
d:105:1.5598364920599295e-05,3.257222092684405,3.2572227871220627,6.514429281441547
d:106:1.5644853603724584e-05,3.2572220917718915,3.257222788330061,6.514429235248349
d:107:1.5442050446345945e-05,3.2572220938996193,3.2572227937279834,6.514429445577156
d:108:1.4731733072537168e-05,3.2572220943752175,3.257222792477276,6.51443015511942
d:109:1.5461899924851252e-05,3.2572220938228815,3.257222791217282,6.514429423140238
d:110:1.4982274842090249e-05,3.257222094298423,3.2572227916929815,6.514429903716562
d:111:1.3931173333148195e-05,3.25722209295755,3.257222792900931,6.514430954685148
d:112:1.6215408715325452e-05,3.2572220932115394,3.2572227914580894,6.514428669260914
d:113:1.564191934022574e-05,3.257222091961001,3.2572227929756834,6.514429243017345
d:114:1.6781301624746447e-05,3.257222094638368,3.257222792299221,6.5144281056359645
d:115:1.603852888276691e-05,3.257222093187204,3.257222794976506,6.514428849634827
d:116:1.5701148417868183e-05,3.257222096926123,3.2572227942904886,6.514429190068194
d:117:1.3399755746767994e-05,3.2572220956755302,3.2572227932127533,6.514431489132536
d:118:1.38235238713591e-05,3.257222097803226,3.257222792134956,6.514431066414311
d:119:1.4848833853164933e-05,3.2572221015420952,3.2572227909286404,6.5144300436368825
d:120:1.606579849777745e-05,3.2572221008559263,3.2572227903758595,6.5144288254332885
d:121:1.5836550216974388e-05,3.257222106253852,3.2572227896897896,6.514429059393425
d:122:1.4428939723032386e-05,3.257222105567624,3.2572227893129355,6.514430465940837
d:123:1.5526312276747944e-05,3.257222104116415,3.2572227878618882,6.514429365666027
d:124:1.6039369291398486e-05,3.25722210323129,3.2572227874849755,6.514428851346974
d:125:1.5390513299351483e-05,3.257222103291691,3.257222786234244,6.5144294990126355
d:126:1.5810101452018444e-05,3.257222102739332,3.2572227883618736,6.514429080999754
d:127:1.5302598275646062e-05,3.2572221035119933,3.2572227895698025,6.5144295904835205
d:128:1.587939329272814e-05,3.257222097884507,3.2572227949677233,6.514429013458938
d:129:1.5300657752348457e-05,3.2572220977656783,3.257222796485297,6.514429593593222
d:130:1.40225919915693e-05,3.257222100443027,3.2572227963666305,6.514430874217665
d:131:1.5885326633657826e-05,3.257222100324141,3.2572227964268294,6.514429011424337
d:132:1.5327846913493204e-05,3.2572220994116257,3.2572227948388837,6.514429566403596
d:133:1.5122091764574463e-05,3.2572220980707405,3.257222794162402,6.514429770141378
d:134:1.5867585990037014e-05,3.2572220971581665,3.2572227932499263,6.514429022822103
d:135:1.5713000910189123e-05,3.2572220986757205,3.2572227959272038,6.514429181602014
d:136:1.3517133412577209e-05,3.257222097989462,3.2572227961817193,6.514431377037768
d:137:1.529790653265195e-05,3.2572220965463874,3.2572227951039032,6.514429593743758
d:138:1.687827837226763e-05,3.2572220970219354,3.257222800501797,6.5144280192453605
d:139:1.5099378897431848e-05,3.2572220982299815,3.2572227999489978,6.514429798800082
d:140:1.3783787339072262e-05,3.257222097023745,3.2572227992629106,6.514431112499317
d:141:1.577499971538998e-05,3.2572220954356568,3.257222798002928,6.514429118438869
d:142:1.5455153812737876e-05,3.2572220945230383,3.257222796551861,6.514429435921087
d:143:1.587877358488754e-05,3.25722209477704,3.2572227951007324,6.514429011104188
d:144:1.5135258975895738e-05,3.2572220946581214,3.257222793840693,6.514429753239838
d:145:1.552870837162601e-05,3.2572220947185078,3.257222792928179,6.514429358938315
d:146:1.5379537478210636e-05,3.2572220938058347,3.2572227918503196,6.514429506118676
d:147:1.7233484987499992e-05,3.2572220950138395,3.257222790407496,6.514427651936348
d:148:1.589356334363856e-05,3.2572220954893494,3.2572227925351216,6.514428994461127
d:149:1.6069326123968608e-05,3.2572220940381365,3.2572227925953015,6.514428817307314
d:150:1.5342421595399003e-05,3.257222093153008,3.257222793803226,6.5144295445346385
d:151:1.5065739972008885e-05,3.2572220918930785,3.257222793426316,6.514429819579422
d:152:1.4365598548060632e-05,3.257222090815391,3.2572227919751433,6.514430517191986
d:153:1.652787824379942e-05,3.2572220899026707,3.257222792229638,6.514428354254065
d:154:1.5447338212126738e-05,3.2572220906753357,3.257222793437511,6.514429436774634
d:155:1.533032248968169e-05,3.2572220960732956,3.2572227921867856,6.514429557937592
d:156:1.613571095937516e-05,3.2572220946220343,3.257222793704364,6.514428752615439
d:157:1.5445923370549508e-05,3.2572220935442946,3.2572227921164116,6.514429439737336
d:158:1.5094708499141518e-05,3.2572220929919484,3.2572227921765515,6.51442979046
d:159:1.526899580372998e-05,3.2572220915406294,3.2572227865490246,6.51442960909385
d:160:1.591296462866154e-05,3.25722209116358,3.257222785636482,6.514428963835433
d:161:1.5139387479656818e-05,3.257222090278414,3.257222786112244,6.514429737003178
d:162:1.4538383902085172e-05,3.2572220890721653,3.257222785559436,6.514430336247699
d:163:1.537736008749846e-05,3.257222094470091,3.2572227844815527,6.514429501591556
d:164:1.561672851746465e-05,3.2572220971474666,3.257222784736012,6.514429265154961
d:165:1.6814352543192967e-05,3.2572220979200974,3.2572227791084267,6.5144280626759805
d:166:1.4433103741495756e-05,3.25722209869267,3.257222782847683,6.514430448436611
d:167:1.571480068918163e-05,3.257222097249601,3.257222781769746,6.514429164218658
d:168:1.682535327596213e-05,3.2572220977250983,3.257222780691746,6.514428053063568
d:169:1.4535853360087003e-05,3.2572220920976287,3.2572227860896654,6.5144303423339345
d:170:1.552176734875843e-05,3.257222095836572,3.2572227854035853,6.514429359472809
d:171:1.547156992032228e-05,3.2572220947588018,3.257222784197328,6.51442940738621
d:172:1.4169470008873475e-05,3.2572220955313265,3.2572227835208754,6.514430709582193
d:173:1.6726720184045973e-05,3.2572220970489134,3.257222781932895,6.514428152261624
d:174:1.6339909535645347e-05,3.2572221007878097,3.2572227813800523,6.514428542258326
d:175:1.5024501057503414e-05,3.2572220999026134,3.2572227851192737,6.5144298605208295
d:176:1.5776239835396666e-05,3.2572221036414573,3.2572227835312364,6.514429110932858
d:177:1.5966365476849376e-05,3.257222107380246,3.2572227828451097,6.514428923859879
d:178:1.499055279108319e-05,3.257222106129733,3.257222782168607,6.514429897745549
d:179:1.4443341606273918e-05,3.257222106605195,3.2572227817917,6.514430445055289
d:180:1.6202524568242893e-05,3.257222112003111,3.2572227807136653,6.514428690192208
d:181:1.5253231678613588e-05,3.257222117400973,3.2572227794536475,6.514429643622941
d:182:1.3575107472796333e-05,3.2572221167147615,3.2572227782029204,6.5144313198102095
d:183:1.4738775941935955e-05,3.257222116775178,3.2572227775263674,6.514430155525604
d:184:1.5072636868396216e-05,3.2572221168355346,3.2572227768401922,6.514429821038858
d:185:1.4274054214169496e-05,3.257222116458483,3.2572227753973926,6.514430617801661
d:186:1.539251881510495e-05,3.257222114870435,3.257222774484847,6.514429496836467
d:187:1.6147182696713003e-05,3.2572221156429366,3.2572227688572384,6.514428737317479
d:188:1.633853918292516e-05,3.257222117770749,3.257222768738647,6.514428547970214
d:189:1.4436402857143094e-05,3.257222121509511,3.2572227681857764,6.51443045329243
d:190:1.6062628223068032e-05,3.2572221215698196,3.2572227669794986,6.514428825921096
d:191:1.452348528374614e-05,3.2572221159423282,3.2572227707187027,6.514430363175747
d:192:1.5510113929195768e-05,3.2572221180700907,3.257222774457852,6.514429382414013
d:193:1.724850958240154e-05,3.257222117517766,3.2572227765855297,6.514427645593713
d:194:1.572427363072393e-05,3.25722211189021,3.2572227803246268,6.514429167941206
d:195:1.5702842351750235e-05,3.257222111004999,3.257222779412039,6.514429187574686
d:196:1.589268167379032e-05,3.2572221122130633,3.2572227820894115,6.514429001620801
d:197:1.5895701439561094e-05,3.2572221106249777,3.257222785828458,6.514429000751996
d:198:1.544078960424855e-05,3.25722210941875,3.2572227860829366,6.514429454712082
d:199:1.4723625098689297e-05,3.2572221087325155,3.2572227848321855,6.514430169939602
d:200:1.557247512362636e-05,3.257222112471248,3.257222783572148,6.514429323568272
d:201:1.5755696094466032e-05,3.2572221108831068,3.2572227828955747,6.514429138082587
d:202:1.5702692225616488e-05,3.2572221096232328,3.2572227841035053,6.5144291910345125
d:203:1.4722628973729002e-05,3.257222108372715,3.257222782852699,6.514430168596441
d:204:1.433881040480145e-05,3.2572221072949583,3.2572227849803452,6.514430553464899
d:205:1.5242868153464428e-05,3.2572221075490484,3.2572227852347795,6.514429649915675
d:206:1.6017449735450384e-05,3.257222105960853,3.2572227889737904,6.5144288774849075
d:207:1.508678066031166e-05,3.2572221054084984,3.2572227876330486,6.514429806260887
d:208:1.5031176034518978e-05,3.2572221041485747,3.2572227860450216,6.514429859017562
d:209:1.457887456268736e-05,3.2572221030707667,3.257222784456931,6.514430308653135
d:210:1.579238150384299e-05,3.2572221051985126,3.2572227865845322,6.514429099401541
d:211:1.6007046534483038e-05,3.257222103992252,3.2572227864659338,6.514428883411652
d:212:1.6092786690791172e-05,3.2572221040525506,3.2572227853879103,6.51442879665377
d:213:1.608816777132205e-05,3.2572221035001467,3.2572227844753026,6.5144287998076775
d:214:1.566889556858797e-05,3.2572221020488916,3.257222783922429,6.514429217075752
d:215:1.6057779687272955e-05,3.2572221009710334,3.2572227893204153,6.514428832511761
d:216:1.4858475756440725e-05,3.257222100085807,3.257222788435349,6.5144300300454
d:217:1.5724543822592807e-05,3.2572220986427913,3.2572227828077365,6.514429156906705
d:218:1.408667356628257e-05,3.2572221001604293,3.257222785485105,6.5144307989719685
d:219:1.4589553176236336e-05,3.2572220992478016,3.2572227845724475,6.514430294267073
d:220:1.4351368064602354e-05,3.2572221007653845,3.2572227899703905,6.51443053936771
d:221:1.5866344310389024e-05,3.2572220995148427,3.257222789417472,6.514429022588004
d:222:1.4738698533633965e-05,3.257222100722911,3.2572227883394076,6.5144301503637845
d:223:1.5895180031755274e-05,3.257222100170467,3.257222788399641,6.5144289933900765
d:224:1.5427421180547185e-05,3.2572221002307318,3.2572227878466657,6.514429460656217
d:225:1.5815703551247395e-05,3.2572220946031707,3.257222793244566,6.5144290721441855
d:226:1.5800397092036178e-05,3.2572220953757056,3.257222798642415,6.514429093621029
d:227:1.4942956111596573e-05,3.2572220944630326,3.2572227998503465,6.514429951357267
d:228:1.400040476084996e-05,3.257222098201779,3.2572227987722338,6.514430896569252
d:229:1.753403956517019e-05,3.2572220978247683,3.2572227978871355,6.514427361672339
d:230:1.585211322474578e-05,3.257222096618487,3.2572227966363303,6.514429041141592
d:231:1.685456907551952e-05,3.257222098746227,3.2572227952955797,6.514428039472731
d:232:1.6082428177632835e-05,3.257222102484926,3.257222795176969,6.5144288152337175
d:233:1.5355521335358446e-05,3.2572221012785887,3.2572227963848546,6.514429542142108
d:234:1.595613703919696e-05,3.2572221024866255,3.2572227979025667,6.514428944252153
d:235:1.5433160311495442e-05,3.257222101810542,3.25722280057992,6.5144294692301505
d:236:1.59353268989193e-05,3.2572221018707728,3.257222799319904,6.514428965863778
d:237:1.565391158209195e-05,3.2572221045482745,3.2572227986337934,6.514429249270486
d:238:1.629662479718519e-05,3.2572221032883575,3.257222797191053,6.514428603854613
d:239:1.541104838320706e-05,3.2572221040608627,3.2572227979642063,6.514429490976686
d:240:1.613693745294853e-05,3.2572221028008848,3.257222797287663,6.514428763151095
d:241:1.723633418038162e-05,3.2572221018881824,3.2572227988053317,6.514427664359333
d:242:1.8042442190946417e-05,3.25722210562685,3.257222800932954,6.514426864117613
d:243:1.762477567801568e-05,3.257222104376296,3.257222800047826,6.514427279648444
d:244:1.4462836458228878e-05,3.257222105893878,3.257222798841612,6.514430441899032
d:245:1.565996481911469e-05,3.257222107411402,3.2572227979564254,6.514429245403009
d:246:1.548349129620874e-05,3.25722210953912,3.257222801695484,6.514429427743307
d:247:1.5837164166754292e-05,3.2572221080878783,3.257222801318676,6.514429072242388
d:248:1.5681620953778008e-05,3.257222108860344,3.2572228000586247,6.514429227298015
d:249:1.7415068869652828e-05,3.257222107417338,3.257222802735955,6.514427495084424
d:250:1.6002925955049818e-05,3.257222105829181,3.25722280165783,6.514428904561056
d:251:1.5551554759518638e-05,3.257222105276742,3.257222800451569,6.514429354173552
d:252:1.644008226442395e-05,3.2572221045905683,3.2572228009274906,6.5144284654357945
d:253:1.5078929178180545e-05,3.25722210367783,3.2572228021353635,6.514429826884015
d:254:1.5431018147715747e-05,3.2572221027926305,3.2572228020167437,6.5144294737912265
d:255:1.633663582900624e-05,3.2572221017148024,3.2572228016398928,6.514428566718866
d:256:1.5715835654184218e-05,3.2572221004642157,3.2572228005617188,6.51442918519028
d:257:1.5039975728825539e-05,3.2572221019817085,3.25722280323901,6.51442986524499
d:258:1.5185488571489714e-05,3.2572221018630008,3.257222801978917,6.514429718353346
d:259:1.5996855320388192e-05,3.2572221009777493,3.257222801425962,6.5144289055483915
d:260:1.4884022517591688e-05,3.2572220997714108,3.2572228007494024,6.514430016498295
d:261:1.55357309052917e-05,3.257222100979453,3.25722279986419,6.514429365112737
d:262:1.5091625874319448e-05,3.2572221004269757,3.2572228013818507,6.514429810182952
d:263:1.5487617266884968e-05,3.2572220995141965,3.2572227957542648,6.514429407651194
d:264:1.7104934162404106e-05,3.257222098254212,3.2572227962301534,6.5144277895502025
d:265:1.5472583136499907e-05,3.257222096994165,3.257222796111497,6.514429420522525
d:266:1.582804501509827e-05,3.2572220968754144,3.2572227952262316,6.514429064056631
d:267:1.5623622966032258e-05,3.2572221022734498,3.2572227951075177,6.514429273758001
d:268:1.4992153291260024e-05,3.2572220966459113,3.2572228005054225,6.5144299049980425
d:269:1.3928962000697709e-05,3.2572220957606195,3.2572227998193237,6.514430966617943
d:270:1.5608143163703403e-05,3.2572220958208695,3.2572228024965892,6.514429290174295
d:271:1.5120533380041934e-05,3.257222094935518,3.2572228040142117,6.51442977841635
d:272:1.7135126885392538e-05,3.2572220938576666,3.2572228044900573,6.514427763220839
d:273:1.643428840480965e-05,3.2572220924146515,3.2572228038134656,6.514428461939712
d:274:1.3762857210330992e-05,3.2572220867870554,3.2572228025533465,6.514431126483191
d:275:1.4107190968282168e-05,3.2572220861008727,3.257222801110629,6.514430780020533
d:276:1.564731909731165e-05,3.2572220854146297,3.257222804849707,6.514429242945239
d:277:1.4968978698348678e-05,3.2572220838264703,3.25722280340693,6.514429918254702
d:278:1.5222348080712322e-05,3.257222082620109,3.257222802200668,6.514429662472697
d:279:1.5224841551031432e-05,3.2572220814136865,3.2572228048778973,6.514429661450032
d:280:1.4850910957875385e-05,3.257222081667894,3.257222804938206,6.514430035695142
d:281:1.4353533043021116e-05,3.257222080991855,3.257222804819464,6.514430532278276
d:282:1.4758756743837864e-05,3.25722208087308,3.2572228041333333,6.514430126249669
d:283:1.5706613286425863e-05,3.2572220796130096,3.257222802873171,6.514429175872895
d:284:1.5952344790903794e-05,3.257222079494176,3.2572228014222424,6.514428928571627
d:285:1.534296677263569e-05,3.2572220781535814,3.257222801676808,6.5144295368636165
d:286:1.5379260544179374e-05,3.2572220782138075,3.2572228002339876,6.514429499187251
d:287:1.556786045675551e-05,3.2572220797313127,3.257222800709808,6.514429312580663
d:288:1.5421857601616296e-05,3.2572220790450337,3.2572228044488596,6.514429461636292
d:289:1.757683055725323e-05,3.2572220791052047,3.257222803242559,6.514427305517207
d:290:1.5735848707620903e-05,3.2572220817827806,3.2572228047601692,6.514429150694243
d:291:1.4373107237730665e-05,3.2572220805763226,3.257222806887854,6.514430514356938
d:292:1.5954235910164982e-05,3.2572220792356794,3.257222807661076,6.514428932660845
d:293:1.4132178223213998e-05,3.2572220781578114,3.2572228069749083,6.514430752954497
d:294:1.588436921018399e-05,3.257222079365873,3.257222806298303,6.514429001294966
d:295:1.4831306519802467e-05,3.257222078025173,3.2572228100373155,6.514430056755969
d:296:1.5524380715170594e-05,3.2572220765821474,3.257222812164954,6.514429364366387
d:297:1.6443741934324407e-05,3.2572220753756387,3.257222811612026,6.5144284432457304
d:298:1.5115013542121858e-05,3.257222079114391,3.2572228100240803,6.514429774124929
d:299:1.5654464719183636e-05,3.2572220798869185,3.2572228091115494,6.514429234533749
d:300:1.5525016131334723e-05,3.2572220825644607,3.257222809587339,6.514429367135668
d:301:1.3044784815896548e-05,3.257222081357898,3.257222811714931,6.514431848288013
d:302:1.4907878386871687e-05,3.2572220850966027,3.257222811161952,6.514429988380168
d:303:1.5256571397337382e-05,3.2572220844102975,3.2572228055343824,6.5144296333732825
d:304:1.5489927899459133e-05,3.2572220830695544,3.257222805594687,6.514429398736342
d:305:1.5431513780583828e-05,3.2572220851973595,3.2572228082719223,6.514429461955501
d:306:1.590850140686939e-05,3.2572220838565573,3.2572228087476653,6.514428984102816
d:307:1.6288628573946085e-05,3.257222084110768,3.2572228090022226,6.514428604484417
d:308:1.5830999773314147e-05,3.257222086238521,3.2572228083160275,6.5144290635547755
d:309:1.746912496347619e-05,3.257222087446558,3.2572228104435794,6.514427428765174
d:310:1.537270632567811e-05,3.2572220858584107,3.2572228158415406,6.514429528993626
d:311:1.4392141705066308e-05,3.2572220851720606,3.2572228179690375,6.514430510999393
d:312:1.5659917741217555e-05,3.2572220835838532,3.257222817056474,6.514429240722587
d:313:1.601384962679475e-05,3.257222088981955,3.2572228158501666,6.514428890982495
d:314:1.307969805885989e-05,3.257222088069233,3.2572228143992445,6.514431822770419
d:315:1.6981360055901007e-05,3.2572220875168174,3.257222808771631,6.514427914928393
d:316:1.5467719849837636e-05,3.257222091255502,3.257222807693534,6.5144294312291855
d:317:1.6087452676671887e-05,3.2572220913156786,3.2572228064871718,6.514428810350173
d:318:1.4884020298921996e-05,3.257222091569854,3.2572228008594943,6.514430008409049
d:319:1.554248138191383e-05,3.2572220903193494,3.25722280206747,6.514429349905438
d:320:1.5561962033672216e-05,3.257222088876316,3.2572228023219947,6.514429329236277
d:321:1.6524436316167623e-05,3.2572220883238523,3.257222803095227,6.514428366982763
d:322:1.6681588374645173e-05,3.2572220877713276,3.2572228038683986,6.514428210051352
d:323:1.6506609102684422e-05,3.257222087394478,3.257222802661986,6.514428383447361
d:324:1.6248880160496526e-05,3.257222086187905,3.257222801219189,6.514428638526933
d:325:1.568267369922438e-05,3.257222086442035,3.2572228049582215,6.514429208726557
d:326:1.4553913665338314e-05,3.257222085191483,3.2572228035072626,6.5144303347850805
d:327:1.5702781313464698e-05,3.2572220839314525,3.2572227978795336,6.514429179029673
d:328:1.5192264259944466e-05,3.2572220826808413,3.257222796966943,6.514429687383525
d:329:1.4666545419927957e-05,3.2572220821282696,3.257222791339147,6.514430206921997
d:330:1.643697920972187e-05,3.257222082188415,3.2572227940163865,6.514428439225592
d:331:1.6544601749934884e-05,3.2572220806001866,3.257222795224331,6.514428331222768
d:332:1.4917746109510688e-05,3.2572220832777514,3.257222796432216,6.514429961963858
d:333:1.6390060041615584e-05,3.2572220835318384,3.257222797205353,6.514428490677149
d:334:1.5973336950025896e-05,3.2572220847398765,3.257222799882544,6.514428911285471
d:335:1.4346166196332888e-05,3.2572220849939066,3.2572228010903754,6.514430539918086
d:336:1.4213960105813328e-05,3.25722208712167,3.2572228015661295,6.514430674727694
d:337:1.6488768380007457e-05,3.257222088639239,3.257222795938281,6.51442839580914
d:338:1.4428668974275638e-05,3.257222089847226,3.257222801336261,6.514430462514513
d:339:1.584817255118054e-05,3.257222089171263,3.2572227998934347,6.514429040892146
d:340:1.4610834766060066e-05,3.2572220918487886,3.257222799953764,6.514430280967787
d:341:1.605224989997822e-05,3.2572220907709704,3.2572227983658526,6.514428836886923
d:342:1.58888846453209e-05,3.2572220898857234,3.2572227974807033,6.514428998481781
d:343:1.5467972468208302e-05,3.25722209362442,3.257222797362047,6.514429423013999
d:344:1.530211918421287e-05,3.257222093505668,3.25722279856984,6.514429589956324
d:345:1.694392117013166e-05,3.2572220942782475,3.2572227974917465,6.514427947848824
d:346:1.626098161988665e-05,3.2572220935919174,3.25722279604077,6.514428628651067
d:347:1.5665900617634065e-05,3.25722209510945,3.2572227962952995,6.5144292255041325
d:348:1.3741497856045726e-05,3.2572220963174017,3.257222801693249,6.514431156512795
d:349:1.5441266199900383e-05,3.257222094866333,3.257222800105292,6.514429453705425
d:350:1.6269911657929015e-05,3.25722209352557,3.2572227999865895,6.514428623600502
d:351:1.5899722287215923e-05,3.257222092849571,3.257222798543727,6.514428991671011
d:352:1.6823517497321916e-05,3.2572220943670565,3.257222802282771,6.51442807313233
d:353:1.5398940319322207e-05,3.257222094248264,3.25722280602176,6.514429501329705
d:354:1.49905416906293e-05,3.2572220957656945,3.2572228049436243,6.514429910167628
d:355:1.6283811132389303e-05,3.2572220950793223,3.257222810341538,6.514428621609728
d:356:1.691559839311907e-05,3.257222094960474,3.25722280942895,6.514427988791032
d:357:1.4964080020440917e-05,3.2572220957330202,3.257222808168897,6.514429939821897
d:358:1.5556007944894645e-05,3.2572220944824166,3.2572228025410244,6.5144293410154965
d:359:1.4983782824273817e-05,3.2572220930394087,3.257222803748794,6.514429913005378
d:360:1.6630348956603314e-05,3.2572220916986048,3.257222802542404,6.514428263892053
d:361:1.5151130038582039e-05,3.2572220907859304,3.2572228021657432,6.514429741821635
d:362:1.653459471295804e-05,3.2572220961841065,3.2572228026414987,6.514428364230892
d:363:1.5398477168027114e-05,3.2572220962442695,3.257222802088602,6.514429499855703
d:364:1.607048195229055e-05,3.2572220948012096,3.257222807486482,6.5144288318057395
d:365:1.4031260039182314e-05,3.257222100199339,3.2572228082596366,6.5144308771989365
d:366:1.3786066503485017e-05,3.2572221055974153,3.257222807053198,6.51443112658411
d:367:1.619053509838153e-05,3.2572221043374157,3.2572228091807753,6.514428722983093
d:368:1.5806284931585424e-05,3.257222103651011,3.2572228075927976,6.514429104958877
d:369:1.4401684705234175e-05,3.2572221030984725,3.2572228091105426,6.51443051052431
d:370:1.562824882839209e-05,3.2572221018478325,3.2572228145083844,6.514429288107388
d:371:1.5592504712280686e-05,3.257222100396751,3.257222819906173,6.5144293277982115
d:372:1.4386291512735738e-05,3.257222100872619,3.257222818699685,6.514430533280791
d:373:1.566673800201812e-05,3.2572220999873824,3.2572228180232035,6.514429251272584
d:374:1.4957947498395185e-05,3.257222098727335,3.2572228195409,6.5144299603207365
d:375:1.5797494727465278e-05,3.257222102466056,3.257222820748649,6.514429125719978
d:376:1.628203651460325e-05,3.257222107864103,3.257222819498122,6.514428645325711
d:377:1.6385065183754932e-05,3.2572221116027738,3.2572228180552574,6.514428544592848
d:378:1.6405615326675616e-05,3.2572221101596828,3.2572228167951898,6.514428521339546
d:379:1.535625071547031e-05,3.2572221109322226,3.257222816676495,6.5144295713580025
d:380:1.3870164508489324e-05,3.25722211081337,3.2572228169310424,6.514431057579904
d:381:1.4691984763004484e-05,3.257222109225195,3.2572228165543673,6.5144302337947995
d:382:1.4796302392205973e-05,3.2572221088484246,3.2572228202933733,6.514430132839405
d:383:1.5225425928022673e-05,3.2572221084715935,3.257222819740461,6.514429702786126
d:384:1.539257270266603e-05,3.2572221122102234,3.257222818152458,6.514429537789979
d:385:1.565108978507368e-05,3.2572221137276705,3.2572228169459354,6.514429279583821
d:386:1.680822136762572e-05,3.2572221164052557,3.257222815605484,6.514428123789372
d:387:1.4818926737270033e-05,3.2572221164654147,3.2572228193444466,6.514430116883124
d:388:1.672483529002733e-05,3.2572221218634376,3.2572228180938834,6.514428215122031
d:389:1.5636663551532592e-05,3.2572221256020235,3.2572228183483904,6.514429307286862
d:390:1.4950872936125847e-05,3.257222125049473,3.257222818824152,6.5144299930006895
d:391:1.591642887444067e-05,3.2572221271773163,3.2572228176175804,6.514429028366022
d:392:1.607230574940388e-05,3.257222126800444,3.2572228174988536,6.514428871993548
d:393:1.493632712534776e-05,3.2572221305389824,3.2572228164207475,6.514430010632604
d:394:1.6384910613176373e-05,3.2572221307930955,3.2572228218185413,6.514428567701024
d:395:1.5967697956753568e-05,3.2572221295330346,3.2572228205584506,6.514428982393529
d:396:1.5247537495710617e-05,3.2572221281922515,3.25722282176619,6.514429702420946
d:397:1.413045494302878e-05,3.257222126985788,3.257222822973871,6.514430819504716
d:398:1.4856143529584642e-05,3.257222127239849,3.2572228222973862,6.514430093393706
d:399:1.6217809795548987e-05,3.257222129367652,3.2572228216113444,6.514428733169201
d:400:1.5059058759092636e-05,3.257222128990736,3.257222822818972,6.5144298927509485
d:401:1.5511481526786497e-05,3.2572221327292374,3.257222823073446,6.514429444321157
d:402:1.3879327161347987e-05,3.2572221312861407,3.2572228218228525,6.514431073781832
d:403:1.5236755153580361e-05,3.2572221296979538,3.25722282450016,6.51442971744296
d:404:1.5904243773512405e-05,3.2572221281097047,3.257222824560581,6.514429048426512
d:405:1.5101315496757195e-05,3.257222127990851,3.257222824815003,6.514429851490357
d:406:1.5612920817531517e-05,3.2572221276138866,3.2572228235548737,6.514429338247943
d:407:1.6380744395583235e-05,3.2572221263537893,3.2572228224767366,6.514428568086131
d:408:1.3665304977372728e-05,3.257222125801218,3.257222822537105,6.514431283033345
d:409:1.4942332590806018e-05,3.2572221260552423,3.25722282521437,6.514430008937021
d:410:1.4245551200886553e-05,3.257222124604189,3.2572228267320953,6.514430705785083
d:411:1.5091280145540509e-05,3.257222123161048,3.257222825847047,6.514429857727949
d:412:1.4226948509055148e-05,3.25722212855908,3.2572228245964117,6.5144307262069825
d:413:1.6714107633042374e-05,3.2572221278727205,3.2572228239198995,6.514428237684987
d:414:1.4995151562224862e-05,3.2572221332707016,3.257222822659725,6.514429960778864
d:415:1.5834945472192885e-05,3.2572221323855017,3.2572228229141094,6.514429120354139
d:416:1.5551496540311405e-05,3.2572221361239846,3.2572228220015997,6.514429406629044
d:417:1.5929477219067678e-05,3.2572221415219187,3.2572228213250334,6.514429033369733
d:418:1.4842851387975031e-05,3.2572221402713284,3.2572228207721414,6.514430118192082
d:419:1.6472552663238105e-05,3.2572221403315034,3.257222820219188,6.514428487998028
d:420:1.563332518017546e-05,3.257222138888319,3.257222819533132,6.5144293250962715
d:421:1.3643937133878126e-05,3.2572221387694413,3.2572228179451495,6.514431312777457
d:422:1.624378791564851e-05,3.2572221376917523,3.257222817268532,6.514428711172369
d:423:1.577339453184834e-05,3.257222136248511,3.2572228163834485,6.514429179237428
d:424:1.58469100810521e-05,3.2572221358715274,3.257222815176889,6.514429104138335
d:425:1.5790431915796432e-05,3.2572221396099756,3.2572228154312346,6.514429164609294
d:426:1.5196669498784843e-05,3.2572221382691993,3.257222814878235,6.514429756477935
d:427:1.5825391846746584e-05,3.2572221387451425,3.2572228135378154,6.514429126891111
d:428:1.6298003962411656e-05,3.257222138368105,3.2572228156654868,6.514428656029629
d:429:1.4545348148153892e-05,3.257222137482874,3.2572228159197802,6.514430408054506
d:430:1.5596677009455107e-05,3.2572221371057797,3.257222815980138,6.514429356408908
d:431:1.5397149396356724e-05,3.2572221425036956,3.257222815303479,6.514429560657779
d:432:1.5286738632269703e-05,3.2572221410526296,3.2572228155577174,6.514429669871715
d:433:1.5589801920512514e-05,3.2572221396093473,3.257222814672593,6.514429364480019
d:434:1.563327179976426e-05,3.257222142286996,3.2572228134124006,6.514429322427596
d:435:1.5744200648981632e-05,3.2572221419098497,3.2572228120719355,6.514429209781136
d:436:1.4689399877809706e-05,3.2572221409972903,3.257222810811684,6.514430262409096
d:437:1.6397354704267286e-05,3.2572221404447257,3.2572228097335527,6.514428552823574
d:438:1.6194260185287135e-05,3.25722214418315,3.25722281241083,6.514428762333795
d:439:1.7006131434627036e-05,3.2572221428423407,3.257222816149868,6.514427952860775
d:440:1.608383032003502e-05,3.257222143318253,3.257222815264697,6.51442887475263
d:441:1.3577028768807509e-05,3.257222144526374,3.257222819003683,6.514431386501288
d:442:1.6894195405292578e-05,3.257222147203984,3.2572228202113527,6.514428073219931
d:443:1.482559746879275e-05,3.2572221458631208,3.2572228189510533,6.514430139216706
d:444:1.6096614113614294e-05,3.2572221444197997,3.2572228178728753,6.514428865678561
d:445:1.5991636007406385e-05,3.257222144895662,3.257222818646164,6.514428971905819
d:446:1.5952212461201043e-05,3.257222144776782,3.2572228173056605,6.514429009869982
d:447:1.5717340983378847e-05,3.257222144224178,3.2572228160453065,6.514429242928501
d:448:1.7540215787370528e-05,3.2572221433389297,3.2572228153686233,6.514427418491766
d:449:1.599406627939004e-05,3.2572221454668,3.2572228146918794,6.5144289660923995
d:450:1.5526734980397805e-05,3.2572221449141394,3.2572228134412695,6.514429431620428
d:451:1.4986960914953329e-05,3.257222150312053,3.257222812190598,6.514429975541736
d:452:1.540148099365979e-05,3.2572221503722454,3.2572228175884903,6.514429566479742
d:453:1.3615839438152477e-05,3.2572221541106505,3.257222816676004,6.514431354947217
d:454:1.661156804999564e-05,3.257222154364724,3.2572228154156027,6.514428358212276
d:455:1.5317453019747518e-05,3.257222153678401,3.2572228180928646,6.514429654318246
d:456:1.5079605740098145e-05,3.257222152337504,3.2572228207700697,6.514429893501834
d:457:1.3754240335117629e-05,3.257222151077461,3.257222820393513,6.514431217230639
d:458:1.5296467762659915e-05,3.257222149489274,3.257222823070664,6.514429676092175
d:459:1.4270511695002597e-05,3.257222149112123,3.2572228284685205,6.514430707068948
d:460:1.4147841025824448e-05,3.2572221487349107,3.25722282852889,6.514430829422775
d:461:1.573750236882887e-05,3.2572221472838487,3.257222827278179,6.514429237059659
d:462:1.415628518408596e-05,3.2572221526817358,3.257222829405875,6.514430825802426
d:463:1.4629382152797632e-05,3.257222151769177,3.257222830613537,6.514430353000561
d:464:1.6127806196308825e-05,3.2572221510828125,3.2572228327411796,6.514428856017796
d:465:1.5885463567677505e-05,3.2572221503963865,3.2572228364801696,6.514429101412989
d:466:1.405182441693853e-05,3.257222149190022,3.2572228391572833,6.5144309365228885
d:467:1.611454767758147e-05,3.2572221518676368,3.2572228428962218,6.5144288802161805
d:468:1.570754669266705e-05,3.2572221523434934,3.25722284234326,6.514429287140061
d:469:1.4902020327944854e-05,3.2572221560818826,3.2572228367155547,6.514430090777109
d:470:1.4992308371652996e-05,3.2572221548754627,3.257222835803047,6.5144299983701375
d:471:1.571276734235738e-05,3.257222153990206,3.2572228412008792,6.514429282423743
d:472:1.5329751580139828e-05,3.257222153314434,3.2572228465986592,6.514429670161514
d:473:1.6693330088912717e-05,3.2572221518633357,3.257222845392153,6.514428303925399
d:474:1.5893550129320033e-05,3.2572221504200205,3.2572228441855846,6.514429101055476
d:475:1.665970442932263e-05,3.2572221516281656,3.257222847924486,6.514428339848222
d:476:1.5766385908833058e-05,3.257222150368103,3.2572228533222214,6.514429237304416
d:477:1.6004646768763564e-05,3.2572221530456837,3.2572228518714876,6.514429000270402
d:478:1.6102975738618852e-05,3.2572221535215036,3.2572228506110803,6.514428901156846
d:479:1.500212733596129e-05,3.2572221522613836,3.2572228506714347,6.514430000805483
d:480:1.6814894455485785e-05,3.257222152142523,3.257222849593278,6.514428186841346
d:481:1.5845709004480568e-05,3.257222151466709,3.257222852270371,6.514429158028076
d:482:1.5120600799889417e-05,3.2572221517207867,3.2572228518938124,6.514429883013799
d:483:1.526950104668856e-05,3.257222151044914,3.25722285341166,6.514429734955527
d:484:1.5654330320913346e-05,3.257222149784742,3.2572228523334488,6.514429347787869
d:485:1.494710664307064e-05,3.2572221441575273,3.2572228510729935,6.514430048123878
d:486:1.5008432034058217e-05,3.2572221437803144,3.257222849822278,6.514429985170558
d:487:1.5386578946063878e-05,3.257222138153033,3.2572228524993267,6.514429604073413
d:488:1.4707686563752986e-05,3.2572221368121457,3.25722285212272,6.514430281248302
d:489:1.6330480452353413e-05,3.257222136136223,3.257222854250366,6.5144286599061365
d:490:1.367896993009765e-05,3.257222138813777,3.25722285472631,6.514431314570157
d:491:1.47459761148383e-05,3.257222138874,3.257222858465196,6.5144302513630805
d:492:1.5407306833914447e-05,3.25722214261239,3.2572228528374705,6.5144295881430265
d:493:1.540545630884793e-05,3.257222143385148,3.2572228519249533,6.514429589853792
d:494:1.6675981185265698e-05,3.257222144157847,3.2572228556637883,6.51442832384045
d:495:1.5461757212342775e-05,3.257222144411894,3.257222854213034,6.514429536867715
d:496:1.5478138301716626e-05,3.2572221451845365,3.2572228528725846,6.514429519918819
d:497:1.5421176901675437e-05,3.2572221435963753,3.2572228516120934,6.514429574031567
d:498:1.4012196558610412e-05,3.257222143219128,3.2572228500242275,6.514430981046797
d:499:1.6373525401292e-05,3.2572221375918025,3.2572228489459882,6.51442861301239
d:500:1.5067579030692002e-05,3.257222136514233,3.2572228475033476,6.51442991643855
d:501:1.628958137089853e-05,3.2572221350631354,3.2572228487110424,6.514428694192807
d:502:1.6473197666400097e-05,3.257222134150604,3.257222848025119,6.514428508978057
d:503:1.4120847420251437e-05,3.2572221378889648,3.2572228468185545,6.514430863860099
d:504:1.553991019420664e-05,3.257222138364784,3.2572228470729065,6.5144294455274965
d:505:1.518716823856181e-05,3.2572221374795434,3.257222846187827,6.514429796499132
d:506:1.534448901896468e-05,3.257222140157078,3.2572228445999145,6.5144296402679736
d:507:1.4777146613020875e-05,3.257222143895391,3.257222844223289,6.514430210972067
d:508:1.6201180683239613e-05,3.2572221430100936,3.2572228431450077,6.5144287849744185
d:509:1.5640575615982755e-05,3.2572221442182605,3.2572228443526603,6.514429347995304
d:510:1.4936160728673542e-05,3.257222144694034,3.2572228444130267,6.514430052946332
d:511:1.3578094749000513e-05,3.257222150091996,3.257222842970347,6.514431414967594
d:512:1.5081395254412655e-05,3.257222151609699,3.2572228483681216,6.514429918582566
d:513:1.527640359810789e-05,3.2572221518637274,3.257222847289788,6.5144297227499175
d:514:1.5914919940129835e-05,3.2572221556020016,3.2572228460292725,6.514429086711334
d:515:1.395690541183825e-05,3.257222154351575,3.257222844778559,6.5144310422247225
d:516:1.4572166720405733e-05,3.2572221534390144,3.2572228441019124,6.514430425374207
d:517:1.4977112096303813e-05,3.257222152361422,3.257222846778978,6.514430022028304
d:518:1.4695638026474e-05,3.257222151448803,3.257222845528208,6.514430301338984
d:519:1.6038213114910604e-05,3.257222151509031,3.257222844077444,6.51442895737336
d:520:1.3489067507421737e-05,3.2572221515692004,3.2572228428266152,6.514431505328308
d:521:1.671362738520088e-05,3.2572221527773366,3.2572228421499165,6.5144282812998675
d:522:1.499295345208651e-05,3.257222152837448,3.257222840561977,6.514430000445973
d:523:1.636974881336073e-05,3.257222152460198,3.2572228394836027,6.514428622194988
d:524:1.452649178723675e-05,3.257222150872035,3.2572228402570245,6.514430464637272
d:525:1.350553652024189e-05,3.2572221492838107,3.257222838669026,6.514431482416317
d:526:1.6364475363239706e-05,3.2572221497595604,3.257222837226317,6.514428622510514
d:527:1.6382921184998622e-05,3.2572221490836655,3.257222836313816,6.514428602476297
d:528:1.5249885308321609e-05,3.2572221484077097,3.257222830686095,6.514429729208496
d:529:1.6222378214969524e-05,3.2572221478551744,3.257222831893737,6.5144287573706965
d:530:1.5415241278127212e-05,3.257222146942519,3.2572228315171032,6.514429563218344
d:531:1.6351710399931108e-05,3.2572221471965284,3.257222831140408,6.514428626626536
d:532:1.592878638501105e-05,3.2572221468192373,3.25722282987987,6.5144290479127225
d:533:1.5812697969685985e-05,3.257222148947258,3.25722282976142,6.514429166010708
d:534:1.4667205774365755e-05,3.2572221516248057,3.257222829642909,6.514430314061941
d:535:1.4831011178273457e-05,3.257222152100516,3.2572228287303626,6.514430149819701
d:536:1.60849882169245e-05,3.2572221505122525,3.2572228314074168,6.514428896931452
d:537:1.581079587165135e-05,3.2572221498259344,3.257222832615017,6.514429171645079
d:538:1.4338131753888206e-05,3.2572221535642125,3.2572228341329392,6.514430649565398
d:539:1.5610227199758242e-05,3.257222153445431,3.25722283953073,6.514429382748961
d:540:1.6077119976642962e-05,3.257222153921091,3.2572228410485975,6.5144289178497115
d:541:1.4194576120729607e-05,3.2572221523327753,3.257222839605858,6.514430797362513
d:542:1.534941751302199e-05,3.257222153105469,3.2572228450036014,6.514429648691557
d:543:1.7040528811129718e-05,3.2572221515170927,3.257222846211156,6.5144279571994375
d:544:1.5580971550299694e-05,3.2572221511397665,3.25722284476836,6.5144294149365765
d:545:1.567340697938846e-05,3.2572221504637877,3.2572228459758583,6.514429323032667
d:546:1.4676279750602816e-05,3.257222150344959,3.2572228447152893,6.514430318780498
d:547:1.563544018523544e-05,3.2572221487565285,3.2572228462331134,6.514429359549457
d:548:1.6221613469369345e-05,3.257222147506115,3.2572228462935082,6.514428772186154
d:549:1.5372884727860026e-05,3.2572221460629107,3.2572228454084695,6.514429618586653
d:550:1.578259036261187e-05,3.25722214874044,3.2572228445233686,6.514429210673446
d:551:1.47530863987555e-05,3.2572221480540917,3.257222848262293,6.514430243229986
d:552:1.7076401468862912e-05,3.2572221534521066,3.2572228470114752,6.514427924062113
d:553:1.3986798526488542e-05,3.2572221588500696,3.2572228463256088,6.514431018377152
d:554:1.4523514523467895e-05,3.2572221587311985,3.2572228451191005,6.5144304803357755
d:555:1.559742461143543e-05,3.2572221614086816,3.257222844040737,6.5144294080248075
d:556:1.4724455915882118e-05,3.257222160722282,3.25722284366404,6.514430279930407
d:557:1.5427269434376e-05,3.2572221606033565,3.25722284222121,6.514429575555132
d:558:1.4848836955572153e-05,3.2572221593432937,3.2572228415445363,6.514430152050875
d:559:1.6550766785528026e-05,3.2572221586568384,3.2572228408678012,6.5144284487578545
d:560:1.6571348022687005e-05,3.257222158279488,3.2572228409281623,6.514428427859627
d:561:1.65089251797923e-05,3.257222157201935,3.2572228402422514,6.514428488519007
d:562:1.4630668688120352e-05,3.2572221562892922,3.2572228423700214,6.5144303679906255
d:563:1.4763402053752372e-05,3.2572221574974716,3.2572228409192947,6.5144302350147125
d:564:1.535365413030121e-05,3.257222156237359,3.2572228394685068,6.514429642051735
d:565:1.591451079008266e-05,3.2572221553521326,3.2572228448662552,6.514429085707597
d:566:1.5513164981051375e-05,3.257222155412287,3.257222847543327,6.514429489790634
d:567:1.5667150608855707e-05,3.257222154071522,3.257222845955363,6.514429332876277
d:568:1.411047591837189e-05,3.257222155279652,3.257222849694274,6.514430894498007
d:569:1.5075757032079196e-05,3.2572221557553216,3.2572228483539316,6.514429928352222
d:570:1.53334415244899e-05,3.2572221501280776,3.2572228510309547,6.514429667717508
d:571:1.5089585452265908e-05,3.2572221506036896,3.257222853158687,6.514429914176924
d:572:1.4145237443585756e-05,3.25722214497638,3.257222851898115,6.5144308516370515
d:573:1.5048174311083073e-05,3.257222143533167,3.257222855636981,6.514429950995837
d:574:1.5517217043736764e-05,3.257222142089893,3.2572228550842084,6.514429479957057
d:575:1.5260626317292747e-05,3.2572221414139215,3.257222853641357,6.514429734428961
d:576:1.5263345499505476e-05,3.257222145152239,3.257222854414844,6.514429736221583
d:577:1.641850943023826e-05,3.2572221439460063,3.2572228529719327,6.514428578408509
d:578:1.5691685326224558e-05,3.257222142695599,3.257222858369661,6.514429309379934
d:579:1.415339711119401e-05,3.2572221418103418,3.257222859143094,6.514430847556325
d:580:1.4825671220464187e-05,3.257222140359364,3.25722286127079,6.514430175958934
d:581:1.4933202404421309e-05,3.257222141877177,3.2572228598199784,6.514430068494751
d:582:1.4316842472439362e-05,3.257222141324705,3.2572228597015216,6.514430684183754
d:583:1.546864885160204e-05,3.2572221400742447,3.2572228587890266,6.51442953021442
d:584:1.5734573413084263e-05,3.2572221386232116,3.257222859996561,6.51442926404636
d:585:1.4523641707064883e-05,3.2572221372824224,3.2572228615144194,6.514430475155135
d:586:1.5493382033326952e-05,3.2572221371635024,3.257222862721898,6.514429506503367
d:587:1.5444465986114153e-05,3.257222136610978,3.2572228653989055,6.514429557543898
d:588:1.5413879514980522e-05,3.2572221373837227,3.257222870796604,6.514429594300812
d:589:1.4746016550937213e-05,3.2572221395118235,3.257222871570001,6.514430265065274
d:590:1.5538497403433382e-05,3.2572221407199464,3.257222872343339,6.514429474565882
d:591:1.4642550773658058e-05,3.257222139131553,3.2572228714307996,6.514430368011579
d:592:1.530171487651444e-05,3.2572221380540083,3.2572228713123055,6.514429707651438
d:593:1.6661984949095654e-05,3.257222141792312,3.2572228709356352,6.514428350742998
d:594:1.4293481228833116e-05,3.2572221425650096,3.2572228700505756,6.5144307191343565
d:595:1.3813202683010672e-05,3.257222141358755,3.257222875448238,6.51443120360431
d:596:1.5614448920509005e-05,3.2572221357314253,3.2572228775759147,6.514429398858419
d:597:1.5373322011846824e-05,3.257222137249217,3.257222881314786,6.514429645241991
d:598:1.6551356512906068e-05,3.2572221368718934,3.257222880638082,6.514428466153463
d:599:1.4274498981947659e-05,3.257222135611798,3.257222880698477,6.514430741811292
d:600:1.5315208704791416e-05,3.2572221382893347,3.257222881471778,6.514429704552407
d:601:1.514337728991677e-05,3.257222137911955,3.2572228868694006,6.514429881404066
d:602:1.5304349918032756e-05,3.257222136705652,3.2572228922669706,6.514429724622705
d:603:1.682789002188656e-05,3.257222136153104,3.2572228943946064,6.5144282026576885
d:604:1.6066920832003007e-05,3.2572221360341636,3.2572228930542835,6.5144289621676155
d:605:1.6781374444718722e-05,3.2572221387116542,3.2572228923684157,6.514428249705626
d:606:1.5468803290730193e-05,3.2572221380252455,3.2572228938862677,6.514429563108223
d:607:1.3899271112727263e-05,3.257222137647817,3.2572228882586485,6.514431126635353
d:608:1.5142643649213028e-05,3.2572221365702467,3.2572228903862364,6.514429884312834
d:609:1.5110145377583706e-05,3.257222136824382,3.2572228891256887,6.514429915804693
d:610:1.556881064512794e-05,3.2572221380324935,3.257222891253222,6.51442946047507
d:611:1.49098937907155e-05,3.257222132405126,3.2572228907004757,6.5144301132118105
d:612:1.6158924619702475e-05,3.2572221267776906,3.257222891473746,6.5144288593268165
d:613:1.586427167588056e-05,3.2572221260912344,3.2572228913552403,6.514429153174799
d:614:1.6853529697158365e-05,3.2572221255386475,3.25722289009464,6.51442816210359
d:615:1.504067830726541e-05,3.2572221276667537,3.2572228954921894,6.514429982480636
d:616:1.4388479705473856e-05,3.257222127920844,3.257222900889685,6.514430640330824
d:617:1.5019094648849318e-05,3.2572221263324455,3.257222900212963,6.514430007450759
d:618:1.5639585907223363e-05,3.2572221251261153,3.2572229002733426,6.514429385813551
d:619:1.6451753272583858e-05,3.257222123675099,3.257222899360807,6.514428571282633
d:620:1.4967647421926245e-05,3.2572221229991696,3.257222899242255,6.514430054594003
d:621:1.4884930196856772e-05,3.2572221256766416,3.2572228994968304,6.514430140243276
d:622:1.5536742560051664e-05,3.2572221268847206,3.257222898046052,6.514429488188212
d:623:1.6032525236298056e-05,3.2572221212572376,3.2572229007230935,6.514428989455094
d:624:1.720908524216469e-05,3.25722212000681,3.2572228991352,6.514427810056768
d:625:1.558397064282957e-05,3.257222118555742,3.2572229018121877,6.514429436397287
d:626:1.590365929704518e-05,3.257222118809794,3.2572229005614814,6.5144291157119785
d:627:1.4465574058597497e-05,3.25722212093787,3.25722290062182,6.514430555985631
d:628:1.509209998573624e-05,3.2572221197314994,3.257222899361189,6.514429926992703
d:629:1.4463394611752278e-05,3.257222118280377,3.2572229014887104,6.514430556374476
d:630:1.633193581174197e-05,3.25722211702029,3.2572229002823194,6.514428685366798
d:631:1.608033311839563e-05,3.257222115679543,3.257222899905678,6.514428935252102
d:632:1.5072011282590836e-05,3.2572221150035783,3.257222899528976,6.5144299425212715
d:633:1.4717197303504292e-05,3.2572221134151524,3.2572228991522127,6.514430295370062
d:634:1.6503005013213112e-05,3.2572221138908533,3.257222897945767,6.514428508831608
d:635:1.529925184495795e-05,3.257222114663588,3.2572228968675305,6.514429712279274
d:636:1.6042178709874122e-05,3.257222113413123,3.257222895982508,6.514428967216921
d:637:1.5453593612768657e-05,3.257222114930953,3.2572228950699516,6.514429556407292
d:638:1.5321396247713892e-05,3.25722211481203,3.257222895324505,6.514429688740288
d:639:1.5835261231167408e-05,3.2572221137344677,3.2572228965320544,6.514429175005291
d:640:1.516754265828979e-05,3.2572221149425302,3.257222897739546,6.514429845139418
d:641:1.5306297471262553e-05,3.257222114266523,3.2572228921119293,6.5144297000809805
d:642:1.6490093937449046e-05,3.2572221180048953,3.25722289585086,6.514428523761818
d:643:1.4315484754945373e-05,3.2572221171197238,3.257222890223178,6.514430691858147
d:644:1.5546252952525208e-05,3.2572221157789434,3.2572228889724495,6.51442945849844
d:645:1.5121360042336107e-05,3.2572221148664307,3.257222888595652,6.51442988210204
d:646:1.573846417368685e-05,3.257222114926714,3.2572228873448643,6.514429263807405
d:647:1.5791065836268103e-05,3.25722211347557,3.2572228860045773,6.514429208414311
d:648:1.5245242975581164e-05,3.2572221127891328,3.257222884743929,6.514429752290086
d:649:1.5183419563413736e-05,3.25722211284936,3.2572228852201985,6.514429814649995
d:650:1.526716812616513e-05,3.2572221115892552,3.2572228859934995,6.514429730414629
d:651:1.7134343160307708e-05,3.257222110676693,3.2572228803657635,6.514427856699296
d:652:1.6556696169622853e-05,3.2572221094703133,3.257222874737959,6.514428427512103
d:653:1.5730681360182075e-05,3.25722210839272,3.2572228746194236,6.514429252330784
d:654:1.6792574922597225e-05,3.257222112131064,3.257222873942725,6.514428193498866
d:655:1.5352927544398653e-05,3.2572221108805803,3.257222873256912,6.514429631209948
d:656:1.4889867216538732e-05,3.2572221099679655,3.257222874464381,6.51443009456513
d:657:1.6104930470106638e-05,3.2572221153661474,3.2572228771413894,6.514428887577067
d:658:1.6527780966058003e-05,3.257222116574193,3.257222871513527,6.514428460306754
d:659:1.574220547162497e-05,3.257222118092017,3.25722287025284,6.514429246139386
d:660:1.6530851523199885e-05,3.2572221172068225,3.2572228705073836,6.514428456862683
d:661:1.5949417200289417e-05,3.257222116829459,3.2572228648794574,6.514429032291716
d:662:1.540158160739935e-05,3.2572221180374537,3.257222859251464,6.51442957570731
d:663:1.4774637023151627e-05,3.2572221182915326,3.2572228536234027,6.514430197277912
d:664:1.5830694636065346e-05,3.2572221170313957,3.2572228540996457,6.514429140436405
d:665:1.5727995585912424e-05,3.2572221191595077,3.257222855307074,6.514429246470995
d:666:1.3990521592788241e-05,3.2572221187820936,3.2572228553674423,6.514430983627943
d:667:1.3899679031759149e-05,3.2572221199900397,3.25722285445489,6.5144310747658976
d:668:1.505182270733485e-05,3.2572221185388806,3.257222855228172,6.514429921944345
d:669:1.4486362097443362e-05,3.2572221173324776,3.2572228573557322,6.514430488326113
d:670:1.581270383965716e-05,3.2572221172135696,3.2572228560154333,6.514429160525163
d:671:1.4728354057247373e-05,3.257222119891109,3.2572228586924172,6.514430250229469
d:672:1.5778713414960066e-05,3.2572221192151125,3.257222857431695,6.514429197933392
d:673:1.4920718916400233e-05,3.257222113587666,3.2572228559889442,6.514430048857694
d:674:1.6284407418964975e-05,3.257222114063402,3.2572228544011006,6.5144286840570835
d:675:1.526674773799641e-05,3.2572221128569496,3.2572228537152697,6.514429699824481
d:676:1.5713189834620778e-05,3.25722211151618,3.257222853969789,6.514429252296135
d:677:1.5624386408674695e-05,3.2572221100730796,3.2572228527090146,6.5144293383956855
d:678:1.471875160330427e-05,3.257222108732249,3.257222851258301,6.514430241238947
d:679:1.6089072339298127e-05,3.2572221081797537,3.257222850007524,6.514428869114939
d:680:1.3880120706133425e-05,3.257222106728557,3.257222848801119,6.51443107540897
d:681:1.4914043141800448e-05,3.2572221067887996,3.257222851478068,6.514430044223726
d:682:1.5985025528131303e-05,3.2572221054479145,3.2572228502172416,6.514428970639628
d:683:1.72740090667034e-05,3.2572221062207043,3.2572228504717153,6.514427682683353
d:684:1.5538762175637544e-05,3.257222106993435,3.25722284888383,6.514429417115089
d:685:1.6435971939010585e-05,3.2572221054050643,3.2572228487653074,6.514428518198433
d:686:1.603313208775603e-05,3.2572221054652566,3.257222847424982,6.514428919758151
d:687:1.6007935416340047e-05,3.257222104022115,3.257222847048219,6.514428943134918
d:688:1.534400338432107e-05,3.257222102815628,3.2572228463623563,6.5144296051746
d:689:1.605568195728324e-05,3.257222105493153,3.257222846422717,6.5144288962339125
d:690:1.5257777047139598e-05,3.25722210537423,3.2572228451719014,6.514429692769085
d:691:1.558386443090143e-05,3.2572221037858085,3.2572228444952267,6.514429364416604
d:692:1.5545744309619636e-05,3.2572221023345755,3.2572228471721445,6.51442940376241
d:693:1.4458118481108784e-05,3.257222101658565,3.257222847053578,6.514430490593662
d:694:1.4076792229644752e-05,3.2572221007459765,3.2572228466767696,6.514430870630516
d:695:1.7154870183055948e-05,3.25722210100007,3.257222846558146,6.514427792688033
d:696:1.5721458641593244e-05,3.257222101254104,3.2572228461812784,6.514429225976741
d:697:1.42565444889442e-05,3.257222100176548,3.2572228460625965,6.514430689694656
d:698:1.4009305377982173e-05,3.257222100430525,3.2572228456856718,6.514430936810818
d:699:1.443453296356978e-05,3.2572220990896152,3.257222840057616,6.514430504614268
d:700:1.52706365188493e-05,3.257222099343534,3.257222840312068,6.5144296690190835
d:701:1.6905449189863475e-05,3.2572220937160763,3.257222839051221,6.514428027318107
d:702:1.472626427378998e-05,3.2572220991143217,3.257222837790312,6.514430210640359
d:703:1.559954351559867e-05,3.2572220978638846,3.2572228372377188,6.514429335558088
d:704:1.5403687424253576e-05,3.2572220971775163,3.2572228356498156,6.514429529139908
d:705:1.4779025745426111e-05,3.257222097058566,3.257222834443405,6.514430152476226
d:706:1.4521855576710152e-05,3.2572220978312885,3.25722283818244,6.514430414158151
d:707:1.4299315171939497e-05,3.2572220964903336,3.257222839700479,6.514430636875641
d:708:1.552410844052332e-05,3.257222097698319,3.2572228386223476,6.514429412212226
d:709:1.5054985407658705e-05,3.257222097758503,3.2572228374158816,6.5144298801889775
d:710:1.3956527155301046e-05,3.257222098531175,3.257222836209355,6.514430978213374
d:711:1.5575834180658887e-05,3.2572220987850575,3.25722283833696,6.514429361287837
d:712:1.5258112211924413e-05,3.2572220975785626,3.257222839110286,6.5144296785766365
d:713:1.4991371543260357e-05,3.2572221029767814,3.257222838557654,6.514429950162892
d:714:1.505817423730349e-05,3.257222101770228,3.2572228412345687,6.51442988483056
d:715:1.4757482198035632e-05,3.2572221012177534,3.2572228403220653,6.514430184057621
d:716:1.4663318709473572e-05,3.2572221066159246,3.25722283994512,6.514430283242335
d:717:1.3514658026458903e-05,3.2572221062385687,3.2572228426219834,6.514431434202526
d:718:1.6008470842265865e-05,3.257222105562554,3.25722284137117,6.514428938462881
d:719:1.5705199108317913e-05,3.2572221109606776,3.2572228412524775,6.514429247014047
d:720:1.4736692906858195e-05,3.257222114699135,3.2572228396645473,6.514430217670776
d:721:1.5948844120039496e-05,3.257222113256009,3.2572228385863826,6.514429002998272
d:722:1.571864657012867e-05,3.2572221125696212,3.2572228388408253,6.514429232763876
d:723:1.6342034722782728e-05,3.2572221069421405,3.257222838288154,6.514428603195572
d:724:1.53365712973752e-05,3.2572221056916897,3.2572228370372898,6.514429606157682
d:725:1.4947541349563664e-05,3.2572221053142894,3.2572228363514504,6.514429994124391
d:726:1.5123950295681254e-05,3.257222104761778,3.2572228366058416,6.514429817417324
d:727:1.5719089969223887e-05,3.2572221036842297,3.2572228366662306,6.514429221260491
d:728:1.6376775516135922e-05,3.2572221044568836,3.2572228361135074,6.5144285637948744
d:729:1.6286793242059616e-05,3.2572221071344507,3.257222835994776,6.514428656335985
d:730:1.5293489901146984e-05,3.2572221062218834,3.2572228351099097,6.514429647841892
d:731:1.4846184116734662e-05,3.257222104971384,3.2572228347329366,6.514430093520204
d:732:1.3779030655136637e-05,3.257222104086295,3.257222834793275,6.5144311598489155
d:733:1.699065834959157e-05,3.2572221024979076,3.2572228348535535,6.514427946693112
d:734:1.4514520978892165e-05,3.257222101046708,3.2572228292255017,6.514430415751231
d:735:1.4464388839563469e-05,3.2572221009277675,3.257222827964605,6.5144304645035325
d:736:1.5351603874336206e-05,3.25722210118165,3.2572228300922124,6.514429579669988
d:737:1.669682279903384e-05,3.2572221010626516,3.2572228301524384,6.514428234392291
d:738:1.6453337944533075e-05,3.2572221022706493,3.257222829239925,6.51442847817263
d:739:1.5610751608718942e-05,3.2572221018932193,3.2572228346376897,6.5144293257793
d:740:1.574425588124484e-05,3.2572221031011623,3.2572228333767415,6.514429192222023
d:741:1.3974793478865877e-05,3.2572221016499148,3.257222831934083,6.514430958790519
d:742:1.4548824485594025e-05,3.2572221007647855,3.2572228306730744,6.514430382613374
d:743:1.4599292891048776e-05,3.2572221008249893,3.257222831880634,6.514430333412733
d:744:1.5806074476820697e-05,3.257222101078829,3.257222831761876,6.514429126766228
d:745:1.4709911367205564e-05,3.25722210070135,3.257222830500811,6.514430221290794
d:746:1.4536396567343957e-05,3.2572221000149546,3.2572228292943044,6.514430392912692
d:747:1.5141703479493174e-05,3.257222105413097,3.2572228280877353,6.514429791797353
d:748:1.4666413957087343e-05,3.2572221108111856,3.257222826747489,6.514430271144718
d:749:1.591022536029385e-05,3.2572221098985996,3.257222826628681,6.5144290263019204
d:750:1.4715471944093395e-05,3.257222108692067,3.257222825952081,6.514430219172204
d:751:1.5900328637741268e-05,3.2572221074854717,3.2572228246117785,6.514429031768612
d:752:1.4194015309776375e-05,3.257222101857983,3.2572228248661688,6.514430732708842
d:753:1.428993428476133e-05,3.2572221011819877,3.2572228236050584,6.514430634852761
d:754:1.522916699769894e-05,3.257222102699986,3.257222822919224,6.514429696452212
d:755:1.4759808564690502e-05,3.2572221017873506,3.257222823692593,6.514430165671379
d:756:1.4694342000076688e-05,3.257222100344241,3.257222823015945,6.514430229018186
d:757:1.3897766748982576e-05,3.2572220999667283,3.2572228237892573,6.514431025989237
d:758:1.4907483058657078e-05,3.2572221000269064,3.2572228234122864,6.514430015956134
d:759:1.6586838588850128e-05,3.2572220999078976,3.2572228222056814,6.5144283352749905
d:760:1.579125552986227e-05,3.2572221020361876,3.2572228207630025,6.51442913154366
d:761:1.4444293313431444e-05,3.2572221006952944,3.2572228208232232,6.514430477225204
d:762:1.5506659662989364e-05,3.2572220994448036,3.2572228215964865,6.5144294143816275
d:763:1.5983545808673227e-05,3.257222099325743,3.2572228206839684,6.5144289364639025
d:764:1.6146789727500277e-05,3.2572220993858725,3.2572228211603913,6.514428773756537
d:765:1.6251356695917707e-05,3.2572220996397006,3.2572228207833738,6.514428669066378
d:766:1.4934839340341455e-05,3.25722209819655,3.2572228206645426,6.514429984021753
d:767:1.5955986826909907e-05,3.2572220975101405,3.2572228195864215,6.514428961109735
d:768:1.6289459065177425e-05,3.2572220975702177,3.257222821714049,6.514428629825201
d:769:1.550917308623667e-05,3.25722209877817,3.2572228224872677,6.514429412092352
d:770:1.5688991241269434e-05,3.2572220973349646,3.2572228212364465,6.51442922958017
d:771:1.4605355470820314e-05,3.2572220960844316,3.257222815608403,6.514430306337363
d:772:1.673035122529143e-05,3.25722209729233,3.2572228182853453,6.51442818522645
d:773:1.5755803602246488e-05,3.257222096032384,3.2572228179082825,6.514429158137064
d:774:1.6597111005545173e-05,3.257222095356375,3.257222816320412,6.514428314565781
d:775:1.4825457052225488e-05,3.257222093913117,3.2572228162015406,6.514430084657605
d:776:1.5899537607388936e-05,3.2572220927065167,3.2572228149949103,6.51442900816382
d:777:1.6663443247466603e-05,3.257222096445063,3.257222816202492,6.5144282492043075
d:778:1.4606337127354152e-05,3.257222098573337,3.257222819941655,6.514430312177865
d:779:1.4154010790079496e-05,3.2572221023118315,3.2572228187349688,6.514430767036011
d:780:1.5421535451309865e-05,3.2572221008606106,3.2572228195081534,6.514429498833312
d:781:1.4159180299344598e-05,3.2572220996100363,3.2572228182572935,6.5144307586870305
d:782:1.5205603161483339e-05,3.2572221000859725,3.2572228185116945,6.514429712994505
d:783:1.4889936335471532e-05,3.2572220995335335,3.2572228170611592,6.514430026658357
d:784:1.570592767130563e-05,3.2572221003062625,3.25722282080028,6.514429215178871
d:785:1.6071884044066564e-05,3.257222100782144,3.2572228212766916,6.514428850174792
d:786:1.4477952197999855e-05,3.2572221061802775,3.257222820899598,6.514430449127677
d:787:1.5138999233776929e-05,3.2572221047290095,3.2572228199870734,6.514429785716849
d:788:1.4344014516609604e-05,3.2572221036515407,3.2572228193012562,6.51443057893828
d:789:1.4536016701427457e-05,3.257222102391568,3.2572228189241064,6.514430385298973
d:790:1.3865804072032972e-05,3.2572221050692307,3.257222821051729,6.514431060316888
d:791:1.6116363010354462e-05,3.25722210658726,3.2572228201391504,6.5144288103634
d:792:1.6676876937182783e-05,3.2572221087155104,3.2572228238782337,6.5144282557168065
d:793:1.5249663584349094e-05,3.2572221108437036,3.2572228229934517,6.514429684173571
d:794:1.52891282230172e-05,3.257222114582179,3.2572228230536893,6.514429648507646
d:795:1.499689848660779e-05,3.2572221172597953,3.257222822367825,6.514429942729134
d:796:1.4383471935275338e-05,3.2572221226579012,3.2572228261068616,6.514430565292828
d:797:1.4966685442097116e-05,3.2572221219818847,3.2572228268800267,6.514429982176469
d:798:1.701586784275122e-05,3.2572221218628457,3.257222829556976,6.514427935551979
d:799:1.41704790888042e-05,3.257222120977789,3.257222828478867,6.514430778977568
d:800:1.477738885125035e-05,3.2572221199002858,3.2572228278022592,6.514430170313694
d:801:1.4943727908445226e-05,3.257222122577858,3.2572228304791566,6.514430009329106
d:802:1.5477465691304815e-05,3.25722212132727,3.2572228312522733,6.514429475113852
d:803:1.5893625373131215e-05,3.2572221267253387,3.257222832459858,6.514429065559823
d:804:1.530883048150855e-05,3.257222125474691,3.257222833978077,6.5144296506222865
d:805:1.4903926046194726e-05,3.257222129213138,3.2572228333014173,6.514430058588509
d:806:1.4727175355666589e-05,3.257222128300561,3.257222833361622,6.514430234486827
d:807:1.4137533357327925e-05,3.257222127923105,3.2572228387595126,6.51443082914926
d:808:1.4162272109707885e-05,3.2572221273706647,3.257222839235918,6.514430804334473
d:809:1.562275683575365e-05,3.257222129498839,3.2572228377853802,6.514429344527383
d:810:1.605105259994133e-05,3.257222129379766,3.257222836534526,6.514428914861692
d:811:1.4918614981596079e-05,3.257222128703721,3.2572228361573665,6.514430046246106
d:812:1.661136676300856e-05,3.2572221276261817,3.257222836411779,6.514428352671198
d:813:1.6043663827680632e-05,3.257222126174911,3.2572228357350754,6.514428918246159
d:814:1.6419866077477252e-05,3.257222131572953,3.2572228394741014,6.514428551180977
d:815:1.603210805001254e-05,3.257222132345697,3.2572228399504635,6.514428940188111
d:816:1.5189990016040156e-05,3.257222130894369,3.2572228343224463,6.5144297752268
d:817:1.553348904526075e-05,3.2572221311482616,3.2572228345768077,6.514429432236024
d:818:1.8065642540143756e-05,3.2572221310291463,3.2572228333157858,6.514426898702392
d:819:1.557276706609656e-05,3.2572221364271465,3.257222834833981,6.5144293984940616
d:820:1.6123099157994147e-05,3.2572221364872878,3.2572228375108683,6.514428850898998
d:821:1.4873449121211024e-05,3.2572221352807307,3.257222839638509,6.5144301014701185
d:822:1.5787185592586184e-05,3.257222133939918,3.2572228387537323,6.514429185508058
d:823:1.4789521234348513e-05,3.257222133027317,3.257222838813916,6.514430182319998
d:824:1.4618797095522496e-05,3.2572221321422563,3.257222840021492,6.514430353366652
d:825:1.4848278609314036e-05,3.25722213366031,3.257222838770608,6.514430124152309
d:826:1.6585563953341875e-05,3.257222132072075,3.257222833142542,6.5144283796506635
d:827:1.4738991811924507e-05,3.2572221306207085,3.257222832765358,6.514430224394255
d:828:1.5651936427829582e-05,3.257222132748871,3.2572228381632486,6.514429318975692
d:829:1.568913506755365e-05,3.2572221326297193,3.2572228374774026,6.514429280972054
d:830:1.45484777149818e-05,3.257222132077267,3.2572228375375403,6.514430421137092
d:831:1.5596311966348253e-05,3.2572221307364115,3.2572228396651473,6.514429374089593
d:832:1.6123502803111478e-05,3.257222131212347,3.257222839287913,6.514428846997457
d:833:1.7138704387242853e-05,3.2572221297609296,3.2572228380812898,6.514427829137833
d:834:1.4643315639162324e-05,3.2572221351589135,3.2572228385576354,6.514430330400909
d:835:1.5185609636425568e-05,3.257222134472604,3.2572228371150684,6.514429785978035
d:836:1.430888084108517e-05,3.2572221288452248,3.2572228355272785,6.514430655491662
d:837:1.4874068067882718e-05,3.2572221276386406,3.2572228340767415,6.514430087647314
d:838:1.4629325739257126e-05,3.2572221330365796,3.2572228339579583,6.514430337668799
d:839:1.6015313644146545e-05,3.2572221315934082,3.257222833272073,6.514428949551837
d:840:1.4482650564140442e-05,3.2572221301419426,3.2572228321939964,6.514430479685375
d:841:1.5344695681207554e-05,3.257222129256858,3.257222832075158,6.514429616636335
d:842:1.4465332990987179e-05,3.2572221283442384,3.2572228328483104,6.514430495859558
d:843:1.47314357619166e-05,3.2572221304723787,3.257222838246185,6.514430237282802
d:844:1.4400160257999062e-05,3.2572221309482807,3.2572228403737644,6.514430571161787
d:845:1.6649459750439632e-05,3.2572221300356046,3.2572228406281325,6.514428321203987
d:846:1.679718208436043e-05,3.2572221299164315,3.257222839040301,6.514428171774648
d:847:1.5800639436847064e-05,3.2572221297971975,3.2572228375897225,6.514429166747483
d:848:1.533382311613707e-05,3.257222130273047,3.2572228370372223,6.514429633487153
d:849:1.4946727872278132e-05,3.2572221297205775,3.257222839714124,6.514430022706829
d:850:1.4725919440294888e-05,3.2572221351184925,3.2572228388016207,6.514430248000673
d:851:1.549114300214427e-05,3.257222133867891,3.2572228414784696,6.514429484203359
d:852:1.463270727342092e-05,3.25722213319188,3.2572228429966863,6.514430343481292
d:853:1.5903042491771657e-05,3.2572221325055497,3.2572228419185763,6.514429071381635
d:854:1.6335086192142967e-05,3.257222131620432,3.2572228404759898,6.51442863701023
d:855:1.5146479599437157e-05,3.2572221337485425,3.2572228399234424,6.5144298271923855
d:856:1.4051413923965583e-05,3.2572221349565895,3.257222840696567,6.514430924239233
d:857:1.3726456486118366e-05,3.257222140354467,3.257222840143962,6.514431254041943
d:858:1.4868989492100582e-05,3.2572221394692957,3.2572228409170303,6.514430111396834
d:859:1.5209641696323217e-05,3.2572221448671232,3.2572228394743905,6.514429774699818
d:860:1.6759236761032525e-05,3.257222144180747,3.2572228382677673,6.514428223211754
d:861:1.644081883434012e-05,3.257222142737563,3.257222843665634,6.514428545584362
d:862:1.4829876947786147e-05,3.2572221414869245,3.2572228424147736,6.51443015402475
d:863:1.5675625797406667e-05,3.2572221402803376,3.2572228409720787,6.514429305626619
d:864:1.6667693716776455e-05,3.2572221410531412,3.257222839529322,6.514428312888747
d:865:1.6352099843075507e-05,3.2572221394649334,3.2572228400056815,6.514428627370772
d:866:1.6139702493589425e-05,3.257222139525123,3.257222840065843,6.514428839888472
d:867:1.6127998584636316e-05,3.2572221416532043,3.2572228401259458,6.514428853780565
d:868:1.4018843279117732e-05,3.2572221443308886,3.2572228388750353,6.514430964362645
d:869:1.584377519847635e-05,3.2572221387035105,3.2572228393513423,6.514429134279654
d:870:1.6493023287544872e-05,3.2572221385842695,3.2572228386654674,6.514428484226449
d:871:1.6202018316313627e-05,3.257222137699065,3.2572228372226624,6.514428772903411
d:872:1.4837193305972107e-05,3.2572221375797668,3.2572228359716964,6.514430136358157
d:873:1.5758278468780418e-05,3.2572221366945038,3.25722283476504,6.514429213181074
d:874:1.6856019451338966e-05,3.2572221363171456,3.257222834825096,6.51442811512279
d:875:1.5106126442177015e-05,3.2572221347288965,3.257222836952693,6.514429865555147
d:876:1.5539087581117883e-05,3.2572221343514802,3.257222836833877,6.514429432097776
d:877:1.3721350857309744e-05,3.2572221330106674,3.2572228395107317,6.514431251170542
d:878:1.5139097462757434e-05,3.257222138408489,3.2572228407183794,6.514429840029406
d:879:1.523863784758106e-05,3.257222138289145,3.257222842845927,6.514429742497224
d:880:1.567717189310258e-05,3.2572221409668,3.2572228429059358,6.514429306700842
d:881:1.7148038134351395e-05,3.257222139889361,3.2572228419934426,6.514427833844669
d:882:1.6178279768297443e-05,3.257222138446162,3.2572228413168407,6.514428801483234
d:883:1.523341883391538e-05,3.257222136994733,3.257222840055907,6.514429743631807
d:884:1.6133546631103002e-05,3.257222140733327,3.25722284545378,6.514428852640475
d:885:1.5586294820124635e-05,3.257222139820682,3.2572228441137265,6.514429397639589
d:886:1.6296225021861233e-05,3.257222141338827,3.2572228462412327,6.514428691355038
d:887:1.6082116204962915e-05,3.2572221413990063,3.257222846301196,6.514428905583997
d:888:1.4398264186255005e-05,3.257222141021556,3.2572228450945104,6.51443058785188
d:889:1.462334871682458e-05,3.2572221395783085,3.257222843506715,6.514430359736307
d:890:1.4834570716715234e-05,3.257222138327671,3.2572228442798012,6.514430148036755
d:891:1.4334988860831288e-05,3.2572221370678753,3.2572228428369785,6.5144306449159926
d:892:1.5129394344448599e-05,3.257222142465679,3.257222848234817,6.5144298613061515
d:893:1.705727062262241e-05,3.2572221423463055,3.257222847322289,6.514427932397972
d:894:1.5018804593758261e-05,3.2572221460848683,3.2572228464376183,6.514429973717893
d:895:1.562634681118169e-05,3.2572221450073973,3.257222846497539,6.514429365158125
d:896:1.4426294528746553e-05,3.2572221435559348,3.2572228463787085,6.514430563640115
d:897:1.4712567876884464e-05,3.257222143809959,3.2572228407507233,6.514430271992806
d:898:1.545347441034295e-05,3.257222142897281,3.257222839865999,6.514429529288869
d:899:1.6106682123151472e-05,3.2572221425197947,3.2572228391801294,6.514428875017801
d:900:1.54573637853872e-05,3.2572221437278897,3.25722284130761,6.514429527671714
d:901:1.6797682535596437e-05,3.2572221422846064,3.2572228398647463,6.5144281844668175
d:902:1.548178745913731e-05,3.2572221423447587,3.2572228436039428,6.514429504161242
d:903:1.3896420082204486e-05,3.2572221416688043,3.257222843858389,6.514431089107111
d:904:1.537063793666249e-05,3.257222142441644,3.257222847597532,6.5144296194012385
d:905:1.6483645357112664e-05,3.257222147839427,3.2572228469209206,6.514428511114991
d:906:1.5561476513603623e-05,3.2572221467619182,3.25722284600836,6.514429431293764
d:907:1.562392944087776e-05,3.257222147534704,3.2572228514061825,6.514429375011446
d:908:1.5915178126491014e-05,3.2572221469823117,3.2572228507295153,6.514429082533701
d:909:1.473168597865282e-05,3.257222146604786,3.257222849468579,6.514430264387387
d:910:1.5700015087105612e-05,3.2572221478128447,3.2572228478807683,6.514429295678526
d:911:1.497994655785817e-05,3.257222153210588,3.257222848135172,6.5144300213992015
d:912:1.4974661602273898e-05,3.257222151869794,3.257222846928479,6.514430024136671
d:913:1.5524356424378993e-05,3.2572221523457414,3.257222848446786,6.514429476436103
d:914:1.5153343603024894e-05,3.257222151139211,3.257222848327936,6.5144298461235435
d:915:1.5922760297826244e-05,3.2572221504632215,3.257222849101021,6.514429076803944
d:916:1.5463627731193696e-05,3.2572221495779976,3.2572228476505405,6.514429533600807
d:917:1.4742778690290947e-05,3.257222148692711,3.2572228463895585,6.51443025230358
d:918:1.597261026908825e-05,3.257222147780018,3.257222846643917,6.514429021813665
d:919:1.4874851115287413e-05,3.257222146894673,3.257222845056062,6.51443011709962
d:920:1.470159162764162e-05,3.25722214545137,3.257222843795023,6.514430287654765
d:921:1.488013930561749e-05,3.257222149189944,3.2572228424549903,6.514430111505629
d:922:1.5572680393205474e-05,3.257222148277196,3.257222841193892,6.514429416790694
d:923:1.4823634217009385e-05,3.257222147601164,3.257222839942981,6.514430163909928
d:924:1.5131722690853167e-05,3.257222146149702,3.257222840197292,6.514429854624304
d:925:1.650495623550796e-05,3.2572221473577363,3.2572228439364315,6.514428486337932
d:926:1.6134118119737195e-05,3.257222152755463,3.257222843817547,6.51442886245489
d:927:1.5305379098329297e-05,3.2572221542736504,3.2572228445905997,6.514429693485152
d:928:1.5862892380980043e-05,3.2572221486463273,3.2572228446505376,6.5144291304044835
d:929:1.5644665312564143e-05,3.2572221482687875,3.257222844273471,6.514429347876947
d:930:1.4905309361878949e-05,3.257222147891186,3.2572228445277336,6.514430087109558
d:931:1.455703913055828e-05,3.257222146813673,3.257222843276779,6.514430433051321
d:932:1.57837805492278e-05,3.257222146873835,3.257222842392071,6.5144292054853565
d:933:1.5588963014678825e-05,3.2572221480818286,3.257222840949218,6.514429400068032
d:934:1.502749911086454e-05,3.2572221495999716,3.2572228397425125,6.514429961843374
d:935:1.4808878261440839e-05,3.2572221533385255,3.2572228418700213,6.514430186330285
d:936:1.5525132937455055e-05,3.257222151887028,3.2572228456091317,6.514429472363222
d:937:1.5060991280790859e-05,3.2572221462596542,3.257222844158635,6.514429929427008
d:938:1.536398421997376e-05,3.2572221461403266,3.2572228434819754,6.514429625638082
d:939:1.6660059933393256e-05,3.257222145062768,3.257222847221036,6.514428332223871
d:940:1.691883323751142e-05,3.2572221449433827,3.257222846544318,6.5144280726544626
d:941:1.637721729075281e-05,3.2572221454193353,3.2572228492212765,6.514428617423321
d:942:1.5211597938602495e-05,3.257222149157849,3.257222847881228,6.514429785441138
d:943:1.4507232349636467e-05,3.2572221479072723,3.2572228466302375,6.51443048730516
d:944:1.4329159393255964e-05,3.2572221463191195,3.2572228468844715,6.514430664044198
d:945:1.529051650983604e-05,3.2572221456430754,3.2572228465073807,6.514429701633946
d:946:1.4794351996805233e-05,3.2572221493815405,3.2572228458215595,6.514430200851103
d:947:1.617600166436972e-05,3.257222148040764,3.2572228458814805,6.514428817920581
d:948:1.6212297586193358e-05,3.2572221495588822,3.257222845941341,6.5144287832026375
d:949:1.6681304327192947e-05,3.257222148299158,3.2572228444984614,6.514428311493292
d:950:1.5234486152593263e-05,3.2572221470485334,3.2572228388705193,6.5144297514329
d:951:1.372691286505301e-05,3.257222147524449,3.257222844268403,6.5144312648799865
d:952:1.5391842872247707e-05,3.2572221460811566,3.25722284268056,6.514429596918845
d:953:1.537473527690736e-05,3.25722214474033,3.2572228431570096,6.514429613162063
d:954:1.6594849511442078e-05,3.257222145948314,3.2572228417064886,6.514428392805291
d:955:1.4940726936529813e-05,3.2572221480765564,3.257222840445403,6.514430047795023
d:956:1.4664839515177164e-05,3.25722215181499,3.257222839759542,6.514430326735017
d:957:1.6058762483339706e-05,3.2572221503634773,3.2572228396406695,6.514428931241664
d:958:1.4506204935038625e-05,3.25722215188156,3.2572228392635467,6.5144304849401715
d:959:1.4907714085410362e-05,3.257222151195355,3.257222838577629,6.514430082058899
d:960:1.4395795223443031e-05,3.2572221508177623,3.2572228373164913,6.51443059233903
d:961:1.568830801090826e-05,3.2572221506983654,3.2572228366305147,6.514429299020869
d:962:1.4028096074980567e-05,3.257222156096132,3.257222837403592,6.514430965403649
d:963:1.49866396288445e-05,3.257222155409874,3.257222837026418,6.5144300057966635
d:964:1.3834017339675597e-05,3.2572221569279107,3.25722284242428,6.514431165334852
d:965:1.5724671183825478e-05,3.2572221623256303,3.2572228367963,6.514429274450746
d:966:1.544903676542475e-05,3.257222163533584,3.2572228362438898,6.514429550740709
d:967:1.578409448832474e-05,3.2572221672719888,3.257222836498117,6.514429219675618
d:968:1.4680017337731499e-05,3.257222167526124,3.2572228352369335,6.51443032274572
d:969:1.616359069878115e-05,3.2572221674066837,3.257222834550913,6.514428838366898
d:970:1.7212802151611584e-05,3.2572221659633698,3.2572228329630475,6.514427786124266
d:971:1.5427411422130888e-05,3.257222164622522,3.257222831885151,6.514429569096251
d:972:1.4405136768758098e-05,3.2572221667507484,3.2572228308071933,6.5144305924211725
d:973:1.4329175039407005e-05,3.257222165865468,3.2572228323255885,6.514430669016017
d:974:1.4756898946366448e-05,3.2572221646148365,3.2572228323854486,6.514430240101339
d:975:1.552451363728835e-05,3.257222163408386,3.257222834512998,6.514429473407747
d:976:1.459371069056914e-05,3.257222166086227,3.2572228352860475,6.514430407661584
d:977:1.4698989302175391e-05,3.257222164634697,3.2572228406838875,6.514430306329283
d:978:1.5467440390715126e-05,3.2572221637493652,3.2572228403066865,6.514429536615661
d:979:1.5726001317162286e-05,3.257222162408471,3.2572228392286817,6.514429275635836
d:980:1.518190419425025e-05,3.2572221661468523,3.257222837778157,6.514429822020816
d:981:1.3839394107151293e-05,3.2572221655945715,3.257222836893501,6.514431163093965
d:982:1.4551628241932235e-05,3.257222168272369,3.2572228355534816,6.514430452197608
d:983:1.5828702768949654e-05,3.2572221673869852,3.25722283429227,6.514429172976486
d:984:1.5669690042408035e-05,3.2572221727847,3.2572228345464755,6.5144293376411335
d:985:1.6759522880605005e-05,3.257222171899258,3.2572228350229406,6.514428247399318
d:986:1.3913927380926339e-05,3.257222171346926,3.2572228339448888,6.514431091364434
d:987:1.6668029457989064e-05,3.257222176744593,3.257222834004718,6.514428342719853
d:988:1.5094356971445677e-05,3.2572221788728006,3.257222834481128,6.514429918996957
d:989:1.6808794469191923e-05,3.257222177960148,3.2572228330305597,6.514428202196238
d:990:1.470350209586968e-05,3.257222178214275,3.2572228330903332,6.514430307802512
d:991:1.4635279098840215e-05,3.2572221767709455,3.257222833150048,6.514430374641895
d:992:1.4419873933135818e-05,3.25722217551126,3.257222833209702,6.514430588847029
d:993:1.3992159749953714e-05,3.2572221748352677,3.257222832657293,6.514431015332811
d:994:1.4653104019046737e-05,3.2572221741490206,3.257222832538446,6.514430353583448
d:995:1.567368250388057e-05,3.257222174403097,3.257222832161222,6.514429332881815
d:996:1.5424380743311872e-05,3.2572221798007326,3.2572228312765383,6.514429586696528
d:997:1.4912519143983616e-05,3.2572221835391,3.2572228320495764,6.514430103069532
d:998:1.4509331291989724e-05,3.257222187277413,3.2572228313729323,6.5144305093190535
d:999:1.3631817463277685e-05,3.257222186591115,3.257222831627112,6.514431386400764
d:1000:1.5646913326783363e-05,3.2572221853313845,3.2572228337546645,6.514429372172722
