data: dataset/foma/
d:1:0.08686121163126259,0.7806609978783037,0.7806610350446306,1.4744608212916717
d:2:0.07948895717455073,0.7806610015605848,0.7806610022664238,1.4818330466524579
d:3:0.07142733420004177,0.7806610052428695,0.7806609694882098,1.4898946405310376
d:4:0.06348919277377263,0.7806610089251507,0.7806609378944174,1.4978327540457954
d:5:0.056747574277814294,0.7806610045238038,0.7806609051161963,1.5045743353621859
d:6:0.05118517195928263,0.7806610001224605,0.7806608723379682,1.5101367005011461
d:7:0.0466154235754388,0.7806610038047417,0.7806608760202494,1.5147064562495522
d:8:0.042946497149063845,0.7806609994033984,0.7806608797025305,1.518375381956865
d:9:0.039887036789636454,0.780661003085676,0.7806608753011801,1.5214348415972196
d:10:0.03737151677792383,0.7806609986843291,0.7806608789834648,1.5239503608898701
d:11:0.03541924089813264,0.7806610023666138,0.780660874582118,1.5259026360505992
d:12:0.033876949511018495,0.780660997965267,0.7806608701807711,1.5274449186350196
d:13:0.032770094017362084,0.7806609935639237,0.7806608657794243,1.528551765325986
d:14:0.032046524712779245,0.7806609972462084,0.7806608613780774,1.5292753339115066
d:15:0.03142211949768381,0.780660992844858,0.7806608569767306,1.5298997303239048
d:16:0.03100236128223699,0.7806609965271427,0.7806608525753838,1.5303194878202895
d:17:0.03065926918257844,0.7806610002094239,0.7806608562576649,1.5306625872845103
d:18:0.03037633124343131,0.7806610038917121,0.780660859939946,1.5309455325882269
d:19:0.03007682285937463,0.7806610075739897,0.7806608636222272,1.5312450483368423
d:20:0.029847793508228193,0.7806610112562673,0.7806608673045083,1.5314740850525475
d:21:0.029488723237651726,0.780661014938552,0.7806608629031615,1.5318331546040618
d:22:0.02920503755793291,0.7806610105372052,0.7806608585018111,1.5321168314810834
d:23:0.028861647232869103,0.7806610061358619,0.7806608541004643,1.532460213003457
d:24:0.028521454851990313,0.780661001734515,0.7806608496991139,1.5328003965816386
d:25:0.028193099788868636,0.7806610054167962,0.780660845297767,1.5331287509256946
d:26:0.02789673024598116,0.7806610010154493,0.7806608408964202,1.5334251116658884
d:27:0.02751541886155806,0.7806610046977305,0.7806608445787013,1.5338064304148737
d:28:0.027374975123390044,0.7806610002963836,0.7806608482609825,1.533946873433976
d:29:0.026834600688953714,0.7806610039786683,0.7806608438596321,1.5344872471493467
d:30:0.026518651372679614,0.7806610076609495,0.7806608394582817,1.5348031957465516
d:31:0.026122794190321486,0.7806610032596062,0.7806608431405699,1.5351990522098546
d:32:0.025762963043941767,0.7806610069418873,0.7806608468228475,1.535558890720793
d:33:0.02540364509146187,0.7806610106241685,0.7806608424215007,1.5359182079542073
d:34:0.025069503025964224,0.7806610062228252,0.7806608380201467,1.5362523412170077
d:35:0.024720691347948076,0.7806610099051028,0.7806608417024279,1.5366011602595826
d:36:0.024334894004983454,0.7806610055037595,0.7806608453847126,1.5369869568834886
d:37:0.02401902410306178,0.7806610091860406,0.7806608409833622,1.537302826066341
d:38:0.02367341466621653,0.7806610047846938,0.7806608446656433,1.5376484347841206
d:39:0.023327455155698118,0.780661000383347,0.7806608402642929,1.5379943854919418
d:40:0.023002971390951643,0.7806610040656317,0.7806608439465776,1.5383188766212577
d:41:0.022656709742697956,0.7806609996642848,0.7806608395452272,1.538665129466814
d:42:0.022340477349764853,0.7806609952629344,0.7806608351438733,1.5389813530570429
d:43:0.02199601805973117,0.780660990861584,0.780660838826158,1.5393258116280109
d:44:0.021646515112429654,0.7806609945438652,0.780660834424804,1.5396753138562396
d:45:0.021339882156102163,0.7806609901425183,0.7806608300234572,1.5399819380098734
d:46:0.02097354196218504,0.780660993824803,0.7806608337057419,1.54034828556836
d:47:0.020688209702413474,0.7806609894234562,0.7806608293043915,1.5406336090254342
d:48:0.020388304344756136,0.7806609850221022,0.780660824903034,1.5409335055803801
d:49:0.020037685448492937,0.7806609806207554,0.7806608205016836,1.541284115673946
d:50:0.019733737694963338,0.7806609843030401,0.7806608241839683,1.541588070792045
d:51:0.019430153477653533,0.7806609799016861,0.7806608278662459,1.5418916542902785
d:52:0.01914776199028978,0.7806609835839708,0.7806608234648955,1.5421740450585766
d:53:0.018811678298956025,0.780660979182624,0.7806608190635451,1.542510119947213
d:54:0.018501696515990318,0.7806609747812701,0.7806608146621876,1.5428200929274674
d:55:0.018206226031228567,0.7806609784635548,0.7806608183444759,1.543115570776802
d:56:0.0179100351194883,0.7806609821458395,0.7806608139431184,1.5434117609694695
d:57:0.017606390262088212,0.7806609858281242,0.780660809541768,1.543715405107804
d:58:0.017321322823651286,0.7806609814267738,0.7806608051404105,1.544000463743533
d:59:0.017031695960731952,0.7806609770254234,0.7806608088226987,1.5442900898873901
d:60:0.016768578520807154,0.7806609726240694,0.7806608044213412,1.5445531985246035
d:61:0.01645584604807837,0.780660968222719,0.7806608000199873,1.544865922194628
d:62:0.01620427080649023,0.7806609719050037,0.7806608037022755,1.545117504800789
d:63:0.01591004163489984,0.7806609675036498,0.7806607993009216,1.5454117251696715
d:64:0.015672609801320903,0.7806609631022994,0.7806607948995641,1.5456491482005426
d:65:0.015387874308700589,0.7806609667845876,0.7806607985818523,1.5459338910577394
d:66:0.015096042359800776,0.7806609623832337,0.7806608022641335,1.5462257222875664
d:67:0.014833742971809727,0.7806609579818797,0.7806608059464146,1.5464880209564846
d:68:0.014579041854386077,0.7806609535805258,0.7806608096287029,1.5467427213548426
d:69:0.014315378277814261,0.7806609491791754,0.7806608052273489,1.54700637612871
d:70:0.014055358063991719,0.7806609447778214,0.780660800825995,1.5472663875398247
d:71:0.013802031051941555,0.7806609484601026,0.7806607964246375,1.5475197138327985
d:72:0.013558686518653218,0.7806609521423908,0.7806608001069222,1.5477630657306598
d:73:0.013319322544049328,0.7806609558246755,0.7806607957055647,1.548002428986191
d:74:0.013065159172661822,0.7806609595069602,0.7806607993878494,1.5482565997221478
d:75:0.012828260772227651,0.7806609551056063,0.7806608030701341,1.5484934974035127
d:76:0.012562271618964616,0.7806609507042523,0.7806608067524188,1.5487594858377065
d:77:0.012327321377206601,0.780660954386537,0.7806608023510648,1.5489944353603953
d:78:0.012120063709751605,0.7806609580688217,0.7806607979497073,1.5492016923087775
d:79:0.011866743052213025,0.78066096175111,0.780660801631992,1.549455020330889
d:80:0.011621265744878428,0.7806609654333982,0.7806608053142803,1.5497005050028
d:81:0.011387870518579035,0.7806609610320443,0.780660808996565,1.5499338995100302
d:82:0.011165665881563314,0.7806609566306904,0.780660804595211,1.550156095344338
d:83:0.010953670593419673,0.7806609522293364,0.7806608082774957,1.5503680899134125
d:84:0.0107269753060244,0.7806609559116211,0.7806608119597769,1.5505947925653736
d:85:0.010500472140687833,0.7806609595939058,0.7806608075584194,1.5508212950116373
d:86:0.010281822323982226,0.7806609632761905,0.7806608031570654,1.5510399441092737
d:87:0.01009280332802831,0.7806609669584788,0.7806608068393501,1.5512289704698006
d:88:0.009877409458812991,0.7806609706407635,0.7806608024379962,1.5514443636199466
d:89:0.009669361485588723,0.780660966239406,0.7806607980366351,1.5516524027904524
d:90:0.009454480398353837,0.780660961838052,0.7806608017189234,1.5518672831586215
d:91:0.009263358259232746,0.7806609655203438,0.7806608054012116,1.5520584126623227
d:92:0.00907364291875723,0.7806609692026285,0.7806608009998506,1.5522481272837219
d:93:0.008873784061020018,0.7806609648012746,0.7806607965984931,1.5524479773387476
d:94:0.008683687368900905,0.7806609603999171,0.7806608002807778,1.552638073311794
d:95:0.008479837815372093,0.7806609559985631,0.7806608039630625,1.5528419221462535
d:96:0.008303366270595802,0.7806609515972056,0.7806608076453472,1.553018392971957
d:97:0.008102417623003788,0.7806609471958517,0.7806608032439932,1.553219332816841
d:98:0.007925763214501558,0.7806609508781364,0.7806607988426357,1.5533959865062705
d:99:0.00776638148231612,0.7806609545604246,0.7806607944412782,1.5535553675193867
d:100:0.007583476843930015,0.7806609582427093,0.7806607981235629,1.5537382795223422
d:101:0.0074123594458797015,0.7806609619250011,0.7806607937222054,1.5539093962013268
d:102:0.007230116854820778,0.7806609575236436,0.7806607974044901,1.554091638073313
d:103:0.007073807412449895,0.7806609531222861,0.7806607930031291,1.5542479387129653
d:104:0.006901564698718943,0.7806609568045744,0.7806607966854209,1.5544201887912763
d:105:0.006739661739626257,0.7806609524032169,0.7806607922840598,1.5545820829476504
d:106:0.006570121196556755,0.7806609560855016,0.7806607959663445,1.5547516308552893
d:107:0.006407005272890842,0.7806609597677898,0.7806607915649835,1.5549147460598824
d:108:0.006264404320312167,0.7806609553664323,0.7806607952472753,1.5550573462933954
d:109:0.006107701677979804,0.7806609590487206,0.78066079892956,1.5552140563003007
d:110:0.0059664834265475974,0.7806609627310088,0.7806608026118447,1.555355281916306
d:111:0.005824111994069625,0.7806609664132971,0.7806607982104836,1.555497652629711
d:112:0.005666308771044015,0.7806609700955853,0.7806608018927719,1.5556554632173132
d:113:0.0055257980803595785,0.78066097377787,0.7806608055750601,1.5557959812725706
d:114:0.005393691194456096,0.7806609774601583,0.7806608092573448,1.555928095523047
d:115:0.005261242479956962,0.7806609811424465,0.7806608048559873,1.556060543518477
d:116:0.0051231610660948945,0.780660976741089,0.7806608004546298,1.556198616129624
d:117:0.004988374682170615,0.7806609804233808,0.7806607960532688,1.556333401794479
d:118:0.0048618029233935545,0.7806609841056655,0.7806607916519077,1.5564599728341797
d:119:0.00474871042492353,0.7806609877879538,0.7806607872505502,1.5565730646135805
d:120:0.0046288377198493436,0.7806609833865963,0.7806607828491856,1.5566929285159326
d:121:0.004505041652333119,0.7806609789852388,0.7806607865314739,1.5568167238643795
d:122:0.004386955482182486,0.7806609826675306,0.7806607902137621,1.5569348173991102
d:123:0.004282645052136047,0.7806609863498153,0.7806607938960504,1.5570391351937296
d:124:0.0041708608749537746,0.7806609819484542,0.7806607975783351,1.5571509186518355
d:125:0.004044380999328467,0.7806609775471003,0.780660793176974,1.5572773897247458
d:126:0.003940508712769741,0.7806609812293921,0.780660788775613,1.5573812612922353
d:127:0.0038314414246869433,0.7806609849116803,0.7806607843742555,1.5574903278612489
d:128:0.0037238150103533485,0.7806609805103193,0.7806607880565437,1.5575979535565097
d:129:0.0036155725497160063,0.7806609761089653,0.7806607836551791,1.5577061872144284
d:130:0.0035124169770810454,0.7806609797912536,0.7806607792538216,1.5578093420679942
d:131:0.0034076337221016217,0.7806609834735383,0.7806607748524534,1.5579141246038901
d:132:0.0032929261514205166,0.7806609790721808,0.7806607785347452,1.5580288314555055
d:133:0.003175939470271061,0.7806609746708233,0.780660782217037,1.5581458174175893
d:134:0.0030522856950305766,0.7806609783531115,0.7806607778156689,1.5582694704737499
d:135:0.002923594921245609,0.7806609739517576,0.7806607734143114,1.5583981524448234
d:136:0.002780335588795424,0.780660969550393,0.7806607690129468,1.5585414029745444
d:137:0.002620890303212775,0.780660965149039,0.780660772695235,1.5587008475410613
d:138:0.002469785362471555,0.780660960747678,0.780660768293874,1.5588519436790804
d:139:0.002305311514351871,0.7806609644299698,0.7806607719761622,1.5590164248917802
d:140:0.0021261595569725955,0.7806609681122545,0.7806607756584469,1.5591955842137288
d:141:0.0019490753464594945,0.7806609717945392,0.7806607793407352,1.5593726757888149
d:142:0.0017648943198267375,0.7806609673931852,0.7806607830230234,1.559556856096382
d:143:0.0016068004500340294,0.7806609629918242,0.7806607786216624,1.5597149411634526
d:144:0.001455099457412956,0.7806609666741124,0.7806607742202942,1.5598666414369937
d:145:0.0013426836910639395,0.7806609622727549,0.7806607698189332,1.5599790484006242
d:146:0.001254317106312186,0.7806609578713939,0.7806607654175721,1.5600674061826538
d:147:0.00120346768085966,0.7806609534700293,0.780660761016204,1.5601182468053736
d:148:0.0012047108781132465,0.7806609490686718,0.7806607566148394,1.560116994805398
d:149:0.0012555798126747675,0.78066095275096,0.7806607522134748,1.56006612515176
d:150:0.0013618076958969993,0.7806609483496025,0.7806607558957666,1.559959896549472
d:151:0.0014731365778075656,0.7806609520318908,0.7806607595780548,1.559848575032138
d:152:0.0014630791129874865,0.7806609476305262,0.7806607632603431,1.5598586317778818
d:153:0.0015494591244760159,0.780660951312818,0.7806607588589785,1.5597722510473204
d:154:0.0016692435703618003,0.7806609469114569,0.7806607544576138,1.559652457798709
d:155:0.0018121787740312811,0.7806609505937452,0.7806607500562492,1.5595095218759631
d:156:0.0019504603588984537,0.7806609542760334,0.7806607537385375,1.5593712476556725
d:157:0.0021012054655571433,0.7806609498746724,0.7806607493371729,1.5592204937462881
d:158:0.0022276749706406918,0.7806609535569642,0.7806607449358083,1.5590940235221318
d:159:0.002349722778383523,0.780660957239256,0.7806607405344366,1.558971974995309
d:160:0.002459074471133249,0.7806609528378914,0.780660736133072,1.55886261449983
d:161:0.0025591208495931994,0.7806609565201832,0.7806607398153638,1.5587625754859538
d:162:0.002630769754819795,0.780660960202475,0.7806607354139921,1.5586909258616473
d:163:0.002689308765351228,0.7806609558011104,0.7806607390962803,1.5586323861320395
d:164:0.0027244452654322515,0.7806609513997493,0.7806607346949157,1.5585972408292328
d:165:0.0027559107845966935,0.7806609550820411,0.7806607383772075,1.558565782674652
d:166:0.0027735570718476765,0.7806609506806801,0.7806607339758393,1.5585481275846718
d:167:0.0027932975039277608,0.7806609543629683,0.7806607295744712,1.5585283864335118
d:168:0.002793878029564212,0.7806609499616073,0.7806606880067477,1.5585277599387908
d:169:0.0027906226118936672,0.7806609455602427,0.7806606916890395,1.5585310146373885
d:170:0.002788332104131541,0.7806609492425274,0.7806606872876678,1.5585333044260636
d:171:0.00279772733910022,0.7806609529248227,0.780660654509397,1.5585238800951196
d:172:0.0027844047317735487,0.7806609485234617,0.7806606229155655,1.5585371667072536
d:173:0.002780920801903619,0.7806609441220971,0.7806606185141938,1.5585406418343872
d:174:0.002776593470677824,0.7806609478043889,0.7806605869203551,1.5585449412540662
d:175:0.0027765916470094965,0.7806609514866771,0.7806605906026398,1.5585449504423075
d:176:0.0027766043664705364,0.7806609551689689,0.7806605578243584,1.5585449086268568
d:177:0.0027716020754908754,0.7806609588512607,0.7806605615066466,1.5585499182824165
d:178:0.0027529061870303906,0.7806609544498997,0.7806605651889384,1.5585686134518077
d:179:0.0027459494051917943,0.7806609581321879,0.7806605688712267,1.5585755775982228
d:180:0.002749282764284544,0.7806609618144797,0.7806605725535114,1.5585722516037066
d:181:0.0027416828553015193,0.7806609574131151,0.7806605762358032,1.5585798507936168
d:182:0.0027273714423934337,0.7806609610954105,0.780660579918095,1.558594169571112
d:183:0.002722791543821046,0.7806609647776988,0.7806605836003797,1.5585987568342574
d:184:0.002719851328546241,0.7806609331838743,0.7806605872826751,1.5586016691380031
d:185:0.0027115419088517,0.7806609368661626,0.7806605909649633,1.5586099859222742
d:186:0.0026931072475591122,0.780660932464798,0.7806605946472516,1.5586284198644904
d:187:0.002664783245634794,0.7806609008709628,0.7806605983295398,1.5586567159548679
d:188:0.002631343288530985,0.780660868092717,0.7806606020118352,1.5586901268160211
d:189:0.0025728259016801758,0.7806608364988747,0.7806606056941234,1.558748616291318
d:190:0.0025030647022958874,0.7806607949311264,0.7806606093764117,1.5588183396052422
d:191:0.0024126511313582455,0.7806607905297582,0.7806606130587035,1.5589087524571035
d:192:0.0022987522682598183,0.7806607861283936,0.7806606167409882,1.559022650601122
d:193:0.002158265947318938,0.780660781727029,0.7806606204232835,1.5591631362029936
d:194:0.0019970168448075754,0.7806607854093173,0.7806606241055718,1.5593243926700815
d:195:0.0018263038775501172,0.7806607810079491,0.7806606277878636,1.5594951049182626
d:196:0.0016436419393421886,0.7806607846902409,0.7806606314701519,1.5596777742210506
d:197:0.001446598677514288,0.7806607802888763,0.7806606351524401,1.5598748167638021
d:198:0.0012578318237679298,0.7806607758875082,0.7806606388347355,1.5600635828984757
d:199:0.001084728529161083,0.7806607714861435,0.7806606425170237,1.5602366854740062
d:200:0.0009441166985588723,0.7806607751684318,0.780660646199312,1.560377304669185
d:201:0.0008958590128145261,0.7806607788507236,0.7806606498816038,1.5604255697195129
d:202:0.0007224507194720786,0.7806607825330154,0.780660653563892,1.5605989853774354
d:203:0.0005491362295906299,0.7806607862153037,0.7806606572461803,1.5607723072318933
d:204:0.00042935161020096757,0.7806607898975955,0.7806606609284756,1.5608920992158701
d:205:0.00036056196412559416,0.7806607854962309,0.7806606646107674,1.5609608881428727
d:206:0.0003352121687534293,0.7806607891785227,0.7806606682930592,1.5609862453028285
d:207:0.00034913368079969587,0.7806607928608109,0.7806606719753475,1.5609723311553587
d:208:0.0003947908989374582,0.7806607965431027,0.7806606756576357,1.560926681301801
d:209:0.00046757105570449653,0.7806608002253981,0.780660679339924,1.5608539085096176
d:210:0.000554732570520855,0.7806607958240264,0.7806606830222123,1.5607667462757178
d:211:0.0006552135996749087,0.7806607995063182,0.7806606867045076,1.5606662726111509
d:212:0.0007544506336145673,0.7806608031886135,0.7806606903867994,1.5605670429417984
d:213:0.0008550619529934522,0.7806607987872454,0.7806606940690877,1.5604664309033396
d:214:0.0009496135011204387,0.7806607943858772,0.7806606977513795,1.5603718786361362
d:215:0.00103118790699952,0.780660789984509,0.7806607014336677,1.5602903035111773
d:216:0.0011023337575934988,0.7806607855831444,0.7806607051159595,1.5602191569415105
d:217:0.001163355305646263,0.7806607892654363,0.7806607087982513,1.5601581427580413
d:218:0.0012122708069242094,0.7806607848640681,0.7806607124805396,1.5601092265376835
d:219:0.0012530349406105756,0.7806607885463563,0.7806607161628314,1.5600684697685772
d:220:0.0012836031666942915,0.7806607922286481,0.7806607198451161,1.56003790890707
d:221:0.001308264358911515,0.7806607878272835,0.7806607235274114,1.5600132469957835
d:222:0.0013261012694130159,0.7806607915095718,0.7806607272097033,1.559995417449862
d:223:0.0013406090746883592,0.7806607951918636,0.7806607308919915,1.5599809170091667
d:224:0.0013505040380010769,0.780660790790499,0.7806607345742869,1.5599710213267848
d:225:0.0013576077325261338,0.7806607944727908,0.7806607382565751,1.5599639249968398
d:226:0.0013634183553321577,0.7806607900714191,0.7806607419388669,1.5599581136549538
d:227:0.0013669768586410669,0.7806607937537109,0.7806607456211552,1.559954562516225
d:228:0.0013699546993137801,0.7806607974360098,0.780660749303447,1.559951592040143
d:229:0.0013716876204163952,0.780660801118298,0.7806607529857423,1.559949866483624
d:230:0.0013735066613378422,0.7806607967169299,0.7806607566680306,1.5599480467236226
d:231:0.001374527949799642,0.7806608003992217,0.7806607603503188,1.559947032799741
d:232:0.001375506254749581,0.78066079599785,0.7806607640326106,1.559946053775711
d:233:0.0013760119900751988,0.7806607996801453,0.7806607677148989,1.559945555404969
d:234:0.0013767470085319644,0.7806607952787772,0.7806607713971943,1.5599448196674395
d:235:0.0013770045281233934,0.7806607908774055,0.7806607750794825,1.5599445614287646
d:236:0.0013774038997702576,0.7806607864760373,0.7806607787617743,1.5599441613380414
d:237:0.0013777753385255664,0.7806607820746656,0.7806607824440697,1.5599437891802097
d:238:0.0013782579243759585,0.7806607857569574,0.7806607861263615,1.559943313958943
d:239:0.0013785986932788319,0.7806607813555893,0.7806607898086533,1.5599429724709637
d:240:0.0013781653524489457,0.7806607769542211,0.7806607934909451,1.5599434050927172
d:241:0.0013776125784161763,0.7806607806365164,0.7806607971732369,1.5599439652313372
d:242:0.0013780608504134761,0.7806607762351412,0.7806608008555251,1.5599435162402528
d:243:0.0013779317369575494,0.7806607799174365,0.7806608045378169,1.559943652718296
d:244:0.0013780464718955443,0.7806607755160648,0.7806608082201052,1.5599435372642745
d:245:0.0013780786681003576,0.7806607791983566,0.780660811902397,1.5599435124326533
d:246:0.0013783870147108246,0.7806607747969849,0.7806608155846888,1.559943203366963
d:247:0.0013778395594279402,0.7806607784792803,0.7806608192669806,1.559943758186833
d:248:0.001377913221112692,0.7806607821615756,0.7806608229492724,1.5599436918897354
d:249:0.0013780405052656874,0.7806607777602039,0.7806608266315678,1.559943563886506
d:250:0.0013779314470809823,0.7806607733588287,0.7806608303138525,1.5599436722256002
d:251:0.0013782889309403856,0.7806607689574605,0.7806608339961478,1.559943314022668
d:252:0.0013778324663604735,0.7806607726397488,0.7806608376784361,1.5599437778518244
d:253:0.0013778133155888383,0.7806607763220477,0.7806608413607279,1.5599438043671867
d:254:0.0013778376386035518,0.7806607800043359,0.7806608450430197,1.559943787408752
d:255:0.0013780100533189454,0.7806607836866384,0.7806608487253115,1.559943622358631
d:256:0.001377380686999885,0.7806607792852631,0.7806608524076033,1.5599442510058665
d:257:0.001378076073603296,0.7806607748838914,0.7806608560898951,1.5599435549001832
d:258:0.0013779022364808213,0.7806607785661832,0.7806608597721869,1.5599437361018893
d:259:0.0013780494439785684,0.7806607822484786,0.7806608634544787,1.5599435962589787
d:260:0.0013778946411093784,0.7806607859307739,0.7806608671367705,1.559943758426435
d:261:0.0013777733721056507,0.7806607896130657,0.7806608708190623,1.5599438870600224
d:262:0.0013778939284421199,0.7806607932953611,0.7806608745013541,1.559943773868273
d:263:0.0013779086249172678,0.7806607888939894,0.7806608781836459,1.559943758452718
d:264:0.0013780820991229348,0.7806607925762812,0.7806608818659377,1.559943592343096
d:265:0.001378322263271059,0.7806607962585765,0.7806608855482295,1.559943359543535
d:266:0.0013778147543774821,0.7806607999408719,0.7806608892305249,1.5599438744170193
d:267:0.0013781374500929644,0.7806607955395002,0.7806608929128132,1.5599435510022204
d:268:0.0013783740116224408,0.7806607911381249,0.780660896595105,1.5599433137216074
d:269:0.0013779980807413494,0.7806607948204203,0.7806609002773968,1.5599436970170757
d:270:0.0013779792909041078,0.7806607904190486,0.7806609039596886,1.559943715087833
d:271:0.0013781244967354667,0.7806607941013404,0.7806609076419839,1.5599435772465888
d:272:0.0013776129556681838,0.7806607977836393,0.7806609113242793,1.5599440961522504
d:273:0.0013778965813955324,0.7806608014659346,0.7806609150065711,1.5599438198911102
d:274:0.0013774942763156162,0.78066080514823,0.7806609186888629,1.5599442295607773
d:275:0.0013772798909528206,0.7806608007468547,0.7806609223711547,1.5599444432270566
d:276:0.0013770459738147167,0.780660796345483,0.7806609260534465,1.5599446764251148
d:277:0.0013765822131794891,0.7806607919441078,0.7806609297357383,1.5599451394666666
d:278:0.0013760940330769245,0.7806607956264031,0.780660933418023,1.5599456350113492
d:279:0.0013749681333550257,0.7806607993086985,0.7806609371003219,1.5599467682756654
d:280:0.001374521404681417,0.7806607949073232,0.7806609407826102,1.559947214285252
d:281:0.0013726646564187206,0.7806607905059515,0.7806609444649055,1.5599490703144383
d:282:0.0013718523179058195,0.7806607861045798,0.7806609481471973,1.5599498819338713
d:283:0.0013680508837907723,0.7806607817032081,0.7806609518294927,1.55995368264891
d:284:0.0013641855151469429,0.7806607853854963,0.7806609555117774,1.5599575553821268
d:285:0.001359519746586102,0.7806607890677917,0.7806609591940727,1.5599622285152783
d:286:0.0013532705441399173,0.78066078466642,0.7806609628763681,1.5599684769986482
d:287:0.0013450457688648498,0.7806607883487118,0.7806609665586635,1.5599767091385104
d:288:0.0013355371618040124,0.7806607920310071,0.7806609702409517,1.5599862251101548
d:289:0.0013215464349691786,0.7806607876296319,0.7806609739232471,1.5600002151179098
d:290:0.0013052135365008155,0.7806607832282602,0.7806609776055389,1.5600165472972982
d:291:0.0012838436949600407,0.7806607869105555,0.7806609812878307,1.5600379245034262
d:292:0.0012588316158037571,0.7806607825091838,0.7806609849701225,1.5600629358635025
d:293:0.0012268979232032962,0.780660778107805,0.7806609886524107,1.5600948688370124
d:294:0.0011898074854208573,0.7806607817901003,0.7806609923347096,1.5601319666393891
d:295:0.0011444295382752045,0.7806607854723957,0.7806609960169979,1.5601773519511184
d:296:0.0010962436043904233,0.7806607891546911,0.7806609996992897,1.5602255452495903
d:297:0.001042706450654407,0.7806607928369864,0.7806610033815851,1.560279089767917
d:298:0.0009853142995872588,0.7806607884356147,0.7806610070638769,1.5603364811999043
d:299:0.0009191730544024779,0.7806607921179101,0.7806610107461722,1.5604026298096798
d:300:0.0008568661974059921,0.7806607877165312,0.7806610144284569,1.5604649359475822
d:301:0.000786676253049734,0.7806607913988337,0.7806610181107558,1.5605351332565398
d:302:0.0007116215932825298,0.7806607869974549,0.7806610217930476,1.56061018719722
d:303:0.0006332516675442434,0.7806607906797502,0.7806610254753394,1.5606885644875454
d:304:0.0005562405636432288,0.7806607943620492,0.7806610291576348,1.5607655829560407
d:305:0.00047839926751436224,0.7806607980443445,0.7806610328399266,1.5608434316167568
d:306:0.00040468976992258376,0.7806608017266363,0.7806610365222184,1.5609171484789321
d:307:0.0003376256380391851,0.7806607973252611,0.7806610402045138,1.5609842118917356
d:308:0.00027522610990970975,0.78066080100756,0.7806610438868056,1.5610466187844558
d:309:0.00022108137775234127,0.7806608046898553,0.7806610475691009,1.561100770881204
d:310:0.00017334303161575804,0.7806608083721542,0.7806610512513963,1.5611485165919348
d:311:0.00013205968743434937,0.780660803970779,0.7806610549336881,1.5611897992170327
d:312:9.874276929622283e-05,0.7806608076530779,0.7806610586159834,1.561223123499765
d:313:7.184863809683861e-05,0.7806608113353732,0.7806610622982753,1.5612500249955517
d:314:5.460773460796986e-05,0.780660806933998,0.7806610659805635,1.5612672651799535
d:315:4.291087366325996e-05,0.7806608025326227,0.7806610696628624,1.5612789613218219
d:316:3.996803092576329e-05,0.7806607981312403,0.7806610733451542,1.5612819034454688
d:317:4.2072473998899795e-05,0.7806607937298686,0.7806610770274496,1.5612797982833193
d:318:4.944994092070942e-05,0.780660797412164,0.7806610807097378,1.561272428180981
d:319:6.260887516873481e-05,0.7806608010944629,0.7806610843920296,1.5612592766113238
d:320:8.275389228273866e-05,0.7806607966930841,0.780661088074325,1.5612391308751263
d:321:0.00011026035607031304,0.7806607922917088,0.7806610917566168,1.5612116236922553
d:322:0.0001390739296560639,0.78066078789033,0.7806610954389122,1.561182809399586
d:323:0.00017474404249639974,0.7806607915726254,0.7806610991212075,1.5611471466513365
d:324:0.0002147004071062497,0.7806607952549207,0.7806611028034958,1.5611071976513102
d:325:0.000259322553759489,0.7806607989372196,0.7806611064857947,1.5610625828692548
d:326:0.00031158632778627293,0.7806608026195185,0.7806611101680865,1.5610103264598187
d:327:0.00036182663729533715,0.7806608063018174,0.7806611138503783,1.5609600935149004
d:328:0.00042396120550947103,0.7806608099841128,0.7806611175326736,1.560897966311277
d:329:0.0004894513385593768,0.7806608136664082,0.780661121214969,1.5608324835428178
d:330:0.0005529388496725574,0.7806608173487071,0.7806611248972608,1.5607690033962953
d:331:0.0006209814245750067,0.7806608210310024,0.7806611285795526,1.56070096818598
d:332:0.0006941125688335603,0.7806608166296307,0.7806611322618515,1.5606278363226487
d:333:0.0007653892728427536,0.7806608203119261,0.7806611359441433,1.5605565669832266
d:334:0.0008499734876572518,0.7806608159105508,0.7806611396264351,1.5604719820493287
d:335:0.000932133624438336,0.7806608115091684,0.7806611433087269,1.560389821193457
d:336:0.001016421153753555,0.7806608151914709,0.7806611469910223,1.5603055410287396
d:337:0.001105864156166092,0.7806608107900885,0.7806611506733176,1.56021609730724
d:338:0.0011940983394396198,0.7806608144723874,0.7806611543556059,1.5601278704885537
d:339:0.0012888403209103672,0.7806608181546864,0.7806611580379048,1.5600331358716808
d:340:0.0013782324836491,0.7806608218369853,0.7806611617201966,1.5599437510735328
d:341:0.001468450815757194,0.7806608255192842,0.7806611654024955,1.5598535401060225
d:342:0.0015506248242367349,0.7806608292015831,0.7806611690847873,1.5597713734621337
d:343:0.0016400331698847026,0.7806608328838784,0.7806611727670791,1.5596819724810729
d:344:0.0017254531130781459,0.7806608365661774,0.7806611764493745,1.5595965599024737
d:345:0.001804151430146561,0.7806608402484763,0.7806611801316699,1.5595178689499996
d:346:0.0018767972098778785,0.7806608439307752,0.7806611838139652,1.5594452305348625
d:347:0.0019427019978195403,0.7806608111524795,0.780661187496257,1.559379296650917
d:348:0.0019978034723280302,0.7806607783741804,0.7806611911785524,1.5593241660804047
d:349:0.0020407992620903315,0.7806607467802991,0.7806611948608477,1.5592811423790565
d:350:0.0020786957656753202,0.7806607423789202,0.780661198543136,1.559243245156381
d:351:0.00210209893523583,0.780660709600614,0.7806612022254313,1.5592198128908095
d:352:0.0021056971587682938,0.7806607132829093,0.7806612059077267,1.5592162220318677
d:353:0.0020924532471475743,0.7806606717151006,0.780661209590022,1.559229428057975
d:354:0.002078283340676279,0.7806606753973959,0.7806612132723174,1.559243605329037
d:355:0.0020335611403758946,0.7806606790796913,0.7806612169546092,1.5592883348939246
d:356:0.001992008944597501,0.7806606827619902,0.780661220636901,1.5593298944542937
d:357:0.0019413187167174328,0.7806606864442855,0.7806611790691065,1.5593805467966746
d:358:0.0018682402233025641,0.7806606901265845,0.7806611746677525,1.5594536245710344
d:359:0.0017930134833115119,0.7806606938088798,0.7806611418894285,1.5595288222149968
d:360:0.0017128201633340723,0.7806606974911823,0.7806611091111009,1.559608986438949
d:361:0.0016253760820035268,0.7806607011734741,0.7806610775172231,1.5596964026086937
d:362:0.0015407075700970552,0.7806607048557765,0.7806610731158656,1.5597810704015451
d:363:0.0014518807927252908,0.7806607085380719,0.7806610403375274,1.559869868082874
d:364:0.0013642600508383396,0.7806607122203673,0.7806610440198227,1.5599574961893516
d:365:0.0012744998127125484,0.7806607159026662,0.7806610396184688,1.5600472557084224
d:366:0.0011925068639691006,0.7806607195849651,0.7806610433007606,1.5601292560217566
d:367:0.0011041871720784968,0.7806607232672604,0.7806610388993995,1.5602175749945815
d:368:0.0010203183007710948,0.7806607269495629,0.7806610425816949,1.5603014512304867
d:369:0.000937578949464779,0.7806607306318583,0.7806610462639867,1.5603841979463802
d:370:0.0008603949756640361,0.7806607343141572,0.7806610499462785,1.5604613892847716
d:371:0.0007804506903354991,0.7806607379964561,0.7806610455449245,1.5605413328510451
d:372:0.0007045260361131511,0.7806607416787514,0.7806610492272164,1.5606172648698546
d:373:0.0006271484994471166,0.7806607453610539,0.7806610448258624,1.5606946416874692
d:374:0.0005635295862127521,0.7806607490433493,0.7806610404245014,1.5607582598816379
d:375:0.0004968019369577803,0.7806607527256446,0.7806610441067967,1.5608249948954835
d:376:0.0004361954586293848,0.7806607564079471,0.7806610477890921,1.5608856087384098
d:377:0.0003791028777477834,0.7806607600902424,0.7806610433877381,1.5609427006002328
d:378:0.00032254792466090976,0.7806607637725413,0.7806610389863735,1.560999254834254
d:379:0.00027577093430863897,0.7806607674548331,0.780661034585016,1.5610460311055405
d:380:0.00022873405447043638,0.7806607711371356,0.7806610382673114,1.5610930753499765
d:381:0.00018641888456016886,0.7806607748194345,0.7806610338659539,1.5611353898008282
d:382:0.00014923002393274487,0.7806607785017299,0.7806610294645928,1.56117257794239
d:383:0.00011760390116322128,0.7806607821840288,0.7806610250632353,1.5612042033461009
d:384:9.067611404844911e-05,0.7806607858663313,0.7806610206618743,1.561231130414157
d:385:6.76604051044194e-05,0.7806607895486231,0.7806610243441696,1.5612541534876883
d:386:5.3288057355160845e-05,0.7806607932309255,0.7806610199428086,1.561268525116379
d:387:4.215421342479431e-05,0.7806607969132209,0.7806610155414475,1.5612796582412436
d:388:3.9922602578457145e-05,0.7806608005955198,0.7806610192237464,1.5612818972166878
d:389:4.292018607188197e-05,0.7806608042778187,0.7806610229060382,1.561278906997785
d:390:5.3831712556018374e-05,0.7806608079601212,0.7806610185046772,1.5612679947522423
d:391:7.093711001360248e-05,0.7806608116424165,0.7806610221869725,1.5612508967193754
d:392:9.675521798513387e-05,0.7806608153247119,0.780661017785615,1.5612250778923418
d:393:0.00012965595849934175,0.7806608190070143,0.780661013384254,1.561192176432769
d:394:0.00016972731399178542,0.7806608226893097,0.7806610089828894,1.5611521043582073
d:395:0.00021740151052540568,0.7806608263716086,0.7806610126651883,1.5611044375262715
d:396:0.00027363518814027543,0.780660830053904,0.7806610163474765,1.5610482112132402
d:397:0.00033244854204639296,0.7806608337362029,0.780661020029779,1.5609894052239355
d:398:0.00039700978620516025,0.7806608374185053,0.7806610237120744,1.5609248513443745
d:399:0.0004709162547271717,0.7806608411007971,0.7806610193107097,1.5608509441567797
d:400:0.0005418963219376849,0.7806608447830996,0.7806610149093487,1.5607799633705106
d:401:0.0006219207980109331,0.7806608484653985,0.7806610185916405,1.560699946259028
d:402:0.0007016591577233555,0.7806608521476974,0.780661014190283,1.560620207180257
d:403:0.0007787898813838012,0.7806608558299963,0.780661009788922,1.5605430757375345
d:404:0.0008507031603492976,0.7806608595122917,0.7806610134712137,1.5604711698231561
d:405:0.0009166671004123828,0.7806608631945942,0.7806610171535127,1.5604052132476944
d:406:0.0009815677862441419,0.7806608668768931,0.7806610208358116,1.5603403199264605
d:407:0.0010398005472147531,0.7806608705591884,0.780661016434447,1.5602820864464206
d:408:0.0010927047655862054,0.7806608742414909,0.7806610201167459,1.5602291895926506
d:409:0.0011407547278032837,0.7806608779237898,0.7806610237990448,1.5601811469950313
d:410:0.0011853330611337753,0.7806608816060887,0.7806610274813366,1.5601365760262915
d:411:0.0012219174811782807,0.7806608852883841,0.7806610230799755,1.5600999908871813
d:412:0.0012521685739272925,0.780660888970683,0.7806610267622709,1.5600697471590266
d:413:0.0012772650793912987,0.7806608926529854,0.7806610304445663,1.5600446580181604
d:414:0.0012981965266263273,0.7806608963352772,0.7806610260432016,1.5600237258518526
d:415:0.0013165471342375668,0.7806609000175797,0.7806610297255006,1.5600053826088427
d:416:0.0013299773215464938,0.7806609036998786,0.780661025324136,1.559991951702468
d:417:0.0013411903895637067,0.7806609073821775,0.7806610290064349,1.5599807459990487
d:418:0.0013498600445842612,0.7806609110644764,0.7806610326887302,1.5599720837086224
d:419:0.0013563900028898956,0.7806609147467789,0.7806610282873692,1.5599655530312582
d:420:0.001361277718523013,0.7806609184290778,0.7806610238860046,1.5599606645965594
d:421:0.0013653286087169647,0.7806609221113732,0.78066101948464,1.5599566129872962
d:422:0.001367894852084106,0.7806609257936721,0.7806610231669389,1.5599540541085268
d:423:0.0013702842884484312,0.7806609294759745,0.7806610187655743,1.5599516639531004
d:424:0.0013718813546788056,0.7806609331582735,0.7806610143642096,1.5599500661678043
d:425:0.001372945025149619,0.7806609368405688,0.7806610180465086,1.5599490098619277
d:426:0.0013741107015761145,0.7806609405228677,0.780661013645144,1.5599478434664356
d:427:0.0013750581087812463,0.7806609442051702,0.7806610173274393,1.5599469034238282
d:428:0.0013758213927523855,0.7806609478874691,0.7806610129260783,1.559946139420795
d:429:0.001375925476249762,0.780660951569768,0.7806610166083772,1.5599460427018954
d:430:0.001376720891684613,0.7806609552520669,0.780661012207009,1.5599452465673913
d:431:0.0013770845524838649,0.7806609589343694,0.7806610158893079,1.5599448902711934
d:432:0.0013772237334137571,0.7806609626166612,0.7806610114879433,1.5599447503711907
d:433:0.001377687640040648,0.7806609662989672,0.7806610070865787,1.5599442857455053
d:434:0.0013770869948537268,0.7806609699812661,0.7806610107688776,1.55994489375529
d:435:0.0013769048191214495,0.780660973663565,0.7806610063675095,1.559945075211953
d:436:0.0013762372490369046,0.7806609773458639,0.7806610100498084,1.5599457501466354
d:437:0.001375771778139523,0.7806609810281628,0.7806610056484438,1.559946214898467
d:438:0.001374614806053387,0.7806609847104617,0.7806610012470756,1.559947371151484
d:439:0.0013739989020464805,0.7806609883927607,0.780660996845711,1.5599479863364252
d:440:0.0013732422695085233,0.7806609920750596,0.7806609924443428,1.5599487422498939
d:441:0.0013711832414600167,0.780660995757362,0.7806609961266382,1.5599508086425402
d:442:0.0013682638295442473,0.7806609994396609,0.7806609917252771,1.5599537273353938
d:443:0.001364662447858933,0.7806610031219634,0.7806609954075725,1.559957336081677
d:444:0.0013604069280788167,0.7806610068042623,0.7806609910062043,1.5599615908823878
d:445:0.0013558289307624705,0.7806610104865612,0.7806609946885033,1.559966176244302
d:446:0.0013474213896422782,0.7806610141688601,0.7806609983708022,1.55997459115002
d:447:0.0013399383239125484,0.780661017851159,0.7806610020531011,1.5599820815803476
d:448:0.0013298323425914305,0.7806610215334615,0.7806609976517329,1.559992186842603
d:449:0.001316427550829502,0.7806610252157604,0.7806609932503648,1.5600055909152957
d:450:0.0013021356334377288,0.7806610288980593,0.7806609969326637,1.5600198901972853
d:451:0.001287847077552584,0.7806610325803618,0.7806609925312991,1.5600341780341083
d:452:0.001268302138058175,0.7806610362626571,0.7806609881299273,1.5600537222545263
d:453:0.0012493262462314192,0.7806610399449596,0.7806609837285627,1.560072697427291
d:454:0.001226836295767697,0.7806610436272585,0.7806609874108581,1.560095194742349
d:455:0.0012006307027796481,0.7806610473095574,0.7806609830094935,1.5601213996162713
d:456:0.0011718564401874687,0.7806610509918563,0.7806609786081218,1.5601501731597907
d:457:0.0011405830540844875,0.7806610546741588,0.7806609822904278,1.5601814539105021
d:458:0.0011071218713141207,0.7806610583564577,0.7806609778890561,1.5602149143741997
d:459:0.0010721318412869607,0.7806610620387566,0.7806609734876879,1.5602499036851576
d:460:0.001030286527335278,0.7806610657210591,0.7806609690863198,1.5602917482800436
d:461:0.000988549234897107,0.780661069403358,0.780660964684948,1.560333484853409
d:462:0.0009480556953320729,0.7806610730856569,0.7806609683672434,1.5603739857575682
d:463:0.000904914667462009,0.7806610767679558,0.7806609720495423,1.5604171341500361
d:464:0.0008594364457437109,0.7806610804502583,0.7806609676481777,1.5604626116526923
d:465:0.0008155401214153812,0.7806610841325607,0.780660963246806,1.5605065072579514
d:466:0.0007687929259851956,0.7806610878148597,0.7806609669291014,1.5605532618179758
d:467:0.0007222896950551672,0.7806610914971586,0.7806609625277297,1.560599764329833
d:468:0.0006735406891422713,0.7806610951794575,0.7806609662100321,1.5606485207003473
d:469:0.0006235937889442766,0.7806610988617564,0.780660969892331,1.5606984749651431
d:470:0.0005770301852265902,0.7806611025440588,0.7806609654909593,1.5607450378497916
d:471:0.000531808915006593,0.7806611062263578,0.7806609691732582,1.5607902664846094
d:472:0.0004849787510607939,0.7806611099086602,0.7806609728555607,1.5608371040131601
d:473:0.00044022089585737945,0.7806611135909627,0.7806609765378631,1.5608818692329685
d:474:0.00039746690045205924,0.780661117273258,0.7806609721364879,1.5609246225092939
d:475:0.0003563483441269,0.7806611209555605,0.7806609758187868,1.5609657484302204
d:476:0.00031800156088834797,0.7806611246378665,0.7806609714174186,1.5610040944943968
d:477:0.00028096244099273804,0.7806611283201654,0.7806609750997175,1.5610411409788902
d:478:0.00024302232619888287,0.7806611320024643,0.7806609706983494,1.5610790803746148
d:479:0.0002098742169565071,0.7806611356847668,0.7806609662969777,1.561112227764788
d:480:0.0001783247328575044,0.7806611393670693,0.780660961895606,1.5611437765298177
d:481:0.00014966719944098372,0.7806611430493682,0.7806609655779084,1.5611724414278356
d:482:0.00012286188282928379,0.7806611467316671,0.7806609611765332,1.561199246025371
d:483:0.00010007273532153249,0.7806611504139696,0.7806609567751615,1.5612220344538095
d:484:7.931450325315836e-05,0.7806611540962685,0.7806609523737897,1.561242791966805
d:485:6.101674641811883e-05,0.7806611577785745,0.7806609560560887,1.561261097088245
d:486:4.688530728813589e-05,0.7806611614608698,0.7806609597383876,1.5612752358919693
d:487:3.505690355254387e-05,0.7806611651431723,0.7806609553370194,1.5612870635766392
d:488:2.6836466581414697e-05,0.7806611688254748,0.7806609509356441,1.5612952832945375
d:489:2.2573222668853532e-05,0.7806611725077737,0.7806609546179466,1.5612995539030514
d:490:2.1657638836103388e-05,0.7806611761900726,0.7806609502165749,1.5613004687678114
d:491:2.3506190711231056e-05,0.780661179872375,0.7806609538988774,1.5612986275805412
d:492:2.9847990457909646e-05,0.7806611835546775,0.7806609575811763,1.5612922931453959
d:493:3.9173296698891136e-05,0.78066118723698,0.7806609531798046,1.5612829671200856
d:494:5.312796684719956e-05,0.7806611909192789,0.7806609487784328,1.5612690117308645
d:495:7.177716313222504e-05,0.7806611946015778,0.7806609524607317,1.5612503698991773
d:496:9.261562444606852e-05,0.7806611982838838,0.78066094805936,1.5612295307187978
d:497:0.00011675517731646323,0.7806612019661827,0.780660951741659,1.5612053985305252
d:498:0.00014538880929393372,0.7806612056484816,0.7806609554239579,1.5611767722631456
d:499:0.000177124442220844,0.7806612093307841,0.7806609591062603,1.5611450439948236
d:500:0.0002106369599417235,0.780661213013083,0.7806609547048851,1.5611115307580263
d:501:0.00025256605317736103,0.7806612166953819,0.7806609503035133,1.561069600945718
d:502:0.00029163893793082707,0.7806612203776879,0.7806609459021381,1.5610305273418952
d:503:0.00033640670867995937,0.7806612240599904,0.7806609495844405,1.560985766935751
d:504:0.000382546641983339,0.7806612277422893,0.780660953266743,1.560939634367049
d:505:0.00043202328709668336,0.7806612314245918,0.7806609569490419,1.560890165086537
d:506:0.00047735828751882536,0.7806612351068907,0.7806609606313444,1.5608448374507162
d:507:0.0005247284315856859,0.7806612387891931,0.7806609643136433,1.5607974746712507
d:508:0.0005788803065058801,0.780661242471492,0.7806609599122716,1.5607433220772577
d:509:0.0006294675029607788,0.7806612461537945,0.780660963594574,1.5606927422454078
d:510:0.0006828377201131275,0.780661249836097,0.7806609672768765,1.5606393793928603
d:511:0.0007292154876132884,0.7806612535183994,0.780660970959179,1.5605930089899651
d:512:0.0007786614396145808,0.7806612572007019,0.7806609665578002,1.5605435623188875
d:513:0.00082499295388061,0.7806612608830044,0.7806609702401026,1.5604972381692264
d:514:0.0008713090687813008,0.7806612645653068,0.7806609739224051,1.5604509294189306
d:515:0.0009164100604870384,0.7806612682476093,0.7806609776047075,1.5604058357918298
d:516:0.0009531825908730696,0.7806612719299082,0.7806609732033323,1.5603690625423674
d:517:0.0009964913918523166,0.7806612756122071,0.780660968801957,1.5603257530223118
d:518:0.0010345377013507573,0.7806612792945131,0.7806609272340985,1.5602876688272609
d:519:0.001068879260689215,0.780661282976812,0.7806608956401782,1.560253299356301
d:520:0.0010962015631363897,0.7806612866591145,0.7806608628617973,1.5602259479577754
d:521:0.0011286325820378806,0.780661290341417,0.7806608312678733,1.5601934890272524
d:522:0.001146265442571348,0.7806612940237194,0.7806608268664945,1.5601758554476426
d:523:0.0011744470548791242,0.7806612977060183,0.7806607952725599,1.5601476459236991
d:524:0.0011892945753260165,0.7806613013883243,0.7806607624941755,1.5601327693071738
d:525:0.001205757264241214,0.7806613050706233,0.7806607661764744,1.5601163139828564
d:526:0.0012200366637316051,0.7806613087529222,0.7806607617750991,1.5601020338642897
d:527:0.0012290097963862934,0.7806613124352282,0.7806607654574016,1.5600930680962435
d:528:0.0012327794385917912,0.7806613161175306,0.7806607610560263,1.5600892977349652
d:529:0.0012304709378767598,0.7806613197998331,0.780660756654644,1.5600916055166003
d:530:0.0012317936150409992,0.7806613234821356,0.7806607603369464,1.560090290204041
d:531:0.0012214785909847592,0.7806613271644345,0.7806607559355676,1.5601006045090173
d:532:0.0012020752169767945,0.780661330846737,0.7806607515341888,1.560120007163949
d:533:0.0011883138781243474,0.7806613345290359,0.78066074713281,1.5601337677837215
d:534:0.0011665611908036055,0.780661302935119,0.780660750815116,1.5601554925594314
d:535:0.0011450292283470276,0.7806613066174215,0.7806607544974149,1.5601770318864894
d:536:0.0011141478814273853,0.7806612738390761,0.7806607500960361,1.5602078760536848
d:537:0.001084584453764137,0.7806612422451487,0.7806607456946608,1.5602374034860453
d:538:0.0010483207162970132,0.7806612106512141,0.7806607493769597,1.5602736393118768
d:539:0.0010100955291676428,0.7806612143335201,0.7806607449755809,1.5603118637799334
d:540:0.0009694393192205553,0.7806612180158155,0.7806607486578834,1.5603525273544783
d:541:0.0009246724195790534,0.7806612136144508,0.780660744256501,1.5603972854513728
d:542:0.0008820161241267499,0.7806612092130827,0.7806607479388035,1.5604399410277594
d:543:0.0008345144119310532,0.7806612128953887,0.7806607516211059,1.5604874501045636
d:544:0.0007852080955537133,0.7806611713275053,0.780660755303412,1.5605367185353636
d:545:0.0007370187410131734,0.7806611750098114,0.7806607589857109,1.560584915254509
d:546:0.0006865186323352646,0.7806611786921067,0.7806607626680133,1.5606354227277848
d:547:0.0006347513278477379,0.7806611742907421,0.7806607663503158,1.5606871893132102
d:548:0.0005817251143191982,0.780661169889374,0.7806607700326147,1.5607402148076694
d:549:0.0005359629335295324,0.7806611735716835,0.7806607737149207,1.5607859843530747
d:550:0.00048642059706338614,0.7806611691703154,0.7806607693135419,1.5608355178867939
d:551:0.00043675244591057094,0.7806611728526143,0.7806607729958408,1.5608851934025445
d:552:0.0003867002236042083,0.7806611765349167,0.7806607766781433,1.5609352529894558
d:553:0.00034077667859122585,0.7806611802172156,0.7806607803604457,1.5609811838990701
d:554:0.00029875484125696516,0.780661175815851,0.7806607840427517,1.5610232050173458
d:555:0.0002552917829348189,0.78066117949815,0.7806607796413694,1.5610666673565845
d:556:0.00021758016594120022,0.7806611750967818,0.7806607752399941,1.5611043701708347
d:557:0.00018230641861549657,0.7806611706954172,0.7806607708386117,1.5611396351154134
d:558:0.00014727559859295525,0.7806611743777232,0.7806607745209178,1.561174673300048
d:559:0.00012202071775035961,0.7806611699763515,0.7806607701195389,1.56119991937814
d:560:9.578149817102144e-05,0.7806611655749904,0.7806607738018414,1.5612261578786608
d:561:7.521651177810895e-05,0.7806611611736223,0.7806607694004626,1.5612467140623068
d:562:5.659416686754071e-05,0.7806611567722506,0.7806607730827615,1.5612653356881445
d:563:4.200009263755078e-05,0.780661160454553,0.7806607767650675,1.561279937126983
d:564:3.14772848319933e-05,0.780661164136859,0.7806607723636887,1.5612904592157157
d:565:2.5828919437032027e-05,0.780661167819158,0.7806607679623099,1.5612961068620308
d:566:2.1998813195978073e-05,0.780661171501464,0.7806607635609275,1.5612999362491955
d:567:2.2554766093918488e-05,0.7806611671000994,0.7806607591595487,1.5612993714935541
d:568:2.6510764708831402e-05,0.7806611707823983,0.7806607628418476,1.561295422859537
d:569:3.299858235550346e-05,0.7806611744647007,0.7806607584404688,1.561288934322814
d:570:4.284456705150319e-05,0.7806611781470032,0.7806607540390864,1.561279087619038
d:571:5.797067016288793e-05,0.7806611818293057,0.7806607496377076,1.5612639607968504
d:572:7.424647164100406e-05,0.780661177427934,0.7806607452363217,1.5612476761926146
d:573:9.570421693894104e-05,0.7806611811102435,0.7806607489186277,1.5612262258119323
d:574:0.00011608450894584621,0.7806611767088718,0.7806607526009302,1.5612058448008561
d:575:0.0001411466804412953,0.7806611803911778,0.7806607562832362,1.5611807899939727
d:576:0.0001703157149641754,0.7806611759898061,0.7806607518818502,1.5611516121566922
d:577:0.0001996825911696476,0.7806611796721086,0.7806607474804714,1.5611222445614104
d:578:0.0002321843872934437,0.7806611752707404,0.7806607430790891,1.561089733962536
d:579:0.00026756472999878156,0.7806611789530464,0.7806607467613915,1.5610543609844392
d:580:0.0003071311692259826,0.7806611826353489,0.7806607504436975,1.5610148019098204
d:581:0.0003458193978929103,0.7806611863176549,0.7806607460423152,1.5609761129620772
d:582:0.0003868303033307541,0.7806611819162832,0.7806607416409292,1.5609350932538817
d:583:0.0004319777633732258,0.780661177514915,0.7806607453232353,1.560889945074777
d:584:0.0004763343429345923,0.7806611811972175,0.7806607409218493,1.5608455877761322
d:585:0.0005204954797157768,0.7806611767958493,0.7806607365204705,1.560801417836604
d:586:0.0005697043130012958,0.7806611723944812,0.780660740202773,1.5607522082842529
d:587:0.000618901523317561,0.780661167993113,0.7806607358013871,1.5607030022711825
d:588:0.0006618538615867919,0.7806611635917413,0.7806607314000011,1.5606600411301557
d:589:0.0007111808789019847,0.7806611672740438,0.7806607269986188,1.5606107133937606
d:590:0.0007565008896719405,0.7806611628726721,0.7806607306809212,1.5605653926639214
d:591:0.0008044226010959221,0.7806611665549745,0.7806607343632272,1.5605174783171059
d:592:0.0008490756730701321,0.7806611702372805,0.7806607299618449,1.5604728245260553
d:593:0.0008922714377632701,0.7806611658359088,0.780660725560459,1.5604296199586045
d:594:0.0009362779708439462,0.7806611614345407,0.780660721159073,1.5603856046227698
d:595:0.0009818029518839921,0.7806611651168431,0.7806607167576871,1.5603400789226463
d:596:0.001021146555004293,0.7806611607154714,0.7806607123563047,1.5603007265167719
d:597:0.0010617914499242431,0.7806611643977774,0.7806607160386072,1.5602600889864604
d:598:0.001098476372476398,0.7806611680800799,0.7806607116372213,1.5602234033448248
d:599:0.0011327272065244642,0.7806611636787082,0.7806607153195237,1.5601891517917075
d:600:0.0011608827912006348,0.7806611673610142,0.7806607190018298,1.5601610035716433
d:601:0.0011906411983346743,0.780661162959646,0.7806607146004474,1.5601312363617588
d:602:0.0012159066241679284,0.7806611666419485,0.7806607101990615,1.560105970216842
d:603:0.0012378648066118103,0.780661170324251,0.7806607138813639,1.560084019399003
d:604:0.0012550402673916494,0.780661174006557,0.78066071756367,1.5600668513028353
d:605:0.0012719917326968755,0.7806611696051853,0.780660721245976,1.5600498991184644
d:606:0.0012813303641969753,0.78066116520381,0.78066071684459,1.560040551684203
d:607:0.0012922868570051094,0.7806611608024383,0.7806607205268961,1.5600295944723293
d:608:0.0012971467881293108,0.7806611564010666,0.7806607161255066,1.5600247257384439
d:609:0.001300836302963404,0.780661160083369,0.7806607117241207,1.5600210355045263
d:610:0.0013004140980079626,0.7806611637656751,0.7806607154064267,1.5600214650740938
d:611:0.0012978261448708395,0.7806611674479846,0.7806607190887327,1.5600240603918465
d:612:0.0012934982518153504,0.7806611630466129,0.7806607227710387,1.5600283875658363
d:613:0.0012849779966686015,0.7806611586452377,0.7806607264533412,1.5600369071019102
d:614:0.0012752862035299017,0.7806611542438695,0.7806607220519588,1.5600465900922984
d:615:0.001264103135266481,0.7806611579261684,0.7806607257342613,1.5600577805251632
d:616:0.0012494166080436742,0.7806611535247931,0.7806607294165673,1.5600724663333168
d:617:0.001234138808296592,0.7806611572071063,0.7806607330988733,1.560087751497683
d:618:0.0012175430836798284,0.780661152805731,0.7806607367811829,1.560104346503234
d:619:0.001199052973081649,0.7806611484043557,0.7806607323797934,1.5601228278110675
d:620:0.0011777876014562594,0.780661144002984,0.7806607360620994,1.5601440924636272
d:621:0.0011535200587964312,0.7806611476852865,0.7806607316607099,1.5601683592872
d:622:0.0011324689992484593,0.7806611513675925,0.7806607353430159,1.56018941771136
d:623:0.001110018204361296,0.7806611469662137,0.780660739025322,1.5602118677871744
d:624:0.001083890638575724,0.7806611425648455,0.780660734623936,1.5602379865502058
d:625:0.0010562175580766109,0.7806611381634703,0.7806607302225501,1.5602656508279438
d:626:0.001027774222297495,0.7806611418457727,0.7806607339048561,1.5602941015283314
d:627:0.0009992606807465165,0.7806611455280787,0.7806607375871621,1.5603226224344944
d:628:0.0009688538038332695,0.7806611411267035,0.7806607412694682,1.5603530285923384
d:629:0.000939315392248119,0.7806611448090095,0.7806607449517777,1.560382574368539
d:630:0.0009060367122799562,0.7806611484913155,0.7806607405503883,1.5604158523294238
d:631:0.0008727775199943721,0.780661152173618,0.7806607361490023,1.560449110802626
d:632:0.0008434325444213187,0.7806611558559275,0.7806607398313048,1.560478463142811
d:633:0.0008079617924359184,0.7806611514545523,0.7806607354299153,1.5605139250920317
d:634:0.0007738142548170401,0.7806611551368583,0.7806607391122284,1.5605480799942697
d:635:0.0007382863867597678,0.780661150735483,0.7806607347108425,1.5605835990595658
d:636:0.0007025213947393638,0.7806611463341078,0.7806607303094495,1.560619355248818
d:637:0.0006661014217002048,0.7806611500164209,0.7806607339917591,1.5606557825864797
d:638:0.0006329763850629888,0.7806611536987234,0.7806607295903696,1.56068890690403
d:639:0.0005948589154414208,0.7806611492973481,0.7806607251889766,1.5607270155708832
d:640:0.0005634245278542949,0.7806611529796541,0.7806607288712861,1.560758457323086
d:641:0.000523733717539443,0.7806611485782788,0.7806607325535921,1.5607981474143315
d:642:0.0004930647568528457,0.7806611522605884,0.7806607362359017,1.5608288237396373
d:643:0.00045594964297279716,0.7806611559428944,0.7806607318345087,1.5608659381344303
d:644:0.0004207053120239834,0.7806611515415192,0.7806607274331192,1.5609011736626144
d:645:0.00038405935558216697,0.7806611552238252,0.7806607230317333,1.5609378188999763
d:646:0.000350055493221646,0.7806611589061276,0.7806607267140393,1.5609718301269453
d:647:0.0003184935769766639,0.7806611625884372,0.7806607223126498,1.5610033913241104
d:648:0.00028678576281748747,0.7806611662707432,0.7806607259949594,1.5610351065028851
d:649:0.0002564510885108007,0.780661161869368,0.7806607296772619,1.561065440458119
d:650:0.00022502893594378293,0.780661165551674,0.7806607252758724,1.5610968618916026
d:651:0.00019903048485403474,0.7806611611502987,0.780660728958182,1.5611228596236266
d:652:0.0001723433770237648,0.7806611648326083,0.780660732640488,1.5611495540960725
d:653:0.0001467775535530791,0.7806611685149143,0.7806607363227975,1.5611751272841587
d:654:0.00012453965528180788,0.780661164113539,0.7806607319214081,1.5611973563796653
d:655:0.00010420235239649855,0.780661167795845,0.7806607275200186,1.5612176929634671
d:656:8.536540794068515e-05,0.7806611633944698,0.7806607312023246,1.5612365291888537
d:657:6.797700984861876e-05,0.7806611589930945,0.7806607268009387,1.5612539087841846
d:658:5.300379308081915e-05,0.7806611545917157,0.7806607304832411,1.561268881281876
d:659:4.2120582648408345e-05,0.7806611582740182,0.7806607260818517,1.5612797637732214
d:660:3.1669078300211595e-05,0.7806611538726429,0.7806607297641612,1.561290214558504
d:661:2.318208476737027e-05,0.7806611575549525,0.7806607334464708,1.561298708916656
d:662:1.8022195128253315e-05,0.7806611531535737,0.7806607290450778,1.5613038600035232
d:663:1.6171420682553617e-05,0.7806611487521948,0.7806607327273838,1.561305710058896
d:664:1.4998938553389962e-05,0.780661144350816,0.7806607283259943,1.561306873738257
d:665:1.7358767600228475e-05,0.7806611399494408,0.7806607320083074,1.561304513190148
d:666:2.181641663057121e-05,0.7806611436317503,0.7806607356906134,1.5613000629057332
d:667:2.8557945586982214e-05,0.780661139230368,0.7806607312892204,1.5612933125740014
d:668:3.715340891474739e-05,0.7806611429126775,0.7806607268878274,1.5612847163915902
d:669:4.8792814215659064e-05,0.7806611465949871,0.7806607305701405,1.561273084350912
d:670:6.180195995852955e-05,0.7806611502772931,0.7806607261687475,1.561260074486082
d:671:7.755640278261922e-05,0.7806611458759143,0.7806607217673545,1.5612443112404861
d:672:9.431255216441059e-05,0.7806611414745355,0.7806607173659614,1.5612275462883325
d:673:0.00011363390495588988,0.7806611370731567,0.7806607210482674,1.5612082242164682
d:674:0.0001378187882750126,0.7806611326717778,0.780660716646878,1.5611840305303808
d:675:0.00016047185999923386,0.7806611363540874,0.7806607203291875,1.5611613848232757
d:676:0.00018763466914606397,0.780661131952705,0.7806607240114971,1.561134221295056
d:677:0.00021431430124607687,0.7806611275513227,0.7806607196101005,1.5611075328601771
d:678:0.00023890556854055944,0.7806611231499438,0.7806607232924101,1.5610829408738134
d:679:0.00027107630953793205,0.7806611268322534,0.7806607269747197,1.5610507774974351
d:680:0.0002988188407258008,0.780661130514563,0.7806607306570292,1.5610230423308664
d:681:0.00032866910136419847,0.7806611261131806,0.7806607343393388,1.5609931913511552
d:682:0.000359528216975491,0.7806611297954902,0.7806607299379422,1.560962331516457
d:683:0.0003896730146095706,0.7806611253941078,0.7806607255365492,1.5609321779160474
d:684:0.0004267706410523431,0.7806611290764174,0.7806607211351597,1.5608950795705248
d:685:0.00046007153339644447,0.780661124675035,0.7806607167337631,1.5608617698754017
d:686:0.0004888828301865544,0.7806611283573446,0.7806607123323701,1.5608329578595281
d:687:0.0005207422653548122,0.7806611320396541,0.7806607079309771,1.5608010977052764
d:688:0.0005519390910109223,0.7806611357219637,0.7806607035295805,1.5607699001605333
d:689:0.0005826604352350273,0.7806611394042733,0.7806607072118936,1.5607391861809319
d:690:0.0006092726054909292,0.7806611350028909,0.780660702810497,1.560712565207897
d:691:0.0006363214647038262,0.7806611306015121,0.780660698409104,1.5606855075459123
d:692:0.0006600212199678879,0.7806611342838217,0.7806607020914065,1.5606618151552603
d:693:0.0006871636366767575,0.7806611298824429,0.7806607057737196,1.5606346720194857
d:694:0.0007170222229468948,0.7806611335647453,0.7806607094560292,1.5606048207978276
d:695:0.0007405228972565681,0.7806611291633629,0.7806607131383387,1.560581319404445
d:696:0.0007576217397087248,0.7806611247619841,0.7806607087369457,1.560564211759221
d:697:0.0007821406867485337,0.7806611203606018,0.7806607043355491,1.5605396840094024
d:698:0.0008013565395295075,0.7806611240429113,0.7806607080178587,1.5605204755212405
d:699:0.0008174647009759894,0.7806611277252244,0.7806607117001718,1.5605043747244203
d:700:0.0008257911174567312,0.780661131407534,0.7806607153824778,1.5604960556725551
d:701:0.0008370688974324025,0.7806611270061481,0.7806606738145412,1.5604847319232569
d:702:0.000848845549711541,0.7806611226047693,0.7806606422205711,1.5604729192756288
d:703:0.000852268056924288,0.7806611262870753,0.7806606378191745,1.5604694960493255
d:704:0.0008545710778982141,0.7806611218856929,0.7806606062251902,1.5604671570329849
d:705:0.0008534122277659151,0.7806611255679989,0.78066060182379,1.560468315164023
d:706:0.0008467989553757604,0.7806611211666166,0.7806605974223935,1.5604749196336343
d:707:0.0008387877539313138,0.7806611248489297,0.7806605930209969,1.5604829301159953
d:708:0.0008332598035885042,0.7806611285312393,0.7806605886195968,1.5604884573472475
d:709:0.0008209705100270526,0.7806611241298569,0.7806605570256053,1.5605007106454352
d:710:0.0008085845440319872,0.7806611278121665,0.7806605254316068,1.5605130686997413
d:711:0.0007883790257885437,0.780661131494476,0.7806605291139199,1.5605332815826074
d:712:0.0007686989225206275,0.7806611351767891,0.7806605327962295,1.560552969050498
d:713:0.0007433348301049136,0.7806611388591023,0.7806605364785426,1.56057834050754
d:714:0.0007174832714973434,0.7806611425414083,0.7806605401608557,1.5606041994307667
d:715:0.0006887473128536215,0.7806611381400259,0.7806605438431617,1.560632934670334
d:716:0.0006670858500790189,0.780661141822339,0.7806605475254749,1.5606546034977349
d:717:0.0006397763732373107,0.7806611374209567,0.7806605147470371,1.5606818757947565
d:718:0.0006120322236569109,0.7806611330195707,0.7806605184293467,1.5607096192252605
d:719:0.0005762728072156165,0.7806611367018803,0.7806604856508983,1.560745349545563
d:720:0.0005523215000771131,0.7806611323004979,0.7806604893332079,1.5607693001336287
d:721:0.0005215578712913782,0.780661127899112,0.7806604930155174,1.560800063043338
d:722:0.0004898955043834974,0.7806611234977332,0.7806604966978306,1.5608317246911803
d:723:0.00045894166529691915,0.7806611271800392,0.7806605003801366,1.5608626858948789
d:724:0.0004258149847018444,0.7806611227786568,0.7806605040624497,1.5608958118564047
d:725:0.00039652150817914844,0.78066112646097,0.7806605077447593,1.56092511269755
d:726:0.00036598977667878785,0.780661130143276,0.7806605114270688,1.560955651793666
d:727:0.0003360426217007273,0.7806611338255891,0.7806605151093784,1.5609856063132668
d:728:0.00030560173485838504,0.7806611375079022,0.7806605187916844,1.5610160545647283
d:729:0.0002746128002648618,0.7806611047295,0.7806605224739975,1.5610470144032327
d:730:0.00024732917462344517,0.7806610731355228,0.7806605261563071,1.5610742701172065
d:731:0.00021715107820341473,0.780661040357117,0.7806605298386202,1.5611044191175338
d:732:0.0001919080780261595,0.7806610075787042,0.7806605335209262,1.5611296330216042
d:733:0.00016534629595810202,0.7806610112610102,0.7806605372032394,1.5611562021682914
d:734:0.00014237524968763182,0.7806609696930522,0.7806605408855454,1.56117913532891
d:735:0.00011775229940624854,0.7806609652916698,0.7806605445678585,1.561203757560122
d:736:9.913447672005304e-05,0.7806609608902839,0.7806605482501681,1.561222374663732
d:737:8.007321326886085e-05,0.7806609645725899,0.7806605519324776,1.5612414432917987
d:738:6.405368222672791e-05,0.7806609601712076,0.7806605556147872,1.561257462103768
d:739:5.134372595350101e-05,0.7806609557698216,0.7806605592970968,1.561270171340965
d:740:3.925317320963018e-05,0.7806609594521277,0.7806605629794063,1.5612822692583244
d:741:3.007857769432576e-05,0.7806609631344408,0.7806605666617159,1.5612914512184624
d:742:2.2758727936889045e-05,0.7806609668167539,0.7806605703440326,1.5612987784328496
d:743:1.7367995056360996e-05,0.7806609624153644,0.7806605740263421,1.5613041684466502
d:744:1.4611996498103963e-05,0.7806609580139785,0.7806605777086482,1.5613069237261286
d:745:1.5096253839885776e-05,0.7806609616962881,0.7806605813909577,1.561306446833406
d:746:1.7708269592020542e-05,0.7806609572948986,0.7806605850732709,1.5613038340985774
d:747:2.2125010275431123e-05,0.7806609528935127,0.7806605887555804,1.5612994166388177
d:748:2.957258142899377e-05,0.7806609565758258,0.78066059243789,1.5612919764322868
d:749:3.968233236051333e-05,0.7806609602581354,0.7806605961201996,1.5612818740459744
d:750:5.1121384068153475e-05,0.7806609639404449,0.7806605998025127,1.5612704423588895
d:751:6.615886128358284e-05,0.780660959539059,0.7806606034848258,1.5612554041626012
d:752:8.185053919618213e-05,0.7806609632213686,0.7806606071671318,1.5612397198493042
d:753:9.99283982991983e-05,0.7806609669036746,0.7806606108494449,1.5612216493548203
d:754:0.00012136392083306191,0.7806609705859913,0.7806606145317581,1.5612002211969163
d:755:0.0001451715275102572,0.7806609742683008,0.7806606182140676,1.5611764209548582
d:756:0.000168880665324167,0.7806609698669149,0.7806606218963772,1.561152711097968
d:757:0.00019405632765767677,0.780660973549228,0.7806606255786903,1.5611275428002607
d:758:0.00022057498848582213,0.7806609772315376,0.7806606292609999,1.5611010315040517
d:759:0.00024783501814695796,0.7806609809138507,0.780660632943313,1.5610737788390168
d:760:0.000278502330626651,0.7806609765124612,0.7806606366256226,1.5610431108074572
d:761:0.0003085530776090195,0.7806609801947708,0.7806606403079321,1.561013067425094
d:762:0.00034227552355403645,0.7806609838770804,0.7806606439902453,1.5609793523437716
d:763:0.00037372549743608374,0.780660979475698,0.7806606476725548,1.5609479016508168
d:764:0.0004071644311984812,0.7806609750743085,0.7806606513548644,1.5609144619979745
d:765:0.0004413233062798838,0.7806609706729191,0.780660655037174,1.5608803024038131
d:766:0.0004728625231393835,0.7806609662715296,0.7806606587194835,1.5608487624678737
d:767:0.0005093140820733311,0.7806609618701437,0.7806606624018002,1.5608123101898705
d:768:0.0005410207161240521,0.7806609574687506,0.7806606660841098,1.5607806028367364
d:769:0.0005751233900390673,0.7806609611510673,0.7806606697664229,1.5607465075274511
d:770:0.0006089273892548874,0.7806609567496743,0.7806606734487325,1.5607127028091519
d:771:0.0006430593783441907,0.7806609604319874,0.7806606771310456,1.5606785781846888
d:772:0.0006744000592959765,0.7806609560305944,0.7806606808133552,1.5606472367846536
d:773:0.0007049855293033147,0.7806609516292049,0.7806606844956683,1.5606166505955699
d:774:0.0007406729046870453,0.7806609472278154,0.7806606881779743,1.5605809625011027
d:775:0.0007699263426665937,0.7806609428264188,0.7806606918602874,1.5605517083440397
d:776:0.0008028755815239208,0.7806609384250329,0.780660695542597,1.560518758386106
d:777:0.000831793656551838,0.7806609340236399,0.7806606992249066,1.5604898395919946
d:778:0.0008595786395275695,0.780660937705953,0.7806607029072197,1.5604620619736451
d:779:0.0008821593152035234,0.7806609413882661,0.7806607065895328,1.5604394886625954
d:780:0.0009065036906328316,0.7806609369868767,0.7806607102718424,1.5604151435680862
d:781:0.0009251952891951021,0.7806609406691898,0.7806607139541519,1.5603964593341466
d:782:0.0009428116919210083,0.7806609443515029,0.780660717636465,1.560378850296047
d:783:0.0009593056171972592,0.7806609399501134,0.7806607213187711,1.5603623556516872
d:784:0.0009756587861424748,0.7806609436324266,0.7806607250010877,1.5603460098473718
d:785:0.0009856753266888063,0.7806609392310335,0.7806607286834009,1.5603359925877456
d:786:0.0009938533184481457,0.7806609429133466,0.7806607323657104,1.560327821960609
d:787:0.0009992488532546417,0.7806609385119536,0.7806607360480271,1.560322425706726
d:788:0.0010039508478314474,0.7806609421942667,0.7806607397303367,1.560317731076772
d:789:0.0010037144514960517,0.7806609377928737,0.7806607434126462,1.560317966754024
d:790:0.0010016578039078183,0.7806609333914807,0.7806607470949594,1.5603200226825322
d:791:0.000998139369055906,0.7806609289900877,0.7806607507772689,1.5603235403983007
d:792:0.00099324121587685,0.7806609326724008,0.7806607544595856,1.5603284459161095
d:793:0.0009822324499246804,0.7806609282710077,0.7806607581418952,1.5603394539629782
d:794:0.0009705932443253573,0.7806609238696183,0.7806607618242047,1.5603510924494977
d:795:0.0009570640353864235,0.7806609194682217,0.7806607655065214,1.5603646209393567
d:796:0.0009395649131640482,0.7806609150668251,0.7806607691888274,1.5603821193424885
d:797:0.0009222473580443591,0.7806609106654321,0.7806607728711406,1.5603994361785283
d:798:0.0009040257987855682,0.7806609062640355,0.7806607765534501,1.5604176570187
d:799:0.0008857202853462809,0.7806609099463522,0.7806607802357668,1.5604359698967727
d:800:0.0008641818536290202,0.7806609136286689,0.7806607839180799,1.5604575156931197
d:801:0.0008383496187747141,0.7806609092272723,0.7806607876003895,1.560483347208887
d:802:0.0008138370280015295,0.7806609129095854,0.780660791282699,1.560507867164283
d:803:0.000785534325970616,0.7806609085081888,0.7806607949650122,1.5605361691472304
d:804:0.0007571994899500112,0.7806609041067922,0.7806607986473217,1.560564503264164
d:805:0.0007301348249235673,0.7806609077891089,0.7806608023296349,1.5605915752938202
d:806:0.0007032665099231394,0.7806609033877123,0.780660806011948,1.5606184428897372
d:807:0.0006680292990424164,0.7806609070700254,0.7806608096942611,1.5606536874652441
d:808:0.0006372771750235984,0.7806609026686324,0.7806608133765742,1.560684438870183
d:809:0.0006080342669783079,0.7806608982672323,0.7806608170588838,1.5607136810591378
d:810:0.0005757869355669243,0.7806608938658393,0.7806608207412005,1.5607459276714728
d:811:0.0005428997020722193,0.7806608894644427,0.78066082442351,1.5607788141858805
d:812:0.0005101820775479382,0.7806608850630461,0.7806608281058267,1.5608115310913249
d:813:0.00047857075514201597,0.7806608887453592,0.7806608317881327,1.56084314977835
d:814:0.0004470684797439617,0.7806608843439626,0.7806608354704458,1.5608746513346645
d:815:0.0004174174048365842,0.7806608880262758,0.780660839152759,1.5609043097741981
d:816:0.0003881121326365644,0.7806608917085924,0.7806608428350721,1.560933622411028
d:817:0.00035950417758101594,0.7806608953909056,0.7806608465173817,1.5609622377307062
d:818:0.0003309698786715387,0.780660890989509,0.7806608501996983,1.5609907713105358
d:819:0.0003055687793676043,0.7806608946718256,0.7806608538820115,1.5610161797744695
d:820:0.00027685662406540246,0.7806608983541388,0.780660857564321,1.5610448992943944
d:821:0.0002515316783089361,0.7806608939527386,0.780660861246627,1.5610702235210567
d:822:0.0002246697117342933,0.780660889551342,0.7806608649289473,1.561097084768555
d:823:0.00020133918588527422,0.7806608932336623,0.7806608686112604,1.5611204226590374
d:824:0.000180492441700153,0.7806608888322657,0.78066087229357,1.5611412686841355
d:825:0.00015736643216612833,0.7806608925145788,0.7806608759758866,1.5611644020582993
d:826:0.00013741151845891864,0.7806608881131822,0.7806608796581997,1.561184356252923
d:827:0.00011872448559557824,0.7806608837117821,0.7806608833405093,1.5612030425666958
d:828:0.00010170391893637998,0.7806608873940952,0.7806608870228224,1.5612200704979813
d:829:8.727269576880303e-05,0.7806608829926986,0.780660890705132,1.5612345010020618
d:830:7.185944484078277e-05,0.7806608785912985,0.7806608943874487,1.5612499135339064
d:831:5.966525258216393e-05,0.7806608741898984,0.7806608980697618,1.561262107007078
d:832:4.6712206007271107e-05,0.780660877872215,0.7806609017520714,1.5612750674182791
d:833:3.593757853437296e-05,0.7806608815545317,0.7806609054343845,1.5612858494103818
d:834:2.801424184539769e-05,0.7806608771531316,0.7806609091167012,1.5612937720279874
d:835:2.1146788380832504e-05,0.7806608808354483,0.7806609127990107,1.5613006468460782
d:836:1.6019074092099572e-05,0.7806608845177649,0.7806609164813274,1.5613057819250002
d:837:1.241009000452209e-05,0.7806608801163648,0.780660920163637,1.5613093901899973
d:838:1.0840667318490205e-05,0.7806608837986815,0.7806609238459501,1.561310966977313
d:839:1.0405818088088381e-05,0.7806608874809982,0.7806609275282632,1.5613114091911733
d:840:1.1971462122062348e-05,0.780660883079598,0.7806609312105763,1.5613098428280523
d:841:1.567095543109076e-05,0.7806608867619111,0.7806609348928895,1.5613061506993695
d:842:1.9996217947237938e-05,0.7806608823605146,0.7806609385752026,1.56130182471777
d:843:2.728264340134956e-05,0.7806608860428312,0.7806609422575121,1.561294545656942
d:844:3.507063086516382e-05,0.7806608816414276,0.7806609459398288,1.5612867569503912
d:845:4.478319125666985e-05,0.7806608853237442,0.7806609496221384,1.561277051754626
d:846:5.561979456203403e-05,0.7806608890060645,0.7806609533044551,1.5612662225159575
d:847:6.971146188661237e-05,0.7806608846046608,0.7806609569867682,1.5612521301295423
d:848:8.27424373959218e-05,0.7806608802032606,0.7806609606690813,1.561239098434946
d:849:9.751496236987123e-05,0.7806608758018605,0.7806609643513909,1.5612243251908815
d:850:0.00011269756726051128,0.7806608794841807,0.7806609680337075,1.5612091499506278
d:851:0.0001336065590997748,0.780660875082777,0.7806609717160207,1.561188240239698
d:852:0.00015191799323588384,0.7806608787650937,0.7806609753983373,1.5611699361701952
d:853:0.00016814187402403036,0.78066087436369,0.7806609790806469,1.561153711570313
d:854:0.0001908469379046096,0.7806608780460067,0.78066098276296,1.5611310138710621
d:855:0.00020802296010558052,0.7806608736446066,0.7806609864452732,1.5611138371297741
d:856:0.00022996155731291879,0.7806608692432029,0.7806609901275827,1.5610918978134727
d:857:0.00025495618737991776,0.7806608648417992,0.7806609938098994,1.5610669024643187
d:858:0.00027464385803455116,0.7806608604403991,0.7806609974922125,1.561047214074577
d:859:0.00029724629217042775,0.7806608641227193,0.7806609559242155,1.5610245737547643
d:860:0.0003178426041543503,0.7806608597213156,0.7806609515228295,1.5610039686399908
d:861:0.00034263787669530643,0.7806608634036323,0.7806609471214401,1.560979172648377
d:862:0.0003685586054871237,0.7806608590022321,0.7806609143429633,1.5609532147397083
d:863:0.0003872515563720924,0.7806608546008285,0.7806609180252764,1.5609345210697327
d:864:0.00040872029019922707,0.7806608501994212,0.7806609217075895,1.5609130516168115
d:865:0.00043015271541690936,0.7806608538817379,0.7806609173062036,1.5608916184725246
d:866:0.0004503834241162963,0.7806608494803342,0.7806608857121695,1.5608713517683874
d:867:0.000467705325092993,0.7806608450789305,0.7806608813107836,1.5608540210646211
d:868:0.0004896933411764337,0.7806608406775233,0.7806608849930932,1.56083203232944
d:869:0.0005064028760273231,0.7806608362761231,0.7806608805917072,1.560815313991803
d:870:0.0005219334830606215,0.7806608399584398,0.7806608842740168,1.560799790749396
d:871:0.000539427616413235,0.78066084364076,0.7806608879563335,1.5607823039806803
d:872:0.0005536876856453432,0.7806608473230803,0.7806608835549476,1.5607680431923825
d:873:0.0005591339262771555,0.780660851005397,0.7806608872372571,1.560762604316377
d:874:0.0005737480940410933,0.7806608466039968,0.7806608909195702,1.560747989429526
d:875:0.0005742235155885567,0.7806608422025896,0.7806608865181808,1.5607475052051818
d:876:0.0005842475566382177,0.7806608378011788,0.7806608821167877,1.5607374723613283
d:877:0.0005858871324591064,0.7806608414835026,0.7806608777154018,1.5607358320664453
d:878:0.0005956123895778376,0.7806608451658192,0.7806608733140123,1.5607261060902538
d:879:0.0005978691550829751,0.780660840764412,0.7806608689126229,1.560723840521952
d:880:0.0005988444190734299,0.7806608363630048,0.7806608725949324,1.5607228645388638
d:881:0.000602062845551643,0.7806608319616011,0.7806608762772491,1.5607196453932985
d:882:0.0005972251688426411,0.7806608356439213,0.7806608799595622,1.560724490434641
d:883:0.000595884355650611,0.780660839326238,0.7806608836418754,1.5607258386124627
d:884:0.0005867296160317892,0.7806608349248307,0.7806608792404859,1.5607349845492848
d:885:0.0005854225586716666,0.7806608386071545,0.780660882922799,1.5607362989712819
d:886:0.0005740428751970228,0.7806608342057437,0.7806608866051157,1.5607476779356624
d:887:0.0005655941250815033,0.780660837888064,0.7806608902874288,1.5607561340504112
d:888:0.0005551569696820025,0.7806608415703842,0.7806608858860393,1.5607665704867415
d:889:0.0005384662333121071,0.7806608452527044,0.7806608895683524,1.5607832685877447
d:890:0.0005251274065258826,0.7806608408512972,0.7806608932506656,1.5607966066954369
d:891:0.0005078818901615989,0.7806608364498899,0.7806608969329822,1.5608138514927106
d:892:0.0004939717858505333,0.7806608401322102,0.7806608925315892,1.5608277608779488
d:893:0.0004765229177721153,0.7806608438145268,0.7806608881302033,1.560845209026958
d:894:0.0004570786433859553,0.780660847496847,0.7806608837288103,1.5608646525822714
d:895:0.0004346356762923165,0.7806608430954398,0.7806608793274172,1.5608870867465647
d:896:0.0004142478403679206,0.7806608467777636,0.7806608749260278,1.5609074738634234
d:897:0.000394695111520349,0.7806608423763493,0.7806608705246347,1.5609270177894636
d:898:0.0003710477945162438,0.7806608379749456,0.7806608661232417,1.560950656303671
d:899:0.0003500342753248731,0.7806608416572658,0.7806608617218487,1.5609716691037896
d:900:0.0003282095338192903,0.780660845339586,0.7806608573204556,1.5609934931262224
d:901:0.0003054576513648044,0.7806608409381788,0.7806608610027723,1.5610162442895863
d:902:0.00028211630206342875,0.780660844620499,0.7806608566013793,1.5610395849198149
d:903:0.00026013887787001977,0.7806608483028192,0.7806608521999863,1.5610615616249355
d:904:0.00023812172271675536,0.7806608439014084,0.7806608558822994,1.561083578060991
d:905:0.00021685480023947434,0.7806608475837287,0.7806608595646161,1.5611048523481053
d:906:0.00019767195327702325,0.7806608512660489,0.7806608632469292,1.561124042559701
d:907:0.00017639714690531605,0.7806608468646417,0.7806608669292494,1.5611453166469857
d:908:0.00015789589668813164,0.7806608424632309,0.7806608706115625,1.5611638171781053
d:909:0.00014016665366867187,0.7806608380618236,0.7806608742938792,1.5611815457020342
d:910:0.00012285683001067582,0.7806608417441474,0.7806608779761959,1.5611988628903326
d:911:0.00010422564425738301,0.7806608454264605,0.7806608735747993,1.5612174933570024
d:912:8.966009881206105e-05,0.7806608126480015,0.7806608772571124,1.5612320298063018
d:913:7.529391496774451e-05,0.7806608082465942,0.7806608809394291,1.5612463952710556
d:914:6.198905683874045e-05,0.7806608119289145,0.7806608765380396,1.5612596994101153
d:915:5.009406199008026e-05,0.7806608156112347,0.7806608802203527,1.5612716017695973
d:916:4.000775179591187e-05,0.7806608112098274,0.7806608758189597,1.5612816792769912
d:917:3.103910610846583e-05,0.7806608148921477,0.7806608795012799,1.5612906552873191
d:918:2.3227044305684785e-05,0.7806607832981207,0.7806608831835895,1.5612984394374045
d:919:1.787274535658412e-05,0.780660786980441,0.7806608787821965,1.5613037930172808
d:920:1.3505228704246974e-05,0.7806607454124084,0.7806608743808034,1.5613081145645076
d:921:1.1101426096615796e-05,0.7806607490947286,0.7806608699794104,1.5613105176480424
d:922:1.0052698474538602e-05,0.7806607527770488,0.7806608736617271,1.5613115737403014
d:923:1.1158469760630396e-05,0.7806607564593726,0.7806608773440438,1.5613104753336557
d:924:1.4278368347220294e-05,0.7806607520579583,0.7806608729426472,1.5613073466322582
d:925:1.8418422840227322e-05,0.7806607476565475,0.7806608685412542,1.5613031977749614
d:926:2.3643372017545516e-05,0.7806607513388677,0.7806608722235744,1.5612979801904245
d:927:3.341441644622023e-05,0.7806607550211879,0.7806608678221743,1.561288208426916
d:928:4.339570219968891e-05,0.7806607506197807,0.7806608634207812,1.5612782183383622
d:929:5.406955748910036e-05,0.7806607462183663,0.7806608671030979,1.5612675437639751
d:930:6.787680016628883e-05,0.7806607499006901,0.7806608707854146,1.5612537438859384
d:931:8.043277211555733e-05,0.7806607535830068,0.780660866384018,1.5612411871949092
d:932:9.730027463916713e-05,0.7806607572653235,0.7806608700663347,1.561224327057019
d:933:0.00011396749515668603,0.7806607609476472,0.7806608737486513,1.561207667201142
d:934:0.00013374917730857305,0.7806607646299675,0.7806608774309716,1.5611878928836305
d:935:0.00015331762599757326,0.7806607602285602,0.7806608730295785,1.5611683156321412
d:936:0.00017302134600782892,0.7806607558271494,0.7806608686281784,1.56114860310932
d:937:0.00019407540752780505,0.7806607514257387,0.7806608642267818,1.5611275402449927
d:938:0.00021715231265773127,0.7806607551080589,0.780660867909102,1.5611044707045032
d:939:0.0002416737057018281,0.7806607507066516,0.7806608635077055,1.5610799405086553
d:940:0.0002672489717951976,0.7806607463052373,0.7806608671900221,1.5610543645234642
d:941:0.00029008329477164807,0.7806607419038265,0.780660862788622,1.5610315213976769
d:942:0.00031817653064436513,0.7806607455861467,0.7806608583872254,1.5610034274427278
d:943:0.00034134565454024823,0.7806607411847359,0.7806608539858289,1.5609802495160245
d:944:0.0003684961111716234,0.7806607448670562,0.7806608576681455,1.56095310642403
d:945:0.0003952557744923979,0.7806607485493835,0.7806608532667525,1.5609263460416436
d:946:0.00042259485816487086,0.7806607522317002,0.7806608488653524,1.5608990062388877
d:947:0.00044933896484522506,0.7806607478302894,0.7806608444639558,1.5608722533294
d:948:0.00047687465021439834,0.7806607515126096,0.7806608400625556,1.5608447169249509
d:949:0.0005030257618905409,0.7806607551949298,0.7806608437448759,1.5608185731779152
d:950:0.0005276321739664525,0.780660750793519,0.7806608393434793,1.5607939579630319
d:951:0.0005533059558295861,0.7806607544758428,0.7806608349420792,1.5607682834620924
d:952:0.000577491321028134,0.7806607500744285,0.7806608386243958,1.5607440973777962
d:953:0.0005992418426998825,0.7806607537567487,0.7806608342229957,1.5607223461370445
d:954:0.0006202135919650686,0.7806607493553379,0.7806608379053124,1.5607013736686852
d:955:0.0006413741270634432,0.7806607530376581,0.7806608335039158,1.5606802124145105
d:956:0.0006617173780902874,0.7806607567199819,0.7806608291025192,1.5606598684444108
d:957:0.0006789329329599525,0.7806607604023021,0.7806608247011191,1.5606426521704613
d:958:0.0006936181122902951,0.7806607560008878,0.7806608202997154,1.560627958188313
d:959:0.000708095818797716,0.7806607596832116,0.7806608158983153,1.5606134797627291
d:960:0.0007200745471891423,0.7806607633655318,0.7806608114969151,1.5606015003152578
d:961:0.0007287721546944681,0.780660758964121,0.7806608151792354,1.560592801988662
d:962:0.0007391472446833802,0.7806607545627067,0.7806608107778352,1.5605824180958585
d:963:0.0007443180571868879,0.7806607501612959,0.7806608144601519,1.560577246564261
d:964:0.000747813477559589,0.7806607538436161,0.7806608100587482,1.5605737504248047
d:965:0.0007499635202421473,0.7806607575259399,0.7806608137410684,1.5605716077467662
d:966:0.0007523202433574738,0.7806607612082637,0.7806608174233922,1.5605692583882984
d:967:0.0007493524313311184,0.7806607648905839,0.7806608211057053,1.5605722335649581
d:968:0.0007435946124338955,0.7806607685729112,0.7806608247880256,1.560577998748503
d:969:0.0007394147705532816,0.7806607722552279,0.7806608203866219,1.5605821778712965
d:970:0.0007332890981750495,0.7806607759375552,0.7806608240689421,1.5605883109083223
d:971:0.0007239394276155053,0.7806607715361373,0.7806608277512659,1.5605976598597877
d:972:0.0007125764642879062,0.7806607671347265,0.7806608233498622,1.5606090140203008
d:973:0.0006973522172302182,0.7806607708170468,0.7806608270321789,1.5606242456319954
d:974:0.0006818722645007824,0.780660774499367,0.7806608307144991,1.5606397329493653
d:975:0.0006631377806023409,0.7806607781816908,0.7806608263130954,1.5606584667141838
d:976:0.0006467081004828401,0.7806607737802764,0.7806608219116953,1.5606748875914889
d:977:0.0006276155508757597,0.7806607693788656,0.7806608255940155,1.5606939794220054
d:978:0.00060734848995736,0.7806607730611859,0.7806608211926118,1.5607142457638403
d:979:0.0005882395169471977,0.7806607686597715,0.7806608167912081,1.5607333459340325
d:980:0.0005658626754900808,0.7806607642583572,0.780660812389808,1.560755713972675
d:981:0.0005440219772303578,0.780660767940681,0.7806608079884079,1.5607775539518585
d:982:0.000522442750241936,0.7806607716230083,0.7806608035870006,1.560799132459767
d:983:0.0004967910493220984,0.7806607753053321,0.7806607991855969,1.560824783441607
d:984:0.00047416970006963766,0.7806607709039142,0.7806607947841968,1.5608473959880413
d:985:0.0004499153906820652,0.7806607745862344,0.7806607903827896,1.560871649578342
d:986:0.00042797160647367605,0.78066077018482,0.7806607859813859,1.5608935845597323
d:987:0.00040179049932120847,0.7806607657834057,0.7806607815799786,1.5609197568640631
d:988:0.00038046110723044535,0.7806607613819914,0.780660777178575,1.5609410774533359
d:989:0.0003560431565894362,0.7806607569805735,0.7806607727771713,1.5609654866011553
d:990:0.0003330936370851134,0.7806607606629008,0.780660768375764,1.5609884354015797
d:991:0.00031060853304509806,0.7806607562614865,0.7806607639743603,1.5610109117028017
d:992:0.0002888072170996736,0.7806607599438067,0.7806607595729531,1.5610327122996601
d:993:0.0002651803059308122,0.780660763626134,0.7806607632552769,1.56105634657548
d:994:0.00024266794736504949,0.7806607673084578,0.7806607669375936,1.5610788662986863
d:995:0.00022369654694287533,0.7806607709907816,0.7806607625361899,1.5610978369800286
d:996:0.00020071909565544388,0.7806607746731089,0.7806607581347826,1.561120813712236
d:997:0.00018234560782204312,0.780660770271691,0.7806607537333718,1.5611391783972408
d:998:0.0001644883764555516,0.7806607658702767,0.7806607574156956,1.5611570349095167
d:999:0.00014637197957867443,0.7806607695526004,0.7806607530142919,1.5611751505873137
d:1000:0.00012703121098311954,0.780660765151179,0.7806607486128812,1.561194482553077
d:1001:0.0001118592436135657,0.7806607607497646,0.7806607442114739,1.561209645717625
d:1002:9.764098832576451e-05,0.780660764432092,0.7806607478937977,1.561223871337564
