data: dataset/foma/
d:1:7.031365813503498e-05,3.2576342045412794,3.2576344719888093,6.515198362871954
d:2:6.503552279557567e-05,3.257634204750218,3.2576344721977524,6.515203641425175
d:3:0.0001654822795815747,3.257634204999609,3.257634470966333,6.51510319368636
d:4:6.25366792394999e-05,3.2576342052489933,3.2576344712054737,6.515206139775227
d:5:6.030620455632629e-05,3.2576342055301555,3.257634470233098,6.515208369558698
d:6:5.68656148232094e-05,3.2576342058662147,3.25763447055319,6.515211810804582
d:7:5.4000342146309777e-05,3.257634206075147,3.257634470873276,6.515214676606277
d:8:5.215334304597974e-05,3.2576342063553376,3.2576344711356677,6.515216524147959
d:9:4.8597137237038623e-05,3.257634206752006,3.2576344713464507,6.515220080961219
d:10:4.5333439669725806e-05,3.257634206977959,3.257634471682516,6.5152233452208055
d:11:4.273912537655633e-05,3.2576342072581435,3.257634472003496,6.515225940136263
d:12:3.998030257257312e-05,3.2576342075791276,3.257634471249934,6.515228698526489
d:13:3.761503693144874e-05,3.257634207975789,3.2576344703758195,6.515231063314677
d:14:3.588682924693387e-05,3.2576342082251686,3.257634470612012,6.515232792007934
d:15:3.3412138916943945e-05,3.257634207269278,3.257634470932093,6.515235266062454
d:16:3.0995489152196853e-05,3.257634207506702,3.257634470178523,6.515237682196073
d:17:2.9086899468566685e-05,3.25763420771563,3.2576344703893,6.515239591205461
d:18:2.5197301177115605e-05,3.2576342080516865,3.257634470600071,6.515243481350581
d:19:2.567101068517985e-05,3.2576342083717775,3.2576344696441852,6.515243007005277
d:20:2.5287729240375256e-05,3.257634208580699,3.257634469906573,6.515243390758032
d:21:2.198204285619454e-05,3.257634208977355,3.2576344702854247,6.515246697219924
d:22:2.2163678849551616e-05,3.257634209298335,3.257634470565625,6.51524651618511
d:23:2.240083525073544e-05,3.257634209534526,3.257634469609733,6.515246278309008
d:24:1.983376893033295e-05,3.2576342097661786,3.2576344699885786,6.515248845985827
d:25:2.0986192764027578e-05,3.257634210087151,3.257634470220235,6.515247694114622
d:26:1.8459953436078536e-05,3.2576342103181664,3.2576344694666606,6.51525021983139
d:27:1.876912290832422e-05,3.2576342105400924,3.2576344684595298,6.515249909876713
d:28:1.822703990672636e-05,3.2576342108761436,3.2576344687407017,6.515250452576939
d:29:1.8906659967399264e-05,3.257634211138538,3.2576344689514687,6.515249773430039
d:30:1.8786478869436962e-05,3.2576342114586256,3.2576344691622263,6.5152498941419825
d:31:0.000138638020762194,3.257634211735529,3.2576344694424217,6.515130043157188
d:32:1.8986770220941196e-05,3.2576342121321815,3.2576344697634014,6.515249695125362
d:33:1.901760286671106e-05,3.2576342124682265,3.2576344699723454,6.515249664837706
d:34:1.917321350219936e-05,3.2576342114958545,3.2576344702217512,6.515249508504104
d:35:1.7379515955262548e-05,3.2576342117582433,3.2576344706184313,6.51525130286072
d:36:2.0165583840103807e-05,3.257634212154889,3.2576344698648514,6.515248516435901
d:37:1.8976967878003848e-05,3.2576342123940343,3.2576344700756046,6.515249705501761
d:38:2.0345177196290365e-05,3.257634212670933,3.2576344703250033,6.51524833781874
d:39:2.079809820898504e-05,3.2576342129100713,3.2576344705743945,6.515247885386257
d:40:1.908980059894816e-05,3.2576342131594513,3.2576344707851415,6.515249594143993
d:41:1.995176301328172e-05,3.257634213421834,3.2576344710161664,6.515248732674987
d:42:1.8819157523886076e-05,3.25763421368421,3.2576344712553107,6.515249865781997
d:43:1.96736525372998e-05,3.257634212810099,3.257634470501725,6.5152490096592865
d:44:1.9660175089697418e-05,3.257634213130183,3.2576344707327434,6.515249023687836
d:45:1.820310700217931e-05,3.257634213466225,3.257634470995131,6.515250481354354
d:46:1.9198728475444682e-05,3.257634213746412,3.2576344713311993,6.515249486349136
d:47:2.0800714548130372e-05,3.257634212515001,3.2576344715703374,6.51524788337079
d:48:2.103909822714911e-05,3.2576342127511917,3.257634471832719,6.515247645485683
d:49:2.0442656104791013e-05,3.2576342129828437,3.2576344721687813,6.51524824249552
d:50:1.9534939379894922e-05,3.2576342133617,3.257634472407913,6.515249150830233
d:51:1.880271940279954e-05,3.257634213599127,3.2576344714520205,6.515249882331744
d:52:1.7697362136637196e-05,3.257634213836548,3.2576344717143955,6.515250988188806
d:53:1.7930934617105265e-05,3.257634214047339,3.2576344720932426,6.515250755205964
d:54:1.754796899433586e-05,3.257634214443983,3.2576344708618294,6.5152511373368185
d:55:1.7072918658378455e-05,3.257634213690428,3.2576344710878,6.515251611859569
d:56:1.6658029627691917e-05,3.2576342128163134,3.257634471326926,6.515252026113611
d:57:1.8131198144644145e-05,3.2576342130473304,3.2576344703197955,6.515250552168981
d:58:1.6716703797214905e-05,3.257634212074956,3.2576344705305393,6.515251965901698
d:59:1.5310879235563846e-05,3.257634211321394,3.2576344708107356,6.515253371252894
d:60:1.5201434408140813e-05,3.2576342100899787,3.257634469803598,6.515253478459169
d:61:1.6051276555906213e-05,3.2576342093364095,3.2576344700125426,6.515252628072396
d:62:1.445845859127104e-05,3.2576342085828323,3.257634470238509,6.51525422036275
d:63:1.4068364872166228e-05,3.257634207575707,3.257634470519684,6.515254609730519
d:64:1.5319111452249956e-05,3.257634207825087,3.257634470741625,6.51525335945526
d:65:1.2240027004395415e-05,3.257634208221727,3.2576344710617127,6.515256439256435
d:66:1.3345067094050478e-05,3.2576342084567393,3.2576344712979135,6.515255334687559
d:67:1.1753640718481506e-05,3.257634208835593,3.257634471519848,6.515256926714723
d:68:1.1670518484940828e-05,3.2576342079614733,3.2576344718399297,6.5152570092829185
d:69:1.175727302538121e-05,3.257634208210847,3.2576344721759907,6.515256923113812
d:70:1.2040431017545927e-05,3.257634208441861,3.257634472496974,6.515256640507817
d:71:1.0659907218268927e-05,3.257634208704236,3.257634472875819,6.515258021672837
d:72:1.0755256567129834e-05,3.25763420783011,3.257634471644402,6.515257924217945
d:73:1.0998382935056839e-05,3.2576342082089584,3.257634472041086,6.5152576818671095
d:74:1.0576865117073453e-05,3.257634207334824,3.2576344724377626,6.515258102907469
d:75:1.0051335669558625e-05,3.25763420765491,3.2576344714653986,6.51525862778464
d:76:9.270185913123896e-06,3.2576342079042786,3.25763447167434,6.515259409392705
d:77:9.385509430970274e-06,3.2576342081352863,3.257634471936716,6.515259294562571
d:78:8.719723922467892e-06,3.257634208344217,3.257634471183132,6.515259959803426
d:79:8.609573596274345e-06,3.2576342073883358,3.257634471422257,6.515260069236996
d:80:7.877640754827553e-06,3.2576342066347563,3.25763447170343,6.5152608006974315
d:81:8.455858220735024e-06,3.2576342070135986,3.257634471912366,6.515260223067744
d:82:7.619866399188879e-06,3.25763420733368,3.2576344711587755,6.515261058626057
d:83:8.05704860162848e-06,3.257634207569874,3.2576344704051774,6.515260620926449
d:84:7.953937068094774e-06,3.2576342078090184,3.2576344706311415,6.515260724503092
d:85:7.544759260902367e-06,3.2576342080892102,3.2576344709113374,6.515261134241286
d:86:7.107411495788085e-06,3.257634208320213,3.257634469938969,6.515261570847686
d:87:6.6225225197058535e-06,3.257634207364326,3.25763447031781,6.515262055159616
d:88:6.655376493469589e-06,3.2576342076017495,3.2576344705552605,6.515262022780517
d:89:7.136141268127005e-06,3.2576342066458546,3.2576344707914604,6.515261541296047
d:90:6.957469686597051e-06,3.2576342057717174,3.2576344710133944,6.515261719315426
d:91:6.9194019003404605e-06,3.257634204815815,3.2576344700410185,6.515261755454933
d:92:6.6999048140559125e-06,3.2576342050927214,3.2576344704198545,6.515261975607762
d:93:6.324215554798229e-06,3.2576342053277343,3.257634470645814,6.515262351757993
d:94:6.4673077941890256e-06,3.2576342056478116,3.2576344708820075,6.515262209222025
d:95:6.1817337426717245e-06,3.257634206026651,3.257634471218069,6.515262495510977
d:96:7.268308246821675e-06,3.2576342050195266,3.257634471449095,6.515261408160375
d:97:6.435333297361012e-06,3.2576342037881125,3.257634471659843,6.515262240114659
d:98:6.22851016007786e-06,3.257634204065013,3.2576344720565196,6.515262447611373
d:99:6.873440485222204e-06,3.257634204314381,3.2576344723367128,6.515261803210608
d:100:6.223517935666223e-06,3.2576342047110236,3.257634472672768,6.515262453865856
d:101:5.9295694194716475e-06,3.2576342049218208,3.25763447290444,6.515262748256841
d:102:6.1212328095194835e-06,3.2576342053006555,3.2576344731406284,6.515262557208475
d:103:5.833813244038311e-06,3.2576342055316574,3.257634473371648,6.515262845090062
d:104:5.785694504822914e-06,3.2576342057626504,3.257634472140233,6.515262892208378
d:105:5.22348125997496e-06,3.257634206043834,3.257634472371898,6.5152634549344715
d:106:6.165635493715627e-06,3.257634206269808,3.2576344726080806,6.515262513242394
d:107:6.14586499736447e-06,3.25763420650723,3.2576344728390945,6.515262533481327
d:108:5.606609838615384e-06,3.2576342069038677,3.257634473119283,6.515263073413312
d:109:5.836957006621901e-06,3.2576342071850446,3.2576344733994635,6.515262843627502
d:110:5.572852295188113e-06,3.2576342074619418,3.257634473608401,6.515263108218047
d:111:5.698540959997445e-06,3.2576342076708746,3.2576344738895764,6.5152629830194915
d:112:5.200810222483199e-06,3.257634206698508,3.2576344726581534,6.515263478546439
d:113:5.592674420462629e-06,3.257634205726133,3.2576344714267234,6.515263084478436
d:114:5.454145834526969e-06,3.2576342061227654,3.2576344716356544,6.515263223612585
d:115:5.597201097273796e-06,3.257634206501596,3.257634471898034,6.515263081198533
d:116:5.6964232379996815e-06,3.257634206737792,3.2576344722947077,6.515262982609262
d:117:5.301968959869896e-06,3.257634206972805,3.25763447253216,6.515263377536005
d:118:4.988840075270673e-06,3.2576342060169026,3.257634472758119,6.515263689934946
d:119:4.991346764349203e-06,3.257634205142764,3.257634472980054,6.515263686776054
d:120:5.11266822122991e-06,3.2576342043891877,3.257634473190802,6.515263564911768
d:121:5.076550285920689e-06,3.257634204626606,3.257634473440211,6.515263601516531
d:122:5.2440117279672904e-06,3.257634204857597,3.2576344736712213,6.51526343451709
d:123:5.331151656129407e-06,3.257634205092605,3.2576344739922143,6.515263347933163
d:124:5.729173197188686e-06,3.2576342042184594,3.2576344742232184,6.515262949268481
d:125:5.3973859444056416e-06,3.257634204457609,3.2576344744606645,6.515263281532329
d:126:5.741767937550435e-06,3.257634204793667,3.257634474710067,6.5152629377357965
d:127:5.554802317675467e-06,3.257634205015615,3.257634473737693,6.515263123950991
d:128:5.358726181015072e-06,3.257634205247283,3.257634474018865,6.515263320539967
d:129:5.406639160376869e-06,3.257634205483475,3.2576344742505308,6.515263273094845
d:130:5.226025606930307e-06,3.257634205718477,3.2576344744999264,6.515263454192796
d:131:5.853279046341697e-06,3.2576342060394734,3.2576344748965984,6.5152628276570255
d:132:5.1523356443539114e-06,3.2576342050323515,3.2576344736651652,6.515263526361872
d:133:5.720357316718605e-06,3.257634205258326,3.257634472433725,6.515262957334734
d:134:5.224881192589237e-06,3.257634204384176,3.257634471461344,6.515263450964328
d:135:6.3622104029548154e-06,3.2576342033770462,3.2576344717974024,6.515262312964046
d:136:5.110707935074288e-06,3.2576342037131,3.2576344720284025,6.5152635650335675
d:137:5.478832070693329e-06,3.2576342040340918,3.25763447225436,6.515263197456381
d:138:5.625009666943015e-06,3.257634204430724,3.2576344710229126,6.51526305044397
d:139:6.3275495119086145e-06,3.257634204750807,3.257634471419579,6.515262348620874
d:140:5.690873511987604e-06,3.257634205071792,3.257634470188124,6.515262984386404
d:141:5.9131993035421715e-06,3.2576342054078395,3.257634469181,6.515262761389536
d:142:5.6747215495533965e-06,3.2576342056452563,3.257634469406952,6.515263000330659
d:143:6.129053515380178e-06,3.2576342058844037,3.2576344696871353,6.515262546518024
d:144:5.410265433880568e-06,3.257634206165584,3.2576344700659794,6.51526326596613
d:145:5.797509145644142e-06,3.257634206442484,3.25763447030102,6.515262879234358
d:146:5.572214046623003e-06,3.2576342054353487,3.257634470540158,6.51526310376146
d:147:5.873803957889834e-06,3.2576342056670144,3.2576344708025387,6.515262802665595
d:148:5.792731026410536e-06,3.2576342058929857,3.2576344710827163,6.515262884244676
d:149:5.111572978222512e-06,3.2576342061731896,3.257634471318904,6.515263565919115
d:150:5.942399294411871e-06,3.257634206569817,3.257634471639002,6.515262735809525
d:151:6.102813726371892e-06,3.2576342069486515,3.257634471959093,6.515262576094019
d:152:5.590126884058577e-06,3.2576342071860642,3.257634472295149,6.515263089354329
d:153:5.686314268338322e-06,3.2576342073950015,3.25763447128802,6.515262992368753
d:154:5.792746351929168e-06,3.2576342076718965,3.2576344715242023,6.515262886449747
d:155:5.750057153974808e-06,3.2576342080079415,3.2576344705518188,6.515262928502606
d:156:5.471757980046732e-06,3.257634208404564,3.257634470777768,6.515263207424352
d:157:5.352778432943239e-06,3.2576342086419703,3.257634471113817,6.5152633269773546
d:158:5.069112060773762e-06,3.2576342076696,3.257634471510482,6.515263610068021
d:159:5.76655718553809e-06,3.2576342080662157,3.257634471736425,6.515262913245455
d:160:5.399240721182252e-06,3.257634208347394,3.257634472017599,6.515263281124272
d:161:5.176201655743284e-06,3.2576342085563263,3.257634472294545,6.515263504649216
d:162:5.368201044575471e-06,3.257634208876409,3.257634472614632,6.515263313289996
d:163:5.153481480668631e-06,3.2576342090872172,3.2576344728463,6.515263528452036
d:164:5.645649858720958e-06,3.2576342093683888,3.257634473057053,6.515263036775583
d:165:5.1104304468196915e-06,3.2576342096033937,3.2576344720846646,6.515263571257611
d:166:5.745528776301967e-06,3.2576342098141957,3.2576344723616053,6.515262936647025
d:167:5.488629776451148e-06,3.25763421002499,3.257634472740449,6.515263194135663
d:168:5.399656162197175e-06,3.2576342102357776,3.257634472975489,6.515263283555104
d:169:5.064434062340695e-06,3.257634209482207,3.257634473252423,6.515263618300568
d:170:5.413431519052381e-06,3.2576342097184035,3.2576344734834257,6.51526326977031
d:171:4.912458248185203e-06,3.257634209980802,3.2576344737144214,6.515263771236976
d:172:5.529026775974444e-06,3.2576342102067732,3.2576344727420268,6.5152631539220245
d:173:5.031822317036472e-06,3.2576342106033866,3.257634471734896,6.515263650515966
d:174:5.687928164910261e-06,3.257634210839577,3.257634470727757,6.515262993639169
d:175:5.58197265299043e-06,3.257634211070577,3.257634471008929,6.5152631001068535
d:176:5.594391430108203e-06,3.2576342113067605,3.2576344712583314,6.515263088173661
d:177:5.436479272091788e-06,3.2576342115417614,3.2576344714893217,6.515263246551811
d:178:5.82889976197265e-06,3.257634211818656,3.2576344718859853,6.515262854804879
d:179:5.572405677334302e-06,3.2576342120810495,3.2576344721234403,6.515263111798812
d:180:4.931426499155123e-06,3.257634212303006,3.2576344725200963,6.515263753396603
d:181:5.503453782473855e-06,3.257634212681842,3.257634472755133,6.515263181983193
d:182:5.469763020293783e-06,3.2576342129078086,3.2576344729913154,6.515263216136104
d:183:5.150645131735132e-06,3.2576342132278895,3.2576344733123177,6.515263535895075
d:184:5.3383422242703205e-06,3.2576342134628846,3.2576344735892486,6.515263348709909
d:185:5.7928638650395214e-06,3.2576342136938803,3.2576344737981926,6.515262894628208
d:186:5.916963240260031e-06,3.257634212686749,3.2576344730446154,6.515262768768124
d:187:5.822992104498326e-06,3.257634212897534,3.257634473307001,6.515262863212431
d:188:5.451765261454966e-06,3.2576342118903954,3.2576344736858434,6.515263233810977
d:189:6.308633097695804e-06,3.257634210883248,3.2576344739249867,6.515262376175137
d:190:5.6333569089517255e-06,3.257634211092182,3.257634474245074,6.515263051980347
d:191:6.9139348619629e-06,3.257634211341569,3.2576344745219994,6.5152617719287065
d:192:6.498532949095193e-06,3.257634211618461,3.2576344735661373,6.515262186651649
d:193:6.684959043212757e-06,3.257634211850133,3.2576344738052745,6.515262000696364
d:194:6.961530823801354e-06,3.2576342109759913,3.257634474042726,6.515261723487893
d:195:5.64410099990198e-06,3.257634211257165,3.2576344742686714,6.515263041424836
d:196:6.565280505022031e-06,3.257634211483128,3.257634473515089,6.515262119717712
d:197:5.799166299169656e-06,3.2576342118032056,3.2576344738939267,6.515262886530833
d:198:5.7927029581961165e-06,3.257634210847317,3.257634474156308,6.515262892300666
d:199:6.426269534287599e-06,3.2576342096159228,3.2576344743954384,6.515262257741827
d:200:5.864955888057466e-06,3.257634209826705,3.257634474716438,6.515262819587255
d:201:5.656375998697172e-06,3.257634210205539,3.2576344749383903,6.515263028767931
d:202:5.811382703058143e-06,3.257634210486707,3.2576344751700623,6.515262874274066
d:203:5.757041722453948e-06,3.2576342107258647,3.257634475548894,6.515262929233036
d:204:5.3779087920702295e-06,3.25763421093664,3.257634475786341,6.515263308814189
d:205:5.464026214596629e-06,3.257634211213527,3.257634475995284,6.515263223182597
d:206:4.9901166869759095e-06,3.257634210257633,3.257634476316279,6.515263696457224
d:207:5.4867939631719764e-06,3.2576342105387948,3.2576344765252148,6.515263200270047
d:208:5.270251944189397e-06,3.2576342107647545,3.2576344756511455,6.515263416163956
d:209:5.405909167421896e-06,3.25763421100094,3.2576344758828117,6.515263280974585
d:210:5.625965873612415e-06,3.2576342113975567,3.257634476120254,6.515263061551937
d:211:5.6254310978332e-06,3.2576342116325527,3.257634476357688,6.515263062559143
d:212:5.666396364567561e-06,3.2576342119686075,3.2576344754018236,6.515263020974067
d:213:5.680882421366107e-06,3.2576342121945596,3.2576344744459518,6.51526300575809
d:214:5.115504360553302e-06,3.2576342113204166,3.2576344747669417,6.515263570582998
d:215:4.813666168779207e-06,3.257634211600632,3.2576344740133565,6.51526387194782
d:216:5.747830555513644e-06,3.257634211826579,3.2576344742483956,6.515262938244419
d:217:5.568561312507825e-06,3.2576342108706795,3.2576344744875243,6.515263116796891
d:218:4.746062286287156e-06,3.257634211206728,3.257634474713468,6.51526393985791
d:219:5.48674793066084e-06,3.2576342099753304,3.2576344751101294,6.515263198337529
d:220:5.421864858412562e-06,3.257634210295408,3.257634474102995,6.515263262533545
d:221:5.842836181102484e-06,3.2576342105345635,3.2576344731306057,6.5152628408289885
d:222:5.4764545200924886e-06,3.257634210773711,3.257634473352557,6.515263207671747
d:223:5.1404658449882845e-06,3.25763421100471,3.2576344735842206,6.515263544123085
d:224:5.464191276338681e-06,3.2576342112136465,3.2576344726283435,6.515263219650714
d:225:5.47242663007097e-06,3.2576342116102603,3.2576344729085362,6.515263212092166
d:226:5.515065589989376e-06,3.257634211841934,3.257634473185465,6.515263169961809
d:227:5.645982160906726e-06,3.2576342121779778,3.2576344719540247,6.5152630381498415
d:228:5.48330417782239e-06,3.2576342124096453,3.2576344721759694,6.515263201281437
d:229:5.805854032203683e-06,3.2576342126406392,3.2576344709445215,6.5152628777311286
d:230:5.760819276723339e-06,3.2576342116334955,3.257634470070451,6.51526292088467
d:231:5.840462928397017e-06,3.257634211864482,3.257634469098057,6.51526284049961
d:232:5.745308539140126e-06,3.2576342121036252,3.2576344693088233,6.51526293610391
d:233:5.386163696385893e-06,3.2576342123838384,3.2576344695404815,6.515263295760624
d:234:5.317507232760477e-06,3.2576342125927704,3.2576344698206694,6.5152633649062075
d:235:5.783687095473056e-06,3.257634212801695,3.257634470052321,6.51526289916692
d:236:4.7725637690732015e-06,3.257634213051089,3.2576344703335036,6.515263910820823
d:237:5.768538098749332e-06,3.2576342132730542,3.2576344705696947,6.51526291530465
d:238:5.302511334015492e-06,3.257634213512192,3.257634470819108,6.515263381819966
d:239:5.444434591161951e-06,3.2576342137381378,3.2576344711002827,6.515263240403829
d:240:5.148769691487587e-06,3.257634214059146,3.2576344714212726,6.5152635367107266
d:241:5.453327958981902e-06,3.257634214298277,3.2576344701898208,6.515263231160138
d:242:5.609139868134605e-06,3.2576342132911287,3.25763446895836,6.515263073109621
d:243:5.710695112348674e-06,3.257634212416985,3.2576344692784565,6.515262971000329
d:244:5.318233732509725e-06,3.2576342126971936,3.2576344696572934,6.515263364120754
d:245:5.381807746118739e-06,3.2576342119436363,3.257634469938463,6.515263300074354
d:246:5.599428342328849e-06,3.257634210987737,3.257634470258553,6.515263081817948
d:247:5.68066184492011e-06,3.257634211225163,3.2576344704693154,6.515263001032634
d:248:5.378206883399628e-06,3.2576342114471246,3.2576344707903,6.515263304030541
d:249:6.456140119404097e-06,3.257634211724018,3.257634469558833,6.515262225142732
d:250:5.871270781554472e-06,3.2576342120600605,3.257634469955496,6.515262810744775
d:251:5.8336340167386425e-06,3.257634212341228,3.2576344702178854,6.515262848925097
d:252:5.685430062740693e-06,3.25763421255015,3.2576344705967175,6.515262997716805
d:253:5.647623548377112e-06,3.25763421278757,3.2576344696408404,6.515263034804862
d:254:5.807990579143052e-06,3.257634213184185,3.257634468668445,6.515262873862051
d:255:5.796836043181486e-06,3.2576342134191867,3.2576344689885293,6.515262885571673
d:256:5.1592028551539215e-06,3.2576342136685783,3.2576344692509127,6.515263523716635
d:257:5.176183120347844e-06,3.257634213890534,3.2576344694825625,6.515263507189976
d:258:5.081923446503822e-06,3.2576342142871435,3.257634469714206,6.515263602077903
d:259:5.466463577796787e-06,3.2576342145181303,3.2576344700502795,6.515263218104832
d:260:5.737761181734413e-06,3.2576342147289155,3.257634470276228,6.515262947243961
d:261:5.458648503875452e-06,3.2576342149548605,3.2576344705078646,6.515263226814222
d:262:5.397794949679735e-06,3.2576342139477097,3.257634470784796,6.515263286937556
d:263:6.142241823603456e-06,3.257634214344313,3.2576344710198413,6.51526254312233
d:264:5.205774150418563e-06,3.2576342147231583,3.2576344697883703,6.515263478737379
d:265:5.684092728053258e-06,3.25763421494511,3.2576344700103195,6.515263000862702
d:266:5.000382581776819e-06,3.2576342151710485,3.257634470346386,6.515263685134853
d:267:5.350403322168518e-06,3.257634214163891,3.2576344705814257,6.515263334341995
d:268:5.637303373440261e-06,3.257634214483976,3.257634470843805,6.515263048024408
d:269:5.393240768647445e-06,3.2576342146947552,3.2576344710748146,6.515263292528801
d:270:5.377507019233008e-06,3.257634214932173,3.257634471453644,6.515263308878797
d:271:5.012411538274364e-06,3.2576342140580294,3.2576344716846477,6.515263673331139
d:272:5.022830979584114e-06,3.2576342142942267,3.25763447081058,6.515263662273828
d:273:5.160594591657741e-06,3.25763421452016,3.257634471090772,6.515263525016341
d:274:5.232898758755766e-06,3.257634214756351,3.2576344714874343,6.515263453345026
d:275:5.993317083508032e-06,3.2576342149937623,3.257634471866259,6.515262693542938
d:276:5.741132515169056e-06,3.2576342153298055,3.2576344721863424,6.515262946383633
d:277:5.501551728848142e-06,3.25763421435746,3.2576344724357598,6.5152631852414915
d:278:6.130369559542714e-06,3.2576342136039043,3.257634472657704,6.515262555892049
d:279:5.7487705262815325e-06,3.2576342138146797,3.2576344728684696,6.515262937912623
d:280:5.31065059750091e-06,3.2576342128587816,3.2576344731001043,6.5152633753082885
d:281:5.120360215826736e-06,3.257634213090457,3.2576344720929793,6.51526356482322
d:282:5.309709114165173e-06,3.257634213339849,3.257634472301929,6.515263375932664
d:283:5.864411118494672e-06,3.2576342137186933,3.2576344715483545,6.515262820855929
d:284:5.415893250315662e-06,3.2576342127463414,3.257634471825286,6.5152632686783765
d:285:6.141785587665538e-06,3.2576342129552662,3.257634472056914,6.5152625432265925
d:286:6.16093895366987e-06,3.257634213351868,3.2576344723371036,6.5152625247500175
d:287:6.35374971746927e-06,3.257634213633039,3.2576344726172852,6.515262332500607
d:288:5.635182473540112e-06,3.2576342127588918,3.257634472897459,6.515263050473877
d:289:5.85313798051601e-06,3.257634213078975,3.2576344721438786,6.515262832084873
d:290:6.207701724214587e-06,3.257634213415015,3.257634472406257,6.515262478119548
d:291:5.530403456077693e-06,3.257634212407856,3.2576344726454005,6.5152631546498005
d:292:6.368571478176932e-06,3.2576342114006893,3.2576344730242215,6.515262315853432
d:293:6.745916237171912e-06,3.257634211720766,3.257634473234983,6.515261939039513
d:294:6.262513987387308e-06,3.257634212000982,3.257634473571051,6.515262423058046
d:295:5.769223948348667e-06,3.2576342109938077,3.257634473892043,6.515262915661902
d:296:6.859137013925931e-06,3.257634210240249,3.2576344741236674,6.515261825226903
d:297:6.211911760978239e-06,3.257634210476439,3.2576344731512754,6.515262471715953
d:298:5.761320798214342e-06,3.257634210687212,3.2576344733822786,6.5152629227486925
d:299:5.99914009669078e-06,3.257634209933646,3.257634473659206,6.515262684452756
d:300:5.484951909551228e-06,3.2576342102537166,3.2576344738902026,6.51526319919201
d:301:6.440090414727706e-06,3.257634210534884,3.2576344741218213,6.515262244566291
d:302:5.927101113023525e-06,3.25763420956253,3.2576344745006383,6.515262756962055
d:303:5.518356081424258e-06,3.2576342097884647,3.2576344747368418,6.515263166169225
d:304:5.181900465167644e-06,3.2576342099992326,3.2576344749587864,6.515263503057554
d:305:5.454045825636911e-06,3.2576342103780753,3.2576344751847417,6.515263231516991
d:306:5.46579575910755e-06,3.2576342095039257,3.2576344753936923,6.515263219101859
d:307:4.959202057008838e-06,3.257634208531564,3.2576344756748727,6.515263725004379
d:308:5.185726339007601e-06,3.2576342087423256,3.2576344759140134,6.5152634989300005
d:309:6.0766524896394e-06,3.25763420900475,3.2576344761951876,6.515262608547448
d:310:5.10847578638618e-06,3.2576342081305936,3.2576344764753613,6.5152635761301685
d:311:4.803672772446532e-06,3.2576342084506607,3.2576344767522847,6.515263881530173
d:312:5.778935890710102e-06,3.257634208659585,3.2576344770146624,6.515262906738356
d:313:5.48521075760533e-06,3.2576342088905808,3.2576344772366026,6.515263200916426
d:314:5.850651426442255e-06,3.2576342091013366,3.2576344762807343,6.5152628347306445
d:315:5.3155975434648894e-06,3.2576342093637556,3.2576344766017242,6.515263370367936
d:316:5.689353946181086e-06,3.257634209572674,3.25763447683677,6.515262997055498
d:317:5.203798489006317e-06,3.257634208698511,3.2576344771169383,6.515263482016961
d:318:5.4590812261778865e-06,3.257634208909261,3.257634477437921,6.515263227265956
d:319:5.001238568169697e-06,3.2576342091904253,3.2576344777739896,6.515263685725847
d:320:5.8939367404420295e-06,3.2576342094254382,3.2576344780509086,6.515262793539606
d:321:5.933638036026423e-06,3.2576342084695438,3.2576344783709983,6.5152627532025065
d:322:5.285806062182985e-06,3.257634208678456,3.257634477617419,6.515263400489813
d:323:5.937023013657949e-06,3.257634208959615,3.25763447789859,6.515262749835191
d:324:5.703451957828065e-06,3.2576342079872505,3.2576344781360502,6.515262982671343
d:325:6.217433591970689e-06,3.2576342083232936,3.2576344785327214,6.515262469422423
d:326:5.8702540677302295e-06,3.2576342087199,3.257634478813885,6.515262817279718
d:327:5.415743890679892e-06,3.2576342091165,3.2576344791499485,6.515263272522558
d:328:5.738334806437706e-06,3.257634209348182,3.2576344794860046,6.51526295049938
d:329:5.831909158260373e-06,3.257634209628401,3.257634479806983,6.515262857526226
d:330:5.708271787696617e-06,3.257634208621228,3.2576344800420265,6.5152629803914675
d:331:6.122629053528783e-06,3.2576342088431915,3.2576344788105662,6.515262565024704
d:332:5.4934938358286445e-06,3.257634209074186,3.257634478056983,6.515263193637333
d:333:5.1284329396494854e-06,3.257634209284932,3.2576344782677484,6.515263559119741
d:334:5.723809976210248e-06,3.257634209516609,3.257634478476699,6.515262964183331
d:335:5.753621444171131e-06,3.2576342097482778,3.257634478702656,6.51526293482949
d:336:5.948840661851307e-06,3.2576342100294324,3.2576344789286047,6.515262740117375
d:337:5.606294242177512e-06,3.2576342103063447,3.257634479150545,6.5152630831626475
d:338:6.054633966634526e-06,3.2576342105865588,3.2576344795472116,6.515262635499804
d:339:5.377083007296335e-06,3.2576342108489778,3.2576344797834182,6.515263313549389
d:340:5.391700841350655e-06,3.257634211098379,3.2576344801194703,6.5152632995170086
d:341:5.5964333327551685e-06,3.257634211379528,3.257634480355671,6.515263095301867
d:342:5.210840853919763e-06,3.2576342116145405,3.2576344793998024,6.515263480173489
d:343:5.584155290172532e-06,3.2576342118455304,3.257634479638946,6.515263107329186
d:344:5.604421538407678e-06,3.257634212122437,3.257634479920108,6.5152630876210065
d:345:5.576889305025645e-06,3.2576342123483766,3.257634478688643,6.515263114147714
d:346:6.185152364501789e-06,3.257634212574309,3.2576344774571697,6.515262504879114
d:347:6.123427707116491e-06,3.2576342128367233,3.257634476225689,6.515262565634705
d:348:5.586754897812796e-06,3.2576342130677065,3.2576344764751206,6.515263102787929
d:349:6.2039758992327165e-06,3.257634211836336,3.2576344767245438,6.515262484584981
d:350:5.591884708167072e-06,3.257634212067313,3.257634476986926,6.51526309716953
d:351:5.738563743307168e-06,3.257634211060138,3.2576344762333393,6.515262948729735
d:352:5.8128709490290476e-06,3.2576342113811716,3.2576344764422878,6.51526287495251
d:353:5.467463419783769e-06,3.2576342116623165,3.257634476691705,6.515263220890602
d:354:5.60136565930236e-06,3.2576342119833432,3.2576344769686263,6.515263087586311
d:355:5.132288803721963e-06,3.257634212232742,3.257634477200254,6.515263557144192
d:356:6.2394290285539e-06,3.25763421247017,3.2576344774262016,6.515262450467343
d:357:5.393953867560697e-06,3.2576342126921336,3.2576344776369672,6.515263296375234
d:358:6.110186797414485e-06,3.25763421171977,3.2576344778761075,6.515262579409081
d:359:5.383816210624559e-06,3.2576342119507418,3.2576344769202366,6.515263305054768
d:360:5.078920612078264e-06,3.257634212213152,3.2576344772990637,6.515263610591603
d:361:5.526545852063691e-06,3.2576342125920044,3.25763447756144,6.515263163607592
d:362:5.489700702021594e-06,3.2576342115848247,3.2576344778974917,6.515263199781614
d:363:5.996393685592238e-06,3.25763421196367,3.257634478294158,6.515262693864143
d:364:5.017755766445475e-06,3.257634212243885,3.2576344785565285,6.515263673044647
d:365:5.990115211851332e-06,3.2576342110125105,3.257634477549419,6.515262698446718
d:366:4.822989737363059e-06,3.2576342100053237,3.2576344767958285,6.515263863811414
d:367:5.789557387281263e-06,3.2576342102142424,3.2576344771318735,6.515262897788729
d:368:4.821604504989807e-06,3.257634210453404,3.2576344763782763,6.515263865227175
d:369:5.263215058448623e-06,3.257634210664153,3.257634476757098,6.515263424206193
d:370:4.8104414904770465e-06,3.2576342108951213,3.2576344769678602,6.515263877421491
d:371:5.232570483570953e-06,3.257634211121054,3.2576344772888444,6.515263455839415
d:372:5.756246331145576e-06,3.2576342102468976,3.257634477527982,6.515262931528548
d:373:5.0306739574068615e-06,3.257634209493345,3.2576344765721053,6.515263655391493
d:374:5.0196087961751346e-06,3.2576342085209773,3.2576344753406232,6.515263664252805
d:375:5.0936936322187876e-06,3.2576342087317216,3.2576344756616016,6.515263590699691
d:376:5.907182988096338e-06,3.2576342089708774,3.2576344760582647,6.515262777846154
d:377:5.5826080451737425e-06,3.2576342092202752,3.2576344750858874,6.5152631016981175
d:378:6.112971155936009e-06,3.257634209457702,3.2576344752966437,6.5152625717831905
d:379:5.623441786006822e-06,3.2576342096836295,3.2576344756176154,6.515263061859459
d:380:5.989230186465022e-06,3.257634209922779,3.257634475953657,6.515262696646249
d:381:5.432931846627298e-06,3.25763421024286,3.257634476179604,6.515263253490618
d:382:5.730412658166983e-06,3.2576342104687805,3.25763447640155,6.515262956457672
d:383:5.912662353502185e-06,3.257634210703798,3.257634476737585,6.515262774779029
d:384:6.555134236307936e-06,3.2576342109429413,3.257634476976718,6.515262132785423
d:385:5.730578814144849e-06,3.2576342111746177,3.257634477215844,6.515262957811648
d:386:6.062551793917237e-06,3.2576342114557653,3.2576344775946646,6.515262626498636
d:387:5.886018803025195e-06,3.2576342116816805,3.2576344779734776,6.515262803636356
d:388:6.426212980414903e-06,3.2576342120782904,3.257634477001095,6.515262262866405
d:389:5.712052638884302e-06,3.257634212300256,3.2576344772373007,6.515262977484918
d:390:7.060845468309651e-06,3.2576342125261646,3.2576344762301903,6.515261627910887
d:391:6.432588433469277e-06,3.2576342128063795,3.2576344765113583,6.515262256729304
d:392:6.393162693463239e-06,3.257634213017121,3.2576344767925196,6.515262296646948
d:393:5.381242555557719e-06,3.2576342133531773,3.2576344771891805,6.515263309299803
d:394:6.0255782212692566e-06,3.2576342135893883,3.2576344773981343,6.515262665409301
d:395:5.943126619278871e-06,3.2576342125822015,3.2576344776070805,6.515262747062663
d:396:5.8554890127737735e-06,3.257634212859116,3.2576344778387134,6.515262835208817
d:397:5.561970956691198e-06,3.2576342132379645,3.257634478074914,6.515263129341921
d:398:5.733158985776754e-06,3.25763421223077,3.257634478296857,6.515262957368641
d:399:5.902756667452991e-06,3.2576342124669755,3.257634478573784,6.515262788284092
d:400:6.24726620479521e-06,3.257634212788008,3.257634478836158,6.515262444357962
d:401:6.056454362912689e-06,3.2576342130504226,3.257634479172191,6.515262635768251
d:402:5.8296945901759045e-06,3.2576342132723846,3.2576344794216157,6.5152628629994105
d:403:5.551783843316116e-06,3.257634212265183,3.2576344798182726,6.515263140299613
d:404:5.560312526853295e-06,3.257634211257975,3.2576344800492927,6.515263130994741
d:405:5.971154974027115e-06,3.257634211654583,3.2576344804281034,6.515262720927713
d:406:5.385486828046737e-06,3.2576342104232117,3.2576344806904722,6.515263305626856
d:407:5.762298230571616e-06,3.2576342096696598,3.2576344809164195,6.515262928287849
d:408:5.4223654606389005e-06,3.2576342100662616,3.2576344811933424,6.515263268894143
d:409:5.5191539205523554e-06,3.2576342103474087,3.257634479961862,6.51526317115535
d:410:5.57539369694382e-06,3.257634210583609,3.257634480282835,6.515263115472747
d:411:5.264035696228575e-06,3.257634210860521,3.2576344805144637,6.515263427339288
d:412:5.0798011903552265e-06,3.2576342110921974,3.2576344807252235,6.515263612016231
d:413:4.333108297061017e-06,3.2576342098608198,3.257634480956238,6.515264357708761
d:414:5.818957061975993e-06,3.257634210239666,3.2576344812373996,6.515262872520004
d:415:5.078366549504665e-06,3.257634210519881,3.257634480230286,6.515263612383618
d:416:5.228417085056947e-06,3.2576342096457296,3.2576344804522273,6.515263461680871
d:417:5.525876858314405e-06,3.257634209883161,3.257634480687289,6.515263164693591
d:418:5.6418751661624356e-06,3.25763421011818,3.2576344809132323,6.515263049156246
d:419:5.581872633442231e-06,3.25763421034014,3.2576344801596404,6.515263108627147
d:420:4.882293590746656e-06,3.25763421071898,3.2576344804365593,6.515263808861948
d:421:5.981538893529148e-06,3.2576342109564047,3.257634480647314,6.5152627100648255
d:422:5.8867022065811625e-06,3.257634211182315,3.257634480886444,6.515262805366552
d:423:5.393701720812771e-06,3.2576342113912427,3.2576344811083793,6.515263298797901
d:424:5.293240314507841e-06,3.257634211622916,3.2576344801525092,6.515263398535111
d:425:5.2974495154956e-06,3.257634211903126,3.2576344789210254,6.515263393374636
d:426:5.366893685021523e-06,3.2576342110289698,3.257634479299835,6.51526332343512
d:427:5.2302241551061e-06,3.257634210275416,3.257634479537318,6.515263459588579
d:428:5.672067985962315e-06,3.257634210514564,3.257634479746267,6.515263018192845
d:429:5.401012519890003e-06,3.257634210794769,3.2576344789926703,6.51526328877492
d:430:5.536875388401086e-06,3.2576342111158034,3.257634478036794,6.515263152277209
d:431:6.114853514205265e-06,3.257634211396949,3.2576344783169886,6.515262574860424
d:432:5.195849542616315e-06,3.257634211717977,3.257634478695793,6.515263494564227
d:433:5.621736699268354e-06,3.2576342107107674,3.2576344789319975,6.515263067906066
d:434:5.918797739035142e-06,3.257634210946968,3.257634479168195,6.515262771317423
d:435:5.909775051549104e-06,3.2576342112271663,3.257634478195817,6.515262779647932
d:436:5.901627801563336e-06,3.2576342103530047,3.25763447840476,6.515262787129963
d:437:5.30195340608941e-06,3.257634210590427,3.2576344787835585,6.515263387420579
d:438:5.6438709341577464e-06,3.2576342109114487,3.2576344790145737,6.515263046055089
d:439:5.687017085698187e-06,3.2576342111373564,3.2576344793506107,6.515263003470881
d:440:5.682294960784873e-06,3.2576342113462817,3.2576344796275274,6.515263008678848
d:441:5.305914227093922e-06,3.2576342116087003,3.2576344786204148,6.515263384314888
d:442:5.837952326892548e-06,3.2576342120053043,3.2576344788311684,6.515262852884146
d:443:5.4100994475447806e-06,3.257634210773927,3.257634479151286,6.515263279825765
d:444:5.503533792250437e-06,3.257634209801571,3.257634478277259,6.515263184545038
d:445:5.118226260591996e-06,3.257634210033243,3.25763447855745,6.515263570364432
d:446:6.257833322642625e-06,3.257634210268263,3.257634478838613,6.515262431273554
d:447:5.445181383123554e-06,3.2576342106043277,3.2576344790645573,6.515263244487501
d:448:5.5734375798977e-06,3.257634210925345,3.2576344780574376,6.515263115545203
d:449:6.097135312188584e-06,3.2576342100511786,3.2576344783934705,6.515262591309337
d:450:5.81140778255218e-06,3.2576342090953117,3.2576344786285345,6.515262876316064
d:451:5.7444420491492565e-06,3.25763420943137,3.257634478877966,6.515262943867286
d:452:5.324268275153088e-06,3.257634208475495,3.25763447927463,6.51526336348185
d:453:5.532959777454494e-06,3.2576342088115466,3.2576344795370042,6.515263155388773
d:454:5.7512274214133186e-06,3.2576342090222985,3.2576344798571184,6.515262937651995
d:455:5.081924348004918e-06,3.2576342092717123,3.257634480235915,6.515263607583279
d:456:5.285718009950813e-06,3.257634209552858,3.2576344804618547,6.515263404296703
d:457:5.544256348244403e-06,3.2576342098022644,3.257634480698051,6.515263146243967
d:458:5.5455498664258585e-06,3.2576342100384648,3.257634480937184,6.5152631454257826
d:459:6.222747026107811e-06,3.257634210315383,3.25763448117467,6.5152624687430265
d:460:5.0652582856969275e-06,3.2576342093430233,3.2576344814121487,6.515263625496886
d:461:5.810032227770989e-06,3.2576342097218687,3.257634480658553,6.515262880348194
d:462:5.551637941358933e-06,3.257634209947776,3.2576344796861743,6.515263137996009
d:463:6.008090997156046e-06,3.257634210186928,3.2576344798951182,6.515262681991048
d:464:5.143650845695902e-06,3.257634209231048,3.257634480130178,6.515263545710381
d:465:5.648385335454975e-06,3.257634208477497,3.2576344803521184,6.51526304044428
d:466:5.67751370894598e-06,3.2576342075051308,3.257634479598517,6.515263009589939
d:467:5.473345868090007e-06,3.2576342079017344,3.257634479847945,6.515263214403811
d:468:5.217939755830514e-06,3.257634208127637,3.2576344789739173,6.515263469161798
d:469:5.735803942918949e-06,3.2576342083496033,3.2576344792130456,6.515262951758706
d:470:5.909351104449456e-06,3.257634208630746,3.2576344794219843,6.515262778701626
d:471:4.795935948820329e-06,3.257634208865766,3.257634479698903,6.51526389262872
d:472:5.515720130411239e-06,3.257634209142681,3.257634478945295,6.515263172367845
d:473:4.940448212309434e-06,3.257634209380106,3.2576344791763123,6.515263748108206
d:474:5.868669870956467e-06,3.257634209661243,3.2576344794154353,6.515262820406807
d:475:5.420538068179326e-06,3.2576342099003908,3.2576344796261902,6.515263268988512
d:476:5.524167407067182e-06,3.2576342102969904,3.257634478394712,6.5152631645242955
d:477:5.283773105269063e-06,3.2576342105320046,3.257634478714826,6.515263405473726
d:478:5.1851176019468426e-06,3.2576342093006287,3.2576344789407647,6.5152635031237915
d:479:5.790199121946671e-06,3.2576342085470733,3.2576344792767995,6.515262897624751
d:480:5.844758616646573e-06,3.2576342087560026,3.2576344795118564,6.515262843509243
d:481:5.8228306425434084e-06,3.257634208991011,3.257634479788771,6.51526286594914
d:482:6.185667392522021e-06,3.257634209271216,3.257634479997706,6.515262503601529
d:483:6.7480387624385685e-06,3.2576342095336397,3.2576344802368236,6.515261941731701
d:484:6.518810575784073e-06,3.257634209772783,3.257634479362791,6.515262170324998
d:485:5.800455539883842e-06,3.2576342100529816,3.2576344796828995,6.515262889280342
d:486:5.971866033682716e-06,3.2576342090971,3.257634479963096,6.515262717194163
d:487:5.585566189125757e-06,3.257634209333301,3.257634478955979,6.5152631027230905
d:488:5.594355570792686e-06,3.2576342096134927,3.2576344779835997,6.515263093241522
d:489:6.410426754754894e-06,3.2576342086062917,3.2576344770112127,6.51526227519075
d:490:5.631164721187076e-06,3.2576342088437142,3.2576344757797298,6.515263053458723
d:491:6.374152089705376e-06,3.257634207836505,3.2576344748238624,6.5152623085082775
d:492:5.4235004833813605e-06,3.2576342080739207,3.257634475105031,6.515263259678468
d:493:5.656368716522309e-06,3.2576342083113285,3.257634474149156,6.515263026091768
d:494:5.545868305922852e-06,3.2576342085915155,3.2576344744851866,6.515263137208396
d:495:5.579114892739767e-06,3.2576342088684296,3.2576344736111498,6.515263103364687
d:496:5.302923538508253e-06,3.2576342081148706,3.257634473891341,6.515263379082674
d:497:5.449885306596514e-06,3.2576342083642817,3.2576344741172787,6.515263232596253
d:498:5.357788227300375e-06,3.2576342086016843,3.25763447449608,6.515263325309537
d:499:5.55751778286151e-06,3.257634208864105,3.2576344735401985,6.515263124886521
d:500:4.859226904407876e-06,3.257634209073033,3.2576344738025793,6.515263823648708
d:501:5.306424331941173e-06,3.2576342093080397,3.2576344740115117,6.515263376895219
d:502:5.4513531493327605e-06,3.257634209629065,3.2576344744081833,6.5152632326841
d:503:5.729599106274463e-06,3.2576342098784705,3.257634474688369,6.515262954967733
d:504:5.145170513642938e-06,3.2576342101994893,3.257634473681249,6.515263538710224
d:505:5.468943879094468e-06,3.2576342105205014,3.257634474002243,6.515263215578866
d:506:4.923142651769297e-06,3.2576342107578986,3.257634474251675,6.515263761866922
d:507:5.28191807092071e-06,3.257634211093959,3.2576344745877033,6.5152634037635915
d:508:5.709646043960959e-06,3.257634210086746,3.2576344736153136,6.515262974056015
d:509:5.2497882530033735e-06,3.2576342090795265,3.2576344738242407,6.515263433115514
d:510:5.278613822490286e-06,3.257634209290288,3.2576344741011565,6.515263404777622
d:511:5.744528780660119e-06,3.2576342083179264,3.257634474323103,6.515262938112248
d:512:5.139514227536779e-06,3.2576342087145296,3.2576344746432118,6.515263543843513
d:513:5.902555193948444e-06,3.2576342090346415,3.2576344748521326,6.51526278133158
d:514:5.4551432659977195e-06,3.2576342092566146,3.2576344750831554,6.515263229196504
d:515:5.766520945194031e-06,3.2576342083824583,3.257634475305095,6.515262917166608
d:516:5.991329829591052e-06,3.2576342076288967,3.257634475626085,6.515262691925153
d:517:6.20692778241505e-06,3.2576342079100393,3.2576344759062676,6.515262476888525
d:518:5.6094438392051416e-06,3.257634206954158,3.257634476186443,6.515263073696762
d:519:5.874949286166498e-06,3.2576342059469328,3.2576344764226506,6.515262807420298
d:520:5.0455394164927725e-06,3.257634206227119,3.2576344768193195,6.515263637507021
d:521:5.48588973092734e-06,3.257634206563176,3.2576344770994883,6.515263197772933
d:522:5.827123906065879e-06,3.257634205809608,3.2576344761436054,6.515262854829307
d:523:5.775292763132711e-06,3.257634206089788,3.25763447637526,6.515262907172285
d:524:5.643682682077156e-06,3.2576342063289356,3.2576344754193705,6.5152630380656245
d:525:5.255613724663988e-06,3.257634206550904,3.2576344744634715,6.515263425400651
d:526:5.69413646189787e-06,3.257634206831077,3.2576344746996733,6.515262987394289
d:527:5.5017766102949395e-06,3.2576342071671283,3.2576344749620554,6.515263180352574
d:528:5.627152030562854e-06,3.2576342073988176,3.2576344752011783,6.515263055447965
d:529:5.163176476585818e-06,3.2576342076789833,3.257634474447578,6.515263518950085
d:530:5.743615556497161e-06,3.257634207887913,3.257634474709953,6.51526293898231
d:531:6.091913541617089e-06,3.257634206915549,3.2576344750309394,6.515262590032947
d:532:6.11549698703584e-06,3.257634207195709,3.2576344752417046,6.515262566940427
d:533:6.276208797117988e-06,3.2576342064421366,3.257634475463642,6.515262405696982
d:534:5.940114117919393e-06,3.2576342066738193,3.2576344756855726,6.515262742245274
d:535:5.273218228296628e-06,3.257634206923227,3.2576344748115384,6.515263408516537
d:536:5.487951269422808e-06,3.2576342073198292,3.257634473855635,6.515263193224195
d:537:6.0339102336826045e-06,3.2576342063126007,3.2576344741766166,6.515262646578984
d:538:5.787457394212936e-06,3.25763420658952,3.257634474512646,6.515262893644771
d:539:5.31056560149068e-06,3.257634206800282,3.257634473505527,6.515263369740207
d:540:5.77686130398547e-06,3.2576342070110376,3.2576344738415495,6.5152629039912835
d:541:4.825535889096955e-06,3.2576342072484374,3.257634474063475,6.515263855776023
d:542:6.276081965239655e-06,3.2576342076272997,3.25763447330987,6.515262404855204
d:543:5.477834359446376e-06,3.2576342063959327,3.257634473541523,6.515263202103096
d:544:5.0204459034475235e-06,3.2576342067169484,3.2576344737674656,6.515263660038511
d:545:5.516215835221772e-06,3.257634207095804,3.2576344739984897,6.5152631648784585
d:546:5.761335414078417e-06,3.2576342073047306,3.2576344742754086,6.515262920244725
d:547:5.814051092123407e-06,3.2576342075438776,3.2576344733195004,6.515262866812286
d:548:6.154050026907498e-06,3.257634206536644,3.257634473655517,6.515262526142134
d:549:5.382948265797438e-06,3.2576342067586124,3.257634473886535,6.515263297696881
d:550:5.417677696684109e-06,3.257634205786245,3.257634474112473,6.515263262221021
d:551:5.634004035748319e-06,3.257634204912091,3.257634474389386,6.515263045297441
d:552:5.192727105196582e-06,3.257634205232207,3.2576344731579114,6.515263485663013
d:553:5.473979729053724e-06,3.257634204224967,3.257634473397035,6.515263203642273
d:554:5.986599845186902e-06,3.257634203350806,3.25763447242465,6.515262689175611
d:555:5.315055998877938e-06,3.257634203613236,3.2576344728213225,6.51526336137856
d:556:5.405345566700248e-06,3.257634203992087,3.2576344730302482,6.515263271676769
d:557:5.856263201486911e-06,3.2576342031179184,3.2576344732561804,6.515262820110897
d:558:5.155037852588862e-06,3.2576342033980787,3.2576344734781033,6.51526352183833
d:559:5.665720341774261e-06,3.257634203660503,3.2576344737131766,6.515263011653338
d:560:5.332776082056512e-06,3.257634202786327,3.2576344739391025,6.515263343949348
d:561:6.007806030439156e-06,3.257634203025471,3.2576344742751164,6.5152626694945575
d:562:5.49704581587207e-06,3.2576342033023895,3.257634473401082,6.515263179657655
d:563:5.060402665790775e-06,3.257634203533407,3.257634473637287,6.515263616768028
d:564:5.14654221817068e-06,3.2576342037553716,3.2576344727632454,6.515263529976399
d:565:5.7648353708472655e-06,3.257634204035526,3.257634473159913,6.515262912360068
d:566:5.229664703954029e-06,3.257634203028282,3.2576344734368226,6.515263446800401
d:567:5.347151653900539e-06,3.2576342033643373,3.2576344724644324,6.515263328677116
d:568:5.529937165960064e-06,3.2576342037609427,3.257634471457315,6.515263145281091
d:569:5.065608473131533e-06,3.257634203986866,3.2576344716662375,6.515263610044631
d:570:5.6458997388375565e-06,3.257634204224267,3.257634471877005,6.515263030201533
d:571:5.7014025696133785e-06,3.2576342044592868,3.2576344706455282,6.515262973702246
d:572:4.906271034776921e-06,3.257634204780304,3.257634470881729,6.515263769390999
d:573:4.8963208287844395e-06,3.2576342049910614,3.2576344700076816,6.515263778677914
d:574:5.7042529189033075e-06,3.25763420538766,3.257634470284586,6.515262971419327
d:575:5.795063066749151e-06,3.2576342056688117,3.2576344706205966,6.515262881226342
d:576:5.384175677747294e-06,3.257634204437446,3.2576344708556673,6.515263291117435
d:577:5.333855469302762e-06,3.257634203430196,3.2576344710918628,6.515263340666589
d:578:5.638428444143528e-06,3.2576342036652104,3.2576344714128482,6.515263036649614
d:579:6.083817000401837e-06,3.2576342026579526,3.2576344716940353,6.515262590534988
d:580:5.552091180582863e-06,3.257634202938105,3.257634471915957,6.515263122762881
d:581:6.448635815559101e-06,3.257634202063927,3.2576344721248747,6.515262225552986
d:582:5.846422728161826e-06,3.2576342023133407,3.2576344723610644,6.515262828251677
d:583:6.899320537989695e-06,3.2576342013409745,3.2576344727398836,6.51526177476032
d:584:5.753886151538268e-06,3.2576342016221207,3.2576344729760653,6.5152629207120345
d:585:6.6604935895497874e-06,3.2576342018531377,3.2576344732961884,6.515262014655736
d:586:6.2243021048402625e-06,3.257634200845874,3.257634472289067,6.515262448832836
d:587:5.905737198830252e-06,3.2576342010820967,3.257634472570249,6.5152627679151465
d:588:6.239526808116125e-06,3.257634201344522,3.2576344729062554,6.515262434723969
d:589:5.675779545910586e-06,3.2576342016655357,3.2576344731831575,6.515262999069147
d:590:5.58955702167907e-06,3.2576342018972277,3.257634473460052,6.5152630858002585
d:591:5.332672284197315e-06,3.2576342021334446,3.2576344736991785,6.515263343160338
d:592:5.466900983464029e-06,3.257634200902075,3.2576344740201613,6.515263208021253
d:593:5.582379921875713e-06,3.2576342011330857,3.257634474340279,6.515263093093443
d:594:6.011669293037869e-06,3.257634201395505,3.2576344746214567,6.515262664347669
d:595:5.5455763128264834e-06,3.257634200521323,3.257634474843375,6.515263129788385
d:596:5.603777585072578e-06,3.2576342007982446,3.257634475105762,6.515263072126422
d:597:5.381642854018764e-06,3.257634199790976,3.257634475502432,6.515263293650554
d:598:5.3958356129868434e-06,3.257634200072119,3.2576344757113485,6.515263279947854
d:599:5.140223770183638e-06,3.2576342003112666,3.2576344748373005,6.515263534924797
d:600:5.644290848039191e-06,3.25763420057368,3.257634475157413,6.515263031440245
d:601:6.122863704938197e-06,3.257634200853831,3.2576344742015118,6.515262552191637
d:602:5.418886664720901e-06,3.257634201189889,3.2576344744406347,6.515263256743859
d:603:5.4399583335751345e-06,3.2576342014208954,3.2576344734682463,6.515263234930808
d:604:5.097716959667764e-06,3.2576342016571083,3.2576344737494183,6.515263577689566
d:605:5.465340007226871e-06,3.257634201893314,3.2576344740296053,6.515263210582912
d:606:5.4097351780413305e-06,3.2576342022143265,3.257634474408424,6.5152632668875725
d:607:4.782138574022099e-06,3.257634202425086,3.2576344746394517,6.515263894925964
d:608:5.6519105084973376e-06,3.2576342027052307,3.257634473667057,6.515263024461779
d:609:5.403946953030925e-06,3.2576342018310456,3.257634473948223,6.515263271832315
d:610:5.480176470840092e-06,3.2576342020530165,3.257634474174156,6.515263196050702
d:611:5.14087769865057e-06,3.257634202261954,3.257634473300103,6.515263534684358
d:612:5.190914887265308e-06,3.257634202501098,3.257634472344196,6.515263483930407
d:613:5.75653522982833e-06,3.257634202822105,3.2576344726243778,6.515262918911253
d:614:5.575781694133752e-06,3.257634203143104,3.257634472833291,6.5152631001947015
d:615:5.677148592120318e-06,3.257634203521965,3.2576344718261696,6.5152629981995425
d:616:5.773066163783369e-06,3.257634203753658,3.2576344721462798,6.515262902833774
d:617:5.962745062149111e-06,3.257634203975623,3.25763447127222,6.51526271250278
d:618:5.93621999378513e-06,3.257634203003259,3.257634471481127,6.515262738264392
d:619:5.454210280753102e-06,3.2576342022497022,3.257634471730586,6.5152632197700076
d:620:5.572820221289021e-06,3.2576342024847214,3.2576344707746743,6.515263100439174
d:621:5.462657087562661e-06,3.2576342027209253,3.257634469802275,6.515263209866113
d:622:5.708477395671707e-06,3.2576342030997814,3.2576344700517272,6.515262964674113
d:623:5.3562293791387106e-06,3.2576342033217407,3.2576344691776615,6.5152633162700235
d:624:5.954154956633317e-06,3.2576342025681786,3.257634468221743,6.5152627166349655
d:625:5.811521058163294e-06,3.2576342028451006,3.2576344672658153,6.515262858589858
d:626:5.936709447595945e-06,3.25763420309452,3.2576344675152615,6.515262733900334
d:627:5.60144440520105e-06,3.2576342033569343,3.2576344677964255,6.515263069708954
d:628:5.120442502004607e-06,3.2576342035943453,3.257634468117412,6.515263551269255
d:629:5.792819592009835e-06,3.257634202587077,3.2576344683535985,6.515262878121083
d:630:5.761278157656591e-06,3.257634202824482,3.2576344671221293,6.515262908668453
d:631:5.876020790829273e-06,3.257634203050416,3.2576344674581414,6.515262794487767
d:632:5.354090163223191e-06,3.2576342032866146,3.257634466502209,6.51526331569866
d:633:5.276122657882354e-06,3.257634203518305,3.2576344655462677,6.515263392941915
d:634:5.9782980939004915e-06,3.25763420379945,3.257634465867248,6.515262691368604
d:635:5.3659349674717305e-06,3.257634204035643,3.2576344661166887,6.515263304217364
d:636:5.768367996594748e-06,3.257634204414496,3.2576344663477173,6.515262902394216
d:637:5.421795850502065e-06,3.2576342047354947,3.2576344665696397,6.515263249509284
d:638:5.560447203123431e-06,3.257634205114341,3.25763446688975,6.515263111556887
d:639:5.317266817961297e-06,3.2576342053954814,3.257634467210724,6.515263355339387
d:640:5.554814022090682e-06,3.2576342057743206,3.2576344659792484,6.515263116939547
d:641:5.85696419008741e-06,3.257634206051241,3.257634466210271,6.515262815297322
d:642:5.080443468585827e-06,3.2576342062886403,3.2576344664321892,6.5152635922773605
d:643:5.946330946748901e-06,3.2576342065248283,3.2576344666632044,6.5152627268570855
d:644:5.869252657220159e-06,3.2576342067507595,3.257634466983308,6.51526280448141
d:645:5.944587757156228e-06,3.2576342070318933,3.2576344672602104,6.515262729704347
d:646:5.802626451334447e-06,3.2576342060595294,3.257634467495295,6.515262870928373
d:647:5.877922175656636e-06,3.257634206270293,3.2576344677263043,6.515262796074422
d:648:6.00421879948243e-06,3.2576342064792354,3.257634467988699,6.515262670249135
d:649:5.4728473379839215e-06,3.2576342067102475,3.2576344682106106,6.51526320207352
d:650:5.3412379283912514e-06,3.2576342070312436,3.2576344684467973,6.515263334240112
d:651:5.520444615214615e-06,3.2576342072674254,3.2576344686575824,6.515263155480392
d:652:5.625077161397485e-06,3.2576342062950543,3.257634468978553,6.515263050196445
d:653:5.641132173828112e-06,3.257634206557469,3.2576344692147323,6.515263034640028
d:654:5.069262630996718e-06,3.2576342056016174,3.257634469535696,6.515263605874683
d:655:5.43579592449106e-06,3.257634205998233,3.2576344685632983,6.515263238765606
d:656:5.161793553476457e-06,3.2576342062476544,3.257634468825688,6.5152635132797885
d:657:5.768483763546328e-06,3.2576342064850516,3.257634469060768,6.515262907062056
d:658:5.573474830100622e-06,3.257634206721228,3.2576344692969417,6.51526310254334
d:659:5.432687267159508e-06,3.2576342069562516,3.2576344695344717,6.515263243803457
d:660:5.406288135390014e-06,3.257634207218661,3.2576344697839126,6.5152632707144384
d:661:5.681998453077597e-06,3.257634207481062,3.257634470023045,6.515262995505654
d:662:5.912170433219899e-06,3.257634207761216,3.2576344703032336,6.5152627658940165
d:663:5.995159330751676e-06,3.257634208038135,3.2576344705349145,6.515262683413718
d:664:5.484785241094414e-06,3.2576342068067765,3.257634470931597,6.515263192953133
d:665:5.531151351156893e-06,3.257634207037787,3.2576344697001205,6.515263145586556
d:666:5.502171225302277e-06,3.2576342073189206,3.2576344700361353,6.515263175183831
d:667:5.987455063305447e-06,3.257634207529683,3.257634470275263,6.515262690349883
d:668:5.324784106974789e-06,3.2576342065738277,3.257634470537649,6.51526335232737
d:669:5.778606711359657e-06,3.2576342069704407,3.2576344707727247,6.515262899136454
d:670:5.6595491155775335e-06,3.257634205998067,3.257634471008895,6.515263017457846
d:671:5.551155027205823e-06,3.257634206233086,3.25763447000178,6.515263125079839
d:672:5.27386400683838e-06,3.25763420535891,3.257634470251217,6.51526340174612
d:673:5.211628456791573e-06,3.2576342055808762,3.257634470572179,6.515263464524598
d:674:6.060810219921109e-06,3.257634204349513,3.257634470803856,6.515262614343149
d:675:6.092328209916786e-06,3.25763420456027,3.2576344697967334,6.515262582028793
d:676:5.049164151671448e-06,3.257634204786203,3.2576344687896044,6.515263624411656
d:677:6.169499195962658e-06,3.2576342051222764,3.2576344690003896,6.51526250462347
d:678:6.7411240110004655e-06,3.2576342053596723,3.2576344693213457,6.515261933557007
d:679:5.9615509160337865e-06,3.2576342041283017,3.257634469583727,6.515262712161113
d:680:6.18975122090859e-06,3.2576342043674584,3.257634469846101,6.515262484462339
d:681:5.71539516514008e-06,3.257634204648588,3.257634470123008,6.515262959376431
d:682:5.950850152203202e-06,3.2576342049109894,3.2576344693694343,6.515262723430272
d:683:6.125555737312993e-06,3.257634205173382,3.2576344696045063,6.515262549222151
d:684:6.616281547522362e-06,3.2576342054935306,3.2576344698355193,6.515262059047503
d:685:5.816035057115698e-06,3.2576342057042833,3.2576344701715327,6.515262859840759
d:686:5.603443952395537e-06,3.257634205943434,3.2576344705503684,6.51526307304985
d:687:6.530988635233825e-06,3.257634206180825,3.25763446931889,6.51526214451108
d:688:5.915826193358953e-06,3.2576342065009674,3.257634469599078,6.515262760273853
d:689:5.6412959370533144e-06,3.257634206763355,3.25763446992003,6.515263035387448
d:690:5.571700411266534e-06,3.2576342070127784,3.257634470156198,6.515263105468565
d:691:5.249197368328851e-06,3.2576342072896978,3.257634470552881,6.515263428645211
d:692:5.753694828136702e-06,3.257634207625768,3.2576344707788305,6.515262924709771
d:693:5.649272014629503e-06,3.25763420788815,3.2576344695473463,6.515263028163482
d:694:5.317793272396898e-06,3.2576342082847627,3.2576344699440227,6.5152633604355135
d:695:5.912342738056964e-06,3.257634208663611,3.257634470264134,6.515262766585007
d:696:5.654464384718949e-06,3.2576342089009978,3.2576344693082024,6.515263023744815
d:697:5.717607685973292e-06,3.2576342092798383,3.2576344695443655,6.515262961216518
d:698:5.515133300271202e-06,3.257634209518985,3.2576344697662845,6.515263164151969
d:699:5.570306949920223e-06,3.2576342097540056,3.2576344690127073,6.515263108459763
d:700:5.0977783248029596e-06,3.257634209985019,3.257634469333655,6.515263581540349
d:701:4.9593154747284984e-06,3.2576342102200324,3.2576344695698114,6.515263720474369
d:702:5.279561761994955e-06,3.2576342093458566,3.2576344698014887,6.515263399585583
d:703:5.542302468519722e-06,3.2576342096659956,3.257634468794359,6.515263136157886
d:704:5.6892652118278875e-06,3.2576342087918126,3.2576344690305086,6.51526298855711
d:705:5.361714330298639e-06,3.2576342079176213,3.2576344677990186,6.5152633140023095
d:706:5.828869844570761e-06,3.257634208152629,3.2576344680340905,6.515262847316875
d:707:5.589602268152305e-06,3.2576342083785637,3.257634468256005,6.5152630870323005
d:708:5.5941887158184045e-06,3.257634208627984,3.25763446851838,6.515263082957649
d:709:5.413472226933891e-06,3.2576342088671266,3.2576344676443307,6.51526326303923
d:710:5.5744468179241835e-06,3.257634209147288,3.257634467853257,6.515263102553727
d:711:5.090375768901367e-06,3.2576342083937413,3.257634468088323,6.515263586106295
d:712:5.831017615420819e-06,3.2576342086196695,3.2576344684671588,6.515262846069213
d:713:5.358618272666149e-06,3.257634208857054,3.2576344687295276,6.515263318968309
d:714:5.402518393538003e-06,3.257634209067808,3.2576344689612013,6.515263275510616
d:715:5.754876520214225e-06,3.257634209299514,3.2576344691701222,6.5152629235931165
d:716:6.1643398012734e-06,3.2576342095254365,3.2576344694051826,6.515262514590818
d:717:5.455382092733885e-06,3.2576342098615068,3.257634469784012,6.5152632242634265
d:718:5.511586077311392e-06,3.2576342100976943,3.2576344688116237,6.515263167323241
d:719:5.423920492297896e-06,3.2576342104337583,3.2576344678392273,6.515263254352493
d:720:5.149867972953359e-06,3.25763421069614,3.2576344668320933,6.51526352766026
d:721:5.577901324826939e-06,3.2576342094647726,3.2576344671530397,6.5152630987164875
d:722:5.53249055634808e-06,3.2576342096997775,3.257634467473979,6.5152631446832
d:723:5.568214929141391e-06,3.2576342099766995,3.2576344676999307,6.515263109461701
d:724:5.395089938353692e-06,3.257634210207711,3.257634467981116,6.515263283098888
d:725:5.440860284977589e-06,3.257634210443894,3.257634468212785,6.515263237796393
d:726:5.157781290066055e-06,3.2576342106546434,3.2576344672568536,6.5152635201302065
d:727:6.185767253974461e-06,3.257634210975654,3.2576344675192193,6.5152624927276195
d:728:5.551316137442086e-06,3.2576342111976304,3.2576344678980447,6.515263127779537
d:729:5.636737187231233e-06,3.257634211518635,3.257634468129063,6.515263042910511
d:730:5.165492966696661e-06,3.2576342117680546,3.25763446837851,6.515263514653598
d:731:6.386661294044416e-06,3.257634211014506,3.2576344686101737,6.515262292963385
d:732:5.986879847874604e-06,3.257634211350566,3.2576344688913537,6.515262693362072
d:733:5.671165671294887e-06,3.2576342117294104,3.257634467659863,6.515263008223602
d:734:5.133964687153991e-06,3.2576342107221636,3.257634467881778,6.515263544639255
d:735:5.260114552818607e-06,3.2576342110582175,3.2576344666502797,6.515263417593944
d:736:4.930117839307968e-06,3.2576342113393566,3.257634466930475,6.515263748151993
d:737:5.959650437148412e-06,3.2576342115785004,3.257634467139395,6.515262719067458
d:738:5.782639113327548e-06,3.257634211899499,3.2576344673710533,6.515262896631439
d:739:5.471964503733773e-06,3.2576342121312063,3.2576344675970015,6.515263207763704
d:740:5.332887861975166e-06,3.2576342111753624,3.257634466365497,6.515263344652998
d:741:5.369225169360448e-06,3.2576342114103656,3.257634465491448,6.515263307676644
d:742:5.596822552078606e-06,3.2576342106568124,3.2576344657003617,6.515263079534622
d:743:6.0051148862427794e-06,3.257634211053432,3.257634466036385,6.515262671974931
d:744:5.355349890656669e-06,3.2576342112623946,3.2576344662674,6.515263322179904
d:745:5.427404484947829e-06,3.257634211499781,3.2576344666034167,6.5152632506987125
d:746:5.329711395773984e-06,3.257634211710529,3.257634465729361,6.515263347728494
d:747:5.551465665831756e-06,3.2576342119916646,3.2576344661260457,6.515263126652044
d:748:5.484984392012393e-06,3.2576342122266624,3.2576344653724743,6.515263192614745
d:749:5.062186859916551e-06,3.2576342125035844,3.2576344656086302,6.515263615925354
d:750:5.811701771385458e-06,3.2576342127530036,3.2576344658305425,6.515262866881774
d:751:5.970162712642946e-06,3.2576342118788166,3.257634466052447,6.515262707768551
d:752:5.792810560123485e-06,3.2576342121589823,3.2576344651783846,6.515262884526807
d:753:5.507053814746143e-06,3.2576342112031345,3.2576344654145344,6.5152631695638545
d:754:5.86645104139194e-06,3.2576342114655183,3.257634465623444,6.515262810637921
d:755:5.243738376847773e-06,3.2576342117424355,3.2576344659003653,6.515263433904424
d:756:5.139777820239999e-06,3.2576342119734503,3.2576344661111656,6.515263538306796
d:757:5.898766024969859e-06,3.257634212210832,3.257634466350312,6.515262779795119
d:758:5.085259120463093e-06,3.2576342124418396,3.2576344666305057,6.515263593813225
d:759:5.5596120800416315e-06,3.2576342126677673,3.2576344669506296,6.515263120006317
d:760:5.532250956896689e-06,3.2576342117119133,3.257634467347311,6.515263146808267
d:761:5.099667226282634e-06,3.257634212032912,3.2576344676682543,6.51526358003394
d:762:5.840823980030052e-06,3.2576342122548905,3.257634467949436,6.5152628393803464
d:763:4.909892258098125e-06,3.2576342112990293,3.2576344682306106,6.515263769637382
d:764:6.205024428496131e-06,3.2576342115340244,3.2576344685117773,6.515262475021373
d:765:5.618556385478257e-06,3.257634211870079,3.2576344687919665,6.51526306210566
d:766:5.432239188252197e-06,3.257634212079041,3.2576344690027628,6.515263248842615
d:767:5.39156600165569e-06,3.257634212310044,3.2576344680303713,6.515263288774414
d:768:5.431664003907599e-06,3.2576342125359665,3.2576344682695138,6.515263249141476
d:769:5.556157809394335e-06,3.2576342127853835,3.2576344673135864,6.5152631239411605
d:770:5.203150632127063e-06,3.2576342130170914,3.257634467575958,6.515263477442417
d:771:6.278987230601274e-06,3.257634213248088,3.2576344678968963,6.515262402157754
d:772:5.394507594402853e-06,3.2576342134790774,3.2576344681058043,6.515263287077287
d:773:5.833102928676226e-06,3.2576342138151277,3.257634468327707,6.515262849039907
d:774:5.744614623104383e-06,3.2576342141511705,3.2576344675741358,6.515262937110683
d:775:5.932668084795978e-06,3.2576342132769827,3.257634467809206,6.515262748418104
d:776:5.896666580795795e-06,3.2576342135161305,3.257634468090369,6.515262784939919
d:777:5.685165780811019e-06,3.257634213793046,3.2576344684113026,6.515262997038568
d:778:5.914657166705695e-06,3.257634212918851,3.2576344686220944,6.515262766883779
d:779:6.150382270142529e-06,3.2576342119464994,3.257634468853113,6.515262530417343
d:780:5.890006736564146e-06,3.257634212282537,3.2576344690892634,6.515262791365064
d:781:6.322515050172228e-06,3.2576342114083343,3.257634469298166,6.51526235819145
d:782:6.251380429311837e-06,3.257634210401093,3.257634469618288,6.515262428638952
d:783:5.533882841746163e-06,3.2576342107799454,3.257634468744227,6.515263145641331
d:784:6.2591308083170816e-06,3.2576342109906977,3.2576344689833663,6.515262420843255
d:785:5.79995738991812e-06,3.257634211212675,3.257634469220925,6.51526288047621
d:786:6.275540712863403e-06,3.257634211444381,3.257634469452591,6.515262405356259
d:787:5.409628689001522e-06,3.257634211681764,3.2576344696633783,6.515263271716454
d:788:5.777064616019345e-06,3.2576342120177957,3.2576344687074474,6.515262903660627
d:789:5.993811870830257e-06,3.2576342122397675,3.257634469104131,6.515262687532028
d:790:5.614998636715995e-06,3.2576342124505144,3.2576344694250605,6.515263066876939
d:791:6.214727849673807e-06,3.257634212687891,3.2576344684526677,6.515262466412709
d:792:5.801649677117382e-06,3.257634212924086,3.257634468663449,6.515262879937858
d:793:5.630829353009403e-06,3.2576342131557854,3.257634468999472,6.515263051325904
d:794:5.46192207462326e-06,3.2576342133777505,3.257634469221375,6.515263220677051
d:795:5.257089787491509e-06,3.2576342136979095,3.2576344694321504,6.515263426040272
d:796:5.5845834596723876e-06,3.257634213928899,3.257634469768167,6.515263099113606
d:797:6.238015505033445e-06,3.25763421420907,3.2576344700073028,6.515262446200868
d:798:5.182149006799364e-06,3.2576342132367158,3.2576344702696742,6.515263501357383
d:799:5.409201249584328e-06,3.257634213467699,3.257634470549866,6.5152632748163155
d:800:5.264950585726069e-06,3.257634213788701,3.2576344707874223,6.515263419625537
d:801:5.950942899346501e-06,3.257634213035156,3.257634469831488,6.515262731923745
d:802:5.494570150865741e-06,3.257634213315322,3.2576344700665576,6.515263188811729
d:803:5.756256292954731e-06,3.257634213592238,3.257634469192495,6.51526292652844
d:804:5.525645471848861e-06,3.2576342138546295,3.2576344695126167,6.515263157721774
d:805:4.998201445616246e-06,3.257634214131539,3.257634469744279,6.515263685674372
d:806:5.505534089955688e-06,3.2576342144126844,3.2576344701409594,6.515263179019554
d:807:5.271832159259304e-06,3.257634214689587,3.257634470372616,6.515263413230044
d:808:5.051726865268336e-06,3.2576342139360355,3.257634470693543,6.515263632902713
d:809:5.464597933269033e-06,3.2576342141450025,3.2576344694620487,6.5152632190091175
d:810:5.7127285000291295e-06,3.2576342143557477,3.2576344696930684,6.5152629713203165
d:811:5.579596221494398e-06,3.257634214590749,3.2576344699019733,6.515263104896501
d:812:5.667936688880104e-06,3.2576342148014867,3.25763447018314,6.515263017047937
d:813:5.893544667401329e-06,3.2576342150274153,3.2576344705798146,6.515262792062563
d:814:5.9452084082423085e-06,3.2576342152363766,3.2576344693483135,6.515262739376282
d:815:5.566110349519704e-06,3.2576342142805212,3.2576344696252453,6.515263117795417
d:816:5.276714442281616e-06,3.2576342146006794,3.2576344698568964,6.5152634077431335
d:817:5.343658989076516e-06,3.25763421483166,3.25763447008854,6.51526334126121
d:818:5.249148281372129e-06,3.2576342139574597,3.2576344703276745,6.515263435136853
d:819:5.444168707846586e-06,3.257634212985103,3.2576344706045997,6.515263239420995
d:820:5.643121364862225e-06,3.2576342131940583,3.2576344708356153,6.515263040908309
d:821:5.75207422226498e-06,3.257634213404791,3.257634469828501,6.51526293115907
d:822:5.470602149060255e-06,3.2576342136671816,3.2576344701096636,6.515263213174697
d:823:6.162755340710646e-06,3.257634214046038,3.25763447033563,6.515262521626328
d:824:5.351469997805225e-06,3.2576342142719623,3.257634470616785,6.5152633334187495
d:825:5.123930612249694e-06,3.2576342133161025,3.25763447093771,6.5152635603232
d:826:5.55041885164087e-06,3.257634212441897,3.2576344711636693,6.515263133186714
d:827:5.69086503876548e-06,3.257634212723041,3.2576344713946797,6.515262993252682
d:828:5.842304990011371e-06,3.257634212972467,3.2576344717735273,6.515262842441004
d:829:5.36074348200799e-06,3.257634212016601,3.257634472152368,6.515263323425487
d:830:5.173980567541037e-06,3.2576342122935023,3.2576344724883874,6.515263510801322
d:831:5.387377732368748e-06,3.257634212502453,3.257634472719391,6.515263297844112
d:832:5.578339322021009e-06,3.2576342127826203,3.257634473055404,6.515263107498702
d:833:5.539076603611193e-06,3.257634212993349,3.2576344723018407,6.515263146218587
d:834:5.88303665516321e-06,3.257634213204071,3.257634472532838,6.515262802700255
d:835:5.8504822293414804e-06,3.257634212196836,3.257634472770397,6.515262834485004
d:836:5.804569480183375e-06,3.257634212477976,3.257634473002039,6.515262880910535
d:837:5.7758569020904815e-06,3.257634212740362,3.2576344720296513,6.515262908913112
d:838:6.0059512954069305e-06,3.2576342130172584,3.2576344724084874,6.51526267947445
d:839:5.158465415711078e-06,3.2576342134139002,3.2576344726173927,6.515263527565877
d:840:5.854249310210946e-06,3.25763421266035,3.2576344729534,6.515262831364439
d:841:4.995919598016485e-06,3.2576342116531087,3.257634471997469,6.51526368773098
d:842:5.752720054097438e-06,3.2576342118790316,3.257634472236602,6.51526293139558
d:843:5.545518437344299e-06,3.2576342120879778,3.2576344724625597,6.5152631390321005
d:844:5.790552188855713e-06,3.257634212368141,3.2576344727834834,6.515262894599436
d:845:5.909328860909113e-06,3.2576342113608923,3.2576344720299155,6.515262774061947
d:846:5.5511436620747645e-06,3.2576342104866844,3.257634470798415,6.515263130141437
d:847:5.270640349941402e-06,3.2576342108833205,3.2576344710091973,6.515263411252168
d:848:6.122063712865611e-06,3.257634211122482,3.257634471246753,6.515262560305523
d:849:5.174858864087639e-06,3.257634210150125,3.2576344702908155,6.515263505582077
d:850:5.760726514481007e-06,3.2576342104125082,3.257634470610944,6.515262920296937
d:851:5.06335104155653e-06,3.257634210644218,3.2576344708878704,6.515263618181047
d:852:5.583534273156943e-06,3.2576342096369633,3.257634471266704,6.5152630973693935
d:853:5.282961324404312e-06,3.2576342098993405,3.257634471475605,6.515263398413621
d:854:5.404626378435751e-06,3.2576342102781988,3.257634470244099,6.5152632758959195
d:855:5.195483245401533e-06,3.2576342106142433,3.2576344704791773,6.515263485610175
d:856:5.746178418419845e-06,3.2576342108766134,3.257634470815182,6.515262935513377
d:857:5.340643937756795e-06,3.25763421012306,3.257634471054313,6.515263340533435
d:858:5.5438605928159745e-06,3.2576342093694994,3.2576344713354706,6.515263136844378
d:859:5.183728433166834e-06,3.257634209606889,3.257634471616622,6.515263497495078
d:860:5.111909705313167e-06,3.2576342098442717,3.2576344706442324,6.515263568578798
d:861:5.18770543855851e-06,3.257634210125411,3.257634470870187,6.51526349329016
d:862:5.907934160553907e-06,3.2576342093718433,3.257634471206186,6.515262772643869
d:863:5.785862373208772e-06,3.257634209768477,3.2576344714863885,6.5152628953924925
d:864:5.416900111576695e-06,3.2576342100486384,3.257634471712337,6.515263264860864
d:865:5.4031747644955885e-06,3.257634210325535,3.2576344704808258,6.515263277631597
d:866:5.353343201619509e-06,3.2576342105605454,3.25763446950843,6.515263326725774
d:867:5.162994659357878e-06,3.257634210957173,3.257634469744598,6.515263517707112
d:868:5.444436183665857e-06,3.257634211238307,3.2576344699796733,6.515263236781797
d:869:6.129825056433447e-06,3.257634211559323,3.257634470190455,6.515262551924721
d:870:5.859894829818302e-06,3.257634210327987,3.257634469218052,6.515262819651209
d:871:5.8613329798618e-06,3.257634210724609,3.257634469596883,6.5152628189885124
d:872:5.517434315649439e-06,3.2576342110015,3.257634469805783,6.515263163372968
d:873:5.771751613536935e-06,3.2576342112377112,3.2576344700449105,6.515262909531009
d:874:6.323281017905913e-06,3.257634211517868,3.257634470326059,6.515262358562909
d:875:6.056217943140041e-06,3.2576342117437926,3.2576344705884464,6.515262626114296
d:876:6.6509445657558786e-06,3.2576342119829547,3.2576344708246094,6.515262031862998
d:877:5.933173102157241e-06,3.2576342122631057,3.25763447105968,6.515262750149684
d:878:5.792197244502972e-06,3.257634212525474,3.2576344713398804,6.51526289166811
d:879:5.827185636242405e-06,3.2576342127749087,3.257634471579003,6.515262857168275
d:880:5.8285252508838425e-06,3.2576342131109537,3.2576344719149994,6.515262856500702
d:881:6.328162582391883e-06,3.257634213321682,3.2576344710409497,6.515262356200049
d:882:6.2371627214119485e-06,3.2576342137182994,3.257634471249845,6.515262447805423
d:883:6.265947568806496e-06,3.257634213995187,3.257634471570772,6.51526241961839
d:884:6.576762897836375e-06,3.257634212763847,3.257634470696715,6.515262106697664
d:885:5.7128796173699925e-06,3.257634211756594,3.2576344709590974,6.515262969836074
d:886:5.818807245816515e-06,3.257634211995751,3.2576344699866917,6.515262863175197
d:887:5.701905334554169e-06,3.2576342122581154,3.257634470197472,6.515262980550253
d:888:5.6541517858832435e-06,3.257634212538262,3.2576344704365896,6.515263028823066
d:889:5.535571578008103e-06,3.257634211531001,3.2576344706625373,6.51526314662196
d:890:5.9573039514759785e-06,3.2576342117619954,3.2576344710413663,6.51526272549941
d:891:5.178540368966367e-06,3.2576342121586084,3.257634471290854,6.515263504909093
d:892:5.871710363258842e-06,3.257634212438748,3.257634471571999,6.515262812300384
d:893:5.112198218526487e-06,3.2576342127747893,3.2576344706160656,6.515263571192636
d:894:5.60737198362915e-06,3.257634213171395,3.257634470892998,6.51526307669241
d:895:5.490279002984266e-06,3.257634213408781,3.257634471213922,6.515263194343699
d:896:5.409142085355256e-06,3.257634213685665,3.257634471549916,6.515263276093496
d:897:5.697552952099727e-06,3.2576342129320985,3.2576344707963556,6.515262986175502
d:898:5.464553246348203e-06,3.257634213154087,3.257634471031424,6.515263219632264
d:899:5.162930021285206e-06,3.257634213435223,3.257634471267587,6.5152635217727894
d:900:5.556440855869482e-06,3.25763421364595,3.257634470514018,6.515263127719113
d:901:5.395951377273889e-06,3.2576342140248147,3.2576344707450278,6.515263288818465
d:902:5.339488005517978e-06,3.2576342132712433,3.2576344697726176,6.515263343555855
d:903:5.602657588532622e-06,3.257634213508623,3.2576344688001995,6.515263079651234
d:904:5.644546056338129e-06,3.2576342137345486,3.257634467568691,6.515263036757183
d:905:5.419562454811455e-06,3.2576342139452694,3.257634466596265,6.51526326097908
d:906:5.394049148677027e-06,3.257634214324129,3.2576344669750914,6.515263287250072
d:907:5.960507596824982e-06,3.2576342146601664,3.2576344672060955,6.515262721358665
d:908:5.69282860851672e-06,3.2576342136878185,3.2576344674436615,6.515262988302871
d:909:5.369488945916601e-06,3.257634213919537,3.257634467652557,6.515263312083148
d:910:5.639983718275232e-06,3.2576342141996757,3.257634466680125,6.515263040896083
d:911:5.107266425774526e-06,3.257634214438833,3.2576344670002637,6.51526357417267
d:912:5.442072897210437e-06,3.2576342146647534,3.2576344672771937,6.51526323986905
d:913:4.991492571271294e-06,3.2576342136574916,3.257634467508192,6.515263689673112
d:914:5.153185631989743e-06,3.257634213889205,3.257634467739183,6.515263528442756
d:915:5.522606731922508e-06,3.2576342141254204,3.2576344667320867,6.515263158250775
d:916:5.183738168490493e-06,3.257634214361629,3.2576344670680797,6.51526349769154
d:917:5.9177624462947165e-06,3.2576342145966466,3.2576344672788604,6.515262764113061
d:918:5.487091304878788e-06,3.257634214834024,3.2576344664048045,6.515263194147523
d:919:5.7395318417974295e-06,3.2576342136026857,3.2576344653977016,6.5152629394685455
d:920:5.534764042636198e-06,3.257634213828601,3.2576344656338634,6.515263144698421
d:921:5.354767924181658e-06,3.2576342140603085,3.2576344659547862,6.515263325247171
d:922:5.922456975504531e-06,3.257634213186114,3.2576344661909418,6.51526275692008
d:923:5.45345799718433e-06,3.2576342134081027,3.257634466587642,6.515263226537748
d:924:5.6562459329612125e-06,3.257634213630084,3.2576344669085597,6.515263024292711
d:925:5.374157646009792e-06,3.2576342140089416,3.2576344656770475,6.515263305528343
d:926:6.201572958275392e-06,3.2576342142399395,3.2576344659265377,6.5152624785935185
d:927:5.8734686145811565e-06,3.2576342144489034,3.257634466162686,6.515262807142975
d:928:5.888178688628898e-06,3.2576342135747027,3.257634466559381,6.5152627919553945
d:929:5.75483611875427e-06,3.2576342138064054,3.2576344669382067,6.515262925908493
d:930:6.000572944309113e-06,3.2576342140687746,3.257634467274196,6.515262680770026
d:931:5.31237935597062e-06,3.25763421438896,3.2576344660426777,6.515263368052281
d:932:5.288404759440368e-06,3.257634214665846,3.2576344652891107,6.515263391550198
d:933:5.43299593935842e-06,3.257634213791638,3.2576344655282337,6.515263246323933
d:934:5.261578911230913e-06,3.2576342128192888,3.257634465754188,6.515263416994566
d:935:6.0711614118247326e-06,3.257634213155328,3.2576344660036725,6.515262607997588
d:936:5.929328701803627e-06,3.2576342134755065,3.2576344662398165,6.515262750386621
d:937:5.319811354986825e-06,3.257634213686229,3.2576344664748897,6.515263360349764
d:938:5.568812011524926e-06,3.2576342127303843,3.2576344667124566,6.515263110630829
d:939:5.274527389076411e-06,3.2576342129613782,3.2576344670484416,6.515263405482431
d:940:5.430347909118893e-06,3.2576342131703386,3.2576344660760093,6.515263248898439
d:941:5.123978500165549e-06,3.2576342134013263,3.2576344664727013,6.515263555895528
d:942:5.694272639189535e-06,3.2576342136375342,3.257634466707768,6.515262986072663
d:943:5.241241478159964e-06,3.2576342138692334,3.257634466945329,6.515263439573085
d:944:5.092898921255085e-06,3.2576342141054355,3.257634467182883,6.515263588389398
d:945:5.402010577526539e-06,3.2576342143823185,3.2576344674088324,6.515263279780573
d:946:5.7304868361640615e-06,3.2576342146140114,3.257634466534777,6.515262950661952
d:947:5.460447227711995e-06,3.2576342136416576,3.2576344667738972,6.515263219968327
d:948:5.463087710211312e-06,3.2576342139618326,3.257634465801459,6.5152632166755815
d:949:5.307278870603227e-06,3.257634214242976,3.257634466039007,6.515263373003112
d:950:5.63921129703715e-06,3.2576342133687644,3.257634465066562,6.515263039224029
d:951:5.377122929139944e-06,3.2576342136499004,3.2576344652982305,6.515263301825201
d:952:5.343783992195483e-06,3.2576342126940516,3.2576344656191494,6.515263334529209
d:953:5.574769767591192e-06,3.257634212929072,3.2576344659979743,6.515263104157279
d:954:5.3760798879309846e-06,3.2576342120548545,3.2576344663181187,6.515263302293085
d:955:4.950522095370502e-06,3.2576342123043043,3.257634465564549,6.515263727346758
d:956:5.764223026893944e-06,3.2576342125854336,3.257634464592098,6.515262912954505
d:957:5.357460352684029e-06,3.257634212847804,3.2576344648312134,6.515263320218665
d:958:5.38451838405507e-06,3.2576342118919484,3.257634465067356,6.51526329244092
d:959:5.462156234870008e-06,3.257634212173072,3.2576344653874942,6.515263215404332
d:960:5.85538846742395e-06,3.257634212408087,3.257634465626603,6.515262822646223
d:961:5.435705509704292e-06,3.257634212618809,3.257634465907761,6.515263242821061
d:962:4.889818034037319e-06,3.257634211865246,3.2576344651541858,6.515263787201397
d:963:5.229969317177563e-06,3.2576342121044117,3.257634465376131,6.515263447511225
d:964:5.933613661746051e-06,3.25763421233942,3.2576344656970457,6.515262744422804
d:965:6.422515426152131e-06,3.2576342113670633,3.257634465932112,6.5152622547837495
d:966:6.014449592584015e-06,3.2576342101357305,3.25763446621233,6.515262661898468
d:967:5.75351340525998e-06,3.2576342103851754,3.257634465338272,6.515262922210042
d:968:5.45402571106024e-06,3.2576342096316053,3.2576344656184837,6.515263221224378
d:969:6.040896274761565e-06,3.2576342099117532,3.257634464662563,6.5152626336780415
d:970:6.154189746254701e-06,3.257634210161193,3.2576344649826967,6.515262520954144
d:971:5.532845888112092e-06,3.257634210441333,3.257634465232185,6.51526314282763
d:972:6.094842129655831e-06,3.2576342106520513,3.257634465628878,6.515262581438799
d:973:6.2786452863505815e-06,3.2576342108837446,3.257634465860545,6.515262398099003
d:974:6.148737459632514e-06,3.2576342100095235,3.2576344661417003,6.515262527413764
d:975:6.093634326909125e-06,3.2576342102202354,3.257634466372702,6.51526258295861
d:976:6.2692284563681255e-06,3.2576342104826033,3.257634465498638,6.515262406752785
d:977:6.3484627892407275e-06,3.2576342107135936,3.25763446572459,6.515262327975394
d:978:6.4651906752644095e-06,3.257634210944577,3.2576344659869934,6.515262211740895
d:979:5.803978403662313e-06,3.257634211280621,3.2576344662186547,6.5152628735208715
d:980:5.581573198298884e-06,3.257634211530055,3.2576344664562042,6.515263096413062
d:981:6.2341146449540474e-06,3.2576342105228036,3.2576344654837524,6.515262441891911
d:982:5.532904619798273e-06,3.257634210759009,3.257634464476658,6.515263142331047
d:983:5.747147614698633e-06,3.257634210989986,3.257634464726142,6.515262928568513
d:984:6.193831700862518e-06,3.2576342112216756,3.257634464961207,6.515262482351182
d:985:5.566184960947851e-06,3.257634210468102,3.257634465196263,6.515263109479404
d:986:5.50995049941605e-06,3.257634210703111,3.257634464442688,6.515263165195299
d:987:6.161328178322378e-06,3.257634210942275,3.2576344647196325,6.515262514333729
d:988:5.458200469377061e-06,3.2576342100680504,3.257634464954683,6.515263216822264
d:989:5.078747470577127e-06,3.2576342103030522,3.2576344652041618,6.515263596759743
d:990:5.884696487434837e-06,3.2576342106996794,3.257634465414957,6.51526279141815
d:991:5.63061313574309e-06,3.257634211078549,3.257634465625745,6.515263046091158
d:992:5.737852013076861e-06,3.2576342113044787,3.257634465857403,6.515262939309868
d:993:5.180816017968937e-06,3.2576342115264727,3.2576344661385557,6.515263496849011
d:994:5.5193610268844395e-06,3.2576342118075994,3.2576344664197014,6.515263158866274
d:995:5.316753324713375e-06,3.257634212204221,3.257634466798533,6.515263362249429
d:996:5.083623396906489e-06,3.2576342124131905,3.2576344670204804,6.515263595810274
d:997:5.5157868832367285e-06,3.2576342126626225,3.2576344673006927,6.515263164176432
d:998:5.119124735664116e-06,3.257634212998665,3.2576344675776343,6.5152635614515635
d:999:5.708220371047901e-06,3.257634213230351,3.257634467813781,6.515262972823761
d:1000:5.365103816323824e-06,3.2576342134620297,3.257634468076183,6.515263316434397
