data: dataset/foma/
d:1:0.007191778502212642,1.5321052795515389,1.5321053595784733,3.0570188606277995
d:2:0.005152098956838103,1.5321052840572182,1.5321053627942902,3.0590585478946704
d:3:0.004351264087542717,1.5321052885628887,1.5321053642539937,3.0598593887293397
d:4:0.004243219011803134,1.5321052930685521,1.5321053674698089,3.059967441526558
d:5:0.004291164096825284,1.5321052975741996,1.5321053706856063,3.0599195041629805
d:6:0.0043130054289797215,1.5321052990339101,1.532105375191307,3.0598976687962374
d:7:0.004321454610689557,1.5321053004936083,1.5321053843086005,3.0598892301915193
d:8:0.004295448740533558,1.5321053096109143,1.5321053934258835,3.059915254296264
d:9:0.004273160398415854,1.5321053110706035,1.5321054025431593,3.059937553215347
d:10:0.0042592557746417015,1.5321053142864507,1.532105411660428,3.059951470172237
d:11:0.0004196653938777217,1.5321053157461346,1.5321053407507712,3.063790991103028
d:12:0.00041815686480362046,1.5321053248634406,1.5321053452564755,3.0637925132551125
d:13:0.0004421441500657153,1.5321053293691094,1.5321053484722906,3.0637685336913343
d:14:0.00046101678653975853,1.5321053384864083,1.532105357589554,3.0637496792894225
d:15:0.0004754308666399254,1.532105339946094,1.532105359049286,3.06373526812874
d:16:0.00048677056306623,1.5321053490633947,1.5321053605090054,3.063723939009334
d:17:0.00048568126117309873,1.5321053535690599,1.532105361968707,3.063725034276594
d:18:0.00048447493923475804,1.5321053550287402,1.5321053664744202,3.0637262465639257
d:19:0.00046740721953852926,1.5321053641460392,1.532105375591696,3.0637433325181966
d:20:0.0004503325733526964,1.5321053686517043,1.5321053800974038,3.0637604161757555
d:21:0.0004996031601045559,1.5321052977419853,1.5321053815571073,3.063711076138988
d:22:0.0026949954063422155,1.5321053068592807,1.5321053860628115,3.06151569751575
d:23:0.0017366753533423207,1.5321053083189575,1.532105389278648,3.0624740222442632
d:24:0.0011116494044518532,1.5321053174362458,1.5321053183689255,3.0630989864007194
d:25:0.0006465237553605618,1.5321053188959208,1.532105321584753,3.0635641167253134
d:26:0.000334694721850326,1.532105328013202,1.532105330702036,3.0638759639933877
d:27:0.00012423466180067066,1.5321053325188778,1.5321053339178548,3.064086431774932
d:28:2.337806831853584e-05,1.5321053339785458,1.5321053384235626,3.06418729433379
d:29:1.3945200731058094e-05,1.5321053430958251,1.5321053416393706,3.0641967395344647
d:30:8.708040487093172e-05,1.5321053463117273,1.53210534309909,3.0641236090059465
d:31:0.000219375536419264,1.5321053477713917,1.5321053522163819,3.0639913244513544
d:32:0.00043940352886373546,1.5321053492310437,1.5321053536760925,3.0637712993782724
d:33:0.0002525523002940844,1.5321053537367266,1.532105362793379,3.0639581642298115
d:34:0.00013307894696268363,1.5321053551963715,1.5321053672990939,3.0640776435485026
d:35:4.984588958301117e-05,1.5321053584122772,1.5321053705149161,3.0641608830376104
d:36:1.0084749437311302e-05,1.5321052875024943,1.532105371974625,3.064200574727682
d:37:3.5452971722804705e-06,1.5321052907183894,1.5321053810919203,3.0642071265131374
d:38:1.944203583192916e-05,1.5321052939342703,1.5321053825516202,3.0641912344500586
d:39:4.446046961703587e-05,1.5321053030515763,1.5321053916689067,3.064166234250866
d:40:7.540413943374347e-05,1.5321053062674501,1.5321053207591184,3.064135222887135
d:41:0.000106208506972294,1.532105309483315,1.5321053252648422,3.064104426241185
d:42:0.00010672020182589392,1.5321053109429705,1.5321053297705571,3.0641039205117018
d:43:0.00012080190933438928,1.5321053200602783,1.5321053312302624,3.0640898493812063
d:44:2.6959161688822064e-05,1.5321053215199285,1.5321053326899534,3.064183695048193
d:45:2.1004271246738426e-06,1.5321053247357916,1.53210533590579,3.064208560214457
d:46:7.541586997561467e-06,1.5321053261954312,1.5321053391216175,3.064203123730051
d:47:2.237211637101666e-05,1.532105335312746,1.5321053482389182,3.0641883114352932
d:48:4.1864737784891304e-05,1.5321053385286074,1.5321053573562082,3.0641688311470308
d:49:4.45286301022918e-05,1.5321053430343294,1.532105361861932,3.064166176266159
d:50:5.006201350887807e-05,1.5321053444939725,1.5321053663676487,3.0641606488481123
d:51:3.632683908350032e-05,1.5321053536112856,1.5321052954578036,3.0641743222300057
d:52:1.6865190263004592e-05,1.532105356827147,1.5321053045750919,3.064193796211976
d:53:3.2361419659565627e-06,1.532105365944462,1.5321053136923748,3.0642074434948707
d:54:2.4640718940815987e-06,1.532105370450191,1.5321053169082148,3.0642082232865118
d:55:9.80061000532828e-06,1.5321053736660488,1.5321053214139315,3.064200894469975
d:56:1.8308478914264015e-05,1.5321053027561984,1.5321053228736474,3.0641923171509315
d:57:1.9519088855446398e-05,1.5321053118735097,1.5321053319909304,3.0641911247755846
d:58:1.9075418178360337e-05,1.5321053209908087,1.532105341108208,3.0641915866808382
d:59:1.55333032321181e-05,1.5321053224504606,1.5321053425679203,3.064195131715149
d:60:9.08399621657452e-06,1.5321053315677595,1.5321053516851943,3.0642015992567373
d:61:3.2511273424518095e-06,1.5321053347836244,1.53210535619092,3.064207439847202
d:62:4.7513135470467205e-07,1.5321053439009162,1.5321053606966366,3.064210229466198
d:63:1.4985669913869515e-06,1.5321053530181992,1.5321053639124909,3.0642092183636986
d:64:5.958744720757636e-06,1.532105362135475,1.5321053671283416,3.064204770519096
d:65:8.287637120574232e-06,1.53210536535134,1.5321053703441798,3.064202448058399
d:66:1.1573908752282591e-05,1.5321053698570974,1.5321053794614627,3.064199175409808
d:67:6.779367316411822e-06,1.532105374362846,1.5321053885787386,3.0642039835742683
d:68:5.276206373139303e-06,1.5321053788685823,1.5321053900384687,3.064205492700678
d:69:2.5205877918210717e-06,1.5321053833743097,1.532105393254307,3.064208256040825
d:70:1.548833559184004e-07,1.532105392491598,1.5321053223443926,3.0642105599526346
d:71:2.3294287032626926e-07,1.5321053939512783,1.5321053268501252,3.0642104878585332
d:72:2.3876961119384532e-06,1.5321053954109498,1.5321053313558455,3.0642083390706834
d:73:3.131591197913508e-06,1.532105404528238,1.5321053345716802,3.0642076075087203
d:74:4.687667066960444e-06,1.5321053336183201,1.532105336031412,3.0642059819826653
d:75:4.572788668610883e-06,1.5321053381240564,1.532105345148704,3.0642061104840916
d:76:3.0204570169445333e-06,1.5321053395837225,1.532105349654426,3.0642076687811315
d:77:1.1447087420179969e-06,1.5321053427996105,1.5321053511141542,3.0642095492050228
d:78:1.916216163522222e-07,1.5321053442592696,1.532105352573872,3.064210505211525
d:79:-8.87346143230161e-08,1.532105347475154,1.5321053616911637,3.064210797900932
d:80:1.490839931506116e-07,1.5321053519808885,1.532105363150876,3.0642105660477714
d:81:1.3382455730237552e-06,1.5321053551967658,1.5321053722681661,3.064209389219359
d:82:1.5974394429463246e-06,1.532105359702502,1.5321053813854473,3.0642091436485064
d:83:2.0854421052263206e-06,1.5321053611621593,1.5321053828451543,3.0642086585652084
d:84:1.764277930860203e-06,1.5321053702794707,1.532105384304847,3.064208990306387
d:85:7.723042720897411e-07,1.5321053734953516,1.532105313394874,3.0642099145859536
d:86:6.551705293844634e-07,1.5321053826126576,1.5321053148545563,3.0642100422966845
d:87:8.183453914512029e-09,1.532105311702681,1.532105323971841,3.064210627491068
d:88:8.768283876747773e-09,1.5321053208199764,1.5321053330891132,3.0642106451408058
d:89:6.623452808440788e-07,1.5321053299372682,1.5321053363049888,3.064210003896976
d:90:8.503130946024839e-07,1.5321053390545512,1.5321053395208537,3.0642098282623103
d:91:9.491279246987006e-07,1.5321053422704356,1.5321053409805412,3.064209734123052
d:92:7.001567059461422e-07,1.5321053437301106,1.5321053454863058,3.0642099890597105
d:93:3.204709013715501e-07,1.5321053469459844,1.532105354603587,3.06421038107867
d:94:1.960369537812312e-07,1.5321053501618511,1.5321053560632727,3.06421051018817
d:95:2.059066943616017e-07,1.5321053546676122,1.5321053575229442,3.064210506283862
d:96:-1.280055883512432e-08,1.5321053591733644,1.5321053666402253,3.0642107386141486
d:97:5.6183045771263096e-08,1.5321053682906598,1.5321053680998897,3.0642106802075038
d:98:1.570334280387442e-07,1.5321053727964067,1.5321053726056633,3.064210588368642
d:99:3.2821789019976677e-07,1.5321053742560906,1.5321053758215442,3.0642104218597446
d:100:4.6194408476196713e-07,1.5321053757157674,1.5321053772812085,3.064210291052891
d:101:4.4483176786513923e-07,1.5321053789316466,1.5321053063711663,3.064210240471045
d:102:4.4366749207824796e-07,1.5321053803913127,1.5321053154884527,3.0642102522122734
d:103:-6.621004366991201e-08,1.5321053818509718,1.5321053246057321,3.0642107726667476
d:104:-1.5599330716042914e-07,1.532105386356724,1.5321053337230026,3.0642108760730338
d:105:1.6373637201638758e-07,1.5321053908624673,1.5321053369388906,3.064210564064986
d:106:-1.507106563991556e-07,1.5321053199524215,1.5321053414446748,3.0642108121077527
d:107:9.695984104496347e-07,1.5321053231682988,1.5321053446605557,3.064209698230444
d:108:2.5283956262001084e-07,1.5321053322856208,1.5321053491663328,3.064210428612391
d:109:1.7484950731727622e-07,1.5321053355014946,1.5321053582836122,3.0642105189355995
d:110:-3.030611139820394e-08,1.532105338717356,1.532105362789384,3.0642107318128513
d:111:1.8279725289005455e-07,1.5321053419332085,1.5321053672951486,3.064210526431104
d:112:-2.4134076070936317e-08,1.5321053510505376,1.5321053687548343,3.064210743939448
d:113:1.392492734453299e-07,1.5321053542663794,1.5321053778721136,3.0642105928892196
d:114:4.1509688486485175e-07,1.5321053633837032,1.532105382377873,3.0642103306646913
d:115:-8.210635549232848e-08,1.5321053678894643,1.5321053914951506,3.0642108414909703
d:116:1.8773602228350228e-07,1.5321053711053079,1.5321053205850443,3.06421050395433
d:117:4.710121235262932e-07,1.5321053725649953,1.5321053250907983,3.06421022664367
d:118:1.333400039271737e-07,1.5321053016548873,1.5321053283067005,3.064210496621584
d:119:2.2610482375284846e-09,1.5321053031145677,1.5321053328124492,3.0642106336659687
d:120:5.5834652457065204e-08,1.5321053076203288,1.5321053373181854,3.064210589103862
d:121:8.13824101442151e-08,1.5321053108361689,1.5321053387778836,3.0642105682316423
d:122:-9.708042725264932e-08,1.5321053153419264,1.5321053432836145,3.064210755705968
d:123:1.52569823441695e-07,1.5321053168015997,1.532105347789333,3.064210512021109
d:124:2.1632474300758986e-07,1.5321053259189448,1.53210535690663,3.064210466500832
d:125:7.55478453129399e-08,1.5321053273786145,1.532105361412345,3.064210613243114
d:126:1.4526213476528937e-07,1.5321053318843738,1.532105364628265,3.064210551250504
d:127:4.26884499304947e-07,1.532105335100221,1.5321053691339728,3.0642102773496944
d:128:3.9262433304543265e-08,1.5321053396059714,1.5321052982238026,3.0642105985673407
d:129:-3.1475833495164807e-08,1.532105344111713,1.5321053027294997,3.064210678317046
d:130:2.0407982148640258e-07,1.5321053455713827,1.532105304189212,3.0642104456807733
d:131:3.562635733089792e-07,1.5321053487872334,1.5321053086949021,3.064210301218562
d:132:-1.8402083590274287e-07,1.5321053532929696,1.5321053101546056,3.064210847468411
d:133:-5.064755370653984e-08,1.5321053624103413,1.5321053133705345,3.0642107264284295
d:134:-2.478717675558073e-09,1.532105291500164,1.5321053224878494,3.064210616466731
d:135:5.91236055669242e-08,1.5321052929598356,1.532105323947551,3.064210557783781
d:136:4.0176276527859045e-08,1.5321052961756845,1.5321053284532482,3.064210584452656
d:137:1.419088864196283e-07,1.532105305293051,1.5321053375705649,3.0642105009547294
d:138:1.4293902417250592e-07,1.5321053085088945,1.5321053466878762,3.0642105122577465
d:139:5.331219909976426e-08,1.5321053130146431,1.5321053499038086,3.0642106096062527
d:140:1.1345324146816438e-07,1.5321053175203776,1.532105278993578,3.064210483060714
d:141:4.649877105578071e-08,1.5321053266377476,1.5321052804532815,3.064210560592258
d:142:1.786251200286415e-07,1.5321053311434785,1.5321052895705911,3.0642104420889495
d:143:6.9630559096367506e-09,1.5321053356492023,1.5321052940762971,3.0642106227624435
d:144:7.732628404255593e-08,1.5321053388650512,1.532105298581989,3.064210560120756
d:145:-1.323563179056464e-07,1.5321053433707625,1.532105301797925,3.0642107775250054
d:146:2.918861738976375e-07,1.5321053478764668,1.5321053032576337,3.0642103592479266
d:147:2.823261802120669e-08,1.5321052769662291,1.5321053123749468,3.064210561108558
d:148:-1.1427893120696808e-07,1.532105278425929,1.5321053155908828,3.064210708295743
d:149:-1.197231700444945e-07,1.5321052829316262,1.5321053170505898,3.064210719705386
d:150:-2.24614611354923e-07,1.5321052874373144,1.5321053261679047,3.0642108382198305
d:151:-4.6703204858999925e-08,1.5321052906531705,1.5321053306736108,3.064210668029986
d:152:1.8975455695624532e-07,1.5321052938690176,1.532105335179308,3.0642104392937686
d:153:3.209963495010015e-08,1.5321052983746988,1.5321053396849909,3.0642106059600547
d:154:-7.402500123987465e-08,1.532105307492106,1.5321052687746963,3.0642106502918036
d:155:1.2466015597567548e-07,1.5321053166095027,1.5321052702344016,3.0642104621837483
d:156:-1.3094204298624845e-07,1.5321053211151838,1.5321052793517218,3.0642107314089486
d:157:7.631845377886748e-08,1.532105325620856,1.5321052838574083,3.0642105331598106
d:158:-2.1787952242391384e-07,1.5321053347382527,1.5321052870733602,3.0642108396911354
d:159:-1.8163237136548105e-07,1.5321053361979775,1.532105291579036,3.064210809409385
d:160:1.1072251027144375e-07,1.5321052652876759,1.532105294794981,3.0642104493601465
d:161:-1.0666099115042016e-08,1.5321052667473865,1.532105296254695,3.0642105736681806
d:162:2.1457898213839144e-07,1.5321052699632531,1.5321052977143967,3.0642103530986677
d:163:-3.947554816363663e-08,1.5321052714229584,1.5321053022200743,3.064210613118581
d:164:-6.651165307403062e-08,1.5321052805403639,1.5321053054360192,3.064210652488036
d:165:1.0646565939964603e-07,1.532105289657757,1.5321053099416897,3.0642104931337872
d:166:-1.084309140253481e-07,1.5321052928736236,1.5321053131576292,3.064210714462167
d:167:4.004937004253861e-08,1.5321052960894797,1.5321053163735563,3.064210572413666
d:168:-6.746587288830597e-08,1.5321052975491884,1.5321053254909174,3.0642106905059787
d:169:3.546442428614682e-08,1.5321053066665868,1.532105329996586,3.0642106011987487
d:170:-1.3776834606460397e-07,1.5321053157839781,1.5321053391139419,3.064210792666266
d:171:1.1003036526346932e-07,1.5321053189998342,1.532105343619607,3.064210552589076
d:172:-1.4445975793364596e-07,1.5321053222156795,1.532105272709245,3.0642107393846825
d:173:-2.623986894434438e-08,1.5321053236753919,1.5321052759251792,3.06421062584044
d:174:2.5946951254240957e-08,1.5321053268912284,1.5321052850425279,3.064210585986805
d:175:1.2195067000675408e-07,1.5321053360086268,1.5321052895481913,3.064210503606148
d:176:-1.953997870174362e-07,1.5321052650982612,1.53210529866554,3.064210759163588
d:177:3.0963468589106924e-07,1.5321052742156507,1.5321053018814723,3.064210266462437
d:178:2.5629249833514223e-07,1.5321052756753595,1.5321053109988139,3.064210330381675
d:179:-3.029131967480225e-08,1.532105280181094,1.5321053155044826,3.064210625976896
d:180:7.105541577345775e-08,1.5321052892984817,1.5321053200101336,3.0642105382531994
d:181:-8.87557227713387e-09,1.5321052984158587,1.5321053245157774,3.0642106318072084
d:182:3.5153192889936236e-07,1.5321053029215914,1.5321053290214142,3.0642102804110767
d:183:-1.555823381238497e-07,1.5321053074273063,1.5321053381387628,3.0642108011484073
d:184:1.6310056238921788e-07,1.5321053088870276,1.532105339598525,3.06421048538499
d:185:5.556632132197592e-08,1.5321053103467328,1.532105344104158,3.0642105988845696
d:186:-1.0851483267515505e-08,1.5321053148524513,1.532105348609777,3.0642106743137116
d:187:2.2748661265836745e-07,1.5321053239698426,1.5321053518257344,3.0642104483089643
d:188:2.473739169062128e-07,1.5321052530594148,1.532105360943092,3.06421036662859
d:189:1.2038479724196804e-07,1.5321052621767954,1.532105290032666,3.064210431824664
d:190:1.2519537406774361e-08,1.532105271294169,1.5321052991500164,3.064210557924648
d:191:-1.5242549444849374e-07,1.532105274510048,1.53210530236597,3.0642107293015126
d:192:9.655110133621747e-08,1.5321052836274163,1.5321053114833116,3.0642104985596266
d:193:-7.117673739287511e-08,1.5321052881331454,1.5321053206006514,3.064210679910534
d:194:-1.165504315281396e-08,1.5321052913490192,1.5321053251062864,3.0642106281103487
d:195:5.6415668581166756e-08,1.5321052928087475,1.5321053283222401,3.064210564715319
d:196:-1.457600262710912e-08,1.5321052942684545,1.5321053315381832,3.0642106403826403
d:197:-1.0325606680794408e-07,1.5321053033858334,1.5321053360438128,3.064210742685713
d:198:-2.388606556991135e-07,1.5321053078915643,1.5321053451611562,3.064210891913376
d:199:-1.3947084021026512e-07,1.5321053093512749,1.5321053466209555,3.0642107954430706
d:200:-4.086915339485131e-08,1.5321053138569969,1.5321053511265852,3.0642107058527355
d:201:-1.9474738266467284e-08,1.5321053170728867,1.5321053556322042,3.064210692179829
d:202:-1.0878876466335896e-08,1.5321053185325901,1.5321053647495493,3.064210694161016
d:203:1.0411877582328088e-07,1.532105321748471,1.5321052938390576,3.064210511468753
d:204:-1.2814178695919054e-07,1.5321053308658623,1.5321052952988587,3.064210754306508
d:205:-9.791761002020394e-08,1.5321053323255622,1.5321052967586457,3.064210727001818
d:206:-8.448427202267794e-08,1.532105336831295,1.532105301264263,3.06421072257983
d:207:1.9281560170725243e-07,1.5321053413370187,1.5321053103816151,3.064210458903032
d:208:4.4211978078578795e-08,1.5321052704265252,1.5321053118413985,3.0642105380559457
d:209:1.990485856140367e-07,1.5321052749322348,1.5321053133011677,3.064210389184817
d:210:-1.4374466061894964e-08,1.5321052763919347,1.5321053224185146,3.0642106131849154
d:211:2.3673079496688842e-08,1.5321052778516222,1.5321053269241407,3.0642105811026834
d:212:2.023283141028287e-07,1.5321052869690295,1.53210532838391,3.0642104130246253
d:213:-7.84365035144674e-08,1.53210529018493,1.5321053315998974,3.064210700221331
d:214:7.46684278851717e-08,1.5321052916446138,1.5321053407172496,3.0642105576934355
d:215:9.668726441702802e-08,1.5321052948605054,1.5321053421770152,3.064210540350256
d:216:8.280062857579651e-09,1.5321052980763916,1.5321053436367684,3.064210633433097
d:217:-2.083736561075966e-08,1.5321052995360684,1.532105346852756,3.06421066722619
d:218:-1.421102631127269e-07,1.5321053027519476,1.5321053513583927,3.0642107962206033
d:219:-1.0127526017811306e-07,1.532105305967809,1.532105354574373,3.064210761817442
d:220:5.1514286170117884e-08,1.532105310473547,1.5321053590800044,3.064210618039265
d:221:-1.2193448917230398e-07,1.5321053149792743,1.532105362295976,3.0642107992097394
d:222:4.7825059468209474e-08,1.5321053240967082,1.5321053637557362,3.064210640027385
d:223:2.6578392819942565e-08,1.5321053332141314,1.5321052928451806,3.0642105994809192
d:224:-7.711189731196555e-08,1.5321053364300035,1.532105301962556,3.0642107155044567
d:225:2.339595770450842e-07,1.532105337889698,1.5321053051785256,3.0642104091086466
d:226:4.7882512177466197e-08,1.5321053393493802,1.5321053142958974,3.0642106057627654
d:227:-1.7583426270562086e-08,1.5321053484668106,1.532105315755656,3.0642106818058927
d:228:-2.0832196412357007e-08,1.532105277556246,1.5321053189716256,3.064210617360068
d:229:7.186793737901098e-08,1.5321052866736657,1.5321053204313753,3.0642105352371036
d:230:-1.1729525795090012e-07,1.5321052881333443,1.5321053295487488,3.064210734977351
d:231:4.635544854636464e-07,1.5321052926390912,1.5321053310084896,3.0642101600930953
d:232:1.4848566820546694e-07,1.532105297144831,1.5321053324682214,3.0642104811273843
d:233:2.129163565456338e-07,1.5321053062622543,1.532105336973883,3.064210430319781
d:234:-6.900709337287481e-09,1.532105315379665,1.532105338433606,3.0642106607139805
d:235:-1.7225898218953262e-07,1.5321053168393473,1.532105347550985,3.0642108366493144
d:236:2.4007018950555903e-07,1.5321053213450835,1.532105350766967,3.064210432041861
d:237:2.9309529914200994e-07,1.5321053304624996,1.5321053522266883,3.064210389593889
d:238:-1.7400529017663757e-08,1.5321053336784018,1.5321053536863989,3.0642107047653298
d:239:1.9794695660380057e-07,1.5321053351380876,1.5321053581920694,3.0642104953832003
d:240:-1.880769140427674e-08,1.5321053383539827,1.5321052872814445,3.0642106444431185
d:241:5.865975616359265e-08,1.5321053428597278,1.5321052904974266,3.064210574697398
d:242:-1.5628751270924113e-07,1.5321052719491028,1.5321052919571354,3.064210720193751
d:243:-5.063489716405911e-08,1.5321052734087761,1.5321052964627988,3.064210620506472
d:244:-2.0839627268287586e-07,1.5321052766246712,1.5321052996787792,3.064210784699723
d:245:-1.2309208941019278e-07,1.532105285742098,1.5321053011384773,3.0642107099726648
d:246:-1.9988766197798213e-07,1.5321052872017713,1.5321053056441372,3.0642107927335704
d:247:2.337577100774979e-07,1.532105288661434,1.5321053088601122,3.064210363763836
d:248:-8.987882793576318e-08,1.5321052901210823,1.5321053103198086,3.064210690319719
d:249:-4.0202699835845124e-08,1.5321052946268399,1.5321053194372283,3.064210654266768
d:250:-9.195410477502719e-08,1.5321053037442756,1.5321053208969158,3.064210716595296
d:251:-1.2595235432399932e-07,1.5321053069601795,1.5321053254025863,3.06421075831512
d:252:2.8572196875131795e-07,1.532105310176071,1.5321053268622666,3.064210351316369
d:253:2.517053410144854e-07,1.5321053146818269,1.5321052559515795,3.0642103189280654
d:254:-1.0485626589229469e-07,1.5321053191875773,1.5321052604572394,3.0642106845010826
d:255:-2.9173743598676083e-07,1.5321053206472364,1.5321052695746644,3.0642108819593368
d:256:5.534041846999571e-08,1.5321053297646827,1.5321052786920824,3.0642105531163466
d:257:2.578760227578414e-07,1.5321052588539938,1.5321052819080787,3.06421028288605
d:258:3.2677003680703365e-07,1.5321052620698872,1.5321052910254878,3.064210226325338
d:259:-1.4066018216851717e-07,1.53210527118733,1.5321053001428933,3.0642107119904054
d:260:6.800227936309966e-09,1.532105280304764,1.532105309260288,3.064210582764824
d:261:3.5157015609854625e-07,1.5321052894221872,1.5321053107199845,3.0642102485720155
d:262:-9.747680174143625e-08,1.5321052926380858,1.532105319837374,3.0642107099522615
d:263:-1.329300598484906e-07,1.5321052971438505,1.532105321297065,3.0642107513709753
d:264:5.232507405139586e-08,1.5321052986035255,1.532105324513072,3.0642105707915235
d:265:3.5824962552055695e-08,1.5321053000631863,1.5321053277290666,3.0642105919672904
d:266:-8.581940846852376e-08,1.5321053045689492,1.5321053368464614,3.064210727234819
d:267:-2.498399709338628e-09,1.5321053060286065,1.5321053413521568,3.064210649879163
d:268:4.300531983858491e-07,1.5321053092445105,1.532105345857845,3.064210225049157
d:269:-3.5720265856298283e-08,1.532105318361955,1.5321053473175397,3.0642107013997606
d:270:-2.0814621848330717e-07,1.532105321577852,1.5321053487772218,3.0642108785012923
d:271:-1.8027709280943327e-07,1.53210532479374,1.532105350236895,3.064210855307728
d:272:-3.0801460937368574e-08,1.5321053280096173,1.5321052793261423,3.0642106381372205
d:273:-1.737341648322399e-07,1.5321053371270636,1.5321052807858013,3.06421079164703
d:274:-1.3519766284275647e-07,1.532105341632839,1.5321052840018101,3.064210760832312
d:275:6.376553329801027e-08,1.532105346138609,1.5321052854614656,3.0642105678345413
d:276:-3.154987737730153e-08,1.5321053552560535,1.5321052945788818,3.0642106813848127
d:277:-1.6480686326758587e-07,1.5321053567157303,1.5321052960385266,3.0642108175611202
d:278:1.3317990976702276e-07,1.532105285804974,1.5321053005442327,3.064210453169297
d:279:-1.8755690334160136e-07,1.5321052903107368,1.5321053020038686,3.064210779871509
d:280:2.9372512777570137e-07,1.5321052994281832,1.5321053052198845,3.06421031092294
d:281:1.3335492354826783e-07,1.5321053008878582,1.5321053097255888,3.0642104772585235
d:282:1.588085787318505e-07,1.5321053023475155,1.5321053111852194,3.064210454724156
d:283:9.342511475551873e-08,1.5321053068532802,1.5321053203026533,3.0642105337308188
d:284:4.7602027564153104e-07,1.5321053100691842,1.5321053248083523,3.064210158857261
d:285:-1.2403525140314287e-07,1.5321053132850775,1.5321053293140423,3.064210766634371
d:286:1.964757601058409e-08,1.5321053224025327,1.532105332530067,3.064210635285024
d:287:-2.0142775802867163e-07,1.532105325618419,1.532105341647501,3.064210868693678
d:288:-1.9776876314381298e-07,1.5321053288342963,1.5321053448635222,3.0642108714665817
d:289:-1.106879459200627e-07,1.532105333340068,1.5321053480795293,3.064210792107543
d:290:-1.4768131251230443e-07,1.5321053365559418,1.5321053571969667,3.064210841434221
d:291:-1.8503584442441934e-08,1.532105338015615,1.5321053663143918,3.0642107228335913
d:292:-1.751020359819222e-07,1.5321053425213886,1.532105369530397,3.0642108871538216
d:293:3.5501440009966245e-08,1.532105351638858,1.5321052986195731,3.064210614756991
d:294:-1.0835314512291916e-07,1.5321053561446227,1.5321053018355695,3.0642107663333373
d:295:-3.6857453977745536e-08,1.5321053652620886,1.5321053050515534,3.064210707171096
d:296:-2.9513430632732707e-07,1.532105368477966,1.532105314168982,3.0642109777812543
d:297:1.2538580840271152e-07,1.5321053716938327,1.5321053173849606,3.064210563692985
d:298:2.9154496061778445e-07,1.5321053749096887,1.5321053265023856,3.0642104098671137
d:299:-2.1334938082873123e-07,1.532105303998863,1.5321053356198,3.064210852968044
d:300:-4.231434758139585e-09,1.5321053131163342,1.532105340125531,3.0642106574733
d:301:-1.6647552669724064e-07,1.5321053145760306,1.5321053415852113,3.0642108226367686
d:302:4.234938266733934e-08,1.5321053190818041,1.5321053448011934,3.064210621533615
d:303:-1.5488506122096624e-07,1.532105320541497,1.532105353918615,3.064210829345173
d:304:-4.617130855422147e-08,1.5321053296589682,1.5321053584243423,3.064210734254619
d:305:1.5950933551778235e-07,1.5321053341647435,1.5321053616403226,3.0642105362957306
d:306:9.075320583917801e-08,1.5321053356244292,1.5321053707577423,3.0642106156289657
d:307:5.6939116532817025e-08,1.5321053401301974,1.5321053798751532,3.064210663066234
d:308:3.4460153486293166e-07,1.5321053492476722,1.5321053830911264,3.0642103877372637
d:309:-1.332459564906685e-07,1.5321053583651398,1.5321053875968627,3.064210879207959
d:310:9.391198929620259e-09,1.532105287454252,1.5321053967142753,3.0642106747773283
d:311:1.369198621148371e-07,1.5321052965717143,1.5321053258033892,3.0642104854552414
d:312:3.0503920811497665e-07,1.5321052980314,1.5321053272630927,3.0642103202552846
d:313:3.671601689347881e-08,1.532105307148857,1.5321053287227873,3.0642105991556274
d:314:2.119799429323166e-07,1.5321053162662999,1.5321053301824694,3.0642104344688263
d:315:-9.911094167591727e-09,1.5321053207720823,1.532105331642141,3.0642106623253174
d:316:-2.1084408174942837e-07,1.5321053222317698,1.5321053407595553,3.064210873835407
d:317:3.598605964327817e-07,1.5321053313492161,1.5321053422192215,3.064210313707841
d:318:9.876522533147636e-08,1.532105335854995,1.532105351336634,3.0642105884264037
d:319:1.6798733781797637e-07,1.532105339070906,1.532105360454036,3.0642105315376043
d:320:5.204642228306966e-07,1.5321053405305918,1.532105369571429,3.064210189637798
d:321:3.409300148859984e-07,1.5321053450363706,1.5321053740771937,3.0642103781835495
d:322:9.142375390069901e-08,1.532105346496051,1.5321053785829477,3.064210633655245
d:323:-1.0219979174053151e-07,1.532105275585101,1.5321053830886893,3.064210760873582
d:324:1.2419332762192425e-07,1.532105277044769,1.5321053121777393,3.0642104650291806
d:325:-1.370364248742817e-07,1.5321052785044245,1.5321053166834684,3.0642107322243177
d:326:-1.8047270167187435e-07,1.5321052876218921,1.5321053181431488,3.0642107862377426
d:327:3.719387109413219e-08,1.5321052967393456,1.5321053226488726,3.064210582194347
d:328:-1.333605705866603e-07,1.532105298199001,1.5321053317662834,3.064210763325855
d:329:-2.3147205041595953e-08,1.5321053073164528,1.5321053349823135,3.0642106654459713
d:330:-5.119057000513294e-08,1.5321053164338903,1.5321053440997172,3.0642107117241775
d:331:-1.291610018938627e-07,1.532105317893544,1.5321053473157402,3.064210794370286
d:332:-3.3252637976488586e-08,1.5321053270109815,1.532105348775426,3.0642107090390454
d:333:-1.8170488935709272e-07,1.5321053302269245,1.5321053502350992,3.064210862166913
d:334:-1.7818246078604716e-07,1.53210533473273,1.532105353451124,3.064210866366315
d:335:-1.529764617203e-07,1.5321053379486678,1.532105357956862,3.0642108488819915
d:336:-1.318033380215411e-07,1.5321053394083233,1.5321053670742817,3.064210838285943
d:337:-9.630214137246185e-08,1.5321053408679663,1.532105296163266,3.0642107333333737
d:338:5.098620547983046e-08,1.5321052699569524,1.5321053052806768,3.0642105242514237
d:339:-1.1576405434254866e-07,1.532105274462758,1.5321053097864148,3.064210700013227
d:340:-8.383426042257724e-08,1.5321052835802131,1.532105311246097,3.0642106786605705
d:341:5.863131136152333e-08,1.5321052850398473,1.532105315751826,3.064210542160362
d:342:2.3400942872342512e-07,1.5321052864994762,1.5321053248692387,3.064210377359286
d:343:1.4342916543341744e-07,1.5321052897154264,1.5321053263289137,3.0642104726151747
d:344:2.121882225480931e-08,1.5321052942212372,1.5321053277885799,3.064210600790995
d:345:-1.4398644587743092e-07,1.5321053033386942,1.5321053292482318,3.064210776573372
d:346:4.936149089473929e-08,1.5321053078444997,1.5321053383656462,3.064210596848655
d:347:-2.3311437402639967e-07,1.532105312350291,1.5321053415816976,3.0642108870463627
d:348:-1.2095709678305866e-07,1.5321053155662447,1.532105346087441,3.0642107826107825
d:349:-4.9068784591099757e-08,1.5321053170258843,1.5321053552048554,3.064210721299524
d:350:5.101295563747499e-08,1.5321052461148064,1.5321053566645126,3.0642105517663634
d:351:-1.8464663220640887e-07,1.5321052506205977,1.5321053598805658,3.0642107951477957
d:352:-4.4805386067992e-09,1.5321052520802265,1.532105363096603,3.064210619657368
d:353:-3.305969187294977e-08,1.532105253539843,1.532105372214021,3.064210658813556
d:354:3.781211415088137e-07,1.5321052549994505,1.53210538133143,3.064210258209739
d:355:2.071053586405469e-07,1.5321052564590474,1.532105310420354,3.0642103597740427
d:356:-5.2844530529227995e-08,1.5321052596750064,1.5321053136363894,3.0642106261559263
d:357:-3.732822406732339e-08,1.5321052687924954,1.5321053227537913,3.064210628874511
d:358:-1.919221936930171e-07,1.5321052702520888,1.5321053242134628,3.0642107863877452
d:359:2.2445564873407875e-07,1.5321052793695742,1.5321053333308594,3.064210388244785
d:360:-6.453885070811793e-08,1.5321052808291586,1.5321053378366312,3.0642106832046405
d:361:5.807287095649372e-09,1.5321052822887289,1.532105341052672,3.0642106175341137
d:362:-4.098421335640978e-08,1.5321052867945486,1.5321053455584384,3.0642106733372003
d:363:-5.6277734472587326e-08,1.5321052900105236,1.532105347018108,3.064210693306366
d:364:-4.3891716927646485e-08,1.532105293226488,1.5321053502341488,3.064210687352354
d:365:-9.870269224165895e-08,1.5321053023439823,1.532105351693808,3.0642107527404825
d:366:1.0510096259963575e-07,1.5321053055599414,1.532105356199576,3.064210556658555
d:367:2.1134987981952236e-07,1.5321053100657647,1.5321053576592334,3.0642104563751182
d:368:3.363487444119073e-08,1.5321052391546193,1.5321053621649927,3.0642105676847375
d:369:-9.13411533076669e-08,1.5321052482721136,1.532105291253849,3.064210630867116
d:370:-6.327996970867389e-08,1.5321052573896008,1.5321052927134957,3.064210613383066
d:371:2.738965321213982e-08,1.532105260605558,1.53210529417313,3.0642105273890348
d:372:1.4497448574957161e-08,1.5321052697230417,1.5321053032905638,3.064210558516157
d:373:1.5267189645840062e-07,1.5321052788405165,1.5321053077963267,3.0642104339649467
d:374:1.118891610474293e-07,1.5321052803001152,1.5321053092559591,3.0642104776669132
d:375:-1.0100951008951142e-07,1.5321052894175846,1.5321053183733895,3.064210708800484
d:376:-3.033616362557723e-07,1.5321052939234239,1.5321053228791452,3.0642109201642054
d:377:-1.5090538063589065e-07,1.5321052953830225,1.5321053273848957,3.064210773673299
d:378:-4.6018550747817244e-08,1.5321052968426088,1.5321053318906337,3.064210674751793
d:379:-1.812463388262131e-07,1.5321053013484462,1.532105336396361,3.064210818991146
d:380:-1.566083991377809e-07,1.5321053104659192,1.5321053455138003,3.0642108125881187
d:381:-2.0148086754545602e-07,1.532105311925502,1.5321053500195223,3.0642108634258918
d:382:1.178218305142309e-07,1.5321053151414912,1.53210527910832,3.0642104764279807
d:383:-8.64061320271503e-08,1.5321053196473287,1.5321052836140296,3.0642106896674903
d:384:-5.37626938523772e-08,1.532105328764807,1.5321052927314671,3.064210675258968
d:385:3.273171955697762e-08,1.5321053332706374,1.5321052941911208,3.0642105947300387
d:386:8.202589008021732e-08,1.5321053377764624,1.5321052956507621,3.0642105514013345
d:387:8.091627989870176e-08,1.5321053468939372,1.5321053001564735,3.064210566134131
d:388:-7.642204558067078e-08,1.532105348353534,1.5321053016161095,3.064210726391689
d:389:2.0720862892176228e-07,1.5321052774423212,1.532105310733554,3.0642103809672463
d:390:4.296144950899361e-08,1.532105281948139,1.5321053198509933,3.064210558837683
d:391:4.723289972474731e-07,1.532105291065621,1.5321053230671104,3.064210141803734
d:392:1.3259807829513193e-07,1.5321052925252072,1.5321053275728254,3.0642104874999543
d:393:3.810355373445873e-07,1.5321052939847863,1.5321053320785332,3.064210245027782
d:394:2.184604124266798e-07,1.5321052972007951,1.5321053352946468,3.0642104140350295
d:395:3.390013727511132e-07,1.532105306318277,1.532105339800344,3.064210307117248
d:396:2.810531629648949e-07,1.5321053154357482,1.5321053443060357,3.064210378688621
d:397:-1.4813487325682217e-08,1.5321053168953274,1.532105273394766,3.0642106051035807
d:398:5.5335874549200526e-08,1.5321053183548923,1.5321052825122177,3.0642105455312354
d:399:-6.785660922048464e-08,1.5321053228607333,1.5321052870179042,3.0642106777352467
d:400:1.0185614307545166e-07,1.532105331978208,1.5321052884775597,3.0642105185996247
d:401:-1.3578828728100234e-08,1.5321053334377694,1.532105289937208,3.0642106369538062
d:402:-5.850630380166422e-08,1.532105336653796,1.5321052990546669,3.0642106942147667
d:403:-1.4008698023815214e-07,1.5321053398698083,1.5321053022707911,3.0642107822275797
d:404:1.2816544447957767e-07,1.5321053489872885,1.532105303730436,3.06421052455228
d:405:-4.1370224579395654e-08,1.5321052780760134,1.5321053128478894,3.0642106322941274
d:406:-5.81091637030795e-08,1.5321052871934846,1.5321053219653376,3.064210667267986
d:407:8.758534164599041e-08,1.5321052904095005,1.53210532647104,3.064210529295199
d:408:1.0342548151243136e-08,1.5321052995269646,1.5321053279306813,3.064210617115098
d:409:-1.2986313535634508e-07,1.5321053086444216,1.532105329390312,3.064210767897869
d:410:-6.561873000521246e-08,1.5321053131502875,1.5321053385077654,3.064210717276783
d:411:8.003946803114559e-07,1.5321053222677374,1.5321053476252047,3.064209869498262
d:412:4.310560974829514e-08,1.5321053237273219,1.5321053521309125,3.0642106327526246
d:413:-1.303384706830002e-07,1.5321053251868921,1.5321053612483464,3.064210816773709
d:414:-5.549567738682981e-08,1.5321053266464535,1.5321053644645026,3.0642107466066335
d:415:-7.189478878899536e-08,1.5321053357639105,1.5321053735819365,3.064210781240636
d:416:-1.2583109842978502e-07,1.5321053389799424,1.5321053826993598,3.0642108475104006
d:417:1.7133202945274206e-07,1.5321053434858172,1.532105391816776,3.0642105639705637
d:418:2.8620393166534086e-08,1.5321053449453785,1.5321053209054387,3.064210637230424
d:419:-2.5241478240900506e-08,1.532105348161405,1.5321053241215932,3.0642106975244765
d:420:4.221216798327987e-07,1.5321053526672763,1.532105333239004,3.0642102637846005
d:421:-8.343988611159148e-09,1.5321053571731387,1.5321053423564042,3.0642107078735314
d:422:1.4520773916615326e-08,1.5321053616789921,1.5321053438160686,3.0642106909742868
d:423:-2.121948003974694e-07,1.532105370796467,1.5321053470322212,3.0642109300234885
d:424:9.97739991959179e-07,1.5321053740125006,1.5321053515379557,3.0642097278104643
d:425:2.5858459906658027e-07,1.532105303101158,1.5321053529976147,3.0642103975141737
d:426:4.492597405203469e-08,1.5321053063171792,1.5321053562137656,3.064210617604971
d:427:-1.1407594513457298e-07,1.5321053095331898,1.5321053653311818,3.0642107889403167
d:428:-2.1765170998833128e-08,1.5321053109927671,1.5321053667908355,3.0642106995487737
d:429:8.57932924702709e-09,1.532105320110249,1.5321053700069847,3.0642106815379044
d:430:-2.9624047215293103e-08,1.5321053292277238,1.5321053714666295,3.0642107303184005
d:431:5.8825561310982266e-08,1.532105338345188,1.5321053729262655,3.064210652445892
d:432:9.415012236502207e-08,1.532105341561202,1.5321053774320124,3.064210624843092
d:433:-2.914290675448683e-08,1.5321053430207865,1.5321053865494392,3.0642107587131324
d:434:-9.761502717253734e-08,1.5321053475266648,1.5321053156380362,3.064210760779728
d:435:1.748745557250686e-07,1.532105352032536,1.5321053170976686,3.064210494255649
d:436:-1.4238899836982455e-08,1.532105356538393,1.5321053262150865,3.0642106969923795
d:437:9.301722059262829e-08,1.5321053597544143,1.532105329431248,3.064210596168442
d:438:1.6923024226400685e-07,1.5321053612139988,1.5321053385486643,3.0642105305324208
d:439:-2.49323596435147e-07,1.532105364430011,1.5321053400082913,3.064210953761899
d:440:8.974854281973421e-08,1.5321053658895867,1.5321053414679113,3.064210617608955
d:441:-2.3186956354948052e-08,1.5321052949781784,1.5321053459736778,3.0642106641388125
d:442:-1.0596086319480946e-07,1.5321052964377415,1.532105349189841,3.064210751588446
d:443:-1.1640212527197491e-07,1.5321053055552376,1.532105350649454,3.064210772606817
d:444:-5.56294033060567e-09,1.5321053100611106,1.5321053551552186,3.0642106707792696
d:445:7.921232381136178e-08,1.5321053132771265,1.532105356614828,3.0642105906796306
d:446:-9.186279292805466e-08,1.53210531649313,1.5321053611205802,3.064210769476503
d:447:-5.160185168051612e-08,1.5321053179527002,1.532105365626327,3.064210735180879
d:448:-2.586546532512557e-07,1.5321053211686948,1.5321053701320597,3.0642109499554078
d:449:-9.565413527923283e-08,1.5321053226282562,1.5321053792495078,3.0642107975318993
d:450:3.4155203110231014e-09,1.5321053317457682,1.5321053824656872,3.064210710795935
d:451:-5.251350110313524e-08,1.5321053332053207,1.5321053915831282,3.06421077730195
d:452:1.4583072527329932e-08,1.5321052622938467,1.5321053206716577,3.064210568382432
d:453:-1.1104660302407865e-08,1.5321052714113534,1.532105329789088,3.064210612305102
d:454:-1.576209207598822e-07,1.5321052805288513,1.5321053330052656,3.0642107711550377
d:455:8.01154609320065e-08,1.532105289646342,1.5321053375110125,3.0642105470418937
d:456:-1.1071252536964948e-07,1.5321052911058946,1.5321053466284464,3.0642107484468664
d:457:2.477158940195068e-07,1.5321053002233782,1.5321053511341827,3.064210403641667
d:458:-5.112225132108961e-08,1.532105303439394,1.5321053602516077,3.064210714813253
d:459:-1.2180260000604903e-07,1.532105304898943,1.532105361711249,3.064210788412792
d:460:-1.128589328658336e-07,1.5321053140164285,1.5321053649274354,3.0642107918027968
d:461:3.381419588777135e-08,1.5321053172324408,1.5321053694331717,3.0642106528514166
d:462:4.668562425536038e-09,1.532105326349921,1.5321053739389008,3.0642106956202593
d:463:-1.3042647317718092e-07,1.5321053278094698,1.5321053784446192,3.0642108366805623
d:464:-4.126084363065274e-09,1.532105332315398,1.5321053829503288,3.064210719391811
d:465:2.265131140433141e-07,1.5321053414328762,1.5321053874560278,3.06421050237579
d:466:8.421696051641447e-08,1.5321053505503475,1.5321053889156762,3.064210655249063
d:467:-2.0159620639503828e-07,1.532105279638813,1.5321053980331278,3.0642108792681473
d:468:-7.370999099975961e-08,1.5321052887562736,1.5321054071505689,3.0642107696168335
d:469:1.8117054523258957e-08,1.5321052919722966,1.532105416268001,3.064210690123243
d:470:7.502861976149688e-08,1.5321052934318544,1.5321054177276512,3.064210636130886
d:471:-3.073814269782815e-08,1.532105296647872,1.5321054209438625,3.0642107483298773
d:472:-1.5064854430590913e-07,1.532105305765338,1.5321053500323298,3.064210806446212
d:473:6.674151311614196e-07,1.532105310271282,1.5321053591497602,3.064210002005911
d:474:-1.8988425942723097e-07,1.5321053134872997,1.5321053606094068,3.064210863980966
d:475:1.9580266830132587e-07,1.5321053226047603,1.5321053638256164,3.0642104906277083
d:476:1.1121143828063396e-07,1.532105331722219,1.5321053729430485,3.0642105934538293
d:477:1.2091438428285528e-07,1.532105336228165,1.5321053761592491,3.0642105914730298
d:478:-7.77788091710363e-08,1.532105345345613,1.5321053793754373,3.0642108024998596
d:479:-2.315112279660525e-07,1.5321053544630558,1.5321053808350857,3.0642109668093696
d:480:4.093994263598688e-07,1.5321053576790788,1.532105385340822,3.0642103336204745
d:481:3.1759904928208016e-08,1.5321053591386598,1.5321053944582612,3.064210721837016
d:482:-1.9540561524422628e-07,1.5321053636446145,1.5321054035756934,3.064210962625923
d:483:-2.9596531447850793e-08,1.532105366860634,1.5321054126931148,3.06421080915028
d:484:-7.780511523947098e-08,1.532105368320213,1.5321054141527686,3.064210860278097
d:485:-1.50863854742056e-08,1.5321053728261589,1.532105423270183,3.0642108111827273
d:486:-4.118186325285933e-08,1.5321053019145605,1.5321053523585881,3.064210695455012
d:487:1.0520413162851128e-07,1.5321053051305782,1.532105355574794,3.0642105555012407
d:488:5.8470828179224554e-08,1.5321053142480388,1.5321053646922067,3.0642106204694173
d:489:1.719957669621408e-07,1.5321053187539846,1.5321053679084056,3.064210514666623
d:490:2.5015699733899055e-08,1.5321053278714416,1.532105369368061,3.064210672223803
d:491:-2.279935635840502e-07,1.5321053293310243,1.532105370827706,3.064210928152294
d:492:-1.059401935066262e-07,1.5321053338369666,1.5321053753334706,3.0642108151106306
d:493:1.27939989269521e-07,1.5321053352965404,1.5321053767931065,3.0642105841496576
d:494:-2.4907595985723674e-09,1.5321053367561088,1.5321053812988659,3.0642107205457343
d:495:3.961488026504867e-07,1.5321053412620476,1.532105382758493,3.064210327871738
d:496:-3.075376913130867e-07,1.5321053427216036,1.5321053842181112,3.064211034477406
d:497:2.4103115769946726e-07,1.532105347227537,1.5321053933355433,3.0642104995319226
d:498:6.245125145909469e-07,1.532105348687086,1.5321053965517617,3.064210120726333
d:499:-2.5284493254673635e-07,1.5321053519031338,1.5321054010575264,3.0642110058055927
d:500:-2.458292271967366e-07,1.5321053564090654,1.5321054055632786,3.064211007801571
d:501:-1.5665436947642775e-08,1.5321053655265526,1.5321054146807196,3.064210795872709
d:502:-4.2118230680898705e-08,1.532105374644031,1.5321054178969362,3.064210834659198
d:503:-9.222577190826087e-08,1.5321053778600788,1.5321053469852721,3.064210817071123
d:504:1.1411455425047734e-07,1.5321053869775518,1.5321053502014799,3.0642106230644774
d:505:3.8042321470754814e-07,1.532105396095016,1.532105351661107,3.064210367332908
d:506:1.3989305358563797e-07,1.5321053975545809,1.5321053531207305,3.0642106107822578
d:507:2.2408581301647246e-07,1.5321053266429114,1.532105362238175,3.0642104647952735
d:508:-2.754523098502659e-07,1.5321053357603756,1.5321053654543828,3.064210976667068
d:509:6.932418372684879e-08,1.5321053389764252,1.5321053745718238,3.0642106442240653
d:510:-6.016733600233692e-08,1.5321053480938822,1.532105383689256,3.064210791950474
d:511:-2.3754939704190292e-07,1.5321053572113321,1.5321053851488795,3.0642109799096087
d:512:2.071904834366478e-07,1.5321053617172904,1.532105389654662,3.064210544181469
d:513:2.6086481774711956e-07,1.5321053649333454,1.5321053987720923,3.06421050284062
d:514:-1.9131300810215635e-07,1.53210537405079,1.532105327860366,3.064210893224164
d:515:6.349367787095161e-08,1.5321053755103673,1.5321053369777875,3.064210648994477
d:516:4.9081885222790334e-08,1.5321053800163273,1.5321053460952037,3.064210677029646
d:517:3.4628349965259986e-08,1.532105389133772,1.5321053552126056,3.0642107097180276
d:518:1.8311823879457734e-07,1.5321053936397302,1.5321053597183933,3.0642105702398847
d:519:4.998389258048519e-08,1.5321053968557905,1.5321053629346224,3.0642107098065203
d:520:3.6821132631814635e-07,1.5321053983153696,1.5321053661508426,3.064210396254886
d:521:-2.9082295682769654e-08,1.5321054028213226,1.5321053752682499,3.064210807171868
d:522:2.898613793433924e-07,1.532105411938776,1.5321053797740376,3.0642105018514343
d:523:1.1751541251214803e-07,1.5321054164447219,1.5321053888914449,3.0642106878207542
d:524:7.729924789146025e-08,1.5321054179042992,1.5321053903510933,3.0642107309561446
d:525:-8.293221220867508e-08,1.5321054211203684,1.5321053935673188,3.0642108976198994
d:526:-1.5136486730682464e-07,1.5321054225799422,1.5321053967835319,3.0642109707283414
d:527:-9.341046691702104e-08,1.5321053516682106,1.5321054012893267,3.0642108463680042
d:528:3.402216464110097e-08,1.5321053607856712,1.5321054027489804,3.064210729512487
d:529:-1.2612382604970662e-07,1.532105369903121,1.5321053318371902,3.0642108278641373
d:530:2.1544680706142572e-07,1.5321053713626878,1.5321053363429744,3.064210492258855
d:531:-1.0185206278379155e-07,1.5321053758686496,1.5321053454603941,3.0642108231811065
d:532:3.0848958942897298e-09,1.532105379084724,1.5321053486766107,3.064210724676439
d:533:5.0467191314851334e-08,1.5321053882021811,1.5321053531823932,3.064210690917383
d:534:-1.0789584869996816e-07,1.5321053914182539,1.5321053563986062,3.064210855712709
d:535:2.1881107592491844e-07,1.5321053946343088,1.532105360904378,3.064210536727611
d:536:-1.0341211797992855e-07,1.5321053978503567,1.5321053654101444,3.064210866672619
d:537:-1.0065479294496527e-07,1.5321054010663975,1.5321053699159002,3.0642108716370906
d:538:-8.243531546270333e-08,1.5321054042824258,1.5321053713755681,3.0642108580933094
d:539:-4.5387320568579526e-08,1.5321054133998917,1.5321053804930074,3.0642108392802196
d:540:7.053312955918045e-08,1.5321054225173505,1.5321053819526718,3.0642107339368927
d:541:-3.1661311794550784e-08,1.53210542702333,1.5321053834123202,3.064210842096962
d:542:2.796686580097685e-07,1.5321054361407835,1.5321053866285457,3.064210543100671
d:543:-3.784159829933742e-08,1.5321054376003875,1.5321053898447623,3.064210865286748
d:544:2.9642154331099846e-07,1.5321054421063653,1.532105398962205,3.064210544647027
d:545:2.7398542812306914e-07,1.5321054435659605,1.5321054080796461,3.0642105776601785
d:546:4.2622118989754654e-07,1.532105452683414,1.532105409539298,3.064210436001522
d:547:-1.6099967936611392e-07,1.5321053817716148,1.5321054140450787,3.064210956816373
d:548:1.9495240977107642e-08,1.5321053908890647,1.5321054155047253,3.064210786898549
d:549:-4.306170531265252e-08,1.5321053941051144,1.5321053445928676,3.0642107817596873
d:550:-1.6533541469243573e-07,1.532105395564706,1.5321053490986412,3.064210909998762
d:551:-1.2322039921741634e-07,1.5321053970242886,1.5321053505582771,3.064210870802965
d:552:-1.871405377329438e-07,1.532105398483857,1.5321053520179042,3.064210937642299
d:553:-2.6207125358723715e-10,1.5321054029898544,1.5321053552341404,3.064210758486066
d:554:2.3726498099563287e-08,1.5321054121073132,1.5321053643515956,3.0642107527324107
d:555:-1.1066118688063398e-08,1.53210541532337,1.5321053734690384,3.064210799858527
d:556:3.3350485750816006e-07,1.5321054244408252,1.5321053779748208,3.0642104689107885
d:557:-6.514403416701953e-08,1.532105433558268,1.5321053870922619,3.064210885794564
d:558:8.88075568639124e-09,1.5321054426757055,1.5321053962096975,3.0642108300046473
d:559:-1.294125713258154e-07,1.53210544718171,1.5321053976693353,3.0642109742636165
d:560:8.65894467239059e-08,1.532105448641298,1.532105326757419,3.06421068880927
d:561:7.340517527154589e-09,1.5321054501008717,1.5321053299736658,3.06421077273402
d:562:9.661687982998046e-08,1.532105451560433,1.53210533447945,3.0642106894230032
d:563:1.562357994089325e-07,1.532105460677876,1.5321053435968874,3.064210648038964
d:564:3.22420738996243e-08,1.532105462137432,1.5321053481026645,3.0642107779980226
d:565:-9.231015951627342e-08,1.5321054666434435,1.5321053513189113,3.0642109102725144
d:566:5.6390165426023486e-08,1.5321053957315787,1.5321053604363488,3.064210699777762
d:567:-1.1381882103478347e-08,1.532105398947662,1.5321053695537774,3.0642107798833216
d:568:-1.057367029488887e-07,1.532105408065112,1.5321053740595598,3.0642108878613747
d:569:-7.930797352173613e-08,1.5321054112811865,1.532105377275803,3.064210867864963
d:570:1.3753942518235363e-07,1.5321054157872016,1.5321053863932352,3.0642106646410117
d:571:-1.5378714657288128e-07,1.532105424904648,1.532105390899014,3.0642109695908086
d:572:2.7820740022832524e-07,1.5321054263642093,1.5321053199870303,3.0642104681438393
d:573:4.418462040689519e-08,1.532105435481654,1.5321053232032718,3.0642107145003052
d:574:1.881396229919119e-07,1.532105439987669,1.5321053323206986,3.0642105841687446
d:575:1.289086526412575e-08,1.5321054444936717,1.5321053368264739,3.0642107684292803
d:576:9.202521589202206e-08,1.5321054477097658,1.5321053400427171,3.064210695727267
d:577:-5.34224202652922e-08,1.5321054491693342,1.5321053491601457,3.0642108517519
d:578:1.6616755615928014e-07,1.532105450628892,1.5321053523763783,3.064210636837714
d:579:-6.158624543672886e-08,1.5321054551348983,1.5321053614937998,3.0642108782149435
d:580:-9.210431350936688e-08,1.5321054565944472,1.532105362953489,3.06421091165225
d:581:-7.47002673051611e-08,1.5321054580539855,1.5321053661697217,3.0642108989239745
d:582:-1.1271300337512002e-07,1.5321054671714478,1.5321053752871379,3.064210955171589
d:583:-1.0052193921694652e-07,1.5321054686309807,1.5321053785033634,3.0642109476562833
d:584:3.313906660196153e-08,1.5321053977190484,1.5321053830091582,3.06421074758914
d:585:-4.026414224256314e-08,1.5321054068365072,1.5321053862253784,3.064210833326028
d:586:-5.071021469404968e-08,1.5321054113425205,1.5321053894415844,3.0642108514943196
d:587:-1.3843239266009277e-07,1.5321054158485232,1.532105390901286,3.064210945182202
d:588:-4.9966249804356266e-08,1.532105420354517,1.53210531998924,3.064210790310007
d:589:-6.843530897526762e-08,1.532105423570636,1.5321053232054371,3.064210815211382
d:590:-2.1603035449402341e-07,1.5321054326881054,1.5321053323228764,3.0642109810413363
d:591:2.99302890027775e-07,1.5321054418055606,1.5321053368286783,3.064210479331349
d:592:2.2142982913919695e-07,1.5321054450216796,1.5321053413344732,3.0642105649263236
d:593:-9.335680317690276e-08,1.5321054482377825,1.5321053458402556,3.0642108874348413
d:594:1.3550759803138135e-07,1.5321054573552413,1.5321053490564598,3.064210670904103
d:595:5.0968059994715986e-08,1.532105458814799,1.5321053505161721,3.0642107583629112
d:596:-5.96997278279332e-08,1.5321053879028046,1.5321053596336203,3.0642108072361527
d:597:1.2210493416375812e-07,1.5321053893623482,1.5321053628498191,3.064210630107233
d:598:-1.5823417776061888e-07,1.5321053938683633,1.532105371967262,3.064210924069803
d:599:1.2150520234399664e-07,1.5321053983743624,1.5321053810846958,3.064210657953856
d:600:1.3847733804084328e-07,1.5321054015904778,1.5321053902021209,3.0642106533152607
d:601:9.014940971496799e-08,1.5321054107079455,1.5321053916618403,3.064210712220376
d:602:2.817260682519418e-07,1.5321054139240502,1.53210540077926,3.064210532977242
d:603:3.0628372726937414e-08,1.5321054184300529,1.532105405285069,3.0642107930867493
d:604:-6.704993182893304e-08,1.5321054198896071,1.5321054067447832,3.064210893684322
d:605:4.990948454519639e-08,1.5321054290070801,1.5321054082044885,3.064210787302084
d:606:-2.0986368198805394e-07,1.5321054304666273,1.5321054114207122,3.0642110517510215
d:607:2.0103488118650148e-07,1.532105439584095,1.5321054146369164,3.06421065318613
d:608:2.242044789824149e-07,1.5321053686720365,1.5321053437248064,3.064210488192364
d:609:-6.140357733386281e-08,1.532105377789497,1.5321053528422368,3.064210792035311
d:610:7.001982638144e-08,1.5321053810056142,1.5321053619596618,3.0642106729454497
d:611:-1.0472650480153334e-07,1.5321053842217207,1.5321053710770727,3.064210860025298
d:612:9.125011679600448e-08,1.5321053887277394,1.5321053742932822,3.064210671770905
d:613:1.491555696730984e-07,1.5321053932337492,1.5321053757529945,3.064210619831174
d:614:1.186149827248073e-07,1.5321054023512168,1.5321053789691987,3.064210662705433
d:615:-1.5357814575622797e-07,1.5321054055673233,1.5321053834750344,3.0642109426205035
d:616:-7.671772905837315e-08,1.5321054146847874,1.5321053925924577,3.064210883994974
d:617:6.524081541670057e-08,1.5321054161443541,1.5321053970982845,3.0642107480018232
d:618:-1.8016229219597335e-07,1.532105420650371,1.5321054016041042,3.0642110024167675
d:619:1.8205273732974092e-08,1.5321054221099324,1.5321054107215275,3.064210814626186
d:620:2.186073349008666e-07,1.5321054266159404,1.5321054152273401,3.0642106232359456
d:621:2.3040489516290563e-07,1.5321054311219378,1.5321053443151644,3.064210545032207
d:622:1.4030529627007127e-08,1.532105434338055,1.5321053488209628,3.064210769128488
d:623:-1.1244564923629241e-07,1.532105363425936,1.5321053520371848,3.06421082790877
d:624:-5.827837590288709e-08,1.5321053666420426,1.5321053534969202,3.0642107784173387
d:625:1.9120256844473715e-07,1.5321053698581384,1.532105356713128,3.064210535368698
d:626:-1.6612075270927562e-08,1.5321053789756238,1.5321053581728545,3.0642107537605536
d:627:-1.9598354228378412e-07,1.5321053804351958,1.5321053626786636,3.0642109390974017
d:628:-2.5122715641145987e-07,1.5321053895526706,1.5321053717961046,3.0642110125759316
d:629:1.1999539850648944e-07,1.5321053910122355,1.532105375012316,3.064210646029153
d:630:-3.2861176890719435e-08,1.532105395518247,1.5321053782285148,3.0642108066079388
d:631:3.2467602650854133e-07,1.5321054046357272,1.5321053814447048,3.0642104614044055
d:632:2.62580138965518e-07,1.532105409141737,1.5321053905621511,3.064210537123749
d:633:1.4280370663755093e-07,1.53210541825921,1.5321053996795868,3.06421067513509
d:634:5.21557232957548e-08,1.5321054197187784,1.5321054041854048,3.06421077174846
d:635:3.1398263544701877e-08,1.5321054211783327,1.5321054074015965,3.0642107971816657
d:636:5.1037400083941975e-08,1.5321054256843425,1.5321054165190304,3.064210791165973
d:637:-1.150585902109924e-07,1.5321054301903398,1.532105345606789,3.064210890855719
d:638:-7.053793638078787e-08,1.5321054393078253,1.5321053547242176,3.0642108645699793
d:639:6.708416044887144e-08,1.5321054425239602,1.5321053561839708,3.0642107316237706
d:640:1.872202197716888e-07,1.5321054439835162,1.5321053594001608,3.0642106161634572
d:641:2.0733438255149395e-07,1.5321054454430652,1.532105362616342,3.0642106007250245
d:642:-3.465295428384252e-08,1.5321054469026016,1.532105364076095,3.064210845631651
d:643:1.1828291235360666e-07,1.5321053759904082,1.5321053731935237,3.0642106309010195
d:644:2.697323679967667e-07,1.532105385107899,1.532105377699363,3.064210493074894
d:645:7.60323413118158e-08,1.532105389613907,1.5321053791591126,3.0642106927406783
d:646:-8.52179731225533e-08,1.5321053910734381,1.532105380618848,3.0642108569102593
d:647:-2.296165035886588e-08,1.5321053942895855,1.532105383835038,3.064210801086274
d:648:-3.386596958421251e-08,1.5321053987955917,1.5321053883408773,3.0642108210024386
d:649:7.611425445475106e-08,1.5321054033015944,1.5321053974583236,3.0642107246456636
d:650:-8.945276519511935e-08,1.5321054078075793,1.5321053265460218,3.0642108238063663
d:651:4.072445349834197e-07,1.5321054123135536,1.5321053280057573,3.064210333074776
d:652:1.3089119654807746e-07,1.532105416819526,1.5321053371231983,3.064210623051528
d:653:-4.510745199581834e-08,1.5321054200356752,1.532105346240625,3.0642108113837523
d:654:8.247346805489997e-08,1.532105421495224,1.5321053477003588,3.064210686722115
d:655:-2.165817516441848e-07,1.5321054260011877,1.5321053509165576,3.064210993499497
d:656:1.4503668666066005e-07,1.532105427460726,1.5321053523762824,3.0642106348003217
d:657:-7.745138397297069e-08,1.5321053565484686,1.5321053614937146,3.064210795493567
d:658:2.0559984470480686e-07,1.5321053580079944,1.5321053629534305,3.06421051536158
d:659:-3.8094734478022474e-08,1.532105367125526,1.5321053674592946,3.064210772679555
d:660:6.06611045839145e-08,1.5321053762430523,1.5321053706755023,3.06421068625745
d:661:2.629224358230431e-07,1.5321053777025746,1.532105373891694,3.064210488671833
d:662:-6.36676418253046e-08,1.5321053822085453,1.5321053830091333,3.0642108288853205
d:663:-1.1372742392268265e-07,1.5321053854247193,1.5321053921265673,3.0642108912787105
d:664:4.1260709870982737e-07,1.5321053868842327,1.5321054012439888,3.0642103755211227
d:665:-1.4017908789298872e-07,1.5321053901003996,1.5321054103614067,3.064210940640894
d:666:2.9736545492653477e-07,1.5321053933165523,1.5321054194788104,3.0642105154299077
d:667:-1.6466316488106258e-07,1.532105396532696,1.5321054226950128,3.0642109838908738
d:668:1.2311843100576425e-07,1.5321054010386774,1.5321054259112046,3.064210703831451
d:669:-1.7041867295120028e-07,1.5321054055446481,1.5321054291273857,3.0642110050907068
d:670:7.925908285244532e-08,1.5321054087607884,1.5321054336332764,3.064210763134982
d:671:1.4413502036347836e-07,1.532105411976918,1.5321053627209071,3.0642106305628047
d:672:1.8032626591946155e-07,1.5321054151930351,1.5321053659370794,3.0642106008038485
d:673:-1.094072636931287e-07,1.5321054196990076,1.5321053750544955,3.064210904160767
d:674:-8.736645717988267e-08,1.532105348786688,1.5321053795603863,3.0642108157135315
d:675:-3.1567354952244386e-08,1.532105350246228,1.5321053840662646,3.0642107658798476
d:676:2.1694909690950226e-07,1.5321053534623417,1.5321053855260267,3.0642105220392715
d:677:-1.9835816544855334e-08,1.5321053566784482,1.5321053869857817,3.0642107635000464
d:678:-1.5589719559727655e-07,1.5321053581379793,1.5321053914916547,3.0642109055268296
d:679:1.4201042475292525e-07,1.5321053626439554,1.5321053947078411,3.0642106153413717
d:680:-1.226905599338579e-07,1.5321053717615403,1.5321053992137106,3.064210893665811
d:681:-1.7993747647437885e-07,1.5321053762675092,1.532105400673462,3.0642109568784477
d:682:-3.067271414636252e-08,1.5321053807734692,1.5321054021332046,3.064210813579388
d:683:-3.390171521289176e-08,1.5321053852794186,1.5321053312207713,3.064210750401905
d:684:1.4717130270014422e-07,1.532105394397007,1.5321053403382159,3.0642105875639203
d:685:-9.54446921497265e-08,1.5321053989029476,1.532105341797946,3.0642108361455858
d:686:-2.2292708123927696e-07,1.532105408020536,1.5321053450141413,3.0642109759617586
d:687:-1.003120768672261e-07,1.5321054171381103,1.5321053464738643,3.0642108639240515
d:688:-1.1247693798566161e-07,1.5321054203542381,1.5321053496900472,3.0642108825212233
d:689:-7.772700882924255e-08,1.5321053494418546,1.5321053529062247,3.064210780075088
d:690:-2.1163532437640242e-07,1.532105350901416,1.5321053574121137,3.064210919948854
d:691:1.421930981848618e-07,1.53210535540736,1.5321053606282788,3.0642105738425407
d:692:-2.4459051672920396e-08,1.532105359913297,1.5321053638444333,3.064210748216782
d:693:8.015497705571306e-07,1.532105364419225,1.5321053729619045,3.064209935831359
d:694:6.247063240039097e-07,1.5321053689251425,1.5321053774677935,3.064210121686612
d:695:-2.6148805787329366e-08,1.532105373431051,1.5321053806839462,3.064210780263803
d:696:3.1757778629071254e-09,1.5321053766471913,1.53210538390009,3.0642107573715034
d:697:5.026378033790024e-07,1.5321053798633226,1.5321053930175577,3.064210270243077
d:698:-2.431806809255477e-07,1.5321053813228964,1.5321053221050622,3.0642109466086396
d:699:7.26806881345965e-08,1.532105385828805,1.53210532356481,3.064210636712927
d:700:3.164558997070799e-07,1.532105387288368,1.5321053250245456,3.064210395857014
d:701:-7.658877443361689e-08,1.5321053887479241,1.5321053264842739,3.0642107918209724
d:702:-1.024043463360158e-07,1.532105391964059,1.5321053279439898,3.064210822312395
d:703:1.2357681988817149e-07,1.5321053951801815,1.5321053311601371,3.0642106027634988
d:704:9.035943016044712e-08,1.532105324267734,1.5321053343762756,3.0642105682845795
d:705:-6.738057223287797e-09,1.5321053287736444,1.532105335835988,3.0642106713476895
d:706:-1.0283149265433167e-07,1.5321053378912755,1.5321053372956879,3.064210778018456
d:707:1.0986253862199646e-07,1.5321053393508297,1.5321053418016053,3.0642105712898964
d:708:1.7262678220220096e-07,1.532105340810375,1.532105343261298,3.064210511444891
d:709:3.4502931001156867e-07,1.5321053453162872,1.5321053523787995,3.0642103526657767
d:710:4.462043889930101e-08,1.532105348532422,1.5321052814662401,3.0642105853782233
d:711:-2.421602740554363e-07,1.5321053499919604,1.5321052859721558,3.06421087812439
d:712:1.6130434588035314e-07,1.5321053532080846,1.5321052950896483,3.064210486993387
d:713:1.6926255774762922e-07,1.5321053564242,1.5321052995955622,3.0642104867572044
d:714:3.322952579765115e-07,1.5321053596403047,1.5321053041014618,3.0642103314465086
d:715:-1.4578603213522001e-08,1.532105364146224,1.5321053132189562,3.0642106919437833
d:716:4.509907434169236e-07,1.5321053686521342,1.5321053223364416,3.0642102399978324
d:717:1.3068927273707232e-07,1.5321053777697955,1.5321053314539235,3.0642105785344462
d:718:-1.2723141473713895e-07,1.5321053068572823,1.5321053346700975,3.0642107687587945
d:719:1.7560370402236458e-07,1.5321053113631873,1.5321053378862572,3.0642104736457405
d:720:-4.190733804421143e-08,1.5321053158690798,1.5321053423921693,3.064210700168587
d:721:-1.6260844581950096e-07,1.5321053203749635,1.5321053468980672,3.0642108298814765
d:722:-2.71185108147165e-07,1.5321053235910806,1.5321053501142288,3.0642109448904176
d:723:-6.359998039329184e-08,1.5321053268071818,1.5321053533303743,3.0642107437375365
d:724:6.01630425478561e-08,1.5321053282667503,1.5321053578362687,3.0642106259399764
d:725:-4.749807658299687e-08,1.5321053373844276,1.53210536695377,3.0642107518362742
d:726:-1.385089252181615e-07,1.5321053418903183,1.5321052960411468,3.0642107764403903
d:727:1.2832462203959949e-08,1.5321053510079885,1.5321053051586322,3.0642106433341585
d:728:-1.7346565961418037e-07,1.5321053555138704,1.532105314276114,3.064210843255644
d:729:-2.1103694614055257e-07,1.532105364631537,1.5321053157358602,3.0642108914043433
d:730:-1.684368093890498e-07,1.5321053678476524,1.532105324853335,3.0642108611377967
d:731:-1.546600181256963e-08,1.5321053769653172,1.5321053339708026,3.0642107264021217
d:732:1.7290897247335124e-07,1.5321053814712027,1.5321053354305452,3.0642105439927754
d:733:6.407094055305151e-08,1.5321053829307871,1.5321053445480075,3.064210663407854
d:734:4.3488999068586054e-08,1.532105392048452,1.5321053477641797,3.0642106963236326
d:735:-6.00463447852917e-08,1.5321054011661026,1.5321053522701007,3.064210813482548
d:736:-1.0268296435356206e-07,1.5321053302535237,1.5321053567760092,3.0642107897124973
d:737:1.3396711295854402e-08,1.5321053347594074,1.532105365893477,3.064210687256173
d:738:7.66497567639135e-08,1.532105337975537,1.5321053703993837,3.064210631725164
d:739:2.121466629034785e-07,1.532105341191654,1.5321053736155577,3.064210502660549
d:740:2.1566981089904402e-08,1.532105345697536,1.5321053768317245,3.0642107009622794
d:741:-2.5932010849771814e-07,1.5321053471571346,1.532105385949194,3.064210992426437
d:742:-3.0676917006644544e-08,1.5321053503732465,1.5321053891653538,3.0642107702155172
d:743:5.873492270325187e-08,1.5321053594909149,1.5321053936712623,3.0642106944272545
d:744:4.0441870829965865e-07,1.5321053627070231,1.5321053227585715,3.0642102810468863
d:745:-8.955104213725917e-08,1.5321053672129104,1.532105331876041,3.0642107886399934
d:746:-3.2540850014584066e-09,1.532105371718787,1.5321053333358137,3.0642107083086856
d:747:-8.773195681044399e-08,1.5321053749348916,1.5321053424532813,3.0642108051201298
d:748:-1.8941221924251295e-08,1.5321053840525671,1.5321053469591899,3.064210749952979
d:749:2.4924503705392453e-07,1.5321053872686665,1.5321053501753568,3.0642104881989862
d:750:-5.1426525260467315e-08,1.53210539048475,1.532105359292819,3.0642108012040943
d:751:-9.087118613138045e-09,1.532105319572107,1.5321053625089789,3.0642106911682045
d:752:4.006595410999125e-08,1.5321053227881833,1.5321053670148927,3.064210649737122
d:753:-1.4762736988416236e-07,1.532105326004249,1.5321053702310454,3.0642108438626643
d:754:1.0229299718389484e-07,1.532105330510138,1.5321053716908342,3.064210599907975
d:755:1.5276684095510973e-07,1.532105331969765,1.5321053761967427,3.064210555399667
d:756:3.028263080295801e-07,1.5321053334293815,1.5321053853142175,3.064210415917291
d:757:3.2825138163161682e-09,1.5321053348889855,1.532105389820119,3.0642107214265906
d:758:-1.7151046094454614e-07,1.5321053381050547,1.5321053943260097,3.0642109039415253
d:759:2.565327328341027e-07,1.5321053395646533,1.5321054034434862,3.0642104864754067
d:760:2.037359774220704e-07,1.5321053486823573,1.5321054079493734,3.0642105528957533
d:761:1.1348426731672134e-07,1.5321053531882587,1.53210541245525,3.0642106521592414
d:762:-8.747020174837417e-08,1.5321053623059608,1.5321054215727212,3.064210871348884
d:763:1.1157009005557939e-07,1.5321053637655595,1.532105430690189,3.0642106828856583
d:764:6.68660149472089e-09,1.5321053669816358,1.5321053597774341,3.0642107200724684
d:765:-1.1779603958927964e-07,1.5321053701976979,1.5321053642833053,3.064210852277043
d:766:2.2312222114351243e-07,1.5321053793154036,1.5321053687891695,3.064210524982352
d:767:2.572250252796948e-07,1.5321053884331004,1.5321053702489849,3.06421050145706
d:768:-2.8425562703660034e-07,1.532105391649166,1.5321053717087931,3.064211047613586
d:769:-1.215968303824866e-07,1.5321054007668593,1.5321053762146555,3.064210898578345
d:770:2.1282369466746331e-07,1.5321054098845401,1.5321053853321303,3.0642105823929757
d:771:1.9273890750071132e-07,1.5321054131005987,1.532105389837982,3.064210610199673
d:772:1.6401919822328637e-09,1.53210534218789,1.5321053989554585,3.0642107395031566
d:773:2.2742659666619147e-07,1.5321053513055674,1.5321054080729173,3.064210531951888
d:774:-1.252311037092113e-07,1.5321053558115025,1.5321054171903743,3.0642108982329805
d:775:1.3707638757409768e-07,1.532105359027561,1.5321054216962313,3.064210643647405
d:776:-5.7745795700725466e-08,1.5321053622436036,1.532105426202076,3.064210846191475
d:777:1.9883353097327472e-07,1.5321053713612862,1.5321053552892572,3.0642105278170124
d:778:-1.3764561579421297e-07,1.5321053728209186,1.5321053644067106,3.064210874873245
d:779:2.7684064818345178e-08,1.5321053742805422,1.5321053735241552,3.0642107201206326
d:780:1.0659740823371067e-07,1.5321053787864827,1.5321053767403896,3.064210648929464
d:781:6.96293778190693e-08,1.5321053820025323,1.532105379956608,3.0642106923297625
d:782:-1.7534030405386147e-07,1.5321053911202238,1.53210538141645,3.064210947876978
d:783:-2.8961694020779305e-07,1.532105392579842,1.5321053828762778,3.06421106507306
d:784:1.9461116451680027e-07,1.532105321667066,1.5321053843360914,3.064210511391993
d:785:-9.812531764907817e-08,1.5321053307847539,1.5321053934535485,3.06421082236362
d:786:-5.218163146025745e-08,1.5321053399024294,1.5321053949133585,3.0642107869974193
d:787:1.1622021212076561e-07,1.532105344408377,1.5321053994192244,3.0642106276073893
d:788:-5.6236684642385626e-08,1.5321053489143193,1.5321054039250832,3.064210809076087
d:789:2.326268084829053e-07,1.5321053503739446,1.532105407141323,3.064210524888459
d:790:9.570422676574708e-09,1.5321053548798798,1.5321054116471764,3.0642107569566335
d:791:2.566118340041612e-07,1.5321053563394962,1.5321053407342937,3.064210440461956
d:792:1.3008012444970518e-09,1.532105359555569,1.532105342194102,3.0642107004488697
d:793:9.605768980236462e-08,1.532105364061497,1.5321053466999466,3.0642106147037538
d:794:7.930731982241923e-08,1.532105365521108,1.532105349916181,3.0642106361299692
d:795:7.933186196851238e-08,1.5321053669807139,1.5321053590336646,3.0642106466825165
d:796:2.0297325242779607e-07,1.532105371486642,1.5321053635395057,3.064210532052895
d:797:-1.8002996959864959e-07,1.5321053729462353,1.53210536675574,3.064210919731945
d:798:-9.346483587080456e-08,1.5321053744058162,1.5321053758732166,3.0642108437438687
d:799:-3.47419284452144e-08,1.53210537586539,1.5321053803790594,3.064210790986378
d:800:2.639960570149924e-07,1.5321053790814787,1.532105389496536,3.0642105045819577
d:801:3.366154484041317e-07,1.5321053822975497,1.5321053986139965,3.064210444296098
d:802:-1.0543309691968261e-07,1.53210538375712,1.5321054077314553,3.064210896921672
d:803:-2.7124317014681765e-08,1.5321053869731873,1.5321053368185105,3.064210750916015
d:804:2.411159876203328e-07,1.5321053960909214,1.5321053413243515,3.0642104962992853
d:805:1.5785692930592177e-07,1.5321053251780814,1.5321053504418067,3.064210517762959
d:806:-1.669421756389511e-08,1.5321053283941435,1.5321053519016505,3.0642106969900116
d:807:-8.625863401334755e-08,1.5321053298537066,1.5321053533614801,3.0642107694738208
d:808:2.5180256102430576e-08,1.5321053343596631,1.5321053578673247,3.0642106670467317
d:809:-5.554493753834322e-08,1.5321053388656036,1.5321053669847782,3.0642107613953193
d:810:2.682116537755519e-07,1.5321053403251685,1.5321053684446095,3.0642104405581243
d:811:7.467786016235323e-07,1.5321053417847157,1.532105371660876,3.06420996666699
d:812:5.135403569056507e-08,1.5321053462906562,1.5321053807783311,3.0642106757149516
d:813:1.3352504701913404e-07,1.532105350796586,1.5321053839945904,3.0642106012661294
d:814:6.206332159308658e-08,1.5321053540126641,1.532105387210839,3.0642106791601815
d:815:1.8668089474260796e-07,1.5321053585185869,1.532105388670674,3.064210560508366
d:816:2.5395942770956026e-07,1.5321053676363512,1.5321053977881292,3.0642105114650526
d:817:-1.4842225759537087e-07,1.5321052967234454,1.5321053992479534,3.0642108443936564
d:818:1.9308130916328992e-07,1.5321053058412026,1.5321054037538193,3.064210516513713
d:819:9.098016562347766e-08,1.5321053103471254,1.5321054069700768,3.0642106263370366
d:820:3.1444296055838095e-08,1.5321053135632052,1.5321054114759356,3.0642106935948448
d:821:-5.775850908662505e-09,1.5321053226809624,1.532105415981789,3.0642107444386024
d:822:-8.444503762916611e-09,1.5321053241405327,1.532105345068775,3.0642106776538114
d:823:-1.7957265008305967e-07,1.5321053332582846,1.5321053541862462,3.064210867017181
d:824:-1.8805890178441587e-08,1.5321053347178495,1.532105358692089,3.0642107122158286
d:825:-2.3244348135165183e-07,1.5321053438355925,1.5321053631979211,3.064210939476995
d:826:1.8688892033935645e-07,1.5321053483415277,1.5321053646577614,3.0642105261103687
d:827:-5.4430055129728316e-08,1.5321053498010873,1.5321053737752326,3.064210778006375
d:828:3.802133008434794e-08,1.5321052788881193,1.5321053828926967,3.064210623759486
d:829:-6.104346006452488e-08,1.5321052803476718,1.5321053843525334,3.0642107257436653
d:830:-2.2101081853520554e-08,1.5321052818072065,1.5321053934699904,3.064210697378279
d:831:2.157146781200936e-07,1.53210528631314,1.532105396686271,3.064210467284733
d:832:3.099672802875375e-07,1.53210528952925,1.532105405803728,3.0642103853656977
d:833:2.89136892206443e-08,1.5321052986470072,1.5321054090199997,3.0642106787533177
d:834:-5.379869527644132e-08,1.5321053077647626,1.5321054122362643,3.064210773799722
d:835:-2.2282172551513213e-08,1.5321053109808638,1.5321054213537142,3.0642107546167505
d:836:-1.7262826546016186e-07,1.5321053154868043,1.532105430471164,3.064210918586234
d:837:3.270639474806103e-07,1.532105324604558,1.5321053595580896,3.0642103570987
d:838:9.031368719547572e-08,1.5321053260641069,1.5321053627743488,3.0642105985247685
d:839:-1.37288363788457e-07,1.5321053275236505,1.5321053659905992,3.0642108308026135
d:840:-9.013060342510926e-08,1.5321053366413988,1.5321053674504537,3.064210794222456
d:841:8.474619050957699e-08,1.532105265728367,1.5321053689102957,3.064210549892472
d:842:2.3159716278087217e-07,1.5321052748461117,1.5321053721265407,3.0642104153754897
d:843:1.0007757111907267e-07,1.5321052839638476,1.5321053812439995,3.064210565130276
d:844:5.5419638655962444e-08,1.5321052854233859,1.5321053827038362,3.0642106127075834
d:845:-9.113104937341632e-09,1.5321052868829188,1.5321053872097288,3.0642106832057525
d:846:8.826395614391913e-08,1.5321052960006476,1.5321053886695601,3.0642105964062516
d:847:1.5596895153180412e-07,1.5321053005066112,1.5321053931754456,3.0642105377131053
d:848:-4.363917938121631e-08,1.5321053019661353,1.532105402292908,3.0642107478982226
d:849:-8.867533551892848e-08,1.532105305182272,1.5321054055091636,3.064210799366771
d:850:-2.022940037704757e-09,1.5321053083984015,1.5321054100150455,3.064210720436387
d:851:4.621703197926763e-08,1.532105317516141,1.532105413231296,3.064210684530405
d:852:-6.343799618946377e-08,1.53210532073226,1.5321054223487618,3.064210806519018
d:853:-7.785303068885696e-09,1.5321053221917875,1.532105425565005,3.0642107555420957
d:854:7.543081359528969e-08,1.5321053266977636,1.5321053546518684,3.0642106059188183
d:855:-8.315443977835457e-08,1.532105331203729,1.532105363769329,3.0642107781274976
d:856:-6.274976627196338e-08,1.5321053357096819,1.5321053682752162,3.0642107667346643
d:857:1.8067339624394663e-08,1.532105338925808,1.5321053727810945,3.0642106936395628
d:858:2.780026733262275e-07,1.5321052680127103,1.5321053772869604,3.0642103672969974
d:859:4.0540214030215793e-07,1.5321052712288257,1.5321053817928174,3.064210247619503
d:860:-4.713750989537857e-08,1.5321052803465864,1.5321053832526825,3.064210710736779
d:861:-5.522731250096058e-08,1.532105281806123,1.532105384712537,3.0642107217459724
d:862:-2.4895326689033936e-08,1.5321052863120848,1.5321053879287945,3.064210699136206
d:863:-1.5352611804075877e-07,1.5321052954298402,1.5321053911450395,3.0642108401009978
d:864:-6.950631714630617e-08,1.532105304547592,1.5321054002625267,3.064210774316436
d:865:-9.066581796446371e-08,1.5321053136653333,1.5321054047683926,3.064210809099544
d:866:-1.7312690836490674e-07,1.5321053151248751,1.532105409274246,3.0642108975260296
d:867:-9.201088779775546e-08,1.5321053196308387,1.5321054107341041,3.0642108223758306
d:868:-8.114444050022485e-08,1.5321053210903735,1.5321054139503598,3.0642108161851738
d:869:7.345084185317319e-08,1.5321053243065101,1.5321054154102107,3.064210666265879
d:870:3.6387491952893924e-07,1.5321053288124737,1.5321054245277068,3.064210389465261
d:871:-1.8121051503783292e-07,1.5321053379302239,1.5321054259875488,3.0642109451282877
d:872:-1.605058450593333e-07,1.5321053470479686,1.5321054351050432,3.064210942658857
d:873:-1.1410993394633806e-07,1.5321052761348088,1.5321054396109126,3.0642108298556554
d:874:1.241946421259854e-07,1.5321052775943471,1.5321054428271719,3.064210596226877
d:875:-3.202720755268729e-08,1.5321052867120848,1.5321053719139623,3.0642106906532547
d:876:1.968341543090446e-07,1.532105291218052,1.532105381031453,3.0642104754153507
d:877:-6.429850074596288e-08,1.5321052957240084,1.532105384247707,3.0642107442702162
d:878:3.614103150084702e-08,1.532105297183545,1.532105388753573,3.0642106497960864
d:879:3.810994897435194e-08,1.5321053063012862,1.53210539325943,3.064210661450767
d:880:1.7327596957272817e-07,1.532105307760819,1.5321053977652817,3.064210532250131
d:881:-1.3553145272737765e-07,1.5321053122667738,1.5321054022711156,3.064210850069342
d:882:3.3659131659646846e-07,1.5321053213845186,1.5321054113886206,3.0642103961818226
d:883:-1.868105918845231e-07,1.5321053228440444,1.5321054146048851,3.0642109242595215
d:884:-9.362039676830136e-08,1.5321053243035578,1.5321054191107173,3.064210837034672
d:885:1.7045898204059995e-07,1.532105253390334,1.5321054282282187,3.0642105111595708
d:886:9.335431805368444e-08,1.5321052625080753,1.5321054296880998,3.064210598841857
d:887:2.77872317155925e-07,1.5321052670140372,1.532105434193932,3.064210423335652
d:888:-1.614106270864113e-07,1.53210527023022,1.5321054356538024,3.0642108672946495
d:889:4.747936532822905e-07,1.532105273446394,1.5321054401596292,3.06421023881237
d:890:7.173398586246549e-08,1.5321052766625574,1.532105443375901,3.0642106483044724
d:891:3.0873218115345935e-07,1.5321052811685227,1.5321054478817224,3.064210420318064
d:892:1.2508102287256406e-07,1.5321052856744757,1.5321054523875315,3.0642106129809843
d:893:-1.2857342568395325e-07,1.532105287134005,1.5321054568933317,3.0642108726007624
d:894:2.2779737030020897e-07,1.5321052885935185,1.5321053859800564,3.0642104467762046
d:895:-5.498201183229412e-08,1.5321052918096871,1.532105390485846,3.064210737277545
d:896:-5.884360732011373e-08,1.5321052932691934,1.5321053949916212,3.064210747104422
d:897:-1.2584593456210769e-07,1.5321052977751517,1.5321054041091582,3.0642108277302444
d:898:2.7056646700884812e-08,1.5321052992346527,1.5321054055690464,3.0642106777470524
d:899:2.382970620828928e-07,1.5321053083524312,1.5321054100748217,3.064210480130191
d:900:-3.107038679672769e-07,1.5321053174702026,1.5321054191923533,3.064211047366424
d:901:2.7133733482287425e-08,1.5321053206863766,1.5321054206522398,3.064210714204883
d:902:9.757913943531094e-08,1.5321053239025417,1.5321054251580133,3.0642106514814156
d:903:6.782723538378832e-08,1.532105327118698,1.5321054342755467,3.0642106935670093
d:904:2.762229058816956e-07,1.5321053316246669,1.5321054433930694,3.0642104987948304
d:905:5.041729700394626e-08,1.5321053330841803,1.532105452510585,3.0642107351774683
d:906:1.2736123267131916e-09,1.5321052621708873,1.5321053815972476,3.0642106424945226
d:907:7.06989542464953e-08,1.5321052636303882,1.5321053830571376,3.0642105759885716
d:908:3.994631168069418e-07,1.5321052681363554,1.5321053862734537,3.0642102549466923
d:909:1.783724012938137e-07,1.5321052772541428,1.532105387733333,3.0642104866150746
d:910:4.028341749062747e-08,1.5321052804703026,1.5321053922391172,3.0642106324260023
d:911:-1.2990166808890535e-07,1.5321052849762662,1.5321053954554298,3.064210810333364
d:912:-7.615363273316689e-08,1.5321052881924224,1.5321053969153091,3.0642107612613643
d:913:-1.0931172766959207e-07,1.532105289651927,1.532105406032839,3.0642108049964936
d:914:3.58162388636174e-08,1.5321052911114261,1.5321054074927112,3.0642106627878984
d:915:-1.526583659483549e-08,1.5321053002292242,1.532105410709022,3.0642107262040827
d:916:-1.0214135137687208e-07,1.5321053034453787,1.5321054139253256,3.0642108195120557
d:917:4.178096961737765e-07,1.532105307951353,1.532105423042859,3.0642103131845158
d:918:-5.1780430609937866e-08,1.5321053094108468,1.5321053521294559,3.0642107133207332
d:919:3.510220558666788e-08,1.5321053126269994,1.5321053612469804,3.0642106387717742
d:920:-1.23602541535206e-07,1.5321052417136443,1.5321053627068544,3.06421072802304
d:921:3.292337211746599e-07,1.5321052508314494,1.5321053672126617,3.06421028881039
d:922:8.303993226377315e-08,1.5321052599492475,1.5321053704289689,3.064210547338284
d:923:1.8529418888135751e-07,1.5321052614087431,1.5321053718888358,3.06421044800339
d:924:-2.890744035255466e-07,1.532105264624894,1.5321053763946413,3.064210930093939
d:925:-1.1676288025341819e-07,1.532105269130879,1.532105377854501,3.0642107637482603
d:926:6.294149361707468e-07,1.5321052705903693,1.5321053793143538,3.064210020489787
d:927:2.2799293120101538e-08,1.5321052797081762,1.5321053825306645,3.0642106394395476
d:928:-4.9416533087764947e-08,1.5321052842141594,1.5321053870364683,3.0642107206671607
d:929:5.301924055345353e-08,1.5321052887201319,1.5321053915422702,3.0642106272431615
d:930:-2.1970471841825656e-07,1.5321052919362899,1.5321054006598214,3.0642109123008296
d:931:-6.213654657472034e-08,1.5321052210228725,1.532105402119674,3.064210685279093
d:932:4.1790443106037856e-08,1.5321052224823664,1.532105405335992,3.064210586027915
d:933:1.1949841116631887e-07,1.5321052269883317,1.532105406795834,3.0642105142857545
d:934:1.4082009158755682e-07,1.5321052284478167,1.5321054082556653,3.0642104958833905
d:935:2.649079497984985e-07,1.5321052316639765,1.532105417373229,3.0642103841292556
d:936:3.328331938945439e-07,1.532105234880122,1.5321053464597636,3.0642102485066918
d:937:-8.433148934727797e-08,1.5321052363396035,1.532105347919586,3.064210668590679
d:938:2.3409323013368066e-07,1.5321052377990725,1.5321053511359057,3.064210354841748
d:939:1.5448904555626086e-07,1.5321052410152198,1.5321053602534676,3.064210446779642
d:940:2.188630432442551e-08,1.5321052455211994,1.5321053617132883,3.0642105853481834
d:941:-2.976375927943309e-07,1.5321052469806666,1.5321053631731,3.0642109077913595
d:942:-1.717226734143651e-07,1.5321052484401179,1.5321053663894162,3.0642107865522075
d:943:-1.1915339293011584e-07,1.532105257557971,1.5321053708952501,3.064210747606614
d:944:-1.0293545393835757e-07,1.532105259017417,1.5321053754010663,3.064210737353937
d:945:-1.418503039474217e-07,1.5321051881039356,1.5321053786173824,3.064210708571622
d:946:-7.944200675069624e-08,1.5321051913200865,1.5321053831231985,3.064210653885292
d:947:2.3083277511659617e-07,1.5321052004379379,1.5321053863395075,3.0642103559446703
d:948:1.2202751165091286e-07,1.532105201897382,1.5321053877993265,3.064210467669197
d:949:1.3701293077872378e-07,1.5321052064033758,1.532105396916915,3.06421046630736
d:950:8.97378527042747e-08,1.5321052155212254,1.5321054060344927,3.0642105318178654
d:951:-1.4894300903733892e-08,1.5321052246390732,1.5321054151520688,3.064210654685443
d:952:-5.859583396272683e-08,1.5321052291450652,1.5321054166118877,3.064210704352787
d:953:3.827192429639581e-08,1.5321052382629006,1.5321054257294513,3.0642106257204276
d:954:3.957283496447417e-07,1.532105242768889,1.5321054348470113,3.0642102818875507
d:955:-4.67966287942545e-08,1.532105244228342,1.5321053639334767,3.0642106549584476
d:956:6.922003059628423e-08,1.5321052533461792,1.5321053730510226,3.064210557177171
d:957:-5.1568516568067935e-08,1.5321052578521641,1.532105382168563,3.0642106915892438
d:958:2.2801181565057504e-07,1.5321052593116153,1.5321053912860982,3.064210422585898
d:959:1.740946409256594e-07,1.5321052607710524,1.5321053927459243,3.0642104794223357
d:960:3.9287488817763005e-09,1.5321052639872423,1.5321053959622635,3.064210656020757
d:961:-6.252806805662203e-08,1.5321052672034217,1.5321053991785902,3.06421072891008
d:962:-1.8617935637621486e-08,1.5321052717094101,1.5321054036844473,3.064210694011793
d:963:-1.5936038089137128e-07,1.5321052762153897,1.5321054081902936,3.0642108437660642
d:964:-1.733765326861203e-07,1.532105205301841,1.5321054126961346,3.0642107913745082
d:965:-6.299310939539282e-08,1.5321052067612797,1.5321054172019615,3.0642106869563506
d:966:-1.608870334735002e-07,1.5321052158791417,1.532105420418299,3.064210797184474
d:967:2.6709063405405686e-08,1.532105220385116,1.5321054295358483,3.064210623211901
d:968:1.0919874249282202e-07,1.5321052295029727,1.5321054386533977,3.064210558957628
d:969:1.7699353094258186e-09,1.532105230962415,1.532105443159228,3.0642106723517077
d:970:3.15112988147348e-07,1.5321052400802646,1.5321054522767703,3.0642103772440468
d:971:-6.016580300638452e-08,1.5321052415396998,1.5321054567825918,3.0642107584880947
d:972:9.02489620813185e-08,1.5321052447558987,1.5321054582424534,3.06421061274939
d:973:-2.004506356456659e-07,1.5321052462153233,1.532105461458798,3.064210908124757
d:974:-1.3444157964670467e-07,1.5321052494315186,1.5321054659646158,3.064210849837714
d:975:1.2310557906403119e-08,1.5321051785179058,1.5321053950510173,3.064210561258365
d:976:-4.813530196656757e-08,1.5321051830238996,1.5321053982673565,3.064210629426558
d:977:1.4677805637575148e-07,1.532105184483319,1.5321053997272145,3.064210437432477
d:978:-8.500426673663242e-08,1.5321051889893091,1.5321054088447728,3.0642106828383486
d:979:2.075329028627948e-07,1.5321051904487177,1.5321054103046219,3.0642103932204368
d:980:1.4380065316288437e-07,1.5321051919081192,1.5321054194221766,3.0642104675296427
d:981:-9.164315706300386e-08,1.5321051964141024,1.5321054285397189,3.0642107165969783
d:982:-2.466371480380758e-07,1.532105199630303,1.5321054299995644,3.0642108762670155
d:983:-2.95523115312335e-07,1.5321052028464965,1.532105439117105,3.064210937486717
d:984:5.4817910211113485e-09,1.5321052060626812,1.5321054482346348,3.064210648815525
d:985:-4.4207183691469254e-08,1.532105210568666,1.5321054527404758,3.0642107075163256
d:986:-1.203296520202457e-07,1.5321052137848454,1.5321054618580074,3.064210795972505
d:987:1.3625215444790229e-07,1.5321052182908215,1.5321054709755213,3.0642105530141883
d:988:2.050903962214079e-07,1.5321052274087261,1.5321054800930298,3.0642105024113597
d:989:-1.1633194851867756e-07,1.5321052319146986,1.5321054833094045,3.0642108315560517
d:990:3.5099168016472504e-07,1.532105241032598,1.5321054865257668,3.0642103765666846
d:991:3.981231433414223e-07,1.532105250150492,1.5321054156121026,3.064210267639451
d:992:2.216826988643561e-07,1.5321051792368099,1.5321054188284506,3.0642103763825617
d:993:1.430517890810279e-07,1.5321051837427788,1.532105420288321,3.064210460979311
d:994:1.5053742785653412e-07,1.5321051928606657,1.5321054294058367,3.0642104717290746
d:995:-8.114664673541938e-08,1.532105196076861,1.532105438523347,3.0642107157468548
d:996:-6.472780533783862e-08,1.5321052005828264,1.5321054399832104,3.064210705293842
d:997:3.8905535326705376e-07,1.5321052037990093,1.5321054431995673,3.0642102579432233
d:998:1.4290314709342056e-08,1.5321052083049693,1.53210544641591,3.0642106404305647
d:999:6.689695908335125e-08,1.5321052115211504,1.5321054555334221,3.0642106001576135
d:1000:1.5407813513945712e-07,1.5321052147373173,1.5321054600393058,3.064210520698488
