data: dataset/foma/
d:1:1.9832364820615567e-05,3.2569002605003354,3.2569010536905454,6.51378148182606
d:2:2.016796400816645e-05,3.2569002593616,3.2569010587900307,6.513781150187622
d:3:2.0750476714681554e-05,3.2569002598245245,3.256901056599771,6.513780565947581
d:4:2.01381446078841e-05,3.2569002579995794,3.256901054409432,6.513781174264404
d:5:1.7640314680988922e-05,3.2569002561301237,3.256901054511828,6.513783670327271
d:6:1.9113174611895545e-05,3.256900261229578,3.2569010546141475,6.5137822026691135
d:7:2.1354553746633087e-05,3.2569002663289655,3.2569010530792846,6.513779964854503
d:8:1.843890671171522e-05,3.256900265497305,3.25690105194061,6.513782878531203
d:9:1.8040185715051393e-05,3.2569002748017297,3.2569010505164933,6.513783285132508
d:10:1.7470889525306177e-05,3.2569002743678803,3.2569010483446075,6.5137838518229625
d:11:1.9586171446484002e-05,3.2569002836722465,3.256901047712182,6.513781745212982
d:12:1.636525161607949e-05,3.256900285846793,3.2569010476043214,6.513784968199499
d:13:1.8229901613153743e-05,3.2569002836565195,3.2569010467727195,6.513783100527625
d:14:1.9196157566625516e-05,3.256900282517741,3.256901047580972,6.513782133941147
d:15:1.7490328668934296e-05,3.256900282980626,3.2569010453905833,6.51378383804254
d:16:1.7058737588726558e-05,3.2569002823481736,3.2569010546950756,6.5137842783056605
d:17:1.8412749122731498e-05,3.2569002801578297,3.2569010540625887,6.513782921471296
d:18:1.580201478112997e-05,3.256900280966052,3.2569010520690544,6.513785531020325
d:19:1.733837574846575e-05,3.2569002831405447,3.256901055316899,6.513784000081696
d:20:1.9096024618470153e-05,3.2569002816056773,3.256901058564674,6.513782244145733
d:21:1.7571324721465942e-05,3.256900286705039,3.256901058666961,6.513783774047279
d:22:1.8338454979449637e-05,3.256900286271148,3.256901057132061,6.5137830049482295
d:23:1.8434264614342055e-05,3.2569002856386375,3.256901055307215,6.513782906681238
d:24:1.733442331186552e-05,3.256900284806947,3.2569010533069496,6.513784003690585
d:25:1.5339218544241362e-05,3.256900286370393,3.2569010512150602,6.5137859983669095
d:26:1.7349809784406034e-05,3.256900289618218,3.2569010507813014,6.513783990589735
d:27:1.7582513974545577e-05,3.25690028898564,3.256901049246335,6.513783755718
d:28:1.875315959409818e-05,3.2569002881538824,3.2569010497093793,6.513782584703668
d:29:1.6530161291328227e-05,3.2569002860619625,3.256901059013851,6.513784814914523
d:30:1.6502763720893654e-05,3.2569002839699634,3.256901062261584,6.5137848434678265
d:31:1.6601793198844916e-05,3.256900284778149,3.256901060261258,6.513784743246208
d:32:1.6811046585019085e-05,3.256900283946323,3.2569010591225753,6.5137845320223136
d:33:1.573368324159219e-05,3.256900281952789,3.256901058688759,6.513785606958306
d:34:1.7309435638601656e-05,3.256900281120889,3.2569010679931827,6.513784039678433
d:35:1.7300161797351166e-05,3.2569002801322844,3.2569010665690628,6.51378404653955
d:36:1.89156827454795e-05,3.2569002800244533,3.2569010655805037,6.513782429922212
d:37:1.8353930178349742e-05,3.256900285123798,3.2569010660434983,6.513782997237118
d:38:1.7327073269512994e-05,3.25690028398501,3.2569010640499414,6.5137840209616815
d:39:1.8084405969176487e-05,3.2569002821155744,3.2569010632183373,6.5137832609279425
d:40:1.8115379132765952e-05,3.256900281283612,3.2569010613934606,6.51378322729794
d:41:1.5615835667226463e-05,3.2569002794141007,3.2569010592030665,6.5137857227815
d:42:1.7098714324426112e-05,3.2569002772237488,3.2569010572026915,6.513784235712116
d:43:1.8015245355940124e-05,3.256900275354162,3.256901055667691,6.513783315776497
d:44:1.716162182852088e-05,3.2569002745221316,3.2569010538427445,6.513784166743047
d:45:1.7615465274012365e-05,3.2569002746246056,3.2569010546510144,6.513783713810346
d:46:1.9124169794437762e-05,3.25690027618804,3.256901053115943,6.513782205134188
d:47:1.8929113310584e-05,3.2569002753559397,3.2569010526820894,6.513782398924719
d:48:1.704260469104213e-05,3.2569002743672932,3.2569010619864964,6.513784293749099
d:49:1.689854262298951e-05,3.2569002751754557,3.256901060058538,6.513784436691371
d:50:1.8611011713076664e-05,3.2569002767388264,3.2569010581892575,6.513782723916371
d:51:1.8471515454976384e-05,3.2569002748108304,3.256901058652217,6.513782861947592
d:52:1.5738177611801518e-05,3.2569002739786663,3.2569010594604317,6.513785595261486
d:53:1.762268170679704e-05,3.2569002718866518,3.256901059923319,6.513783709128264
d:54:1.655358682661756e-05,3.256900270241806,3.256901058098321,6.513784774753301
d:55:1.5616129231510456e-05,3.256900271805116,3.256901056563195,6.51378571223908
d:56:1.7042040660442126e-05,3.2569002722680476,3.2569010566655097,6.513784286892896
d:57:1.5961228013061657e-05,3.2569002711292345,3.256901054573632,6.513785364474853
d:58:1.552066787979811e-05,3.2569002701405383,3.2569010524018034,6.513785801874462
d:59:1.7386969097366034e-05,3.256900270948654,3.2569010504013964,6.513783934380953
d:60:1.7524065959229063e-05,3.2569002690790354,3.256901048532064,6.51378379354514
d:61:1.772580514725064e-05,3.256900266986963,3.2569010507068064,6.513783591888622
d:62:1.7819551842102044e-05,3.256900266154747,3.2569010492826838,6.513783495885589
d:63:1.6836814332954475e-05,3.2569002642267044,3.2569010525304476,6.513784479942819
d:64:1.727151368591251e-05,3.2569002633944155,3.2569010511062504,6.51378404298698
d:65:1.857519895764881e-05,3.2569002666422904,3.2569010502746445,6.513782741717977
d:66:1.8675107567034388e-05,3.256900268816854,3.2569010595790493,6.513782653288336
d:67:1.711691381345304e-05,3.256900266645091,3.2569010587473692,6.513784208478647
d:68:1.8539839091502586e-05,3.2569002653282495,3.256901057212201,6.513782782701359
d:69:1.8666530658961733e-05,3.2569002685760635,3.256901055040324,6.513782657085729
d:70:1.7553329795916284e-05,3.256900270750565,3.2569010537234515,6.513783771144221
d:71:1.7206493553523217e-05,3.256900270118038,3.2569010515330623,6.513784115157547
d:72:1.7648860998420446e-05,3.25690026897919,3.256901049708035,6.513783669826227
d:73:1.8156379206324402e-05,3.25690026834659,3.2569010518827395,6.513783163850124
d:74:1.757598413831829e-05,3.256900277651112,3.256901050458492,6.513783752125466
d:75:1.6257691890508852e-05,3.2569002772172992,3.2569010485891225,6.513785068114531
d:76:1.724769313593555e-05,3.256900275793337,3.256901048155276,6.513784076255477
d:77:1.73637825930939e-05,3.2569002746544236,3.25690105140301,6.51378396227484
d:78:1.9359193719203915e-05,3.256900272784777,3.256901049409487,6.513781963000545
d:79:1.6584846802558673e-05,3.2569002713607422,3.2569010545091555,6.513784741023095
d:80:1.7941115002528818e-05,3.2569002702217578,3.256901053370534,6.513783382477289
d:81:1.6852612954920687e-05,3.2569002703242615,3.256901056618207,6.513784474329514
d:82:1.6961961212480503e-05,3.256900269185203,3.2569010556297044,6.513784362853695
d:83:1.6915118736804402e-05,3.2569002680460666,3.256901053984987,6.5137844069123165
d:84:1.7710796398340278e-05,3.256900271293855,3.2569010521599138,6.51378361265737
d:85:1.6531442302181176e-05,3.2569002734683274,3.256901050515121,6.513784792541147
d:86:1.7130987556512878e-05,3.2569002712965385,3.25690104952655,6.5137841898355315
d:87:1.766577827044813e-05,3.256900274544263,3.25690104810226,6.513783656868252
d:88:1.8537632724857644e-05,3.256900275007213,3.2569010489105077,6.513782786284995
d:89:1.8356887877324368e-05,3.2569002731375174,3.2569010473753197,6.513782963624959
d:90:1.8497752961366132e-05,3.256900275311931,3.2569010469414366,6.513782824500407
d:91:1.5567807983174475e-05,3.2569002741727386,3.2569010491161223,6.513785755480878
d:92:1.622121038913349e-05,3.2569002746356244,3.256901047122558,6.513785100547793
d:93:1.68598097047834e-05,3.2569002754437673,3.256901045194646,6.513784460828708
d:94:1.5297419533766288e-05,3.2569002776181177,3.256901046002834,6.513786026201418
d:95:1.821065948526268e-05,3.2569002827175813,3.2569010448641764,6.513783116922273
d:96:1.7215809845261276e-05,3.2569002835256566,3.2569010435473005,6.513784111263112
d:97:1.8176800496760848e-05,3.2569002813353825,3.2569010486469554,6.513783153181841
d:98:1.4798798340542874e-05,3.2569002798006625,3.2569010466533284,6.51378652765565
d:99:1.6148409464733504e-05,3.256900278376606,3.256901046545651,6.513785176512792
d:100:1.8580653128097424e-05,3.25690027794279,3.256901048720289,6.5137827460099516
d:101:1.660160201133465e-05,3.256900279506167,3.256901049528422,6.5137847274325775
d:102:1.824281589168919e-05,3.256900281680468,3.256901049630797,6.513783088495374
d:103:1.7602480960832168e-05,3.2569002806918252,3.2569010528784674,6.513783731089331
d:104:1.67347704165266e-05,3.256900279703105,3.256901051739757,6.513784596672445
d:105:1.7199758080010952e-05,3.256900279269225,3.256901052202725,6.513784131713869
d:106:1.826713344055264e-05,3.2569002825169364,3.2569010513710803,6.513783066754576
d:107:1.7493840593019172e-05,3.256900283324968,3.2569010500541573,6.513783839538532
d:108:1.6989145064982836e-05,3.2569002837878247,3.256901052228745,6.513784346871505
d:109:1.686976830406195e-05,3.2569002888872634,3.2569010501369364,6.513784469255896
d:110:1.8103844889871823e-05,3.2569002872425026,3.256901050239258,6.513783233636871
d:111:1.5842923770215123e-05,3.2569002850707047,3.2569010482455876,6.5137854903925225
d:112:1.8164574997925342e-05,3.256900283245995,3.256901046073753,6.5137831647447495
d:113:1.7048728377488942e-05,3.256900283708789,3.256901051173389,6.5137842861538005
d:114:1.673128652424083e-05,3.2569002830762326,3.2569010533479212,6.513784605137629
d:115:1.845119844823273e-05,3.2569002826423037,3.256901051522857,6.513782882966712
d:116:1.5447586592109985e-05,3.256900283450286,3.2569010566224326,6.513785892486126
d:117:1.779366460752385e-05,3.256900282817659,3.256901055633874,6.513783544786925
d:118:1.659238253548523e-05,3.25690028117284,3.256901064938395,6.513784753728699
d:119:1.835847575559768e-05,3.256900290477455,3.2569010629446677,6.513782994946367
d:120:1.5711111765348562e-05,3.2569002898447588,3.256901061016753,6.513785639749746
d:121:1.7022428374424692e-05,3.256900289012561,3.2569010703212196,6.513784336905406
d:122:1.7727926470811894e-05,3.256900289820484,3.2569010735688773,6.51378363546289
d:123:1.7229593788137265e-05,3.256900291994776,3.2569010714770297,6.513784133878017
d:124:1.6760388780845403e-05,3.256900290170021,3.2569010807814407,6.513784610562681
d:125:1.6230276646211905e-05,3.256900290632774,3.256901084029035,6.513785144385163
d:126:1.84100679394561e-05,3.2569002921961534,3.256901082384284,6.513782964512497
d:127:1.7221704601055876e-05,3.2569002900243205,3.2569010817520483,6.513784150071768
d:128:1.6710271182773795e-05,3.2569002993289016,3.2569010795617443,6.513784668619463
d:129:1.8688996047622197e-05,3.2569002975040804,3.2569010828092773,6.51378269131731
d:130:1.748820943081597e-05,3.2569002958592166,3.2569010921136443,6.51378389976343
d:131:1.8109971166246908e-05,3.256900294720064,3.256901094288156,6.513783279037054
d:132:1.5970327305048215e-05,3.25690029289517,3.2569010926433424,6.513785415211207
d:133:1.7487647807179485e-05,3.2569002914711347,3.2569011019476544,6.513783905770982
d:134:1.8583577303665777e-05,3.2569002894711474,3.2569011013153615,6.513782807209205
d:135:1.8693801953517664e-05,3.2569002888384158,3.2569010998911345,6.513782694927597
d:136:1.7135348462815614e-05,3.2569002869687766,3.25690110145497,6.513784253075284
d:137:1.688414418321571e-05,3.256900284968716,3.256901103018733,6.513784503843266
d:138:1.595022624378828e-05,3.2569002831437586,3.2569011010907922,6.513785434008307
d:139:1.8632283280695106e-05,3.2569002832463605,3.2569010992215306,6.51378275018461
d:140:1.568322947598233e-05,3.2569002813184618,3.2569011024690266,6.513785700558012
d:141:1.867249440046237e-05,3.2569002806856684,3.256901100599689,6.513782708790957
d:142:1.735317026962946e-05,3.256900278757695,3.2569011099039673,6.513784035491392
d:143:1.642522917411071e-05,3.25690027693267,3.256901108368861,6.513784960072357
d:144:1.7891209482812087e-05,3.2569002755085856,3.2569011091770514,6.513783493476154
d:145:1.6271215054430854e-05,3.256900280608071,3.2569011077527743,6.51378511714579
d:146:1.6329884862109623e-05,3.2569002787383794,3.256901106435889,6.513785055289406
d:147:1.754859918889906e-05,3.256900276810338,3.256901104435658,6.513783832646807
d:148:1.6920942328191302e-05,3.2569002754936536,3.2569011048986822,6.513784459450007
d:149:1.5772215683718116e-05,3.256900276301582,3.25690110406709,6.513785608152989
d:150:1.6704291738278698e-05,3.2569002743083066,3.256901101895287,6.513784671911855
d:151:1.9735847611279667e-05,3.256900274410866,3.256901099894987,6.513781638458242
d:152:1.662414643455179e-05,3.2569002739769686,3.2569010994612135,6.513784749291748
d:153:1.553050953084778e-05,3.2569002755403544,3.2569011016357194,6.5137858466665435
d:154:1.7068074211756823e-05,3.256900275642845,3.2569011067353513,6.513784314303984
d:155:1.727944650831148e-05,3.256900276450714,3.2569011048073793,6.513784101811584
d:156:1.7755410865127885e-05,3.256900274260529,3.2569011031625554,6.513783622012219
d:157:1.8548191633271927e-05,3.2569002775083282,3.256901104726304,6.513782834042999
d:158:1.6915387297089524e-05,3.256900275318067,3.2569011046187293,6.513784464549499
d:159:1.6790611026884505e-05,3.256900273226198,3.2569011025269057,6.513784585142077
d:160:1.726052588502114e-05,3.2569002712981137,3.2569011007018944,6.5137841114741235
d:161:1.7508347630368348e-05,3.2569002704659535,3.2569011002680686,6.513783862386392
d:162:1.8438323488467745e-05,3.256900268821102,3.256901098340036,6.513782928837649
d:163:1.7099844878742942e-05,3.2569002681882946,3.2569010963463563,6.513784264689772
d:164:1.6696789687742353e-05,3.25690026808077,3.2569010950294426,6.513784666320525
d:165:1.724657516533057e-05,3.256900266255728,3.2569010940409484,6.513784113721512
d:166:1.8081797998448224e-05,3.256900269503482,3.256901099140548,6.5137832868460315
d:167:1.973630355767142e-05,3.2569002727511664,3.2569010978235635,6.513781634271172
d:168:1.7284046487375804e-05,3.2569002735589985,3.2569010986317495,6.513784088144261
d:169:1.7633767102509523e-05,3.2569002768066153,3.2569011079360566,6.51378375097557
d:170:1.7471625865184137e-05,3.256900275667496,3.256901106066723,6.513783910108353
d:171:1.598340051600644e-05,3.25690027647526,3.2569011038949,6.513785396969643
d:172:1.731528345150224e-05,3.256900275842401,3.2569011089944486,6.513784069553398
d:173:1.8179657210737332e-05,3.256900280941907,3.256901107349594,6.51378320863429
d:174:1.7203789084874188e-05,3.2569002790137827,3.2569011054801917,6.5137841807048895
d:175:1.683941987451476e-05,3.2569002841132244,3.25690110704392,6.51378455173727
d:176:1.833201618595126e-05,3.2569002831246388,3.2569011075069514,6.513783058615404
d:177:1.6917597433163678e-05,3.25690028159007,3.256901107073095,6.5137844710657316
d:178:1.510340625721085e-05,3.256900280055423,3.256901107175547,6.513786283824713
d:179:1.749145934493157e-05,3.256900278410541,3.2569011051752477,6.513783892126444
d:180:1.6899005128578892e-05,3.2569002777776266,3.256901105277627,6.513784484050126
d:181:1.6569040552028014e-05,3.25690027568574,3.256901103283919,6.513784809929106
d:182:1.7065086654000083e-05,3.2569002849904445,3.2569011012901323,6.513784321193922
d:183:1.7826377336938037e-05,3.2569002834557335,3.2569010991982976,6.513783556276694
d:184:1.7646763510015262e-05,3.256900282822751,3.2569011085025914,6.513783744561833
d:185:1.569846279103615e-05,3.2569002808294973,3.25690110663314,6.513785688999846
d:186:1.7052235042669395e-05,3.2569002796903463,3.2569011052089025,6.513784332664207
d:187:1.6915239010373284e-05,3.2569002775186053,3.256901104774997,6.513784467054592
d:188:1.6942617590665066e-05,3.2569002756935497,3.2569011036364577,6.513784436712417
d:189:1.8355825818439087e-05,3.2569002742695172,3.2569011016361062,6.5137830200798055
d:190:1.713850584117438e-05,3.2569002720792666,3.2569011008045554,6.513784234377981
d:191:1.7605932382203093e-05,3.256900270544497,3.25690110090689,6.513783765519005
d:192:1.66748930459093e-05,3.2569002713522477,3.2569011060064335,6.513784702465635
d:193:1.5739041585582925e-05,3.256900272159924,3.2569011039145455,6.513785637032884
d:194:1.6636356327204282e-05,3.25690027372336,3.256901101742707,6.51378473910974
d:195:1.7223558719692278e-05,3.256900271795215,3.2569010996507437,6.51378414788724
d:196:1.6580697884904794e-05,3.2569002739696606,3.2569010980058755,6.513784791277651
d:197:1.7844963350555076e-05,3.2569002721445495,3.2569010971742665,6.513783524355466
d:198:1.6611077296779797e-05,3.2569002699542406,3.25690109563924,6.513784754516184
d:199:1.5989318807640984e-05,3.2569002677638537,3.2569010957415205,6.513785374186567
d:200:1.7746333965895644e-05,3.2569002693272324,3.2569010944245513,6.513783617417817
d:201:1.7109908457157985e-05,3.256900268893402,3.256901093990608,6.513784252975553
d:202:1.5679327209028315e-05,3.2569002781981107,3.25690109445364,6.513785693324541
d:203:1.6963432137195866e-05,3.2569002762048282,3.2569010923616193,6.51378440513431
d:204:1.6056162049693512e-05,3.256900274112927,3.256901090361229,6.513785308312107
d:205:1.780982647314744e-05,3.2569002734799275,3.256901088269131,6.513783551922585
d:206:1.7999085615727495e-05,3.2569002716103297,3.2569010915167627,6.513783364041476
d:207:1.639602195613321e-05,3.2569002706217547,3.256901089691807,6.513784964291605
d:208:1.7514228735748816e-05,3.256900269305167,3.2569010883747818,6.513783843451213
d:209:1.6622801117804897e-05,3.2569002701128147,3.256901087543129,6.513784734854825
d:210:1.6976785019551244e-05,3.256900269678933,3.256901090790699,6.513784383684612
d:211:1.6780451268516572e-05,3.25690026758697,3.2569010894736024,6.513784576609304
d:212:1.8411359308245778e-05,3.2569002697613887,3.2569010886418788,6.513782947043959
d:213:1.9248737310739727e-05,3.2569002696539338,3.2569010867139117,6.513782107630535
d:214:1.9275622962666716e-05,3.2569002718282842,3.256901084523775,6.513782080729097
d:215:1.8625560786134088e-05,3.2569002717207565,3.256901084416293,6.5137827305762634
d:216:1.988569498934112e-05,3.2569002697925917,3.2569010835845007,6.513781467682103
d:217:1.8119215689615942e-05,3.256900273040288,3.256901081656464,6.513783235481062
d:218:1.6486210908439602e-05,3.2569002726063503,3.2569010808245977,6.513784867220039
d:219:1.5796807078416464e-05,3.2569002714672166,3.2569010901289475,6.513785564789085
d:220:1.7686887817447428e-05,3.256900269538982,3.256901089694982,6.513783672346147
d:221:1.788541957736811e-05,3.256900268550369,3.25690108752314,6.513783470653932
d:222:1.7103097394333133e-05,3.2569002666807365,3.2569010896977866,6.513784253281129
d:223:1.7896262056282808e-05,3.256900266246735,3.2569010887093843,6.513783458694062
d:224:1.6291548404545608e-05,3.2569002648227237,3.2569010902731876,6.513785063547506
d:225:1.7268580508655873e-05,3.256900263287972,3.256901091081471,6.513784085788934
d:226:1.7187958762932e-05,3.2569002618638865,3.256901089081063,6.513784162986187
d:227:1.8407481510607226e-05,3.256900260547274,3.2569010876568645,6.513782940722628
d:228:1.839941262371525e-05,3.256900259715233,3.2569010909044196,6.513782951207029
d:229:1.6012612075400057e-05,3.256900258180412,3.256901089915955,6.513785335484291
d:230:1.560882881612713e-05,3.2569002597438077,3.2569010885988345,6.513785739513827
d:231:1.6277213713777883e-05,3.256900257553431,3.2569010865983596,6.513785066938077
d:232:1.6599639938164046e-05,3.2569002556251494,3.2569010916979626,6.513784747683173
d:233:1.6532483004816356e-05,3.256900258872822,3.2569010967974976,6.513784823187315
d:234:1.6867019158262053e-05,3.2569002639723856,3.2569010961654237,6.513784493118651
d:235:1.8017137418446794e-05,3.2569002661467272,3.2569010948482373,6.513783343857546
d:236:1.672487989257121e-05,3.256900266609739,3.2569010929788527,6.513784634708699
d:237:1.6592450048591445e-05,3.256900264681391,3.2569010908867666,6.5137847631181085
d:238:1.5499476803348955e-05,3.256900262681542,3.2569010889587107,6.5137858521634495
d:239:1.6070039418281112e-05,3.2569002634892046,3.2569010869581776,6.513785280407964
d:240:1.5490517940364157e-05,3.2569002633816737,3.2569010854231935,6.513785858286926
d:241:1.9263146055159552e-05,3.2569002641892646,3.2569010834225858,6.513782084465795
d:242:1.502595920577221e-05,3.256900263755241,3.2569010825907116,6.513786320386747
d:243:1.6344612864038766e-05,3.256900261755325,3.256901084154497,6.5137850012969585
d:244:1.7255268716098726e-05,3.2569002607667,3.2569010849627613,6.513784090460746
d:245:1.7677218325573563e-05,3.256900270071494,3.256901082962083,6.513783675815251
d:246:1.828311647322778e-05,3.2569002685366435,3.2569010862096213,6.513783071629792
d:247:1.8775990455743852e-05,3.256900266891879,3.2569010842088675,6.513782575110291
d:248:1.6125667706035074e-05,3.25690026502224,3.2569010828916385,6.513785222246172
d:249:1.6804072885179266e-05,3.2569002631525237,3.256901087991155,6.513784547070793
d:250:1.6456014331645008e-05,3.256900263255226,3.2569010861662435,6.513784893407138
d:251:1.7007828530424263e-05,3.2569002631476494,3.256901084341254,6.513784339660373
d:252:1.621443622212837e-05,3.2569002615028175,3.2569010848043596,6.513785131870955
d:253:1.8371602090283545e-05,3.2569002619658036,3.256901084906725,6.513782975270438
d:254:1.5919052322566074e-05,3.2569002627733576,3.2569010870813964,6.513785430802431
d:255:1.708935627497965e-05,3.2569002606814412,3.256901087889616,6.513784259214782
d:256:1.7539922921194773e-05,3.2569002588116636,3.256901088697762,6.513783807586504
d:257:1.7709240740515497e-05,3.2569002572767642,3.2569010880656775,6.513783636101701
d:258:1.8740155073970755e-05,3.2569002568427083,3.256901093165151,6.513782609852786
d:259:1.7694706581750097e-05,3.2569002549728583,3.2569010916301413,6.513783651896418
d:260:1.83362847030466e-05,3.2569002531478497,3.2569010898050985,6.513783006668246
d:261:1.857233658597579e-05,3.256900251502963,3.2569010884878278,6.513782767654204
d:262:1.718585835419617e-05,3.2569002496330404,3.256901087499381,6.513784151274067
d:263:1.7274806047851143e-05,3.2569002477046864,3.256901086510858,6.513784059409497
d:264:1.610474595992173e-05,3.256900246872672,3.256901084685745,6.513785226812457
d:265:2.0770351992993596e-05,3.256900245884028,3.2569010825936577,6.513780558125693
d:266:1.661111376005664e-05,3.2569002436936705,3.256901084768291,6.5137847173482015
d:267:1.8313146764370458e-05,3.256900242048721,3.256901083936412,6.513783012838369
d:268:1.788665705326764e-05,3.2569002513535295,3.2569010932408693,6.513783457937345
d:269:1.7893302084459606e-05,3.2569002492615717,3.2569010913128222,6.51378344727231
d:270:1.682881582887319e-05,3.2569002472684,3.2569010893120547,6.513784507764626
d:271:1.8355318236906726e-05,3.2569002462796948,3.2569010914866294,6.513782982448087
d:272:1.7963148326138878e-05,3.256900251379312,3.25690109137924,6.513783379610226
d:273:2.0283282504252043e-05,3.2569002492872845,3.2569010909453544,6.513781056950135
d:274:1.7697954072914968e-05,3.2569002484552207,3.2569010941929086,6.5137836446940565
d:275:1.8632304858101634e-05,3.25690024926276,3.2569010940854497,6.513782711043351
d:276:1.7546089536857323e-05,3.256900247617756,3.2569010926613156,6.513783794189535
d:277:1.7441296025211273e-05,3.256900247720461,3.2569010907919695,6.513783897216405
d:278:1.5255794711066528e-05,3.2569002465814196,3.2569010894746686,6.513786080261378
d:279:1.834454046445444e-05,3.2569002558862006,3.256901098779099,6.513783010124835
d:280:1.8458339572369198e-05,3.2569002538929777,3.256901096589073,6.513782892142478
d:281:1.6970063920318523e-05,3.256900252067949,3.2569010947196575,6.513784376723686
d:282:1.668755407813194e-05,3.2569002521705905,3.256901094087568,6.513784658704081
d:283:1.706265965761844e-05,3.256900252273157,3.2569010922624297,6.513784281875929
d:284:1.70131477794655e-05,3.2569002518390997,3.2569010902616213,6.513784328952942
d:285:1.721117160524699e-05,3.256900249747025,3.256901089429716,6.513784128005136
d:286:1.707617657764615e-05,3.2569002590517653,3.2569010898928488,6.513784272768037
d:287:1.5827380053679008e-05,3.2569002571234,3.2569010878007445,6.513785517544091
d:288:1.7329389772946513e-05,3.2569002549518693,3.256901086156064,6.513784011718161
d:289:1.7155703333493477e-05,3.256900254517748,3.2569010912555694,6.513784190069984
d:290:1.637591437742003e-05,3.2569002540835514,3.2569010908216556,6.51378496899083
d:291:1.7842903453413328e-05,3.256900252548671,3.2569010903876654,6.513783500032883
d:292:1.9884013461535233e-05,3.256900252114401,3.2569010885182,6.513781456619139
d:293:1.694315573264049e-05,3.256900250185972,3.256901091765741,6.51378439879598
d:294:1.6337939030108828e-05,3.256900249046898,3.2569010907772302,6.513785001885099
d:295:1.7158411224293957e-05,3.256900248214817,3.256901090669753,6.513784180473346
d:296:1.7716156317071352e-05,3.256900249022345,3.2569010893524255,6.513783622218454
d:297:1.880575309609611e-05,3.256900247705856,3.2569010874243784,6.5137825293771385
d:298:1.595486478578323e-05,3.2569002478083893,3.2569010854235296,6.513785378367134
d:299:1.7194570038903123e-05,3.2569002458798963,3.2569010844349533,6.513784135744811
d:300:1.4482271609495001e-05,3.2569002454455713,3.2569010838028376,6.513786846976799
d:301:1.6126743315858505e-05,3.2569002434457417,3.2569010826645513,6.5137851993669775
d:302:1.892120816826548e-05,3.256900242021798,3.256901080736437,6.513782401550067
d:303:1.8388341072039793e-05,3.2569002435853434,3.25690108154465,6.513782936788921
d:304:1.792308772152751e-05,3.2569002468331685,3.256901079616461,6.5137834033619075
d:305:1.5720183851541947e-05,3.256900249007652,3.256901077426425,6.5137856062502255
d:306:1.6892845378535526e-05,3.256900246817329,3.25690107899033,6.5137844329622805
d:307:1.7626438272522194e-05,3.2569002472804014,3.2569010769894255,6.513783697831554
d:308:1.8217016786614693e-05,3.2569002458563947,3.2569010749959224,6.5137831038355305
d:309:1.692761106486529e-05,3.2569002454220173,3.2569010733512225,6.513784391162175
d:310:1.6671916302613e-05,3.2569002438871113,3.25690107142297,6.5137846433937785
d:311:1.592220414803336e-05,3.2569002471348845,3.256901076522474,6.513785401453211
d:312:1.778329953694424e-05,3.2569002453098657,3.256901076414969,6.513783538425297
d:313:1.776517490270635e-05,3.256900243885793,3.2569010744213993,6.513783553132289
d:314:1.637826835754197e-05,3.2569002471335025,3.2569010837258867,6.513784952591031
d:315:1.60485135038968e-05,3.2569002503811406,3.2569010820811233,6.51378528394876
d:316:1.8028942754710897e-05,3.2569002536287095,3.2569010810925176,6.513783305778473
d:317:1.849369636985898e-05,3.2569002517588657,3.256901082656381,6.513782840718877
d:318:1.5034756598808485e-05,3.2569002525663824,3.256901081824493,6.513786299634276
d:319:1.7733603584701996e-05,3.256900250376016,3.2569010798308597,6.513783596603291
d:320:1.77857412504423e-05,3.2569002497432797,3.2569010802940173,6.513783544296047
d:321:1.8158933317913295e-05,3.2569002590480762,3.256901082468673,6.513783182583431
d:322:1.6517228432988418e-05,3.2569002577315826,3.2569010808238494,6.513784821326999
d:323:1.7523937819952096e-05,3.2569002565925147,3.25690107950652,6.513783812161215
d:324:1.751889173462473e-05,3.2569002547674497,3.256901088810976,6.513783824686691
d:325:1.6246928527863247e-05,3.2569002526754107,3.256901087822317,6.5137850935692
d:326:1.7166175771521353e-05,3.256900261980159,3.2569010910698895,6.513784186874277
d:327:1.800263338047614e-05,3.2569002712848456,3.2569010890689625,6.513783357720428
d:328:1.666825872348454e-05,3.2569002694149547,3.256901090632784,6.513784691789015
d:329:1.6668138226094698e-05,3.2569002673228455,3.2569010999371923,6.513784699121812
d:330:1.7813108705411196e-05,3.256900266006295,3.2569010982923126,6.513783551189903
d:331:1.6754091468840215e-05,3.25690026401314,3.2569011075966614,6.513784617518333
d:332:1.7019366008064196e-05,3.2569002639057287,3.2569011055046073,6.513784350044328
d:333:1.7407344157227556e-05,3.2569002654692922,3.256901107679227,6.513783965804362
d:334:1.839235433909181e-05,3.256900266276782,3.256901112778739,6.513782986701181
d:335:1.5098331950902377e-05,3.2569002644068292,3.2569011119468243,6.513786278021702
d:336:1.7573012612182026e-05,3.256900262478364,3.256901111839315,6.513783801305067
d:337:1.6702376764321514e-05,3.2569002604851445,3.2569011107010564,6.5137846688094365
d:338:1.865964440739276e-05,3.2569002583929807,3.256901110803601,6.513782709552174
d:339:1.8479051157704873e-05,3.2569002563996854,3.256901108802629,6.513782886151157
d:340:1.863384101685739e-05,3.256900258574205,3.2569011083687083,6.5137827331018965
d:341:1.67679608082949e-05,3.2569002564027456,3.2569011084711836,6.513784596913121
d:342:1.7895969650183474e-05,3.2569002596503234,3.256901108934332,6.513783472615005
d:343:1.7027801916924545e-05,3.2569002628978305,3.2569011067627622,6.513784341858676
d:344:1.8137830334552518e-05,3.2569002612529454,3.256901110010319,6.51378323343293
d:345:1.7652808791623897e-05,3.2569002590625726,3.2569011132578054,6.513783719511586
d:346:1.739773518050214e-05,3.2569002595256866,3.256901114821608,6.513783976612114
d:347:1.8321308088431465e-05,3.2569002577006074,3.2569011141895547,6.513783050582074
d:348:1.7097027688706135e-05,3.256900256384029,3.2569011192890414,6.513784278645382
d:349:1.6111046162947673e-05,3.256900256276591,3.2569011173608238,6.513785262591252
d:350:1.7808553877785016e-05,3.2569002543480843,3.2569011159368286,6.513783561731035
d:351:1.638723276009557e-05,3.256900255155549,3.256901125241183,6.513784993163972
d:352:1.8583220049883664e-05,3.256900253510606,3.2569011230695586,6.513782793360115
d:353:1.671834266669947e-05,3.2569002567580703,3.2569011219312674,6.513784660346671
d:354:1.8709827092955322e-05,3.256900254888092,3.2569011227395612,6.51378266780056
d:355:1.7713277000730443e-05,3.256900252888339,3.2569011207385556,6.513783660349894
d:356:1.6452562677571336e-05,3.2569002512433265,3.256901121546778,6.513784920227427
d:357:1.790123363498708e-05,3.2569002534178235,3.256901120408419,6.513783472592607
d:358:1.6995778763906344e-05,3.256900254225232,3.2569011182184573,6.513784376664925
d:359:1.728241796428165e-05,3.2569002543278716,3.2569011163491086,6.5137840882590154
d:360:1.6321495029281152e-05,3.256900255135209,3.256901115210678,6.513785048850857
d:361:1.7063429205599334e-05,3.256900253711198,3.256901113209607,6.5137843034916
d:362:1.898038157222004e-05,3.256900253276901,3.256901118309069,6.513782391204398
d:363:1.666038723513452e-05,3.256900251184727,3.256901116137395,6.513784706934887
d:364:1.565735324948747e-05,3.256900251077255,3.256901114045353,6.513785707769359
d:365:1.670527902408736e-05,3.2569002532517017,3.25690111729283,6.513784665265508
d:366:1.7948272493129025e-05,3.2569002511594554,3.256901115200712,6.513783418087675
d:367:1.794044734193534e-05,3.256900250327509,3.256901113375739,6.513783423255906
d:368:1.7396193429775053e-05,3.2569002498931505,3.2569011111857242,6.5137839648854445
d:369:1.7681386292878187e-05,3.256900248576553,3.256901112749522,6.513783679939783
d:370:1.7314188824890664e-05,3.2569002470417434,3.256901114313247,6.513784047166165
d:371:1.673986151295992e-05,3.256900244851364,3.2569011123196856,6.513784617309536
d:372:1.7186895266085855e-05,3.256900247025756,3.2569011122122062,6.513784172342697
d:373:1.678479905109498e-05,3.256900245380713,3.2569011143868756,6.513784574968538
d:374:1.5898762882216033e-05,3.2569002442417156,3.2569011137548234,6.513785459233657
d:375:1.7788422232101198e-05,3.256900242817665,3.2569011153184872,6.513783569713921
d:376:1.709146069028833e-05,3.2569002429202776,3.256901116126694,6.513784267586281
d:377:1.7513141868263915e-05,3.2569002480201688,3.2569011162292005,6.513783851107501
d:378:1.6866087916511674e-05,3.256900247387526,3.2569011155970813,6.51378449689669
d:379:1.6992090988487973e-05,3.256900245459023,3.256901115163198,6.513784368531232
d:380:1.8382345913892095e-05,3.2569002439241608,3.256901114024747,6.513782975602994
d:381:1.8132587840113956e-05,3.256900249023995,3.256901123329141,6.513783239765296
d:382:1.6407588659284045e-05,3.2569002470242387,3.256901122190616,6.513784961626196
d:383:1.7279161419025968e-05,3.256900246589846,3.256901123754229,6.5137840911826554
d:384:1.720017669892826e-05,3.256900245450798,3.2569011259288585,6.513784171202958
d:385:1.750214259210736e-05,3.2569002486982908,3.2569011239277774,6.513783870483476
d:386:1.6911055938706454e-05,3.2569002473816635,3.256901125491323,6.513784461817048
d:387:1.620443528072002e-05,3.2569002524814454,3.2569011253838114,6.513785173429976
d:388:1.8804712846431926e-05,3.256900252584017,3.256901123382658,6.513782571253829
d:389:1.6359432940760144e-05,3.256900250655461,3.2569011212109777,6.513785012433498
d:390:1.753785308444833e-05,3.256900253902896,3.2569011198937683,6.513783835943579
d:391:1.6465330732629013e-05,3.256900256077274,3.2569011249932536,6.5137849157397945
d:392:1.7945739078761846e-05,3.2569002561797786,3.256901124559331,6.513783435000031
d:393:1.755260867852826e-05,3.25690025698714,3.256901123570796,6.513783827949258
d:394:1.6991362163487622e-05,3.2569002550585178,3.2569011243789805,6.513784388075335
d:395:1.7628430595273414e-05,3.2569002537418372,3.2569011259424787,6.513783751253721
d:396:1.8570418719221493e-05,3.2569002523177684,3.2569011239412666,6.513782805840316
d:397:1.7349682911671493e-05,3.2569002518833394,3.256901122013107,6.513784024213535
d:398:1.693424912296848e-05,3.256900250459195,3.256901120084869,6.513784436294941
d:399:1.7408456805867445e-05,3.256900252022886,3.256901119096272,6.513783962662352
d:400:1.659427132061353e-05,3.256900253586504,3.256901117561598,6.513784776876781
d:401:1.6119746386600298e-05,3.256900251586722,3.256901115560319,6.513785247400654
d:402:1.8302539711356758e-05,3.2569002504476487,3.2569011144217725,6.5137830623297095
d:403:1.741232862784159e-05,3.2569002512549625,3.256901119521226,6.5137839584475605
d:404:1.6455555400085586e-05,3.2569002490836043,3.25690111752768,6.513784911055884
d:405:1.6439658478972774e-05,3.2569002471549333,3.2569011207752108,6.513784928271665
d:406:1.652533747353857e-05,3.2569002449645734,3.2569011223386664,6.513784841965766
d:407:1.8442309462685103e-05,3.256900245771823,3.2569011219047095,6.513782925367069
d:408:1.6876444222546638e-05,3.256900243679617,3.256901131209134,6.513784498444528
d:409:1.8568114293238125e-05,3.2569002422554245,3.2569011305770283,6.51378280471816
d:410:1.628950387289052e-05,3.2569002409387062,3.256901130679558,6.513785082114391
d:411:1.630308823852289e-05,3.256900239293693,3.2569011290348358,6.513785065240291
d:412:1.747825634090816e-05,3.2569002485986127,3.25690112949812,6.513783899840392
d:413:1.7744117960738492e-05,3.25690025790347,3.2569011275698454,6.513783641355355
d:414:1.6584294452393067e-05,3.2569002564792124,3.256901126145958,6.513784798330718
d:415:1.757475136798803e-05,3.2569002549443744,3.256901124217608,6.513783804410615
d:416:1.794516089770326e-05,3.256900256507966,3.256901123783599,6.513783435130667
d:417:1.8197469456637805e-05,3.256900254415705,3.2569011219586907,6.513783178904939
d:418:1.5866057725411054e-05,3.256900252415891,3.256901131263084,6.51378551762125
d:419:1.670427544375741e-05,3.2569002505460203,3.2569011292617764,6.513784675532353
d:420:1.85188525989588e-05,3.256900250648531,3.256901127837826,6.513782859633759
d:421:1.79868724305976e-05,3.256900249816666,3.256901125666158,6.513783388610394
d:422:1.766924077717391e-05,3.256900247645279,3.2569011272295874,6.513783705634089
d:423:1.7837315050783786e-05,3.256900246813339,3.256901126091024,6.513783535589312
d:424:1.8065118458920892e-05,3.256900248987745,3.2569011244462587,6.513783308315545
d:425:1.7236758257155316e-05,3.256900254087581,3.2569011245487545,6.513784141878078
d:426:1.7652674820567427e-05,3.256900251916124,3.2569011235601577,6.5137837228014615
d:427:1.6844153555517494e-05,3.2569002498238104,3.2569011268076853,6.51378453247794
d:428:1.6036508495353985e-05,3.2569002489918066,3.256901125669057,6.513785338152368
d:429:1.7671984810618824e-05,3.256900246998691,3.2569011272324313,6.513783702246312
d:430:1.7645743623617705e-05,3.256900247101154,3.2569011255876035,6.5137837269451335
d:431:1.8441850974326712e-05,3.256900246666747,3.256901123659218,6.51378292847499
d:432:1.5635352421661253e-05,3.2569002517665346,3.2569011221245576,6.513785738538671
d:433:1.7694875477758387e-05,3.256900250121506,3.2569011201960976,6.513783675442125
d:434:1.787868469804721e-05,3.256900249133204,3.2569011195639863,6.513783490012493
d:435:1.6502072931245948e-05,3.2569002483011418,3.2569011203722193,6.51378486660043
d:436:1.7079706488232205e-05,3.2569002462087724,3.256901119055065,6.51378428555735
d:437:1.592111133952301e-05,3.2569002494562835,3.256901117631083,6.513785445976027
d:438:1.755943342729438e-05,3.25690024728478,3.256901115986197,6.5137838038375495
d:439:1.766328992047761e-05,3.2569002458605154,3.256901114117,6.513783696687595
d:440:1.8303842373335044e-05,3.2569002551654007,3.2569011156803325,6.51378306700336
d:441:1.751664549232146e-05,3.2569002533405156,3.256901113679007,6.513783850374031
d:442:1.7315945864737614e-05,3.2569002511689416,3.256901112144295,6.513784047367372
d:443:1.6781362893070195e-05,3.2569002562686937,3.2569011137075603,6.513784588613361
d:444:1.6595678387076873e-05,3.256900255834247,3.2569011145157427,6.513784774671603
d:445:1.631455654838021e-05,3.2569002609339357,3.2569011149790494,6.513785061356437
d:446:1.7832253652372287e-05,3.2569002631083355,3.256901114545051,6.513783545399734
d:447:1.6041981604431044e-05,3.2569002663558053,3.2569011123733755,6.513785336747576
d:448:1.7134953613329174e-05,3.256900266819153,3.2569011115417172,6.513784243407257
d:449:1.6319145101029164e-05,3.2569002761240053,3.256901109540334,6.5137850665192385
d:450:1.8076679772605075e-05,3.2569002739336934,3.2569011074483787,6.513783304702299
d:451:1.7997635242572585e-05,3.2569002722886373,3.256901106309736,6.5137833809631305
d:452:1.7302871055058233e-05,3.256900272181353,3.2569011041379925,6.51378407344829
d:453:1.6864926370985245e-05,3.2569002701882273,3.2569011063127626,6.5137845115746185
d:454:1.772192670213002e-05,3.256900275287875,3.2569011067760183,6.513783660137191
d:455:1.591204334161489e-05,3.2569002733592693,3.256901104683996,6.5137854659999235
d:456:1.6835894770750315e-05,3.2569002826640814,3.256901104051871,6.513784550821182
d:457:1.7707892192575514e-05,3.256900280664301,3.25690110729942,6.513783680071528
d:458:1.6686454615388868e-05,3.256900279019185,3.256901116603887,6.513784709168457
d:459:1.7899958073108735e-05,3.2569002789118437,3.256901114602451,6.513783493556222
d:460:1.7463270495454708e-05,3.2569002768194646,3.256901112600937,6.513783926149906
d:461:1.6391177477537155e-05,3.25690027671205,3.2569011141641817,6.513784999698754
d:462:1.8105249591116035e-05,3.256900279959495,3.256901112519286,6.51378328722919
d:463:1.5636778221583825e-05,3.256900278089674,3.256901110984554,6.513785752296006
d:464:1.7947268642792835e-05,3.256900280264056,3.256901109995989,6.513783442991402
d:465:1.846978791242293e-05,3.2569002792757678,3.2569011088573085,6.513782918345164
d:466:1.7185645036832398e-05,3.2569002843753836,3.256901106667496,6.513784205397843
d:467:1.8062372049598707e-05,3.256900287622771,3.2569011052435224,6.513783330494244
d:468:1.7506937227018682e-05,3.2569002908700884,3.256901105136174,6.513783889069035
d:469:1.6555797770934078e-05,3.2569003001748804,3.256901114440615,6.513784858817724
d:470:1.8423410748980018e-05,3.2569003023492074,3.256901114903842,6.5137829938423
d:471:1.6387179669230534e-05,3.256900303156578,3.2569011153669933,6.513785031343902
d:472:1.8005893693384678e-05,3.2569003025241394,3.256901115830072,6.513783412460517
d:473:1.6490000628976986e-05,3.2569003016921134,3.256901115932634,6.513784927624119
d:474:1.7685709732262467e-05,3.2569003002678736,3.2569011210322505,6.513783735590392
d:475:1.5981864091685338e-05,3.256900301831575,3.2569011191630786,6.513785439130562
d:476:1.746302871374894e-05,3.2569002996600207,3.256901122410614,6.5137839590419215
d:477:1.702171526929419e-05,3.2569002976602195,3.2569011217784736,6.513784397723423
d:478:1.791912916360161e-05,3.2569002968281278,3.256901121880973,6.513783499579937
d:479:1.7255101423252484e-05,3.2569002948282506,3.2569011202360456,6.513784159962873
d:480:1.6514950184287613e-05,3.2569002936893283,3.2569011190973307,6.513784897836475
d:481:1.8341761276019497e-05,3.256900295252972,3.2569011223448086,6.513783075836505
d:482:1.6633945149280294e-05,3.2569002951455435,3.2569011222374256,6.51378478343782
d:483:1.798973435107598e-05,3.2569002940065506,3.256901124412215,6.513783428684414
d:484:1.86687704974986e-05,3.2569002944699315,3.2569011228774647,6.513782748576899
d:485:1.8093032891464134e-05,3.256900292824815,3.256901120875942,6.513783320667866
d:486:1.5568332347726255e-05,3.2569002943883967,3.256901118947554,6.5137858450036035
d:487:1.625700525753615e-05,3.256900292518565,3.25690111763047,6.513785153143777
d:488:1.665606269529718e-05,3.2569002910942855,3.2569011156370866,6.513784750668677
d:489:1.6207424511804902e-05,3.25690029010599,3.2569011155296455,6.5137851982111235
d:490:1.6348670507149166e-05,3.2569002891176164,3.256901114212489,6.513785054659598
d:491:1.6393759590727086e-05,3.2569002871176926,3.2569011125675154,6.513785005925618
d:492:1.681779888063062e-05,3.256900284946102,3.256901110922464,6.513784578069686
d:493:1.8166993709378687e-05,3.256900282946102,3.2569011089940156,6.513783224946408
d:494:1.7903407127484172e-05,3.256900281121291,3.2569011068223133,6.513783484536477
d:495:1.578008724845148e-05,3.2569002792514006,3.256901110069762,6.513785609233914
d:496:1.783211495265391e-05,3.25690028005877,3.256901109437598,6.513783557381416
d:497:1.6894216040341803e-05,3.25690027874223,3.256901109900674,6.513784494426863
d:498:1.573229769213924e-05,3.2569002838418806,3.256901109069084,6.513785660613273
d:499:1.707275679141418e-05,3.2569002816516286,3.2569011086351654,6.5137843175300025
d:500:1.857962166784688e-05,3.256900280819522,3.2569011085276784,6.513782809725533
d:501:1.6907711321678676e-05,3.2569002786478762,3.2569011086301685,6.5137844795667235
d:502:1.8362202013122442e-05,3.2569002766548127,3.256901107206217,6.513783021659016
d:503:1.6961173349372416e-05,3.256900277462126,3.256901105212796,6.5137844215015726
d:504:1.9556038003187837e-05,3.256900276323114,3.2569011103124392,6.51378183059755
d:505:1.8580823809344338e-05,3.256900275334705,3.2569011087776696,6.513782803288565
d:506:1.68069123853698e-05,3.2569002731443923,3.256901106908505,6.513784573140512
d:507:1.781463957684082e-05,3.2569002732470107,3.2569011049069654,6.5137835635144
d:508:1.667569372809652e-05,3.256900271253883,3.2569011050093972,6.513784700569552
d:509:1.815110264224984e-05,3.256900269260677,3.2569011049018592,6.513783223059894
d:510:1.691555934790756e-05,3.25690026862827,3.2569011034778503,6.513784456546773
d:511:1.6695981379655223e-05,3.256900268193946,3.256901112782372,6.513784684994938
d:512:1.713994155050358e-05,3.256900266193919,3.2569011107888954,6.513784237041263
d:513:1.9024468577377718e-05,3.2569002648773457,3.2569011103549395,6.513782350763708
d:514:1.8137728556411048e-05,3.256900262785041,3.256901109523318,6.513783234579803
d:515:1.6618112399946483e-05,3.2569002606133535,3.2569011082061547,6.513784750707108
d:516:1.7023039418972985e-05,3.256900260505947,3.256901109014481,6.513784346481009
d:517:1.8608275709652844e-05,3.256900258636038,3.2569011080259935,6.513782758386322
d:518:1.8308271260814024e-05,3.2569002564456766,3.2569011070374287,6.513783055211845
d:519:1.6841158917202392e-05,3.256900265750578,3.256901105212736,6.513784529804397
d:520:1.654322779387485e-05,3.256900270850228,3.2569011032842847,6.513784830906719
d:521:1.668909404450858e-05,3.2569002689217337,3.2569011022956498,6.5137846821233385
d:522:1.68841677830045e-05,3.2569002669284837,3.256901100470884,6.513784483231585
d:523:1.6436547649156807e-05,3.25690026682102,3.2569011003633097,6.513784930636681
d:524:1.5637544450441965e-05,3.256900268384643,3.256901098434788,6.51378572927498
d:525:1.735937654157027e-05,3.2569002661942212,3.2569010963428866,6.513784003160566
d:526:1.8457838853791486e-05,3.256900269441649,3.256901098517734,6.513782910120529
d:527:1.754453473967743e-05,3.2569002674483323,3.2569010963460454,6.513783819259638
d:528:1.753725730324618e-05,3.256900268255644,3.2569010995935246,6.513783830591866
d:529:1.73703640067302e-05,3.256900266065152,3.256901098454873,6.513783994156019
d:530:1.7207504468430557e-05,3.2569002711647643,3.2569010965262875,6.513784160186583
d:531:1.835250808301936e-05,3.2569002690724282,3.256901101625948,6.513783018190293
d:532:1.913354314542204e-05,3.2569002695358757,3.2569011000911763,6.513782236083906
d:533:1.726740220497902e-05,3.2569002685474686,3.2569010984461637,6.513784099591428
d:534:1.5543036401943766e-05,3.256900267408466,3.2569010970221455,6.513785821394209
d:535:1.8376974683320668e-05,3.256900265415091,3.2569010954873012,6.513782983927709
d:536:1.697993982840984e-05,3.2569002639908717,3.256901104791845,6.513784388842889
d:537:1.685274689577909e-05,3.256900262674288,3.256901104684234,6.513784514611626
d:538:1.7578868050094343e-05,3.256900264237878,3.256901102690751,6.513783788060579
d:539:1.684685934044694e-05,3.256900262592837,3.2569011008216013,6.5137845165550985
d:540:1.7519931423848334e-05,3.256900267692411,3.2569010992866922,6.513783847047679
d:541:1.6128738720588842e-05,3.2569002657638926,3.2569010971947563,6.513785234219928
d:542:1.8268382234509772e-05,3.2569002644472445,3.2569010963631384,6.513783092428149
d:543:1.8585192101738812e-05,3.2569002631305186,3.2569010964655987,6.5137827744040155
d:544:1.6178625176443973e-05,3.256900265305,3.256901097273932,6.513785183953756
d:545:1.6387514531146508e-05,3.2569002661122863,3.2569010959567746,6.51378497455453
d:546:1.688782703013203e-05,3.256900265280237,3.2569010945327115,6.513784471985918
d:547:1.706738399942509e-05,3.2569002634103343,3.256901092531205,6.51378428855754
d:548:1.7380818794876518e-05,3.256900261986069,3.2569010933394735,6.513783974506747
d:549:1.671863876229196e-05,3.2569002613536995,3.2569010925077957,6.513784635222733
d:550:1.7392889074763218e-05,3.256900261817124,3.2569010905062172,6.513783959434266
d:551:1.7289109684348603e-05,3.2569002622804732,3.256901099810747,6.513784072981536
d:552:1.8310989323921945e-05,3.256900260287067,3.2569011002739123,6.513783049571655
d:553:1.986382508611939e-05,3.256900258096562,3.256901098272261,6.513781492543737
d:554:1.7699300684625996e-05,3.2569002560965754,3.256901096627229,6.51378365342312
d:555:1.6275299956625133e-05,3.2569002559891285,3.256901101726898,6.51378508241607
d:556:1.679709249025052e-05,3.2569002558816065,3.2569011049743937,6.51378456376351
d:557:1.4717957389720482e-05,3.256900258056053,3.256901108221818,6.513786648320481
d:558:1.7773476969296098e-05,3.2569002560559963,3.2569011060321906,6.513783588611218
d:559:1.6378789448268094e-05,3.2569002554235773,3.256901103860514,6.513784980494643
d:560:1.5508778690609404e-05,3.256900254106821,3.256901105423989,6.513785850752119
d:561:1.8117990712163135e-05,3.2569002531184164,3.256901104592269,6.513783239719973
d:562:1.734686992360679e-05,3.256900262423403,3.2569011032750836,6.513784018828563
d:563:1.7521594863900702e-05,3.256900260598711,3.2569011014059233,6.51378384040977
d:564:1.8535044652878696e-05,3.2569002699036385,3.2569010998710035,6.513782834729989
d:565:1.582234659824877e-05,3.256900267713088,3.2569011006792463,6.513785546045736
d:566:1.7719974523267013e-05,3.256900265541467,3.256901098854529,6.513783644421473
d:567:1.9098883254464738e-05,3.256900263716706,3.2569010969259704,6.513782261759422
d:568:1.7163535070530145e-05,3.2569002623998933,3.2569010952808983,6.513784194145721
d:569:1.8143504977530256e-05,3.2569002603075856,3.256901095744037,6.513783212546645
d:570:1.593347746098317e-05,3.2569002584827524,3.256901096207102,6.513785421212393
d:571:1.59507677608417e-05,3.256900258375197,3.256901094382317,6.513785401989754
d:572:1.63713858141179e-05,3.2569002565052863,3.2569010930650797,6.513784978184552
d:573:1.5160927537394286e-05,3.256900254412908,3.256901091063405,6.513786184548776
d:574:1.641400557783612e-05,3.2569002545156502,3.2569010904313935,6.513784930941466
d:575:1.8424003861206018e-05,3.256900252423197,3.25690109123959,6.513782919658926
d:576:1.5017923061577676e-05,3.256900250429778,3.2569010895944603,6.513786322101177
d:577:1.7576618960291057e-05,3.256900252604212,3.256901092841875,6.5137837688271265
d:578:1.882953192122727e-05,3.2569002577038386,3.2569010917032863,6.513782519875203
d:579:1.4768830427058788e-05,3.256900255513247,3.2569010905646216,6.5137865772474415
d:580:1.7295349723056574e-05,3.256900253688361,3.256901089029668,6.513784047368306
d:581:1.772844457725853e-05,3.256900251694876,3.256901088397598,6.513783611647897
d:582:1.7072200039436325e-05,3.2569002505559337,3.256901087765452,6.5137842661213465
d:583:1.761322172466606e-05,3.2569002510193017,3.256901092865141,6.513783730662718
d:584:1.7101373744665693e-05,3.256900249595061,3.2569010906934537,6.51378423891477
d:585:1.7470709637201765e-05,3.2569002475025544,3.256901088503822,6.513783865296739
d:586:1.701559590916446e-05,3.2569002468701362,3.2569010900673017,6.513784321341529
d:587:1.7452098390435822e-05,3.2569002448700823,3.256901087895542,6.5137838806672335
d:588:1.8564725237979474e-05,3.256900244972788,3.2569010894589514,6.513782769706502
d:589:1.659387467167761e-05,3.2569002542777366,3.256901091633921,6.513784752036986
d:590:1.8018327086366526e-05,3.2569002547410486,3.256901090098916,6.513783326512878
d:591:1.666538628786185e-05,3.256900252747511,3.2569010880972127,6.513784675458436
d:592:1.765133419961984e-05,3.2569002535548632,3.256901088905383,6.513783691126046
d:593:1.7147103846149037e-05,3.256900251383238,3.2569010867156933,6.513784190995085
d:594:1.5034501222643826e-05,3.2569002521905195,3.2569010882790455,6.513786305968342
d:595:1.686660906230486e-05,3.2569002501904074,3.256901086350486,6.5137844699318315
d:596:1.7391423811297102e-05,3.2569002481902176,3.256901086242973,6.513783943009379
d:597:1.8904752576709427e-05,3.2569002459995953,3.256901085104281,6.513782426351299
d:598:1.771365513647538e-05,3.2569002481740195,3.2569010839655124,6.513783618484395
d:599:1.594526321824219e-05,3.256900246529072,3.256901082826665,6.513785384092519
d:600:1.6917157534379612e-05,3.256900248092778,3.2569010879263387,6.513784418861582
d:601:1.760760156166441e-05,3.25690025134037,3.256901087094657,6.513783730833465
d:602:1.734802207131736e-05,3.25690025144304,3.256901086987084,6.513783990408053
d:603:1.6779500452202e-05,3.2569002513355025,3.2569010891620214,6.513784560997072
d:604:1.8169333133144505e-05,3.2569002505035445,3.256901087070186,6.5137831682405976
d:605:1.602933297384368e-05,3.256900248969182,3.256901087533279,6.513785307169487
d:606:1.741326085813455e-05,3.2569002467975126,3.256901085441368,6.513783918978023
d:607:1.722444059737427e-05,3.25690024690012,3.2569010841241535,6.513784106583676
d:608:1.7346897612569023e-05,3.256900245911775,3.2569010829852534,6.513783981999415
d:609:1.753694205319789e-05,3.256900243740032,3.2569010823531084,6.513783789151088
d:610:1.7128993514248236e-05,3.2569002416475166,3.2569010804245115,6.513784193078514
d:611:1.865406584045104e-05,3.256900239554922,3.256901082599399,6.5137826680884805
d:612:1.827074363358605e-05,3.2569002396574653,3.2569010819671833,6.513783050881015
d:613:1.883425733151256e-05,3.256900238825454,3.2569010797954157,6.513782484363538
d:614:1.5481694612518027e-05,3.256900237993366,3.2569010819702378,6.513785838268991
d:615:1.813367302538893e-05,3.2569002361234984,3.2569010798782716,6.513783182328744
d:616:1.8192230866631576e-05,3.2569002341232838,3.256901089182964,6.513783131075382
d:617:1.7312556404469603e-05,3.2569002356869654,3.256901087759028,6.513784010889589
d:618:1.7632469546668972e-05,3.2569002348548093,3.2569010882220817,6.513783690607344
d:619:1.7534581433942265e-05,3.2569002329264354,3.256901086228753,6.5137837845737545
d:620:1.7109046124730298e-05,3.256900233733719,3.2569010884035183,6.513784213091112
d:621:1.7779277153628925e-05,3.256900231740186,3.2569010916509997,6.513783544114032
d:622:1.6312368412485512e-05,3.2569002368398854,3.256901093214362,6.513785017685835
d:623:1.744207422760269e-05,3.256900240087474,3.2569010910246776,6.513783889037924
d:624:1.798553360998767e-05,3.2569002382175514,3.256901092587971,6.5137833452719125
d:625:1.814962624635541e-05,3.256900238320055,3.256901091449042,6.513783180142851
d:626:1.8717825744474226e-05,3.2569002384224848,3.256901089579983,6.513782610176723
d:627:1.7540576759955684e-05,3.2569002435221295,3.2569010928274094,6.513783795772779
d:628:1.747738044777236e-05,3.2569002434145875,3.256901090655605,6.513783856689745
d:629:1.841748119701947e-05,3.256900243516948,3.2569010896672093,6.51378291570296
d:630:1.6046071146469387e-05,3.2569002414243275,3.2569010877980817,6.513785283151263
d:631:1.5411936490572486e-05,3.2569002395543447,3.2569010882610976,6.513785915878952
d:632:1.6723284246289438e-05,3.2569002446539344,3.2569010890693133,6.513784610439001
d:633:1.8868082260148356e-05,3.256900253958973,3.2569010983740005,6.513782484250713
d:634:1.651433024285609e-05,3.256900253326618,3.2569010977417716,6.513784836738147
d:635:1.8135826132414934e-05,3.256900251233932,3.2569010976342203,6.51378321304202
d:636:1.7021866043798184e-05,3.256900249917238,3.2569010954444924,6.5137843234956865
d:637:1.886579245713449e-05,3.2569002477454942,3.2569010941272865,6.513782476080324
d:638:1.911413923494365e-05,3.2569002464287267,3.2569010927033313,6.5137822249928234
d:639:1.6840039299026444e-05,3.2569002479924007,3.256901092806003,6.513784500759105
d:640:1.8325093442683738e-05,3.256900245820585,3.2569010949807558,6.513783015707898
d:641:1.8683065643898544e-05,3.2569002509201335,3.25690109344582,6.51378266130031
d:642:1.475809157014396e-05,3.256900251727408,3.2569010912739755,6.5137865849098135
d:643:1.9078813686235208e-05,3.256900251619833,3.256901089404804,6.513782262210951
d:644:1.7636239422635924e-05,3.256900249749808,3.2569010874762254,6.51378370098661
d:645:1.5814466610031275e-05,3.2569002477562643,3.256901085606979,6.513785518896634
d:646:1.7811178269155903e-05,3.256900246617431,3.256901083605354,6.513783519044516
d:647:1.567667420854235e-05,3.2569002446890583,3.256901085780052,6.513785653794902
d:648:1.671467104991109e-05,3.2569002451524685,3.2569010862430425,6.513784616724461
d:649:1.8136150341518942e-05,3.2569002473269775,3.2569010840711363,6.513783195247772
d:650:1.7007419233827648e-05,3.256900245682099,3.256901089170903,6.513784327433768
d:651:1.871799458807999e-05,3.256900254987134,3.2569010913455396,6.5137826283380855
d:652:1.6807378660388395e-05,3.2569002531623776,3.2569010964452425,6.51378454222896
d:653:1.7136382734150857e-05,3.256900252728399,3.2569010986198097,6.513784214965474
d:654:1.7189648292337267e-05,3.256900251411598,3.25690110186725,6.513784163630556
d:655:1.5797013049656528e-05,3.256900251513959,3.2569011000426293,6.513785554543539
d:656:1.680365047107557e-05,3.256900249421251,3.256901098049328,6.513784543820108
d:657:1.75269950783985e-05,3.256900248104379,3.256901100223833,6.513783821333133
d:658:1.8078128162457574e-05,3.2569002472722626,3.256901098688866,6.513783267832967
d:659:1.7459003750275315e-05,3.2569002494467276,3.256901099497089,6.513783889940067
d:660:1.8984845212344226e-05,3.256900247801798,3.2569010988648586,6.513782361821445
d:661:1.7858725769315242e-05,3.2569002510494345,3.256901096936249,6.5137834892599145
d:662:1.8109125952570082e-05,3.256900249910568,3.2569010949428825,6.513783235727498
d:663:1.9319082778856966e-05,3.2569002490783876,3.256901098190276,6.513782028185885
d:664:1.7176953073239076e-05,3.2569002474333892,3.2569010972019052,6.513784167682221
d:665:1.832253853528698e-05,3.2569002455633433,3.2569010962134564,6.513783019238264
d:666:1.8773973428309887e-05,3.256900250662903,3.2569010943441903,6.513782571033665
d:667:1.763404020582726e-05,3.2569002505553217,3.256901092350757,6.513783708865873
d:668:1.8521524454584437e-05,3.25690025211901,3.2569010905260942,6.51378282112065
d:669:1.8943739781285274e-05,3.2569002502942217,3.2569010898938107,6.513782396448251
d:670:1.7773329933135074e-05,3.2569002535418137,3.2569010878921745,6.513783568104055
d:671:1.702427378358351e-05,3.2569002517169503,3.2569010874586115,6.513784314901778
d:672:1.747809875318751e-05,3.2569002505780347,3.2569010853667297,6.513783857846011
d:673:1.7305992987104446e-05,3.2569002485779053,3.256901084227861,6.513784026812779
d:674:1.7424681471034376e-05,3.2569002465843653,3.256901087475216,6.51378390937811
d:675:1.6263059009702374e-05,3.2569002447594326,3.256901085481725,6.513785067182148
d:676:1.790352955044483e-05,3.2569002437712093,3.2569010870451027,6.513783427286762
d:677:1.7199301393766575e-05,3.25690024423463,3.2569010875081035,6.51378413244134
d:678:1.7138470565392083e-05,3.2569002434024146,3.2569010860841856,6.513784191016035
d:679:1.62316584484401e-05,3.2569002412306296,3.2569010856505676,6.513785095222748
d:680:1.692720658130753e-05,3.256900239040166,3.256901083460884,6.5137843952944685
d:681:1.8556550118731252e-05,3.2569002382078795,3.256901082036894,6.513782763694655
d:682:1.614412088990491e-05,3.2569002381002647,3.2569010852842006,6.513785179263575
d:683:1.793798433880056e-05,3.2569002362752735,3.256901094588998,6.513783392879933
d:684:1.6456695020039547e-05,3.256900239522835,3.256901092719703,6.513784875547518
d:685:1.8736741367320064e-05,3.2569002379886265,3.256901092822436,6.513782594069696
d:686:1.715723078277165e-05,3.256900239552294,3.2569010908207656,6.513784173142277
d:687:1.735839769168024e-05,3.2569002373804503,3.2569010929952884,6.513783971978047
d:688:1.7192297597112827e-05,3.2569002355553924,3.25690109624254,6.513784139500335
d:689:1.7434920929204623e-05,3.2569002351214418,3.256901094373179,6.513783894573692
d:690:1.724928695523431e-05,3.2569002341331803,3.2569010948361417,6.513784079682367
d:691:1.710411372268794e-05,3.256900234025513,3.2569010929075386,6.5137842228193295
d:692:1.6637732633384417e-05,3.2569002320253575,3.2569010961547296,6.513784690447453
d:693:1.6977538322748842e-05,3.2569002301553116,3.2569010939650034,6.513784346581993
d:694:1.7411437889691683e-05,3.2569002288384667,3.256901095528361,6.513783912928938
d:695:1.746406474634199e-05,3.2569002267457896,3.2569010942112455,6.513783856892289
d:696:1.678451467412856e-05,3.256900229993315,3.2569010963857217,6.5137845418643625
d:697:1.7811567615488855e-05,3.256900229361069,3.256901099632855,6.513783517426309
d:698:1.6401545031463627e-05,3.2569002272683196,3.256901104732638,6.513784930455926
d:699:1.729673514372365e-05,3.2569002365734567,3.2569011041003666,6.51378404393868
d:700:1.6778761046332136e-05,3.256900238137091,3.2569011034680178,6.513784562844062
d:701:1.6993841112977748e-05,3.2569002362087938,3.2569011085677397,6.5137843509354205
d:702:1.6853136501460142e-05,3.256900236672213,3.2569011065660347,6.513784490101746
d:703:1.8558876096363974e-05,3.2569002352482412,3.2569011066687445,6.51378278304089
d:704:1.58531512504112e-05,3.2569002445533304,3.2569011159735513,6.513785507375632
d:705:1.671739442343778e-05,3.256900242683239,3.2569011175368674,6.513784642825684
d:706:1.9503072546278588e-05,3.25690024136635,3.256901116548462,6.513781854842265
d:707:1.673920509848159e-05,3.256900250671384,3.2569011187228996,6.513784630189185
d:708:1.5916104411317633e-05,3.256900249532494,3.256901117405743,6.513785450833826
d:709:1.5985539519647318e-05,3.256900249098525,3.2569011172983364,6.513785380857342
d:710:1.8388668927116214e-05,3.2569002584035034,3.256901116665939,6.513782986400516
d:711:1.8107363864316994e-05,3.2569002616510043,3.256901119913044,6.513783274200184
d:712:1.758983792399249e-05,3.2569002624584162,3.2569011214763064,6.513783794096799
d:713:1.6533195789314448e-05,3.25690027176334,3.2569011204878424,6.513784859055393
d:714:1.8528163503006567e-05,3.2569002733269437,3.2569011191706236,6.513782864334065
d:715:1.633233401143741e-05,3.2569002826318085,3.256901117746655,6.513785068044452
d:716:1.871345428305915e-05,3.2569002819995423,3.2569011155569156,6.513782684102175
d:717:1.8565860592012484e-05,3.2569002808606005,3.2569011163652397,6.513782831365249
d:718:1.657333619498047e-05,3.2569002795436686,3.2569011168282107,6.513784823035684
d:719:1.7149913420055896e-05,3.2569002777186236,3.2569011159968015,6.5137842438020055
d:720:1.817890862021443e-05,3.256900275528196,3.256901114003361,6.513783210622937
d:721:1.7714525451850704e-05,3.256900274539948,3.2569011128645573,6.513783672879054
d:722:1.6723624430170503e-05,3.2569002767145365,3.256901115038966,6.513784668129072
d:723:1.5626647168254237e-05,3.256900274714392,3.2569011142074893,6.513785762274713
d:724:1.8209444696992705e-05,3.25690027288928,3.256901114100048,6.5137831775446315
d:725:1.634963047614235e-05,3.256900270889059,3.2569011234048633,6.513785044663447
d:726:1.966064184966143e-05,3.2569002713524755,3.256901121313059,6.513781732023685
d:727:1.780998582567861e-05,3.256900270364165,3.2569011199957982,6.513783580374138
d:728:1.5302955865159618e-05,3.2569002725386973,3.256901118351034,6.513786087933866
d:729:1.73891963584083e-05,3.256900273346084,3.256901118453745,6.513784002603471
d:730:1.6943932963364716e-05,3.2569002711556045,3.2569011180202025,6.513784445242844
d:731:1.727573045684494e-05,3.2569002689650457,3.2569011273249724,6.513784120559562
d:732:1.6075573073592864e-05,3.2569002683327466,3.256901126692562,6.513785319452235
d:733:1.8289572971674772e-05,3.256900268796106,3.2569011255537137,6.513783104776848
d:734:1.7697389457893564e-05,3.256900269603431,3.2569011260166567,6.51378369823063
d:735:1.6908461386577756e-05,3.2569002679585606,3.2569011240149672,6.513784483512142
d:736:1.826904809121288e-05,3.2569002668195943,3.2569011230264913,6.513783120797994
d:737:1.6516178767744805e-05,3.2569002648261574,3.2569011208547605,6.51378486950215
d:738:1.736405939478658e-05,3.2569002647185554,3.256901118926214,6.5137840195853745
d:739:1.734623367521948e-05,3.2569002631844253,3.256901119734528,6.513784036685278
d:740:1.6997359118420263e-05,3.256900261012656,3.25690111859562,6.513784382249158
d:741:1.569488247010753e-05,3.2569002625762664,3.2569011164058717,6.513785684099668
d:742:1.622065194339939e-05,3.2569002612593234,3.2569011145365847,6.513785155143965
d:743:1.6726121288002105e-05,3.256900259087481,3.256901113112618,6.513784646078811
d:744:1.8935257426022645e-05,3.256900259894759,3.256901114675904,6.513782439313237
d:745:1.7525344045310476e-05,3.2569002614583056,3.2569011142423268,6.513783850356587
d:746:1.6464559676521162e-05,3.2569002604699717,3.256901112597535,6.51378490850783
d:747:1.80612789471013e-05,3.2569002598376375,3.2569011107730224,6.513783309331712
d:748:1.757899823484621e-05,3.256900264937397,3.256901110140579,6.513783796079741
d:749:1.74060081485905e-05,3.256900263798389,3.25690110950806,6.5137839672983
d:750:1.6714272404350083e-05,3.256900263364464,3.2569011075794663,6.513784656671526
d:751:1.718506818892962e-05,3.256900263256823,3.2569011065909543,6.513784184779588
d:752:1.9367017315197188e-05,3.256900268356524,3.2569011047663743,6.5137820061055836
d:753:1.9112858407055455e-05,3.2569002668223557,3.256901102837708,6.513782256801656
d:754:1.7488892623873653e-05,3.2569002648288863,3.2569011016987615,6.513783877635024
d:755:1.758349155878136e-05,3.256900264196497,3.2569011008672986,6.513783781572236
d:756:1.9340452432459188e-05,3.2569002623264742,3.2569011101720897,6.513782032046132
d:757:1.8349255547001064e-05,3.2569002618924916,3.25690111006467,6.513783022701614
d:758:1.6410074917594386e-05,3.2569002612600317,3.2569011133118515,6.513784964496966
d:759:1.861040223083421e-05,3.256900270564986,3.256901111220061,6.513782771382816
d:760:1.772467108995812e-05,3.256900270130933,3.2569011116830047,6.513783657142848
d:761:1.731154028750126e-05,3.256900270938186,3.256901109813692,6.5137840692115905
d:762:1.8371678111250844e-05,3.2569002701060623,3.256901108496453,6.513783006924404
d:763:1.6274202224053624e-05,3.2569002681125383,3.256901106503056,6.51378510041337
d:764:1.907274092260991e-05,3.2569002682151518,3.256901105079071,6.5137823005533
d:765:1.547424814685172e-05,3.2569002675826333,3.256901105887386,6.5137858992218725
d:766:1.6509191437918957e-05,3.25690026659428,3.256901103893917,6.5137848612967595
d:767:1.8201340836299096e-05,3.2569002651704175,3.2569011019003695,6.513783165729951
d:768:1.632454250000137e-05,3.25690026317024,3.256901103463653,6.513785042091393
d:769:1.572252974657573e-05,3.256900263062575,3.256901105638132,6.513785646170961
d:770:1.905041678718078e-05,3.256900264626123,3.2569011107380104,6.513782324947346
d:771:1.728035864534405e-05,3.256900267873743,3.2569011200427886,6.513784107557886
d:772:1.717671690038003e-05,3.2569002679763024,3.256901122217205,6.513784213476606
d:773:1.778836723076438e-05,3.256900266151251,3.256901123780428,6.513783601564448
d:774:1.5907948629489965e-05,3.256900265012237,3.256901122245723,6.51378547930933
d:775:1.6293177102610912e-05,3.2569002658194552,3.2569011315504492,6.513785104192802
d:776:1.9417284178757654e-05,3.2569002657117325,3.256901129378751,6.513781977806305
d:777:1.6748160222235242e-05,3.2569002640669042,3.2569011386834186,6.513784654590101
d:778:1.7850100364036336e-05,3.256900264530323,3.2569011373661483,6.513783551796107
d:779:1.7869753596855276e-05,3.2569002626021737,3.256901138929315,6.513783531777892
d:780:1.77904859546274e-05,3.2569002606086173,3.256901138296811,6.513783608419474
d:781:1.8073147090902353e-05,3.256900258614982,3.2569011391051004,6.513783324572991
d:782:1.7136618955859717e-05,3.2569002594221446,3.2569011395680345,6.513784262371223
d:783:1.8254590710142793e-05,3.2569002587896008,3.256901148872658,6.513783153071548
d:784:1.7142623471855245e-05,3.2569002592529595,3.256901147555326,6.513784264184814
d:785:1.789922266404176e-05,3.256900257324746,3.2569011461313235,6.513783504233405
d:786:1.8374341495430713e-05,3.256900258131843,3.256901144137752,6.513783027928099
d:787:1.6936188472094216e-05,3.2569002582343693,3.2569011429988244,6.513784465044721
d:788:1.851390232054939e-05,3.2569002572459995,3.2569011523034,6.513782895647079
d:789:1.7469794192592758e-05,3.2569002552523063,3.256901151869877,6.513783937327991
d:790:1.7410193099642868e-05,3.2569002530805187,3.256901150552482,6.513783993439901
d:791:1.7566838158344922e-05,3.256900251255438,3.256901149413487,6.513783833830766
d:792:1.8537128951834347e-05,3.2569002490649734,3.256901151587891,6.513782863523913
d:793:1.6494702075320333e-05,3.2569002470712105,3.256901154835113,6.513784907204249
d:794:1.7436044157825847e-05,3.2569002449786595,3.256901153846651,6.513783962781153
d:795:1.602587846250003e-05,3.256900244544631,3.2569011519773583,6.513785370643527
d:796:1.7959422515367862e-05,3.2569002423540967,3.256901161281896,6.513783444213478
d:797:1.7967524091666576e-05,3.256900242246357,3.25690115945737,6.5137834341796355
d:798:1.7420922430844143e-05,3.2569002473461373,3.2569011616317183,6.513783988055424
d:799:1.670600070013961e-05,3.2569002460292817,3.2569011615243495,6.513784701552931
d:800:1.6243869620957696e-05,3.256900244029115,3.25690115952277,6.513785159682264
d:801:1.729129609451263e-05,3.2569002428901,3.256901162769944,6.513784114363949
d:802:1.7779266946682526e-05,3.2569002433534346,3.2569011605802927,6.513783624666781
d:803:1.7104522836319802e-05,3.2569002419295967,3.256901158586689,6.5137842959934495
d:804:1.7081332710944253e-05,3.2569002407905097,3.2569011590496144,6.513784318507414
d:805:1.7395184734425584e-05,3.256900240893011,3.2569011568598905,6.513784002568167
d:806:1.7135189597006217e-05,3.2569002430677103,3.256901159034188,6.513784266912301
d:807:1.8080880193949156e-05,3.2569002463153702,3.25690116413412,6.513783329569296
d:808:1.831443058897264e-05,3.2569002556204296,3.256901162710106,6.5137831038999465
d:809:1.7681093716248597e-05,3.25690025642752,3.2569011607815255,6.513783736115329
d:810:1.7794422252137565e-05,3.256900257991116,3.256901162344713,6.513783625913577
d:811:1.697305055170517e-05,3.2569002558193074,3.256901160343084,6.51378444311184
d:812:1.7320316947788683e-05,3.25690025450241,3.2569011583413765,6.513784092526839
d:813:1.701676064769231e-05,3.256900253185435,3.256901156412726,6.513784392837513
d:814:1.7970618574558728e-05,3.2569002510135534,3.2569011555813625,6.513783435976341
d:815:1.6500665807939185e-05,3.256900251116007,3.2569011537120476,6.513784904162247
d:816:1.686327918903885e-05,3.2569002506819626,3.25690116301659,6.513784550419364
d:817:1.8426896255085978e-05,3.2569002493649193,3.256901163119491,6.513782985588155
d:818:1.6326535788202534e-05,3.2569002473711484,3.2569011635823806,6.513785084417741
d:819:1.8942268726007683e-05,3.2569002472633968,3.256901161580613,6.513782466575284
d:820:1.8591390315236822e-05,3.256900245335203,3.256901160156553,6.513782814101441
d:821:1.8724083583165907e-05,3.256900243144659,3.256901159524093,6.513782678585169
d:822:1.970428250519518e-05,3.256900244708216,3.256901157654718,6.513781698080429
d:823:1.6503336336626262e-05,3.256900242883147,3.256901158463059,6.513784898009869
d:824:1.60541485101362e-05,3.256900247982942,3.256901160637338,6.51378535447177
d:825:1.5324137492278567e-05,3.2569002465590886,3.256901159102704,6.513786081524301
d:826:1.6825751271376532e-05,3.2569002451351574,3.2569011684072158,6.513784587791101
d:827:1.795784787361754e-05,3.2569002430426206,3.2569011675758124,6.513783452770559
d:828:1.9985634027719357e-05,3.2569002481423572,3.2569011671423294,6.513781429650659
d:829:1.854947385648842e-05,3.256900246497599,3.256901164970704,6.5137828619944464
d:830:1.8587955826987468e-05,3.256900244497439,3.2569011635465928,6.513782820088204
d:831:1.7264513592074593e-05,3.2569002424972,3.256901161552991,6.513784139536599
d:832:1.7550776496122467e-05,3.256900240672077,3.256901159381293,6.513783849276874
d:833:1.7931667399828655e-05,3.2569002392480852,3.256901159273948,6.513783466854633
d:834:1.7866016103873505e-05,3.256900237422887,3.256901157182297,6.51378352858908
d:835:1.7297221788226125e-05,3.256900242522575,3.2569011553128777,6.513784100613664
d:836:1.8295510243682145e-05,3.2569002518276666,3.2569011534883843,6.513783109805807
d:837:1.8168508148619367e-05,3.256900250403608,3.2569011514865855,6.5137832333820445
d:838:1.7338310121850498e-05,3.256900248475386,3.256901149617094,6.513784059782358
d:839:1.917038935594917e-05,3.2569002500389193,3.25690115471706,6.513782234366623
d:840:1.7163261580854794e-05,3.2569002492069465,3.2569011528924974,6.5137842388378635
d:841:1.7439527887574968e-05,3.2569002475621427,3.2569011621969954,6.51378397023125
d:842:1.628850858281794e-05,3.2569002497368804,3.2569011715014313,6.513785132729729
d:843:1.6975073966030152e-05,3.256900248419833,3.256901169572787,6.513784442918654
d:844:1.7732129741432345e-05,3.2569002463272647,3.256901168940317,6.51378368313784
d:845:1.7218033073085337e-05,3.2569002458932275,3.25690116830777,6.513784196167925
d:846:1.7959598313410652e-05,3.25690024490495,3.2569011776121544,6.513783462918791
d:847:1.74476801149126e-05,3.2569002429046767,3.2569011757426094,6.513783970967172
d:848:1.681788095275749e-05,3.2569002409764023,3.256901174603704,6.5137845976991535
d:849:1.7015593467561985e-05,3.256900239048049,3.2569011839080333,6.513784407362614
d:850:1.7818487293652652e-05,3.2569002370542885,3.2569011832754224,6.513783601842418
d:851:1.7797025215315898e-05,3.256900246359368,3.256901181958129,6.513783631292282
d:852:1.8986441895130213e-05,3.2569002443655326,3.256901180534004,6.513782438457642
d:853:1.6861667772261058e-05,3.2569002435335177,3.256901178532173,6.5137845603979185
d:854:2.034165213160577e-05,3.2569002427014278,3.2569011878364535,6.51378108888575
d:855:1.6814405116249986e-05,3.2569002413843346,3.256901189399707,6.513784616378926
d:856:1.7892905639804724e-05,3.256900239739494,3.256901194499659,6.513783541333513
d:857:1.8105881318675188e-05,3.256900238315412,3.2569011977469398,6.513783330181033
d:858:1.8395459820297333e-05,3.256900236124893,3.256901207051169,6.513783047716242
d:859:1.7619738356344783e-05,3.2569002342550886,3.2569012064185077,6.51378382093524
d:860:1.5562914240874193e-05,3.256900243560133,3.2569012045489214,6.513785885194814
d:861:1.656447863318533e-05,3.2569002457348546,3.2569012032315783,6.5137848844878
d:862:1.7883739129587184e-05,3.256900244200924,3.2569012025988457,6.51378356306064
d:863:1.744805916636949e-05,3.2569002435685386,3.256901202491515,6.513783998000887
d:864:1.6176462843020545e-05,3.2569002451320728,3.256901201174101,6.51378526984333
d:865:1.7979685411617652e-05,3.2569002438149295,3.2569012062740113,6.51378347040353
d:866:1.7831982114913103e-05,3.2569002429827947,3.256901205285686,6.513783616286366
d:867:1.6082535728045855e-05,3.256900240810985,3.256901204297284,6.513785362572541
d:868:1.8506224527925497e-05,3.2569002501159914,3.25690120418989,6.513782948081353
d:869:1.635687078049841e-05,3.2569002522906634,3.256901202765736,6.513785098185618
d:870:1.8690326731629625e-05,3.2569002538541403,3.25690120432896,6.513782767856369
d:871:1.7739011072492872e-05,3.2569002589538765,3.256901202794383,6.5137837227371875
d:872:1.632106591920035e-05,3.2569002594173475,3.25690120165547,6.513785140006899
d:873:1.76721752733755e-05,3.256900260224557,3.2569011996619106,6.513783787711194
d:874:1.588095921256638e-05,3.256900259392367,3.256901197792283,6.5137855762254375
d:875:1.6491788002781504e-05,3.2569002577475024,3.2569011986007093,6.513784964560209
d:876:1.7064938631072835e-05,3.256900255877667,3.2569011967761727,6.513784387715209
d:877:1.69842402124587e-05,3.2569002543437007,3.256901194774331,6.513784464877819
d:878:1.7507436578689806e-05,3.2569002524153516,3.25690119487734,6.513783939856113
d:879:1.736684486264295e-05,3.2569002517829353,3.2569011930076455,6.513784077945718
d:880:1.5977994326732414e-05,3.2569002522463526,3.256901191473014,6.513785465725039
d:881:1.7657661260273017e-05,3.2569002518123455,3.2569011913655794,6.513783785516665
d:882:1.7683412941948973e-05,3.25690025016742,3.2569011899413822,6.51378375669586
d:883:1.5832589676634257e-05,3.2569002480748828,3.2569011880716188,6.5137856035568245
d:884:1.652746619562606e-05,3.256900245884358,3.2569011870831868,6.51378490550135
d:885:1.6047919218387108e-05,3.2569002437917454,3.2569011963874437,6.513785392259971
d:886:1.587927812707335e-05,3.256900241966618,3.256901196850465,6.513785559538956
d:887:1.6663519843973518e-05,3.256900239794784,3.2569011964170813,6.513784772692022
d:888:1.8610923427253567e-05,3.256900237924902,3.256901194882392,6.513782821883867
d:889:1.814827680934883e-05,3.256900236936671,3.2569011929538023,6.513783281613664
d:890:1.720736478461049e-05,3.2569002359483634,3.2569011925203477,6.5137842211039265
d:891:1.9449502819846032e-05,3.2569002345243008,3.2569011929833063,6.513781978004787
d:892:1.7093335583417968e-05,3.256900234626908,3.2569011915590567,6.513784332850381
d:893:1.770400869194333e-05,3.256900232436328,3.256901190024302,6.513783718451938
d:894:1.6980075116634907e-05,3.2569002304425325,3.2569011885999792,6.513784438967395
d:895:1.9221352745013576e-05,3.2569002285141506,3.256901191847307,6.513782199008713
d:896:1.7071331626539177e-05,3.2569002268691842,3.2569011896757147,6.513784345213272
d:897:1.8526339780500223e-05,3.2569002284326674,3.2569011912389456,6.5137828933318325
d:898:1.642383715161344e-05,3.25690022634001,3.256901189704125,6.5137849922069835
d:899:1.9224322667099614e-05,3.256900224694971,3.2569011948040756,6.513782195176379
d:900:1.7365872449381925e-05,3.2569002226947696,3.2569011963672407,6.513784053189561
d:901:1.626066996696096e-05,3.256900220766324,3.256901194177715,6.513785154274072
d:902:1.7468419660993106e-05,3.256900219627445,3.25690119574081,6.513783946948593
d:903:1.653118843591983e-05,3.256900220434667,3.256901194205923,6.5137848834521535
d:904:1.960303308035094e-05,3.2569002200006474,3.256901193067024,6.513781810034591
d:905:1.641379768813067e-05,3.256900223248545,3.256901191197244,6.513785000648101
d:906:1.7974960563549303e-05,3.2569002211558296,3.256901189772875,6.513783435968141
d:907:1.699759502660214e-05,3.2569002262556115,3.2569011913359094,6.513784419996495
d:908:1.6989055938942954e-05,3.256900228430329,3.2569011907032346,6.513784430077624
d:909:1.7957397391299423e-05,3.256900226896374,3.2569011888333845,6.513783458332368
d:910:1.5930477675674126e-05,3.2569002284598216,3.256901188399911,6.513785486382057
d:911:1.7529622903467157e-05,3.2569002283522672,3.256901189962881,6.513783888692245
d:912:1.5314774233665673e-05,3.2569002269281864,3.2569011904258254,6.513786102579778
d:913:1.7141164971867795e-05,3.256900227391625,3.2569011897930853,6.513784276019739
d:914:1.6987031038695477e-05,3.2569002264033085,3.2569011884757373,6.513784427848007
d:915:1.6816351723569767e-05,3.2569002279666948,3.2569011865471413,6.513784598162112
d:916:1.8799964635718425e-05,3.2569002258739266,3.2569011958514436,6.513782621760734
d:917:1.8093143665964817e-05,3.256900224004047,3.256901205155682,6.513783336016063
d:918:1.675870574491256e-05,3.256900225567367,3.2569012144598593,6.513784681321481
d:919:1.8518020974411797e-05,3.256900230667117,3.2569012160227797,6.513782928668922
d:920:1.3736254427243466e-05,3.2569002295282123,3.256901219270115,6.5137877125439
d:921:1.707663240946289e-05,3.2569002290941653,3.2569012214446262,6.513784373906382
d:922:1.629187408980215e-05,3.2569002341938544,3.2569012200202265,6.513785162339991
d:923:1.748105461274463e-05,3.256900232323911,3.256901219189032,6.513783970458331
d:924:1.5699818234793383e-05,3.256900230330122,3.2569012178716337,6.513785748383521
d:925:1.7184409337289708e-05,3.256900228401665,3.2569012157801684,6.513784259772496
d:926:1.8418433483269325e-05,3.256900226867679,3.2569012190274487,6.513783027461645
d:927:1.8158027442538582e-05,3.2569002260355657,3.256901217602983,6.513783285611106
d:928:1.74545875282206e-05,3.2569002261382036,3.2569012164640756,6.513783988014751
d:929:1.7031001862122253e-05,3.2569002246041454,3.256901218026951,6.513784411629235
d:930:1.5535757200701994e-05,3.2569002250675583,3.2569012167094913,6.513785906019849
d:931:1.8137430552123135e-05,3.256900224959986,3.2569012151746057,6.51378330270404
d:932:1.8072358704657177e-05,3.256900222966138,3.256901213181138,6.513783363788571
d:933:1.8364280638394348e-05,3.2569002218271916,3.2569012115368183,6.513783069083372
d:934:1.755532312230912e-05,3.2569002211948583,3.256901209445297,6.513783875317033
d:935:1.751185467213645e-05,3.2569002190230805,3.256901207353697,6.513783914522105
d:936:1.7814033724583567e-05,3.2569002173780692,3.256901206036173,6.513783609380518
d:937:1.6504500820246903e-05,3.2569002160610565,3.256901203846671,6.513784915406907
d:938:1.860925225916077e-05,3.256900213870523,3.256901202311726,6.5137828069299895
d:939:1.7703589509920903e-05,3.256900223175713,3.256901201480498,6.513783721066702
d:940:1.8716632714799175e-05,3.2569002324808407,3.2569012065805136,6.5137827224286395
d:941:1.7288700805195845e-05,3.256900232944209,3.256901206147054,6.5137841503904585
d:942:1.8633863241745985e-05,3.2569002318052096,3.25690120450268,6.5137828024446485
d:943:1.6087381753848717e-05,3.2569002304881347,3.256901204395355,6.513785347501736
d:944:1.659581993607162e-05,3.2569002296559924,3.2569012034070215,6.513784837243078
d:945:1.6909027989342462e-05,3.2569002285169217,3.256901201982527,6.513784521471459
d:946:1.6810280059509353e-05,3.2569002265167724,3.256901200447525,6.513784616684238
d:947:1.740273749728516e-05,3.2569002258843986,3.2569011988030847,6.513784021949986
d:948:1.7280576083855692e-05,3.256900225987019,3.256901197971803,6.513784143382738
d:949:1.7809999905082918e-05,3.256900223986797,3.256901203071777,6.513783617058669
d:950:1.7028052329948196e-05,3.2569002332918937,3.256901201427264,6.513784406666828
d:951:1.6779159365931662e-05,3.2569002311013184,3.256901199335628,6.5137846512775806
d:952:1.639256037044845e-05,3.2569002304688808,3.256901198347239,6.513785036255749
d:953:1.6613748307747755e-05,3.2569002305714374,3.2569012005217743,6.513784817344904
d:954:1.902111074070234e-05,3.2569002283996347,3.2569011998890787,6.513782407177973
d:955:1.6971225137218937e-05,3.2569002263993485,3.256901199057739,6.51378445423195
d:956:1.6671017744052108e-05,3.256900224470901,3.2569012006206197,6.513784754073776
d:957:1.685927290306921e-05,3.2569002238383984,3.2569011987962386,6.513784563361734
d:958:1.694997697576639e-05,3.2569002246457113,3.2569011968027644,6.513784471471499
d:959:1.818864562608269e-05,3.2569002224550765,3.25690119690594,6.51378323071539
d:960:1.727418913510803e-05,3.256900220454724,3.256901194734452,6.513784141000041
d:961:1.856790764342975e-05,3.2569002191376217,3.256901199834394,6.513782851064372
d:962:1.7112870098756616e-05,3.2569002176035795,3.2569011992016423,6.5137843039351235
d:963:1.7037399183905677e-05,3.2569002177060877,3.256901201376134,6.513784381683038
d:964:1.7853794267885803e-05,3.256900215515386,3.2569012000586124,6.51378356177973
d:965:1.7625854405345365e-05,3.256900214376293,3.2569012093628893,6.513783797884777
d:966:1.850388388469071e-05,3.2569002148396593,3.2569012072712162,6.51378291822699
d:967:1.851320936996359e-05,3.2569002128458315,3.256901206132344,6.513782905768806
d:968:1.7444501182239947e-05,3.2569002150206616,3.2569012044878036,6.513783975007283
d:969:1.7740519379749742e-05,3.2569002128298914,3.2569012052964403,6.513783677606952
d:970:1.858289604683705e-05,3.256900213637164,3.2569012053995716,6.513782836140688
d:971:1.67683397194196e-05,3.2569002128050215,3.256901203529822,6.513784647995124
d:972:1.7021439994380216e-05,3.2569002111600334,3.2569012014380854,6.513784391158124
d:973:1.6094311508396686e-05,3.2569002116233436,3.256901199248605,6.5137853165604405
d:974:1.76545708709952e-05,3.256900212430551,3.256901197378784,6.513783755238464
d:975:1.6979998989974376e-05,3.256900212893789,3.2569011960612135,6.513784428956012
d:976:1.7346238576188e-05,3.256900210893401,3.256901195428424,6.513784060083249
d:977:1.5523578632326007e-05,3.256900209023533,3.256901196991295,6.513785882436196
d:978:1.8906824036157843e-05,3.2569002083910132,3.256901206295551,6.513782507862528
d:979:1.605369922330624e-05,3.2569002069670474,3.256901215599745,6.51378536886757
d:980:1.8313000436975813e-05,3.2569002048743823,3.25690121716255,6.5137831090364955
d:981:1.7922865579222957e-05,3.256900202880513,3.2569012149910423,6.513783495005976
d:982:1.780565925635358e-05,3.2569002050553113,3.2569012128194554,6.51378361221551
d:983:1.721034778423558e-05,3.256900203410275,3.256901210890978,6.5137842039534695
d:984:1.663106739169251e-05,3.256900201986243,3.2569012159909256,6.513784786909777
d:985:1.5989678404437768e-05,3.2569001998144462,3.256901213989318,6.513785424125359
d:986:2.0048852447551724e-05,3.2569001979895273,3.2569012190892,6.51378136822628
d:987:1.749614796509036e-05,3.2569001959955943,3.256901218655801,6.51378391850343
d:988:1.8166885453752002e-05,3.256900193823724,3.2569012208302963,6.513783247768567
d:989:1.7493607211704898e-05,3.256900192289679,3.256901218640782,6.5137839173232495
d:990:1.7622623694535378e-05,3.256900197389519,3.256901220203542,6.513783794969367
d:991:1.6632996103105313e-05,3.2569001989529878,3.256901218210083,6.513784784166968
d:992:1.8311792455705245e-05,3.25690019832043,3.2569012203845156,6.51378310691249
d:993:1.7844932642674394e-05,3.2569002076256113,3.2569012188495723,6.5137835815425404
d:994:1.8359508318965823e-05,3.2569002054348317,3.2569012189526987,6.513783064879211
d:995:1.653549917968178e-05,3.25690020378975,3.2569012181213988,6.513784886411969
d:996:1.7279781807211236e-05,3.2569002021445903,3.2569012196841007,6.513784142046884
d:997:1.856618678530708e-05,3.2569002007205152,3.2569012181490877,6.513782852682818
d:998:1.741020295042972e-05,3.2569002100256483,3.256901216155568,6.513784015978266
d:999:1.6158536861432538e-05,3.2569002087085765,3.2569012194030087,6.513785269574724
d:1000:1.7266876724875146e-05,3.256900207063348,3.2569012175331817,6.513784157719805
