data: dataset/hutter-text/text8
d:1:0.47653246893286294,2.858211266318799,2.8582112568641627,5.239890054250099
d:2:0.16377044973842736,2.858211250926052,2.858211258253913,5.552652059441538
d:3:0.07115512298904036,2.8582112617916593,2.858211259664884,5.645267398467503
d:4:0.03071482074834364,2.858211267988988,2.8582112592636015,5.685707706504246
d:5:0.018569326492992033,2.8582112505846116,2.858211251978039,5.697853176069659
d:6:0.011044564862983108,2.8582112518918326,2.8582112475138803,5.70537793454273
d:7:0.0064030441515914305,2.8582112410325475,2.8582112488211013,5.710019445702057
d:8:0.004243228954713629,2.8582112518981564,2.8582112481757562,5.712179271119199
d:9:0.002811837548689411,2.8582112222421863,2.858211238244003,5.7136106229375
d:10:0.0026208357319763564,2.858211223549402,2.85821124910961,5.713801636927036
d:11:0.0015024032398649467,2.858211222904057,2.8582112504149304,5.714920070079122
d:12:0.0011438697414991594,2.858211233769664,2.858211250013648,5.715278614041813
d:13:0.0008340498489420867,2.8582112399669963,2.8582112513208706,5.715588441438925
d:14:0.0006489959948243751,2.858211241356745,2.858211238755784,5.715773484117705
d:15:0.0005974494661611374,2.8582112426639625,2.858211240063005,5.715825033260806
d:16:0.00035827625713480415,2.8582112440537113,2.8582112414527483,5.716064209249325
d:17:0.0003226367153335019,2.858211254919315,2.8582112428637174,5.716099861067699
d:18:0.00024822788509837324,2.858211261116649,2.858211244770933,5.716174278002484
d:19:0.0002198760621574536,2.858211262506398,2.858211250968269,5.7162026374125094
d:20:0.00023634576621311965,2.858211263811718,2.8582112439161254,5.71618616196163
d:21:0.00016729312187280243,2.858211274677325,2.8582112547817324,5.716255236337185
d:22:0.00015906112659891392,2.8582112808746594,2.8582112561927033,5.716263475940764
d:23:0.0001516504330663082,2.8582112870719865,2.858211255547353,5.716270892186273
d:24:0.00015537802926957056,2.858211286670711,2.8582112664129653,5.716267175054407
d:25:0.00015946140934630648,2.8582112822065575,2.858211267823936,5.716263088621147
d:26:0.00014043928109863657,2.8582112841137697,2.858211278689547,5.716282123522218
d:27:0.0001376518315687747,2.8582112949793785,2.8582112805967608,5.7162849237445705
d:28:0.00013212087644021153,2.8582112653233676,2.858211286794095,5.716290431241022
d:29:0.00013022601591039518,2.858211266630585,2.858211286392809,5.7162923270074835
d:30:0.00013740516849480855,2.85821126598524,2.8582112764610557,5.716285137277801
d:31:0.00012751234980079573,2.8582112768508487,2.8582112873266627,5.716295051827711
d:32:0.00012715714161970482,2.858211283048183,2.8582112886319884,5.716295414538552
d:33:0.00012608816655124144,2.8582112844379264,2.858211277772707,5.716296474044082
d:34:0.00012265649291443026,2.8582112857451456,2.8582112886383158,5.716299917890547
d:35:0.0001302314263558202,2.858211287134889,2.858211290049285,5.716292345757818
d:36:0.00012044606749661568,2.8582112980004997,2.8582112746565382,5.716302126589541
d:37:0.00012033412370371366,2.858211304197834,2.8582112648646536,5.716302234938784
d:38:0.000119092016408473,2.8582113055875737,2.858211264219305,5.71630347779047
d:39:0.00011633385686060649,2.858211306892896,2.858211270416639,5.716306243452674
d:40:0.00012304261887940982,2.8582113177585065,2.8582112812822498,5.716299556421877
d:41:0.00011144601105606,2.85821131914825,2.858211270422961,5.716311143560155
d:42:0.00011507884737937957,2.8582113204554673,2.8582112717301804,5.716307513338268
d:43:0.00011700108090018091,2.8582113313210797,2.8582112713289014,5.716305601569081
d:44:0.00011853140165385412,2.8582113242689378,2.8582112706835545,5.716304063550838
d:45:0.00012347197871953597,2.858211330466265,2.858211272590763,5.7162991310783084
d:46:0.00012175136502712292,2.8582113323734823,2.8582112834563755,5.716300864464831
d:47:0.00012018697130677936,2.8582113337844586,2.8582112736644874,5.716302420477639
d:48:0.00012369094672948222,2.8582113163800713,2.858211273019137,5.716298898452479
d:49:0.00012360469816741215,2.8582113177910493,2.858211279216473,5.716298992309355
d:50:0.00012810992116030206,2.8582113105054887,2.8582112721643274,5.716294472748656
d:51:0.00012622812166362962,2.8582112808494404,2.8582112830299398,5.716296335757717
d:52:0.00012877529082011563,2.8582112870467746,2.8582112844409107,5.716293796196865
d:53:0.00012843506953785777,2.8582112979123817,2.858211271875815,5.716294134718659
d:54:0.0001304858022397326,2.858211282417944,2.858211273286784,5.716292069902488
d:55:0.00013106641053362011,2.858211276960324,2.858211274594005,5.716291485143795
d:56:0.00012812535367245914,2.8582112831576545,2.858211275983752,5.716294433787734
d:57:0.0001326267369332612,2.858211265753255,2.8582112753384,5.7162899143547214
d:58:0.00013118375633069945,2.858211267060474,2.8582112772456174,5.716291360549761
d:59:0.0001331456961182198,2.858211266415127,2.858211288111228,5.716289408830237
d:60:0.00013479708264441115,2.8582112678048723,2.8582112943085676,5.7162877650307955
d:61:0.00013387463475922345,2.858211274002201,2.858211295719535,5.716288695086977
d:62:0.0001394932503657742,2.8582112759094187,2.8582112953182524,5.716283077977305
d:63:0.00013842908029637613,2.8582112462533313,2.8582112898606304,5.716284107033665
d:64:0.00013859632348101059,2.858211252450662,2.8582112743661927,5.716283930493374
d:65:0.0001433263441974475,2.858211263316276,2.858211285231807,5.716279222203886
d:66:0.00013713693075345645,2.8582112562641306,2.858211270163446,5.716285389496823
d:67:0.00014152123225130708,2.8582112576538723,2.8582112714687664,5.716281007890387
d:68:0.00013746467843311905,2.8582112590648467,2.8582112710674803,5.716285065453894
d:69:0.00014110683874157814,2.8582112699304627,2.858211246386686,5.716281409478407
d:70:0.00013915016167409533,2.858211271235785,2.858211247693907,5.716283368768018
d:71:0.0001374726924794345,2.858211256167422,2.8582112490836575,5.7162850325586
d:72:0.00014323245426872688,2.8582112580746344,2.8582112365185566,5.716279262138922
d:73:0.00013763328822591347,2.8582112689402503,2.8582112473841725,5.716284883036197
d:74:0.0001338228693761323,2.858211268538975,2.8582112400986066,5.716288685768205
d:75:0.00013525275972270379,2.8582112587470903,2.8582112346409847,5.716287240628352
d:76:0.00013293694706817405,2.8582112600524123,2.858211236051954,5.716289559157298
d:77:0.00013169225871756396,2.858211249193122,2.8582112354066,5.716290792341004
d:78:0.00012719832291274713,2.858211260058738,2.858211234761246,5.716295296497071
d:79:0.00012769827658054567,2.85821126196595,2.8582112456268582,5.716294809316228
d:80:0.0001289958786454548,2.858211257501795,2.858211245225574,5.716293506848723
d:81:0.00012884009899671867,2.85821124493671,2.858211246636543,5.716293651474256
d:82:0.00012700989210046032,2.8582112462439273,2.858211239584392,5.716295475936219
d:83:0.00012538902451630918,2.8582112524412633,2.858211240891613,5.71629710430836
d:84:0.000127016389546597,2.8582112633068757,2.8582112336060437,5.716295480523373
d:85:0.0001281972030504619,2.858211269504208,2.858211235017011,5.716294307318169
d:86:0.00012341870027654522,2.8582112708939498,2.858211229559382,5.716299081753055
d:87:0.00012436385099690028,2.858211272199272,2.858211228914028,5.716298137262303
d:88:0.00012181468715866117,2.8582112830648896,2.8582112397796458,5.716300708157377
d:89:0.00012657402441185184,2.8582112844546295,2.8582112410868667,5.716295951517084
d:90:0.00012214769969709494,2.858211285761847,2.8582112424766137,5.7163003805387635
d:91:0.00011936163078729578,2.858211296627463,2.8582112351910443,5.71630317018772
d:92:0.00011675733011351497,2.858211289575314,2.858211229733419,5.716305761978619
d:93:0.00011317171592395425,2.858211295772646,2.8582112199415217,5.716309343998244
d:94:0.00011629718729544436,2.8582112970798654,2.858211212889371,5.716306212781941
d:95:0.00011837762604649527,2.8582112862205733,2.85821121419659,5.716304122791117
d:96:0.00011542589833979378,2.858211287527787,2.8582112155863406,5.716307077215788
d:97:0.00011223858580322599,2.858211289435003,2.8582112030212343,5.716310253870434
d:98:0.00010929555092786813,2.858211290824743,2.8582112138868503,5.716313209160665
d:99:0.00011242079526851967,2.8582112970220788,2.858211215794066,5.716310092020876
d:100:0.00011130448634233403,2.858211289969926,2.8582112113299107,5.7163111968134945
