data: dataset/mnist_data/
d:1:0.3779472802632071,1.362735893764519,1.3627362433526002,2.347524856853912
d:2:0.18990542370229946,1.3627359147239702,1.3627362643120584,2.535566755333729
d:3:0.09368791386268072,1.3627359356834212,1.3627362852715166,2.631784307092257
d:4:0.0505113425460042,1.3627359566428758,1.3627363062309747,2.6749609203278464
d:5:0.029714661248167573,1.362735977602327,1.3627363271904365,2.695757643544596
d:6:0.018801955806400983,1.362735998561785,1.3627363481498982,2.7066703909052823
d:7:0.012254760466840153,1.3627360195212397,1.36273636910936,2.7132176281637594
d:8:0.010268401048595166,1.3627360404806943,1.3627363900688216,2.7152040295009208
d:9:0.007175596517324578,1.3627360614401525,1.3627364110282834,2.7182968759511112
d:10:0.00881696458721315,1.362736082399607,1.3627364319877486,2.7166555498001426
d:11:0.008093186570985011,1.3627361033590688,1.362736452947214,2.7173793697352977
d:12:0.010215887355062847,1.3627361243185305,1.3627364739066792,2.715256710870147
d:13:0.011199350820040976,1.3627361452779887,1.3627364948661445,2.714273289324092
d:14:0.011647234368746595,1.3627361662374469,1.3627365158256097,2.71382544769431
d:15:0.010999299925316564,1.3627361871969121,1.3627365367850786,2.714473424056674
d:16:0.00936937964250717,1.3627362081563703,1.3627365577445438,2.716103386258407
d:17:0.007615275821978074,1.3627362291158356,1.3627365787040127,2.71785753199787
d:18:0.006576059390576816,1.3627362500752973,1.3627365996634815,2.718896790348202
d:19:0.006456173752230399,1.3627362710347626,1.3627366206229503,2.7190167179054825
d:20:0.007757944312169585,1.3627362919942207,1.3627366415824191,2.7177149892644703
d:21:0.010923278047133778,1.3627363129536896,1.3627366625418915,2.7145496974484473
d:22:0.015967166841134528,1.3627363339131549,1.362736683501364,2.7095058505733842
d:23:0.02684160151614634,1.3627363548726201,1.3627367044608363,2.69863145781731
d:24:0.046605070172226704,1.3627363758320854,1.3627367254203087,2.6788680310801674
d:25:0.08985822470087967,1.3627363967915578,1.3627367463797846,2.6356149184704627
d:26:0.17005077171191196,1.362736417751023,1.362736767339257,2.555422413378368
d:27:0.2939818373510441,1.3627364387104954,1.362736788298733,2.4314913896581842
d:28:0.37867135737429614,1.3627364596699643,1.3627368092582088,2.346801911553877
d:29:0.2474055776899995,1.362736480629433,1.3627368302176812,2.478067733157115
d:30:0.1267067752346609,1.3627365015889055,1.3627368511771643,2.598766577531409
d:31:0.06382357288047302,1.3627365225483778,1.3627368721366402,2.661649821804545
d:32:0.033093219163449206,1.3627365435078502,1.3627368930961161,2.692380217440517
d:33:0.0211274651655895,1.362736564467319,1.3627369140555992,2.7043460133573287
d:34:0.013853393008096404,1.3627365854267985,1.362736935015075,2.7116201274337772
d:35:0.00993980445547571,1.362736606386271,1.3627369559745581,2.7155337579053533
d:36:0.007376115028080221,1.3627366273457469,1.362736976934034,2.7180974892517007
d:37:0.006331202935641045,1.3627366483052228,1.3627369978935207,2.7191424432631024
d:38:0.006782682262421957,1.3627366692646952,1.3627370188530037,2.718691005855277
d:39:0.008143865522839633,1.3627366902241747,1.3627370398124832,2.717329864513818
d:40:0.00997548234719936,1.3627367111836541,1.3627370607719733,2.715498289608428
d:41:0.011423505867210082,1.3627367321431336,1.3627370817314564,2.71405030800738
d:42:0.011882432693093747,1.362736753102613,1.362737102690943,2.7135914231004623
d:43:0.011092161256950561,1.3627367740620961,1.3627371236504295,2.714381736455575
d:44:0.009721167506343775,1.362736795021572,1.3627371446099126,2.715752772125141
d:45:0.00764011726894509,1.3627368159810551,1.3627371655694027,2.7178338642815127
d:46:0.007083859303907758,1.3627368369405382,1.3627371865288893,2.7183901641655197
d:47:0.005937580509764118,1.3627368579000212,1.362737207488376,2.719536484878633
d:48:0.007656835047477273,1.3627368788595042,1.362737228447866,2.717817272259893
d:49:0.009197731771438455,1.3627368998189873,1.3627372494073562,2.716276417454905
d:50:0.014524205966376158,1.3627369207784703,1.3627372703668463,2.7109499851789405
d:51:0.022938302110313558,1.3627369417379604,1.36273729132634,2.702535930953987
d:52:0.041057187221687386,1.362736962697447,1.3627373122858373,2.684417087761597
d:53:0.07301305167318617,1.3627369836569372,1.3627373332453274,2.6524612652290784
d:54:0.1276559464438467,1.3627370046164202,1.3627373542048176,2.597818412377391
d:55:0.17860941697084876,1.3627370255759068,1.3627373751643148,2.546864983769373
d:56:0.1952811467426283,1.3627370465354005,1.3627373961238085,2.5301932959165807
d:57:0.1288380759706964,1.3627370674948835,1.3627374170833022,2.5966364086074893
d:58:0.07622073186422362,1.3627370884543772,1.3627374380427995,2.649253794632953
d:59:0.03874617827415783,1.3627371094138674,1.3627374590022931,2.6867283901420027
d:60:0.02316491458750569,1.362737130373361,1.3627374799617975,2.702309695747653
d:61:0.015554931115575599,1.3627371513328512,1.3627375009212912,2.709919721138567
d:62:0.011859793876007885,1.362737172292345,1.362737521880792,2.713614900297129
d:63:0.008399425440835273,1.3627371932518386,1.3627375428402928,2.717075310651296
d:64:0.00732779820864593,1.3627372142113359,1.36273756379979,2.71814697980248
d:65:0.006091657653833238,1.362737235170826,1.3627375847592909,2.7193831622762836
d:66:0.007686846225261945,1.3627372561303233,1.3627376057187988,2.71778801562386
d:67:0.008784465505220496,1.3627372770898205,1.362737626678296,2.716690438262896
d:68:0.01113019624254541,1.3627372980493213,1.362737647637804,2.71434474944458
d:69:0.012307776418547078,1.3627373190088186,1.3627376685973047,2.713167211187576
d:70:0.012681449177581072,1.3627373399683158,1.3627376895568126,2.7127935803475474
d:71:0.011846570510730459,1.3627373609278166,1.362737710516317,2.713628500933403
d:72:0.010182063260378627,1.3627373818873174,1.3627377314758213,2.71529305010276
d:73:0.008267531728696653,1.3627374028468147,1.3627377524353257,2.7172076235534437
d:74:0.006941725179615332,1.3627374238063155,1.3627377733948336,2.7185334720215337
d:75:0.006087564883655361,1.3627374447658163,1.3627377943543415,2.7193876742365024
d:76:0.006343479400381824,1.3627374657253206,1.3627378153138494,2.719131801638788
d:77:0.008082419225845072,1.3627374866848214,1.3627378362733609,2.717392903732337
d:78:0.011377846327736307,1.3627375076443258,1.3627378572328688,2.7140975185494582
d:79:0.019278441099416455,1.3627375286038337,1.3627378781923802,2.7061969656967975
d:80:0.03223497488262694,1.362737549563338,1.3627378991518952,2.6932404738326063
d:81:0.055143996128165895,1.3627375705228495,1.3627379201114067,2.6703314945060903
d:82:0.08387599107586752,1.3627375914823538,1.3627379410709182,2.6415995414774045
d:83:0.10412400692403523,1.3627376124418582,1.3627379620304332,2.621351567548256
d:84:0.10286388591923767,1.3627376334013697,1.3627379829899446,2.6226117304720766
d:85:0.06891550619726594,1.362737654360874,1.3627380039494597,2.6565601521130677
d:86:0.04079740384594288,1.3627376753203855,1.3627380249089782,2.684678296383421
d:87:0.024490389500575915,1.362737696279897,1.3627380458684932,2.7009853526478143
d:88:0.015767670458323835,1.3627377172394084,1.3627380668280082,2.709708113609093
d:89:0.012357419576254358,1.3627377381989163,1.3627380877875233,2.713118406410185
d:90:0.009129522819195657,1.3627377591584278,1.3627381087470454,2.7163463450862775
d:91:0.0074826157441343355,1.3627377801179428,1.362738129706564,2.7179932940803724
d:92:0.006420965124377176,1.3627378010774613,1.3627381506660825,2.7190549866191667
d:93:0.0064564182707584905,1.3627378220369692,1.3627381716256046,2.7190195753918154
d:94:0.007961951063466088,1.3627378429964843,1.3627381925851267,2.717514084518145
d:95:0.009995688942096237,1.3627378639560028,1.3627382135446453,2.715480388558552
d:96:0.012174878736594508,1.3627378849155214,1.362738234504171,2.713301240683098
d:97:0.013591288159902959,1.3627379058750364,1.362738255463693,2.7118848731788265
d:98:0.013864070921453475,1.362737926834555,1.3627382764232188,2.7116121323363203
d:99:0.012836146489512146,1.3627379477940735,1.3627382973827409,2.7126400986873023
d:100:0.011439108519430974,1.362737968753592,1.362738318342263,2.714037178576424
d:101:0.009055295756432713,1.3627379897131107,1.3627383393017887,2.7164210332584666
d:102:0.008069744366286713,1.3627380106726328,1.362738360261318,2.717406626567664
d:103:0.0062351134780858075,1.362738031632155,1.3627383812208436,2.7192412993749127
d:104:0.007037233004066223,1.3627380525916735,1.3627384021803692,2.7184392217679765
d:105:0.007093541060452679,1.3627380735511956,1.3627384231398985,2.7183829556306414
d:106:0.010852237446933088,1.3627380945107177,1.3627384440994277,2.7146243011632123
d:107:0.016612334479876978,1.3627381154702434,1.362738465058957,2.7088642460493233
d:108:0.0286199067066768,1.362738136429769,1.3627384860184932,2.6968567157415855
d:109:0.04203279810422522,1.3627381573892983,1.362738506978026,2.683443866263099
d:110:0.058822874197005603,1.362738178348824,1.3627385279375552,2.6666538320893736
d:111:0.06398036790836237,1.362738199308346,1.362738548897088,2.6614963802970717
d:112:0.06323899242679687,1.3627382202678788,1.3627385698566208,2.6622377976977027
d:113:0.04034341926153573,1.3627382412274045,1.3627385908161571,2.685133412782026
d:114:0.02684283433846346,1.3627382621869337,1.36273861177569,2.69863403962416
d:115:0.017248869860669203,1.3627382831464594,1.3627386327352227,2.708228046021013
d:116:0.01441071763300883,1.3627383041059886,1.362738653694759,2.711066240167739
d:117:0.010559486625716374,1.3627383250655214,1.3627386746542953,2.7149175130941003
d:118:0.00877350072694938,1.3627383460250506,1.3627386956138317,2.716703540911933
d:119:0.006725563786609712,1.3627383669845834,1.3627387165733715,2.718751519771345
d:120:0.007166011181320542,1.3627383879441197,1.3627387375329114,2.7183111142957106
d:121:0.007022016075058701,1.362738408903649,1.3627387584924477,2.718455151321038
d:122:0.009425302196607532,1.3627384298631853,1.3627387794519912,2.716051907118569
d:123:0.011236696630927412,1.3627384508227216,1.362738800411531,2.7142405546033253
d:124:0.013858588839914532,1.362738471782258,1.362738821371078,2.7116187043134214
d:125:0.01504265266985172,1.3627384927417943,1.3627388423306144,2.710434682402557
d:126:0.015204224436107694,1.3627385137013306,1.3627388632901614,2.7102731525553843
d:127:0.014130313061185618,1.3627385346608705,1.3627388842497048,2.7113471058493896
d:128:0.012242011681557585,1.3627385556204068,1.3627389052092447,2.713235449148094
d:129:0.010065497726131412,1.3627385765799431,1.3627389261687917,2.7154120050226034
d:130:0.008724501516729433,1.3627385975394866,1.3627389471283387,2.716753043151096
d:131:0.00674049476176819,1.362738618499023,1.362738968087882,2.718737091825137
d:132:0.006282692662436418,1.3627386394585663,1.362738989047429,2.719194935843559
d:133:0.007038024324147685,1.3627386604181062,1.3627390100069796,2.718439646100938
d:134:0.00941758064661613,1.3627386813776496,1.3627390309665266,2.71606013169756
d:135:0.016868924142075414,1.362738702337193,1.3627390519260736,2.7086088301211912
d:136:0.023680334100822265,1.362738723296733,1.3627390728856277,2.7017974620815384
d:137:0.03433712694482516,1.362738744256287,1.3627390938451782,2.69114071115664
d:138:0.04228582796702263,1.3627387652158305,1.3627391148047288,2.6831920520535366
d:139:0.04436818780204099,1.362738786175374,1.3627391357642828,2.6811097341376158
d:140:0.043229560522020094,1.362738807134921,1.3627391567238298,2.6822484033367306
d:141:0.028770537790990147,1.362738828094468,1.362739177683384,2.6967074679868617
d:142:0.02002320659850021,1.3627388490540149,1.362739198642938,2.7054548410984527
d:143:0.014924077443692951,1.3627388700135619,1.3627392196024921,2.710554012172361
d:144:0.011560247232695886,1.3627388909731124,1.3627392405620462,2.7139178843024627
d:145:0.010902011248751009,1.3627389119326594,1.3627392615216039,2.7145761622055122
d:146:0.007428723331033282,1.3627389328922135,1.3627392824811615,2.7180494920423417
d:147:0.006634063604424867,1.362738953851764,1.3627393034407191,2.7188441936880583
d:148:0.00666632291080127,1.3627389748113181,1.3627393244002732,2.71881197630079
d:149:0.007889989622629656,1.3627389957708687,1.3627393453598344,2.7175883515080734
d:150:0.010603510697690055,1.3627390167304227,1.3627393663193956,2.7148748723521283
d:151:0.012722123772102023,1.3627390376899804,1.3627393872789568,2.712756301196835
d:152:0.015076886423347702,1.3627390586495345,1.3627394082385145,2.7104015804647013
d:153:0.01640486224940041,1.3627390796090886,1.3627393023858794,2.7090735197455675
d:154:0.016518197159035353,1.3627391005686427,1.362739191191693,2.7089600946013004
d:155:0.01525614888256932,1.3627391215282003,1.3627390799969312,2.710222052642562
d:156:0.013427180513373216,1.362739142487758,1.3627389688015796,2.7120509307759644
d:157:0.010783886274287724,1.3627391634473156,1.3627388490210528,2.7146941261940807
d:158:0.009189442705025641,1.3627391844068768,1.3627387284684715,2.7162884701703227
d:159:0.006777549344436196,1.362739205366438,1.3627386083344284,2.71870026435643
d:160:0.00644554426276045,1.3627392263259956,1.3627384952340655,2.7190321772973007
d:161:0.0062618572415846785,1.3627392472855568,1.3627383731522187,2.719215763196191
d:162:0.009304815447348957,1.3627392682451145,1.362738306941253,2.7161727597390186
d:163:0.013633340345194256,1.3627392892046792,1.362738201945895,2.71184415080538
d:164:0.021107128574177736,1.362739310164244,1.3627380816109422,2.7043702632010085
d:165:0.027009277212235006,1.3627393311238087,1.3627381025704857,2.6984681564820594
d:166:0.03298254633152631,1.3627393520833735,1.3627381235300327,2.69249492928188
d:167:0.032102669645544424,1.3627393730429382,1.3627381444895796,2.6933748478869735
d:168:0.0318137206721012,1.362739394002503,1.3627381654491302,2.693663838779532
d:169:0.02187130285229877,1.3627394149620677,1.3627381864086772,2.703606298518446
d:170:0.017198870379898423,1.3627394359216325,1.3627382073682277,2.7082787729099618
d:171:0.012457092595457908,1.3627394568812008,1.3627382283277747,2.7130205926135176
d:172:0.010613975395118658,1.362739477840769,1.3627382492873252,2.7148637517329757
d:173:0.008176638937891667,1.362739498800341,1.3627382702468758,2.717301130109325
d:174:0.007235665968316596,1.3627395197599093,1.3627382912064263,2.718242144998019
d:175:0.00599211901012886,1.3627395407194811,1.3627383121659804,2.7194857338753327
d:176:0.007152017727417359,1.3627395616790494,1.3627383331255345,2.7183258770771666
d:177:0.008391569534628829,1.3627395826386248,1.3627382189787127,2.7170862320827087
d:178:0.01156111083971112,1.3627394778353121,1.3627381041739177,2.7139164711695187
d:179:0.013997536133741662,1.3627393568751351,1.3627379841803595,2.711479804921753
d:180:0.016562330658102198,1.3627392391118036,1.362737865565233,2.7089147740189343
d:181:0.017725821920100415,1.3627391213476336,1.3627377560367968,2.70775105546433
d:182:0.017780589221704446,1.3627390035826323,1.362737718343773,2.707696132704701
d:183:0.016565848843674402,1.3627388869068184,1.3627376806507385,2.7089107187138826
d:184:0.014443226879400584,1.362738849213816,1.3627376429576898,2.711033265292105
d:185:0.011878478592993957,1.3627388115207992,1.362737605264634,2.7135979381924393
d:186:0.009465019023844334,1.3627387738277719,1.3627375675715605,2.716011322375488
d:187:0.007210003869863257,1.362738662834154,1.3627374565779213,2.718266115542212
d:188:0.005994934818145836,1.3627385450682965,1.362737338570998,2.7194809488211487
d:189:0.006069062393189384,1.3627384296701592,1.3627373008779102,2.71940666815488
d:190:0.007717718550175334,1.3627383251924918,1.362737192403472,2.7177577990457884
d:191:0.012099618456012706,1.3627383461520495,1.3627370757276118,2.7133758034236486
d:192:0.01659944125572288,1.3627383671116142,1.3627369747087705,2.708875900564662
d:193:0.02160228324255975,1.3627383880711719,1.3627369956683104,2.7038731004969225
d:194:0.0242364891845952,1.362738409030733,1.3627370166278503,2.701238936473988
d:195:0.024575081418008793,1.3627384299902978,1.3627370375873973,2.7009003861596863
d:196:0.023756823165118846,1.3627384509498555,1.3627370585469372,2.701718686331674
d:197:0.01778719056264144,1.3627384719094202,1.3627370795064806,2.7076883608532594
d:198:0.013874052043227891,1.362738492868985,1.362737100466024,2.711601541291781
d:199:0.01102365636709024,1.3627385138285497,1.3627371214255675,2.714451978887027
d:200:0.008600016235233099,1.3627385347881145,1.362737142385111,2.7168756609379923
d:201:0.00730673901591139,1.3627385557476792,1.3627371633446614,2.7181689800764293
d:202:0.005878242454146587,1.3627385767072475,1.3627371843042084,2.7195975185573094
d:203:0.006185328148022862,1.3627385976668123,1.3627372052637554,2.719290474782545
d:204:0.0072027681210702355,1.3627384933249544,1.3627370865042678,2.718272811708152
d:205:0.009439138781297984,1.3627383708306233,1.3627369752728171,2.7160362073221425
d:206:0.012476423775099832,1.3627382506964807,1.3627369375797045,2.7129987645010853
d:207:0.015429186523434169,1.3627382130034285,1.3627368998865883,2.7100459263665826
d:208:0.017919933930961918,1.3627381753103585,1.3627368621934508,2.7075551035728473
d:209:0.019194555141899272,1.362738137617285,1.3627368245003098,2.7062804069756954
d:210:0.019196644745928637,1.3627380882976006,1.362736786807158,2.70627823035883
d:211:0.017878801730839555,1.3627380506045093,1.3627367491139886,2.7075959979876583
d:212:0.01602040064170218,1.3627380129114073,1.362736711420812,2.709454323690517
d:213:0.0130077558709214,1.3627379752182947,1.3627366737276212,2.7124668930749944
d:214:0.01071803472044941,1.3627379375251678,1.36273658859767,2.7147564914023885
d:215:0.007716023257350102,1.3627378998320339,1.3627364692700716,2.7177583458447554
d:216:0.0068365338060001335,1.3627378621388857,1.362736353739212,2.7186376820720977
d:217:0.005759490639301035,1.3627378244457304,1.3627362382076207,2.71971457201405
d:218:0.0074380121704038515,1.3627377023637592,1.3627361244484923,2.7180358146418477
d:219:0.009925194346697808,1.3627375965109891,1.3627360061073404,2.7155484082716317
d:220:0.014436247633982546,1.3627376174705503,1.3627360270668767,2.7110373969034445
d:221:0.016320683884929466,1.3627376384301115,1.362736048026413,2.709153002571595
d:222:0.019382454510049385,1.3627376593896763,1.3627360689859565,2.7060912738655833
d:223:0.018610987037115834,1.362737680349241,1.3627360899454963,2.7068627832576215
d:224:0.020520854888443907,1.3627377013088058,1.3627361109050362,2.704952957325398
d:225:0.014486406720594758,1.362737722268367,1.362736131864576,2.7109874474123483
d:226:0.012485790498583782,1.3627377432279317,1.362736152824116,2.712988105553464
d:227:0.009416253705282429,1.3627377641875,1.3627361737836594,2.716057684265877
d:228:0.00846242075665593,1.3627377851470648,1.3627361947432064,2.7170115591336153
d:229:0.006375569151783722,1.3627378061066295,1.3627362157027463,2.719098452657592
d:230:0.005943415665633722,1.3627378270662014,1.3627362366622933,2.719530648062861
d:231:0.00596506116384532,1.3627377227238888,1.3627362576218367,2.71950891918188
d:232:0.008353124057629557,1.3627376014175105,1.3627361464257248,2.717120623785606
d:233:0.010263849346074494,1.3627375637243304,1.3627360293994784,2.7152097437777343
d:234:0.013839879564583768,1.3627375260311396,1.3627359917062591,2.711633638172815
d:235:0.016608939724799043,1.3627374883379382,1.3627359540130328,2.708864502626172
d:236:0.01926193093166262,1.362737450644726,1.3627359163197923,2.7062114360328557
d:237:0.020421861235744743,1.3627374129514997,1.3627358786265376,2.7050514303422926
d:238:0.02038599812592956,1.3627373636317692,1.3627358409332757,2.7050872064391154
d:239:0.01912008157812828,1.3627373259385323,1.3627357290193594,2.7063529733797633
d:240:0.016918496694330543,1.3627372882452846,1.3627356082541233,2.7085543998050774
d:241:0.014170847317501511,1.3627372505520228,1.3627355032581754,2.7113019064926966
d:242:0.011281884196957748,1.3627372128587503,1.3627353970939353,2.714190725755728
d:243:0.008450059883669425,1.3627371751654707,1.3627354180534788,2.71702253333528
d:244:0.006448322667633732,1.3627371374721768,1.362735439013015,2.719024253817558
d:245:0.005586817728131521,1.3627370997788724,1.3627354599725514,2.7198857420232923
d:246:0.0059503136130647505,1.3627370620855572,1.3627354809320948,2.7195222294045873
d:247:0.008023805601233391,1.3627369402868545,1.3627355018916383,2.7174486365772594
d:248:0.009932217484879047,1.362736833213095,1.3627355228511782,2.715540138579394
d:249:0.012247335733492903,1.3627368541726597,1.3627355438107216,2.7132250622498884
d:250:0.013591533357489638,1.3627368751322173,1.3627355647702615,2.711880906544989
d:251:0.014402393722519946,1.3627368960917856,1.362735585729805,2.7110700880990706
d:252:0.014955234876115497,1.3627369170513504,1.362735606689352,2.7105172888645868
d:253:0.011960220798560073,1.3627369380109222,1.3627356276488953,2.7135123448612575
d:254:0.009745560973863476,1.3627369589704905,1.3627356486084423,2.7157270466050694
d:255:0.007926348619553991,1.3627369799300553,1.3627356695679893,2.7175463008784906
d:256:0.006357806306548142,1.36273700088962,1.3627356905275327,2.7191148851106046
d:257:0.005592812857249996,1.3627370218491883,1.3627357114870797,2.719879920479018
d:258:0.004886331670986621,1.362736917506421,1.3627357324466303,2.7205863182820647
d:259:0.005856315756895825,1.3627367961989627,1.3627357534061808,2.7196162338482477
d:260:0.00789069311393753,1.3627367585056298,1.3627357743657313,2.7175818397574236
d:261:0.010951382737227178,1.3627367208122827,1.3627356533069843,2.71452099138204
d:262:0.014311066278335005,1.362736608151117,1.3627355354450685,2.7111610773178505
d:263:0.017477913723636718,1.3627364898107466,1.3627354151462256,2.7079939912333355
d:264:0.02004363424323863,1.3627363776392976,1.362735377452939,2.705428120848998
d:265:0.02144867108975035,1.3627362654672268,1.3627353397596345,2.704022934137111
d:266:0.021493613455120908,1.3627361532945415,1.3627352225180864,2.703977762357507
d:267:0.02017173555382179,1.36273603396684,1.3627351165402324,2.7052994149532505
d:268:0.01815218013681097,1.3627359962734644,1.3627351374997794,2.707318953636433
d:269:0.015111268947357814,1.3627359585800747,1.3627350219665928,2.7103597115993097
d:270:0.013055746937620683,1.3627359208866814,1.3627349033503755,2.712415077299436
d:271:0.009232104104761163,1.3627358113892463,1.362734924309919,2.716238631594404
d:272:0.007589280985389024,1.3627357736958352,1.3627349452694588,2.717881437979905
d:273:0.005827256692308325,1.3627357360024135,1.3627349662290023,2.7196434455391074
d:274:0.0063056529366338765,1.3627356983089811,1.3627349871885457,2.719165032560893
d:275:0.007631083404303851,1.3627356606155345,1.3627350081480891,2.71783958535932
d:276:0.008905131433632363,1.362735556715851,1.3627350291076326,2.716565454389851
d:277:0.009607896153678297,1.3627355776754086,1.362735050067176,2.7158627315889063
d:278:0.01159055020439581,1.3627355986349663,1.362735071026723,2.7138801194572935
d:279:0.011394439388693556,1.362735619594524,1.3627350919862735,2.714076272192104
d:280:0.014886813791710196,1.3627356405540816,1.3627351129458205,2.710583939708192
d:281:0.010079708244886021,1.3627356615136428,1.362735133905371,2.715391087174128
d:282:0.009232256543468154,1.3627356824732004,1.362735154864918,2.7162385807946503
d:283:0.006907187734652709,1.3627357034327616,1.362735175824465,2.718563691522574
d:284:0.006039019073279306,1.3627357243923228,1.362735196784019,2.7194319021030626
d:285:0.005303534951602629,1.362735745351884,1.3627352177435696,2.720167428143851
d:286:0.004878510134671998,1.3627356228562704,1.3627352387031202,2.7205923514247186
d:287:0.005564769834304428,1.3627355851628131,1.3627352596626743,2.719906074991183
d:288:0.008145220097958372,1.3627355474693417,1.3627352806222284,2.7173256079936117
d:289:0.01089548969286902,1.3627354267040133,1.3627353015817825,2.7145752385929267
d:290:0.015000295447592293,1.3627353113049097,1.3627351903536393,2.7104702062109567
d:291:0.017761844451884556,1.3627351927764373,1.3627350762045154,2.707708424529068
d:292:0.020512988640980723,1.3627350879761302,1.3627349575873886,2.704957056922538
d:293:0.021906984875615265,1.3627349695978808,1.3627349198940557,2.703562904616321
d:294:0.022007352852135398,1.3627348510685309,1.3627347948839983,2.7034622931003938
d:295:0.020775323575730198,1.3627347325140136,1.3627348158435453,2.7046942247818286
d:296:0.018466265580146413,1.3627346948205101,1.3627348368030958,2.7070032660434595
d:297:0.01554614279834432,1.3627346571269996,1.3627348577626428,2.709923372091298
d:298:0.012483675822789309,1.3627345486523375,1.362734878722197,2.712985751551745
d:299:0.009469147843013559,1.3627344237397487,1.3627348996817474,2.7160001755784826
d:300:0.007042018179763687,1.3627343104917173,1.362734920641298,2.7184272129532516
d:301:0.0055487067828607906,1.362734272798189,1.362734941600852,2.7199205076161803
d:302:0.004863683249100248,1.36273423510465,1.3627349625604062,2.720605514415956
d:303:0.005705061234689168,1.3627341254724854,1.3627349835199638,2.71976404775776
d:304:0.00625635319323159,1.3627340192689346,1.362735004479518,2.719212670555221
d:305:0.007386819542809064,1.3627340402284744,1.362735025439072,2.7180822461247374
d:306:0.008279573217579994,1.362734061188025,1.3627350463986296,2.7171895343690746
d:307:0.009106966631762248,1.362734082147572,1.3627350673581873,2.716362182873997
d:308:0.010161382100399408,1.3627341031071154,1.362735088317745,2.715307809324461
d:309:0.008393474542712553,1.3627341240666624,1.362735109277299,2.717075758801249
d:310:0.006969372801417961,1.3627341450262094,1.3627351302368567,2.718499902461648
d:311:0.005680593274419721,1.3627341659857635,1.3627351511964214,2.719788723907765
d:312:0.00427693092464132,1.3627341869453105,1.3627351721559826,2.7211924281766517
d:313:0.0037892143978695003,1.3627340821412801,1.3627351931155367,2.7216800608589473
d:314:0.0035137899312740473,1.3627339620059153,1.3627352140751015,2.7219553861497428
d:315:0.0047546021130600025,1.362733924312355,1.3627352350346662,2.7207145572339613
d:316:0.0070131083854008125,1.3627338866187806,1.362735255994231,2.7184560342276107
d:317:0.010211350524162555,1.3627337716353978,1.3627352769537957,2.715257698065031
d:318:0.013902314649209657,1.3627336566512973,1.362735297913357,2.7115666399154446
d:319:0.017460462440217484,1.3627336189577122,1.3627353188729217,2.7080084753904163
d:320:0.020314769108187747,1.362733500048062,1.362735201788933,2.705153932728807
d:321:0.021990157840157565,1.3627333950523592,1.3627351640955823,2.703478401307784
d:322:0.02227675197526402,1.3627333457324866,1.3627350477315971,2.7031916414888197
d:323:0.0210402694830929,1.3627333080388837,1.3627349406576847,2.7044279792134756
d:324:0.018941047755607343,1.3627332703452666,1.3627349616172495,2.7065271842069087
d:325:0.01563128604743369,1.3627332326516353,1.3627349825768071,2.7098369291810087
d:326:0.012774769162033905,1.3627331146443886,1.362735003536372,2.7126933490187266
d:327:0.009273966330997752,1.362733004651595,1.3627350244959366,2.716194062816534
d:328:0.007381590356954959,1.362732888867189,1.3627350454555014,2.7180863439657355
d:329:0.005118033230512964,1.3627328511735435,1.3627350664150661,2.7203498843580967
d:330:0.004707193019939382,1.3627328134798837,1.3627350873746344,2.720760707834579
d:331:0.004622567851050974,1.3627327011750374,1.3627351083341992,2.7208452416581856
d:332:0.00572926997675971,1.362732594970975,1.3627351292937675,2.7197384542879828
d:333:0.006042406754160012,1.3627326159305078,1.3627351502533358,2.7194253594296836
d:334:0.007418805597003697,1.362732636890044,1.3627351712129006,2.718049002505941
d:335:0.0076648340962997,1.3627326578495804,1.362735192172476,2.7178030159257567
d:336:0.009460787783948987,1.3627326788091167,1.3627352131320443,2.716007104157212
d:337:0.0072533438395065986,1.3627326997686566,1.3627352340916161,2.718214590020766
d:338:0.006563263799142405,1.362732720728193,1.362735255051188,2.7189047119802385
d:339:0.004769179118095934,1.3627327416877328,1.3627352760107563,2.720698838580393
d:340:0.003930896079387125,1.3627327626472763,1.3627352969703317,2.721537163538221
d:341:0.002843890860043885,1.3627326566692552,1.3627353179299035,2.722624083739115
d:342:0.0028701462816105305,1.3627326189755742,1.362735338889479,2.7225978115834426
d:343:0.0037930908456988988,1.3627325812818896,1.3627353598490508,2.7216748502852415
d:344:0.00625867464257901,1.3627325435881872,1.3627353808086262,2.7192092497542344
d:345:0.009158681437750005,1.3627325058944777,1.3627354017682052,2.716309226224933
d:346:0.01305282283430742,1.362732468200754,1.3627354227277806,2.712415068094227
d:347:0.01664839191206724,1.3627324305070196,1.362735443687356,2.7088194822823084
d:348:0.019934263107135308,1.362732392813271,1.3627353377089406,2.7055334674150764
d:349:0.021832586530944553,1.3627323551195154,1.3627352213441348,2.7036349899327057
d:350:0.022295410138038818,1.362732305799593,1.3627351836507735,2.7031720793123277
d:351:0.021209976795885765,1.3627321908146932,1.362735066463113,2.7042572804819205
d:352:0.01880986411022434,1.3627320707877928,1.3627350874226885,2.706657294100257
d:353:0.015608617955409798,1.3627319520279393,1.3627351083822639,2.7098584424547933
d:354:0.012246714026579397,1.3627318411749876,1.3627351293418393,2.7132202564902475
d:355:0.008940746240909903,1.3627317224142423,1.3627351503014182,2.7165261264747507
d:356:0.00632181534874654,1.36273161393893,1.3627351712609936,2.719144969851177
d:357:0.004625474789447637,1.362731576245146,1.3627351922205726,2.720841293676271
d:358:0.003597656932230464,1.3627315385513512,1.3627352131801516,2.7218690947992723
d:359:0.0039035634382411644,1.3627314164679483,1.3627352341397305,2.7215630871694376
d:360:0.004308048959114075,1.3627313106144072,1.3627352550993095,2.7211585167546026
d:361:0.0053993565337702165,1.362731331573933,1.3627352760588884,2.720067251099051
d:362:0.006352501603617,1.3627313525334621,1.362735297018471,2.719114147948316
d:363:0.007145895070950203,1.3627313734929913,1.3627353179780535,2.7183207964000946
d:364:0.007983071704565248,1.3627313944525241,1.3627353389376324,2.7174836616855913
d:365:0.006889618204686698,1.362731415412057,1.3627353598972185,2.7185771571045887
d:366:0.005708972235384024,1.3627314363715826,1.362735380856801,2.7197578449929996
d:367:0.0043958102276828726,1.3627314573311153,1.362735401816387,2.7210710489198195
d:368:0.0029715451907978974,1.3627314782906552,1.3627354227759731,2.7224953558758305
d:369:0.0022084688258647844,1.3627313712161389,1.3627354437355592,2.7232583461258333
d:370:0.0019434723385494124,1.36273125278084,1.3627354646951453,2.723523245137436
d:371:0.0029331207326279696,1.3627312150870239,1.362735485654735,2.722533580009131
d:372:0.005045422564711188,1.3627311773931972,1.362735506614321,2.720421261442807
d:373:0.008124354993201521,1.3627311396993598,1.3627355275739106,2.717342312280069
d:374:0.011917072041057963,1.3627311020055082,1.3627355485334967,2.713549578497947
d:375:0.01582891452154911,1.362731064311646,1.3627355694930898,2.7096377192831866
d:376:0.01931851098174242,1.3627309445064135,1.3627355904526794,2.7061480239773505
d:377:0.02166527726298817,1.3627308222939547,1.362735475054155,2.7038010200851215
d:378:0.022440824232283774,1.3627307067604981,1.3627353688892612,2.7030252514174755
d:379:0.021384151850597277,1.3627305955657754,1.362735257894677,2.704081701609855
d:380:0.01904672814112729,1.3627306165253046,1.3627351394594385,2.7064190278436158
d:381:0.015556411928145053,1.3627306374848267,1.3627350208586932,2.709909246415375
d:382:0.012236096603331248,1.362730536465584,1.3627349067087238,2.7132293465709765
d:383:0.00843626477656656,1.3627304186983942,1.3627349276683063,2.717029081590134
d:384:0.0059610877973579335,1.362730381004507,1.3627349486278924,2.7195042418350415
d:385:0.0038263744895967733,1.3627303433106093,1.3627349695874749,2.7216389384084874
d:386:0.0032918008480606886,1.3627302306484879,1.3627349905470645,2.7221734203474917
d:387:0.0032960246500000068,1.3627301094865132,1.362735011506654,2.7221690963431673
d:388:0.004177747502746243,1.3627301304460389,1.3627350324662402,2.721287415409533
d:389:0.005014553926271148,1.362730151405561,1.3627350534258227,2.7204506509051125
d:390:0.0064714514738515305,1.3627301723650866,1.3627350743854159,2.718993795276651
d:391:0.007063146562346745,1.3627301933246123,1.3627350953449984,2.718402142107264
d:392:0.008127796281934607,1.3627302142841344,1.362735116304588,2.717337534306788
d:393:0.006730851814570116,1.36273023524366,1.3627351372641812,2.718734520693271
d:394:0.005790988866502644,1.3627302562031858,1.3627351582237708,2.719674425560454
d:395:0.0040547737665068695,1.3627302771627114,1.362735179183364,2.7214106825795685
d:396:0.0028150958887600552,1.3627302981222371,1.3627352001429571,2.722650402376434
d:397:0.0017116923377837878,1.3627303190817628,1.3627352211025432,2.723753847846522
d:398:0.001522146629202581,1.3627302098394303,1.36273524206214,2.7239433052723676
d:399:0.0022306765243005344,1.362730095839403,1.3627352630217366,2.723234682336839
d:400:0.004291219277469338,1.362730058145484,1.3627352839813298,2.7211741228493445
d:401:0.007267159226755027,1.3627300204515542,1.36273530494093,2.7181981661657293
d:402:0.011154646580513017,1.3627299827576103,1.3627353259005233,2.7143106620776205
d:403:0.015171519204983497,1.3627298606730456,1.3627353468601164,2.7102936883281785
d:404:0.018961207823867454,1.3627297545817605,1.3627353678197203,2.7065039145776133
d:405:0.02164304859335786,1.3627297755412826,1.362735388779317,2.7038221157272417
d:406:0.02269010205520594,1.3627297965008047,1.3627352688434513,2.70277496328905
d:407:0.02185319370751948,1.362729817460334,1.3627351615339265,2.703611785286741
d:408:0.01937691692913468,1.3627298384198525,1.362735123840526,2.706088045331244
d:409:0.015837787658291802,1.36272972842632,1.362735086147115,2.7096270269151432
d:410:0.012145940492670704,1.36272961019165,1.3627349648504499,2.713318634549429
d:411:0.008262076536533769,1.3627295724976847,1.3627348556081813,2.717202351569332
d:412:0.005318706528553818,1.3627295348037158,1.362734876567778,2.72014570484294
d:413:0.0034015753879668154,1.3627294971097292,1.3627348975273712,2.7220628192491336
d:414:0.002508012756111455,1.3627293768104956,1.3627349184869644,2.7229562825413485
d:415:0.0032211870401273046,1.3627293977700177,1.3627349394465575,2.722243150176448
d:416:0.0037444825562893413,1.3627294187295433,1.3627349604061578,2.721719896579412
d:417:0.005040175026328697,1.362729439689062,1.362734981365751,2.720424246028484
d:418:0.006257041057265766,1.3627294606485911,1.3627350023253477,2.719207421916673
d:419:0.007181688289330523,1.3627294816081168,1.362735023284948,2.7182828166037343
d:420:0.008019667902962269,1.3627295025676425,1.3627350442445483,2.7174448789092285
d:421:0.006779682847614765,1.3627295235271681,1.362735065204145,2.7186849058836984
d:422:0.005503809939195747,1.3627295444866938,1.3627350861637524,2.7199608207112504
d:423:0.003958114320436579,1.362729565446223,1.3627351071233527,2.721506558249139
d:424:0.0024158702237464524,1.3627295864057487,1.3627351280829494,2.7230488442649516
d:425:0.0015205432377634054,1.3627296073652815,1.3627351490425568,2.723944213170075
d:426:0.0010317867173981199,1.3627296283248072,1.3627351700021606,2.7244330116095696
d:427:0.00181112806879824,1.3627295195157387,1.3627351909617644,2.723653582408705
d:428:0.0037244683224564312,1.3627294156153198,1.3627352119213683,2.7217401592142316
d:429:0.006713260605247129,1.362729311714503,1.362735232880972,2.718751283990228
d:430:0.010601721006025855,1.3627292078132989,1.362735253840576,2.714862740647849
d:431:0.014799819254912805,1.3627291019591716,1.3627352748001833,2.710664557504442
d:432:0.01881455802189258,1.3627291229186973,1.3627352957597871,2.706649860656592
d:433:0.02183525973136824,1.362729143878223,1.3627353167194016,2.7036292008662564
d:434:0.023227830071983036,1.3627291648377486,1.3627353376790055,2.702236672444771
d:435:0.022572072830373102,1.3627291857972708,1.3627352219904054,2.702892334957303
d:436:0.02016828110084745,1.3627292067568,1.3627351024738914,2.705296028129844
d:437:0.016333293684729355,1.3627290867626023,1.3627350647804626,2.7091308578583355
d:438:0.012351465789404159,1.3627290374425485,1.3627350270870195,2.713112598740164
d:439:0.008113234718484463,1.3627289881224733,1.3627349074594122,2.717350660863401
d:440:0.00509255938490405,1.3627289388023733,1.3627347940978964,2.7203711735153657
d:441:0.002765202628367547,1.3627288894822591,1.3627348150575038,2.7226985019113954
d:442:0.002002993921198737,1.3627287691648,1.3627348360171077,2.723460611260709
d:443:0.0022601504897981073,1.3627287901243257,1.362734856976715,2.7232034966112426
d:444:0.003313442304794023,1.3627288110838514,1.3627348779363189,2.722150246715376
d:445:0.004368643658201776,1.3627288320433806,1.3627348988959262,2.721095087281105
d:446:0.005800993848358971,1.3627288530029027,1.3627349198555336,2.7196627790100774
d:447:0.006556170670291905,1.3627288739624284,1.362734940815141,2.7189076441072775
d:448:0.0074012973273536176,1.3627288949219611,1.362734961774752,2.7180625593693595
d:449:0.006263365558245582,1.3627289158814868,1.3627349827343558,2.719200533057597
d:450:0.005157925283228337,1.362728936841016,1.3627350036939667,2.7203060152517544
d:451:0.003537528858563732,1.3627289578005453,1.3627350246535777,2.721926453595559
d:452:0.002147167474168654,1.3627289787600745,1.3627350456131886,2.7233168568990944
d:453:0.0010160101003258148,1.3627289997196037,1.3627350665727995,2.7244480561920774
d:454:0.0007122799875070029,1.3627290206791365,1.362735087532414,2.7247518282240435
d:455:0.0014007385350502943,1.3627290416386657,1.3627351084920285,2.724063411595644
d:456:0.0033559869272821174,1.3627290625982056,1.362735129451643,2.7221082051225665
d:457:0.0063235846574549726,1.3627290835577384,1.3627351504112575,2.719140649311541
d:458:0.010246669340531867,1.3627291045172711,1.362735171370872,2.7152176065476112
d:459:0.014575589295544589,1.3627291254768075,1.36273519233049,2.710888728511753
d:460:0.018835356199964792,1.3627291464363438,1.3627352132901045,2.7066290035264835
d:461:0.022180139462561144,1.3627291673958837,1.362735234249719,2.7032842621830415
d:462:0.023927500278738023,1.362729188355413,1.362735255209337,2.701536943286012
d:463:0.023548694137371484,1.3627290742058804,1.3627352761689586,2.7019156562374675
d:464:0.02113671584407406,1.3627289574138963,1.3627351663531222,2.7043274079229445
d:465:0.017263307355083413,1.362728919719867,1.362735047024131,2.7082006593889147
d:466:0.012808463017488947,1.3627288820258343,1.362734994171472,2.7126554131798173
d:467:0.008410331880812194,1.3627288443317838,1.3627349564780076,2.717053468928979
d:468:0.004857735495443549,1.3627287467213591,1.3627348365195289,2.7206058477454444
d:469:0.0024271488012370668,1.3627286246261043,1.3627348574791434,2.7230363333040106
d:470:0.0012369185047038656,1.362728645585637,1.3627348784387543,2.7242266055196875
d:471:0.0013214426657448541,1.3627286665451699,1.3627348993983723,2.7241421232777974
d:472:0.0020449347387430095,1.3627286875047062,1.3627349203579904,2.7234186731239536
d:473:0.0032781742503260602,1.362728708464239,1.3627349413176084,2.7221854755315213
d:474:0.00454841359719893,1.3627287294237718,1.36273496227723,2.720915278103803
d:475:0.005508692657370418,1.3627287503833116,1.362734983236848,2.7199550409627893
d:476:0.006052065493912906,1.3627287713428444,1.362735004196466,2.7194117100453976
d:477:0.0055418125481701,1.3627287923023843,1.3627350251560912,2.7199220049103054
d:478:0.0045343153764907385,1.3627288132619277,1.3627350461157128,2.72092954400115
d:479:0.003136566731793522,1.362728834221464,1.3627350670753309,2.7223273345650014
d:480:0.001701063461357677,1.3627288551810004,1.3627350880349525,2.723762879754595
d:481:0.000681967810669093,1.3627288761405438,1.3627351089945776,2.7247820173244524
d:482:0.0003585950519671144,1.3627288971000802,1.3627351299541992,2.7251054320023123
d:483:0.001097660908543574,1.3627289180596236,1.3627351509138244,2.7243664080649044
d:484:0.0029722922745367697,1.3627289390191635,1.362735171873446,2.7224918186180727
d:485:0.005950526494798325,1.362728959978707,1.3627351928330746,2.7195136263169832
d:486:0.009852434093508222,1.3627289809382503,1.3627352137926998,2.715611760637442
d:487:0.014290749712554174,1.3627290018977973,1.3627352347523285,2.7111734869375717
d:488:0.018731365474293327,1.3627290228573372,1.3627352557119607,2.7067329130950046
d:489:0.022408392045063508,1.3627290438168842,1.362735276671586,2.7030559284434066
d:490:0.024531900692796427,1.3627290647764347,1.3627352976312181,2.7009324617148565
d:491:0.024480978255216,1.3627289454581515,1.3627353185908504,2.700983285793786
d:492:0.022229667217578353,1.3627289077640832,1.3627353395504755,2.7032345800969804
d:493:0.018315769253815617,1.3627288700700042,1.3627353605101078,2.7071484613262964
d:494:0.013646451843269958,1.3627288323759181,1.3627352562114616,2.71181763674411
d:495:0.00900642894854009,1.3627287153490677,1.362735218517983,2.7164575049185107
d:496:0.005132186401388239,1.362728596854744,1.362735114218932,2.7203315246722877
d:497:0.002347895350629514,1.362728617814291,1.3627350131992664,2.723115735662928
d:498:0.0008546029419633783,1.3627286387738344,1.3627350341588915,2.7246090699907626
d:499:0.0005317325977589604,1.3627286597333743,1.3627350551185202,2.7249319822541356
d:500:0.0010767077649980195,1.3627286806929213,1.3627350760781525,2.7243870490060758
d:501:0.0021950744832111013,1.3627287016524683,1.3627350970377847,2.723268724207042
d:502:0.0035120604373659603,1.3627287226120117,1.3627351179974134,2.721951780172059
d:503:0.004612304931928435,1.3627287435715623,1.3627351389570492,2.720851577596683
d:504:0.00526267391086499,1.3627287645311092,1.3627351599166815,2.7202012505369257
d:505:0.005130215784207692,1.3627287854906527,1.3627351808763137,2.7203337505827587
d:506:0.004368601469613154,1.3627288064502032,1.362735201835953,2.721095406816543
d:507:0.0030893560965115086,1.3627288274097538,1.3627352227955818,2.722374694108824
d:508:0.0016785384869155706,1.3627288483693043,1.3627352437552176,2.7237855536376063
d:509:0.000564557797604337,1.3627288693288548,1.362735264714857,2.7248995762461075
d:510:0.00017375912856998355,1.3627288902884054,1.3627352856744928,2.725290416834328
d:511:0.0007589691041722801,1.3627289112479595,1.3627353066341321,2.7247052487779193
d:512:0.0024917447203964826,1.3627289322075136,1.362735327593768,2.722972515080885
d:513:0.005349688427287447,1.3627289531670677,1.3627353485534073,2.7201146132931875
d:514:0.009169691465446661,1.3627289741266253,1.3627353695130466,2.7162946521742253
d:515:0.013645948674728459,1.3627289950861723,1.362735390472686,2.71181843688413
d:516:0.01822720384423704,1.36272901604573,1.3627354114323253,2.7072372236338182
d:517:0.02216271237433176,1.3627290370052911,1.3627354323919683,2.7033017570229276
d:518:0.024588131599227125,1.3627289189858125,1.3627354533516112,2.7008762407381965
d:519:0.024817420340745855,1.3627288032002554,1.3627353341074837,2.700646716966993
d:520:0.02271445290039864,1.3627287655061444,1.3627352155012673,2.702749528107013
d:521:0.018835650038589336,1.3627287278120228,1.3627350990055724,2.706628176779006
d:522:0.014105822220466635,1.3627286120257054,1.3627350613120726,2.7113578511173113
d:523:0.009379906326770993,1.362728491151664,1.3627350236185585,2.7160836084434514
d:524:0.00535117027792964,1.362728512111218,1.3627349078338433,2.7201122496671317
d:525:0.002444638036312341,1.3627285330707686,1.3627348007591387,2.723018695793595
d:526:0.0007814015566722787,1.3627285540303227,1.3627348217187745,2.724681974192425
d:527:0.0003282427582931291,1.3627285749898732,1.3627348426784174,2.7251351749099975
d:528:0.0008248074629282343,1.3627285959494273,1.3627348636380532,2.7246386521245523
d:529:0.001998025051774377,1.3627286169089814,1.3627348845976925,2.7234654764548996
d:530:0.00346469110271741,1.362728637868539,1.3627349055573283,2.72199885232315
d:531:0.004830262043373779,1.3627286588280931,1.3627349265169677,2.720633323301687
d:532:0.005748050115705894,1.3627286797876543,1.3627349474766106,2.719715577148559
d:533:0.005872824965676315,1.362728700747212,1.36273496843625,2.7195908442177856
d:534:0.005219926909893147,1.3627287217067696,1.3627349893958929,2.7202437841927694
d:535:0.0038936984996151836,1.3627287426663273,1.3627350103555358,2.721570054522248
d:536:0.0022832485283927895,1.3627287636258885,1.3627350313151787,2.7231805464126744
d:537:0.000883747057278228,1.3627287845854497,1.362735052274818,2.7245800898029895
d:538:0.00013434070905482542,1.3627288055450109,1.3627350732344645,2.7253295380704206
d:539:0.0003896154225380144,1.3627288265045685,1.3627350941941039,2.7250743052761344
d:540:0.0018175364359542812,1.3627288474641333,1.362735115153754,2.723646426181933
d:541:0.004425606035587393,1.3627288684236945,1.3627351361134004,2.7210383985015074
d:542:0.008107507415987314,1.3627288893832592,1.362735157073054,2.717356539040326
d:543:0.012544677577890795,1.362728910342824,1.3627351780327004,2.7129194107976335
d:544:0.017198869359111413,1.3627289313023887,1.3627351989923469,2.708265260935624
d:545:0.021270795218207184,1.362728825210418,1.3627350806497205,2.7041931106419312
d:546:0.0238273441693444,1.3627287189317308,1.3627349610807542,2.7016363358431406
d:547:0.024133514282498325,1.3627286812375914,1.3627348474367835,2.7013300143918766
d:548:0.022050747240022872,1.3627286435434378,1.3627348097432446,2.7034127060466595
d:549:0.01814307107553681,1.3627285385468753,1.3627347720496985,2.707320239521037
d:550:0.013389668759174356,1.3627284213587316,1.3627347343561382,2.7120734869556955
d:551:0.008676544230478811,1.3627284423182964,1.362734636745703,2.7167865348335205
d:552:0.0047082748945950215,1.3627284632778576,1.3627345159788824,2.720754704362145
d:553:0.0019049014540204467,1.3627284842374223,1.3627345369385218,2.7235581197219236
d:554:0.0004037473642455325,1.362728505196987,1.3627345578981682,2.7250593157309098
d:555:0.00014712110806236467,1.3627285261565483,1.3627345788578147,2.7253159839063006
d:556:0.0009419002664543541,1.362728547116113,1.3627345998174576,2.7245212466671163
d:557:0.002484355998644716,1.3627285680756742,1.3627346207771005,2.72297883285413
d:558:0.004377011220860538,1.362728589035239,1.3627346417367434,2.721086219551122
d:559:0.006186858276748808,1.3627286099948073,1.3627346626963934,2.719276414414452
d:560:0.007445845964040743,1.3627286309543756,1.36273468365604,2.7180174686463747
d:561:0.007809576512721961,1.3627286519139439,1.3627347046156864,2.7176537800169083
d:562:0.007125523367664144,1.3627286728735086,1.3627347255753364,2.718337875081181
d:563:0.005576107627302207,1.3627286938330805,1.36273474653499,2.719887332740768
d:564:0.003570674023412934,1.3627287147926488,1.36273476749464,2.721892808263876
d:565:0.001665631973850168,1.3627287357522206,1.3627347884542864,2.723797892232657
d:566:0.0003772067695564374,1.3627287567117925,1.3627348094139364,2.7250863593561725
d:567:0.00010353880040270269,1.3627287776713644,1.3627348303735936,2.725360069244555
d:568:0.001074417414390183,1.3627287986309362,1.3627348513332471,2.724389232549793
d:569:0.00332975561224913,1.3627288195905116,1.3627348722929007,2.722133936271163
d:570:0.006778299746748928,1.3627288405500835,1.3627348932525507,2.7186854340558853
d:571:0.01111900796450982,1.3627288615096589,1.3627347813217625,2.7143446348669116
d:572:0.015745888594860702,1.3627287472690277,1.3627346683648618,2.709717527039029
d:573:0.019779775485895712,1.3627286287104177,1.36273455554727,2.705683408771792
d:574:0.022248964040731067,1.3627285793902004,1.3627345178536885,2.703214133203158
d:575:0.02233397192866704,1.362728541696029,1.3627344801600962,2.7031290499274583
d:576:0.020017897104889215,1.3627285040018435,1.3627344424664898,2.705445049363444
d:577:0.015960762797000427,1.3627283914889148,1.3627344047728727,2.709502033464787
d:578:0.011198210783621931,1.362728272958055,1.3627342858627642,2.7142643480371973
d:579:0.006682313473607593,1.3627281544263283,1.3627341670198128,2.7187800079725335
d:580:0.003116852981447593,1.362728044431936,1.3627341879794592,2.7223453794299477
d:581:0.0008944372574983817,1.3627280653915008,1.3627342089391057,2.724567837073108
d:582:0.0001101464661736884,1.3627280863510691,1.3627342298987593,2.7253521697836547
d:583:0.0006816298729184211,1.3627281073106339,1.3627342508584057,2.724780728296121
d:584:0.002369396680053981,1.3627281282702057,1.3627342718180557,2.7230930034082075
d:585:0.004802083737137863,1.362728149229774,1.3627342927777093,2.7206603582703455
d:586:0.007489418076037424,1.3627281701893459,1.3627343137373629,2.7179730658506713
d:587:0.00991686601340902,1.3627281911489142,1.3627343346970164,2.7155456598325216
d:588:0.011505776299689074,1.362728212108486,1.36273435565667,2.713956791465467
d:589:0.011873628312294215,1.3627282330680615,1.3627343766163236,2.713588981372091
d:590:0.010867146790085158,1.3627282540276369,1.3627343975759807,2.7145955048135324
d:591:0.008721491481511023,1.3627282749872052,1.3627344185356307,2.716741202041325
d:592:0.00595775914429808,1.3627282959467841,1.3627344394952914,2.7195049762977774
d:593:0.003211727137491849,1.362728316906356,1.3627344604549485,2.7222510502238126
d:594:0.0011103016248981135,1.3627283378659314,1.362734481414602,2.7243525176556354
d:595:9.616059807449062e-05,1.3627283588255068,1.3627345023742592,2.7253667006016915
d:596:0.00045708201901462076,1.3627283797850822,1.3627345233339199,2.7250058210999875
d:597:0.002261827084177881,1.3627284007446647,1.3627344090933526,2.7232009827538395
d:598:0.005420621321510666,1.3627284217042401,1.362734290041896,2.7200420904246254
d:599:0.00962909044582183,1.362728309773285,1.3627341777723174,2.7158333970997806
d:600:0.014233293341712638,1.3627281978586154,1.3627341400786754,2.7112290445955782
d:601:0.01826263274920059,1.362728160164405,1.3627341023850263,2.7071996298002308
d:602:0.020633732539284466,1.3627281108441416,1.3627340646913666,2.7048284429962237
d:603:0.02056534259948606,1.3627280731499205,1.3627340269976926,2.704896757548127
d:604:0.01806675639241817,1.3627280354556852,1.3627339150825186,2.7073951941457857
d:605:0.013915522210998788,1.3627279977614393,1.3627337951453207,2.711546270695761
d:606:0.00923996968136187,1.3627278904514633,1.362733688070005,2.7162216088401063
d:607:0.004998423986757317,1.3627277696844189,1.3627337090296585,2.72046305472732
d:608:0.0018914095744779758,1.3627276520963179,1.3627337299893085,2.7235699725111484
d:609:0.00029720620886841687,1.3627276730558897,1.3627337509489585,2.72516421779598
d:610:0.00030191886302510795,1.3627276940154616,1.3627337719086157,2.725159547061052
d:611:0.0017611574375653305,1.362727714975037,1.3627337928682728,2.7237003504057444
d:612:0.004355693059135746,1.3627277359346088,1.3627338138279192,2.7211058567033923
d:613:0.007662013062260442,1.3627277568941878,1.3627338347875764,2.7177995786195037
d:614:0.011120051726182467,1.3627277778537632,1.362733855747237,2.7143415818748178
d:615:0.014097847387423812,1.3627277988133386,1.3627338767068906,2.7113638281328054
d:616:0.015986561339794036,1.362727819772914,1.3627338976665477,2.7094751560996677
d:617:0.01632034646127245,1.362727840732493,1.362733918626212,2.7091414128974325
d:618:0.01496568754219929,1.362727861692072,1.3627339395858655,2.710496113735738
d:619:0.012203831124836029,1.362727882651651,1.3627339605455262,2.713258012072341
d:620:0.008667394697955189,1.3627279036112299,1.3627339815051869,2.7167944904184615
d:621:0.005072380835118295,1.3627279245708088,1.3627340024648475,2.720389546200538
d:622:0.0021524121828502274,1.362727945530395,1.3627340234245082,2.723309556772053
d:623:0.0004092688080188367,1.3627279664899703,1.3627339122271138,2.7250526099090653
d:624:0.00013706281172076729,1.3627279874495564,1.3627337924214729,2.7253247170593085
d:625:0.0014673979039958596,1.3627280084091353,1.3627336753936774,2.723994285898817
d:626:0.004332123199073834,1.362727907389143,1.3627336376999821,2.7211294218900512
d:627:0.008363849523052025,1.3627277954738197,1.3627336000062726,2.7170975459570403
d:628:0.012888300654921636,1.362727757779549,1.362733562312549,2.712573019437176
d:629:0.0168666953755352,1.3627277200852674,1.3627335246188181,2.7085945493285504
d:630:0.01913770908512724,1.3627276707649685,1.3627334079413238,2.706323369621165
d:631:0.018883042634257663,1.3627276330706763,1.3627332868808395,2.706577877317258
d:632:0.016230481202256897,1.3627275181179996,1.362733182079964,2.7092302189957067
d:633:0.012035108933956096,1.3627273993241538,1.362733203039621,2.7134254934298188
d:634:0.007486485541567944,1.3627272831699635,1.3627332239992747,2.71797402162767
d:635:0.0035669238108937407,1.3627273041295354,1.3627332449589318,2.7218936252775734
d:636:0.0009894228865245935,1.3627273250891214,1.362733265918589,2.7244711681211857
d:637:0.00011139768349721635,1.3627273460486968,1.3627332868782425,2.725349235243442
d:638:0.0009524509341147791,1.3627273670082758,1.3627333078379031,2.724508223912064
d:639:0.0033433963527880195,1.3627273879678583,1.3627333287975603,2.7221173204126305
d:640:0.006882985761057725,1.3627274089274373,1.362733349757221,2.7185777729236005
d:641:0.011109973292533937,1.3627274298870162,1.3627333707168816,2.714350827311364
d:642:0.015355675361984567,1.3627274508466023,1.3627333916765387,2.7101051671611565
d:643:0.01892768743547002,1.3627274718061813,1.3627334126361994,2.7065331970069106
d:644:0.02110364016522226,1.3627274927657638,1.36273343359586,2.7043572861964016
d:645:0.02136078656399576,1.3627275137253498,1.3627334545555279,2.704100181716882
d:646:0.01959418877569874,1.362727534684936,1.3627334755151885,2.7058668214244257
d:647:0.016132987625242734,1.3627275556445184,1.3627334964748528,2.7093280644941284
d:648:0.011728523244235234,1.362727576604101,1.362733517434517,2.7137325707943827
d:649:0.007224483534519877,1.3627275975636906,1.362733398977177,2.7182365130063477
d:650:0.0034501951998251457,1.3627276185232802,1.3627332809684987,2.7220107042919537
d:651:0.000955740707150099,1.3627276394828698,1.3627331746005389,2.7245050733762586
d:652:5.937841027225943e-05,1.3627275282870457,1.3627331369067797,2.725401286783553
d:653:0.0009156366928042559,1.3627274080816782,1.3627330992130133,2.7245448706018873
d:654:0.0034570411473069385,1.3627273018023516,1.3627330615192328,2.7220033221742774
d:655:0.007307692878345762,1.362727264108031,1.362733023825438,2.7181525950551233
d:656:0.011745418635589644,1.3627272264137034,1.3627329184974037,2.7137147262755175
d:657:0.015619747583340171,1.3627271887193615,1.362732796669814,2.7098402378058353
d:658:0.017736794192593663,1.362727071720908,1.3627326906904216,2.707722968218736
d:659:0.017311986370639687,1.3627269514020597,1.3627327116500787,2.7081476766814987
d:660:0.014518824893913873,1.3627268415857436,1.3627327326097323,2.710940749301562
d:661:0.010328776704200848,1.3627268625453262,1.362732753569393,2.7151308394105182
d:662:0.005940146462066309,1.3627268835049051,1.3627327745290536,2.7195195115718924
d:663:0.002399434752195617,1.3627269044644876,1.3627327954887143,2.7230602652010063
d:664:0.00041362046622239745,1.3627269254240701,1.362732816448375,2.7250461214062227
d:665:0.00029860337129150594,1.3627269463836527,1.3627328374080356,2.725161180420397
d:666:0.0020721472373796956,1.3627269673432352,1.3627328583676963,2.723387678473552
d:667:0.005473202426324875,1.3627269883028212,1.3627328793273605,2.719986665203857
d:668:0.010070729544800372,1.3627270092624038,1.3627329002870248,2.715389180004628
d:669:0.015345140969987625,1.3627270302219898,1.3627329212466854,2.7101148104986876
d:670:0.02053983106745605,1.3627270511815794,1.3627329422063497,2.704920162320473
d:671:0.024811834780921416,1.362727072141162,1.362732963166021,2.7006482005262615
d:672:0.02731464169546527,1.3627270931007516,1.3627329841256852,2.6981454355309715
d:673:0.027433376780757968,1.3627271140603447,1.362733005085353,2.69802674236494
d:674:0.025096060664147046,1.3627271350199344,1.3627330260450208,2.700364100400808
d:675:0.020737705713342436,1.362727155979524,1.3627330470046886,2.70472249727087
d:676:0.015245873675372223,1.3627271769391136,1.3627330679643563,2.7102143712280977
d:677:0.009697399527851758,1.3627271978987032,1.3627329474097287,2.71576274578058
d:678:0.004969180210750324,1.3627272188582964,1.3627329097159198,2.720490948363466
d:679:0.0016806109901761346,1.3627272398178896,1.362732872022093,2.7237795008498065
d:680:0.00015271730722332677,1.3627271176037326,1.3627328343282628,2.725307234624772
d:681:0.0005557071252670909,1.3627270799093694,1.362732720327788,2.72490409311189
d:682:0.002789395225921254,1.3627270422149955,1.362732600347286,2.72267024733636
d:683:0.006477377029058928,1.362727004520611,1.3627324825829206,2.7189821100744727
d:684:0.010794011725241859,1.3627268905193475,1.362732372766125,2.7146652515602305
d:685:0.014556330655768335,1.3627267701994903,1.3627323937257891,2.710902833269511
d:686:0.01651842436822193,1.3627266662974513,1.3627324146854534,2.7089406566146828
d:687:0.015900985085048447,1.362726687257041,1.3627324356451176,2.70955813781711
d:688:0.012977432616416706,1.3627267082166235,1.3627324566047818,2.7124817322049886
d:689:0.008802902263706613,1.3627267291762166,1.362732477564446,2.716656304476956
d:690:0.004615370421412024,1.3627267501358062,1.3627324985241138,2.720843878238508
d:691:0.001498460857822792,1.3627267710953994,1.3627325194837816,2.7239608297213582
d:692:0.00014429224759027193,1.3627267920549855,1.3627325404434458,2.725315040250841
d:693:0.0008685891859290251,1.3627268130145787,1.3627325614031172,2.724590785231767
d:694:0.003641726695386538,1.3627268339741718,1.362732582362785,2.7218176896415702
d:695:0.008164926276734263,1.362726854933772,1.3627326033224563,2.717294531979494
d:696:0.013996995011023472,1.3627268758933653,1.3627326242821276,2.7114625051644694
d:697:0.02052684376080549,1.3627268968529584,1.3627326452417954,2.7049326983339483
d:698:0.026874166675124656,1.3627269178125516,1.3627326662014667,2.6985854173388937
d:699:0.031981090948022484,1.3627269387721483,1.3627326871611416,2.6934785349852675
d:700:0.03480298077989907,1.3627269597317486,1.3627327081208165,2.690656687072666
d:701:0.0346241352181238,1.3627269806913453,1.3627327290804878,2.6908355745537094
d:702:0.031432098092905036,1.362727001650942,1.3627327500401591,2.694027653598196
d:703:0.025883185855864355,1.3627270226105423,1.3627327709998376,2.6995766077545156
d:704:0.01909592783568037,1.3627270435701426,1.3627327919595125,2.7063639076939747
d:705:0.01233999091638971,1.362727064529743,1.362732812919191,2.713119886532544
d:706:0.006584712961188899,1.3627270854893432,1.3627328338788658,2.71887520640702
d:707:0.0024772297448389935,1.3627271064489435,1.3627328548385478,2.7229827315426522
d:708:0.0003536649968509664,1.3627269874852672,1.3627328757982227,2.725106198286639
d:709:0.00034218328808321985,1.362726871358312,1.3627328967579047,2.7251175848281335
d:710:0.0023313830177134065,1.3627268220379278,1.3627329177175866,2.723128356737801
d:711:0.005868092481442488,1.3627266998385537,1.362732938677265,2.7195915460343763
d:712:0.010093185475087196,1.3627265910284478,1.3627329596369435,2.715366365190304
d:713:0.013736398288445528,1.3627266119880517,1.362732980596629,2.711723194296235
d:714:0.015505200587561774,1.362726632947652,1.3627330015563075,2.7099544339163977
d:715:0.014704757960378956,1.3627266539072451,1.362733022515993,2.710754918462859
d:716:0.011664125542369064,1.3627266748668454,1.362733043475675,2.7137955928001514
d:717:0.00752152020101704,1.3627266958264457,1.3627330644353606,2.717938240060789
d:718:0.0035634731219182925,1.362726716786046,1.3627330853950461,2.721896329059174
d:719:0.0008684959634592815,1.3627267377456462,1.362733106354728,2.724591348136915
d:720:0.00015999354678797317,1.3627267587052465,1.3627331273144172,2.7252998924728757
d:721:0.0017161425870853009,1.3627267796648503,1.3627331482741063,2.7237437853518713
d:722:0.005491859942617694,1.3627268006244506,1.3627331692337954,2.7199681099156283
d:723:0.011194536523603915,1.362726821584051,1.3627331901934845,2.7142654752539315
d:724:0.018349570286543937,1.3627268425436618,1.3627332111531736,2.7071104834102915
d:725:0.026241027157489327,1.362726863503262,1.3627332321128627,2.6992190684586355
d:726:0.033806966000449634,1.3627268844628695,1.3627332530725553,2.691653171534975
d:727:0.03972126429819589,1.3627269054224769,1.3627332740322444,2.6857389151565254
d:728:0.04270958428687521,1.3627269263820878,1.362733294991937,2.6827506370871497
d:729:0.04198791637559118,1.3627269473416952,1.3627333159516333,2.6834723469177373
d:730:0.03769514204255664,1.362726968301299,1.3627333369113188,2.687765163170061
d:731:0.03075119534433668,1.36272698926091,1.3627333578710186,2.694709151787592
d:732:0.022610143503449365,1.3627270102205173,1.3627333788307077,2.7028502455477756
d:733:0.014680332087662507,1.3627270311801283,1.362733399790411,2.7107800988828767
d:734:0.007984868424818714,1.3627270521397392,1.3627334207501036,2.717475604465024
d:735:0.003174169158373985,1.3627270730993502,1.3627334417098034,2.7222863456507795
d:736:0.0005610710501464666,1.3627270940589646,1.3627334626695031,2.7248994856783213
d:737:0.0002456804470494234,1.3627271150185756,1.3627334836291993,2.7252149182007255
d:738:0.0020845972282899083,1.3627271359781936,1.362733504588899,2.723376043338803
d:739:0.005549200549966216,1.362727156937801,1.3627335255485988,2.7199114819364336
d:740:0.00970149196259662,1.362727177897419,1.362733546508295,2.7157592324431175
d:741:0.013204890829666027,1.362727198857037,1.3627335674679983,2.7122558754953694
d:742:0.014780278448583317,1.3627272198166551,1.362733588427698,2.71068052979577
d:743:0.013780493254005322,1.3627272407762696,1.3627336093874014,2.7116803569096657
d:744:0.01062697288382175,1.3627272617358877,1.3627336303471012,2.714833919199167
d:745:0.006520173641199278,1.3627272826955092,1.3627336513068116,2.7189407603611215
d:746:0.0027822193597160094,1.3627273036551273,1.3627336722665113,2.7226787565619226
d:747:0.0004916278154638576,1.3627273246147453,1.3627336932262182,2.7249693900254996
d:748:0.0003568344605504592,1.362727345574367,1.362733714185925,2.7251042252997415
d:749:0.002636648043464973,1.3627273665339885,1.3627337351456354,2.722824453636159
d:750:0.007280252716164171,1.36272738749361,1.3627337561053423,2.7181808908827882
d:751:0.01401128037360877,1.3627274084532317,1.3627337770650456,2.7114499051446685
d:752:0.02229882069967637,1.3627274294128568,1.362733798024756,2.7031624067379365
d:753:0.031323997370726886,1.3627274503724784,1.3627338189844664,2.694137271986218
d:754:0.03983288114027239,1.3627274713321071,1.3627338399441769,2.6856284301360116
d:755:0.04623320461681324,1.3627274922917287,1.3627338609038837,2.679228148578799
d:756:0.04905291014258317,1.362727513251361,1.3627338818635977,2.6764084849723755
d:757:0.047568230394135824,1.3627275342109826,1.362733902823308,2.677893206640155
d:758:0.04211543272550955,1.3627275551706113,1.3627339237830256,2.6833460462281273
d:759:0.03396942687694704,1.36272757613024,1.362733944742736,2.691492093996029
d:760:0.024769140616724528,1.3627275970898687,1.36273396570245,2.700692422175594
d:761:0.016011954263197126,1.362727618049501,1.362733986662164,2.7094496504484678
d:762:0.008716083456668855,1.362727639009126,1.362734007621878,2.716745563174335
d:763:0.0035009596790409603,1.3627276599687583,1.362734028581599,2.7219607288713163
d:764:0.0006515544774430282,1.3627276809283906,1.3627340495413165,2.724810175992264
d:765:0.00024364024105771875,1.3627277018880228,1.3627340705010305,2.7252181321479956
d:766:0.0020620010140568468,1.362727722847655,1.3627340914607515,2.7233998132943498
d:767:0.005551186794177099,1.3627277438072873,1.362734112420469,2.7199106694335793
d:768:0.009661705191199133,1.3627277647669267,1.3627341333801901,2.7158001929559177
d:769:0.013037965289123932,1.3627277857265625,1.3627341543399076,2.712423974777346
d:770:0.01439679305475039,1.3627278066861983,1.3627341752996287,2.7110651889310766
d:771:0.01319337643301921,1.3627278276458341,1.3627341962593498,2.7122686474721647
d:772:0.009930072257652967,1.3627278486054664,1.3627342172190744,2.715531993566888
d:773:0.005854081481638573,1.3627278695651057,1.3627342381787955,2.7196080262622626
d:774:0.002279648806405632,1.362727890524745,1.3627342591385236,2.723182500856863
d:775:0.0003084853194597059,1.3627279114843844,1.3627342800982447,2.7251537062631694
d:776:0.0005764967080814642,1.3627279324440273,1.3627343010579693,2.724885736793915
d:777:0.0033166195852700753,1.3627279534036632,1.3627343220176975,2.7221456558360906
d:778:0.008486857187222085,1.362727974363306,1.3627343429774221,2.716975460153506
d:779:0.015797992675391725,1.3627279953229454,1.3627343639371503,2.709664366584704
d:780:0.024686913860302084,1.3627280162825883,1.3627343848968785,2.7007754873191647
d:781:0.034201182760106974,1.3627280372422312,1.3627344058566067,2.691261260338731
d:782:0.042975596445185005,1.3627280582018777,1.3627344268163348,2.6824868885730275
d:783:0.049237614159389764,1.3627280791615242,1.3627344477760666,2.676224912778201
d:784:0.05151178203395368,1.362728100121167,1.3627344687357947,2.673950786823008
d:785:0.04924435447520814,1.362728121080817,1.3627344896955265,2.6762182563011354
d:786:0.04300748316555847,1.36272814204046,1.3627345106552546,2.682455169530156
d:787:0.0342684836873115,1.36272816300011,1.36273453161499,2.6911942109277884
d:788:0.02472725203971038,1.3627281839597565,1.3627345525747252,2.7007354844947713
d:789:0.015798724852494672,1.362728204919403,1.3627345735344534,2.7096640536013616
d:790:0.008471128108052284,1.362728225879053,1.3627345944941922,2.716991692265193
d:791:0.003297731952589089,1.362728246838703,1.362734615453931,2.722165130340045
d:792:0.0005598435934413004,1.3627282677983565,1.3627346364136663,2.7249030606185816
d:793:0.0003112792568416012,1.3627282887580066,1.3627346573734016,2.7251516668745666
d:794:0.0022992710425100427,1.3627283097176601,1.3627346783331404,2.7231637170082905
d:795:0.005889313242212424,1.3627283306773101,1.3627346992928757,2.7195737167279734
d:796:0.009998754867533322,1.3627283516369673,1.3627347202526146,2.7154643170220485
d:797:0.013244120164991102,1.3627283725966208,1.3627347412123534,2.712218993643983
d:798:0.014388382299513225,1.362728393556278,1.3627347621720993,2.711074773428864
d:799:0.012985315326231373,1.3627284145159315,1.3627347831318382,2.7124778823215383
d:800:0.00960721186499569,1.362728435475585,1.362734804091577,2.7158560277021664
d:801:0.005513601686489622,1.3627284564352422,1.3627348250513194,2.719949679800072
d:802:0.0020575654825218948,1.3627284773949029,1.3627348460110618,2.7234057579234427
d:803:0.0002447180745601685,1.36272849835456,1.3627348669708077,2.7252186472508075
d:804:0.0006656366536006431,1.3627285193142207,1.36273488793055,2.72479777059117
d:805:0.003509400685066666,1.3627285402738778,1.3627349088902996,2.7219540484791107
d:806:0.00871204376523238,1.3627285612335385,1.362734929850042,2.716751447318348
d:807:0.01596536983954877,1.3627285821931991,1.3627349508097915,2.709498163163442
d:808:0.024681059815495843,1.3627286031528634,1.3627349717695338,2.7007825151069014
d:809:0.033850485013239506,1.362728624112524,1.3627349927292833,2.691613131828568
d:810:0.041993923084394424,1.3627286450721918,1.3627350136890328,2.6834697356768302
d:811:0.047453274251848754,1.362728666031856,1.3627350346487823,2.6780104264287896
d:812:0.04896226018047223,1.3627286869915167,1.3627350556085318,2.6765014824195763
d:813:0.04617057667162783,1.3627287079511845,1.3627350765682813,2.679293207847838
d:814:0.03979505581039611,1.3627287289108523,1.3627350975280343,2.6856687706284905
d:815:0.031346754544719246,1.362728749870513,1.3627351184877838,2.6941171138135775
d:816:0.022321474946760844,1.3627287708301807,1.3627351394475369,2.7031424353309568
d:817:0.014013960602278885,1.362728791789852,1.36273516040729,2.711449991594863
d:818:0.007261469993526504,1.3627288127495163,1.362735181367043,2.7182025241230328
d:819:0.0026173959677642245,1.362728833709184,1.3627352023267996,2.7228466400682194
d:820:0.0003526762460968058,1.362728854668859,1.3627352232865562,2.7251114017093183
d:821:0.000501774993276527,1.3627288756285267,1.3627352442463128,2.724962344881563
d:822:0.0028050629545628425,1.362728896588198,1.3627352652060658,2.722659098839701
d:823:0.00658134873897076,1.362728917547873,1.362735286165826,2.718882854974728
d:824:0.010709452551731502,1.3627289385075478,1.3627353071255826,2.714754793081399
d:825:0.013834173427250462,1.3627289594672192,1.3627353280853391,2.711630114125308
d:826:0.014764373254921637,1.362728980426894,1.3627353490450993,2.7106999562170717
d:827:0.013138558142713919,1.3627290013865654,1.3627353700048594,2.712325813248711
d:828:0.009648270687392824,1.3627290223462438,1.3627353909646196,2.7158161426234706
d:829:0.005517033225020285,1.3627290433059187,1.3627354119243833,2.7199474220052817
d:830:0.002062063339881348,1.36272906426559,1.36273543288414,2.7234024338098486
d:831:0.00025142165551095275,1.362729085225272,1.3627354538439072,2.7252131174136682
d:832:0.0005667118582781683,1.3627291061849505,1.3627354748036709,2.724897869130343
d:833:0.003168847822049514,1.3627291271446325,1.362735495763438,2.722295775086021
d:834:0.007965476232868696,1.3627291481043073,1.3627355167232018,2.7174991885946405
d:835:0.014603859240716943,1.3627291690639893,1.3627355376829655,2.710860847506238
d:836:0.022488577316163827,1.3627291900236713,1.3627355586427328,2.7029761713502403
d:837:0.030591960168605326,1.3627292109833498,1.3627355796024965,2.694872830417241
d:838:0.037507374869342414,1.3627292319430353,1.3627356005622673,2.68795745763596
d:839:0.0418429341017994,1.3627292529027173,1.362735621522031,2.683621940322949
d:840:0.04259749615216535,1.3627292738624028,1.3627356424818018,2.6828674201920393
d:841:0.03964869620070388,1.3627292948220884,1.362735663441569,2.6858162620629535
d:842:0.03377171283245595,1.3627293157817704,1.3627356844013399,2.6916932873506543
d:843:0.02624925432083458,1.3627293367414595,1.3627357053611142,2.699215787781739
d:844:0.018369690351130785,1.3627293577011415,1.3627357263208886,2.7070953936708992
d:845:0.011203476920194078,1.3627293786608305,1.3627357472806594,2.714261649021296
d:846:0.005465148813792453,1.3627293996205125,1.3627357682404266,2.7200000190471467
d:847:0.001692339137701282,1.3627294205802087,1.362735789200208,2.7237728706427156
d:848:0.00015615954641567953,1.3627294415398943,1.362735810159979,2.7253090921534575
d:849:0.0008910744984049757,1.3627294624995834,1.3627358311197533,2.7245742191209317
d:850:0.0035958069089598865,1.362729483459276,1.3627358520795312,2.7218695286298473
d:851:0.0075843149446210845,1.3627295044189651,1.3627358730393055,2.7178810625136496
d:852:0.011737159580913925,1.3627295253786613,1.362735893999087,2.7137282597968344
d:853:0.014754721072980814,1.362729546338354,1.3627359149588614,2.7107107402242345
d:854:0.01548044892143352,1.3627295672980466,1.3627359359186428,2.709985054295256
d:855:0.013666498371305735,1.3627295882577393,1.3627359568784208,2.7117990467648543
d:856:0.010021137141665193,1.3627296092174355,1.3627359778382022,2.7154444499139725
d:857:0.0058256041586162155,1.3627296301771317,1.3627359987979801,2.7196400248164956
d:858:0.002311980833445304,1.3627296511368243,1.362736019757758,2.723153690061137
d:859:0.0003395504229732893,1.3627296720965205,1.362736040717543,2.7251261623910903
d:860:0.00035593427944036193,1.3627296930562203,1.3627360616773245,2.7251098204541044
d:861:0.002476612150044133,1.3627297140159165,1.3627360826371095,2.722989184502982
d:862:0.00657017857644604,1.3627297349756162,1.3627361035968981,2.7188956599960683
d:863:0.012271824603429238,1.362729755935316,1.3627361245566831,2.71319405588857
d:864:0.01897437995855178,1.3627297768950122,1.3627361455164646,2.706491542452925
d:865:0.025734758514703415,1.3627297978547155,1.3627361664762532,2.6997312058162652
d:866:0.03128714572717506,1.3627298188144188,1.3627361874360382,2.694178860523282
d:867:0.03452620907733284,1.362729839774122,1.3627362083958268,2.690939839092616
d:868:0.03474376226947484,1.3627298607338254,1.3627362293556153,2.690722327819966
d:869:0.03197906146161422,1.3627298816935287,1.3627362503154004,2.693487070547315
d:870:0.026903056035113337,1.362729902653232,1.362736271275189,2.6985631178933076
d:871:0.020578497857124844,1.3627299236129389,1.3627362922349846,2.7048877179907986
d:872:0.014032731737039228,1.3627299445726422,1.3627363131947696,2.7114335260303726
d:873:0.008160310001025906,1.362729965532349,1.3627363341545617,2.717305989685885
d:874:0.0036096889254864095,1.3627299864920595,1.3627363551143574,2.7218566526809305
d:875:0.000845352908338981,1.3627300074517628,1.362736376074153,2.724621030617577
d:876:0.00015146496576612378,1.3627300284114732,1.3627363970339452,2.7253149604796523
d:877:0.001532062951381974,1.3627300493711836,1.362736417993741,2.7239344044135425
d:878:0.004677730319524898,1.362730070330894,1.362736438953533,2.720788778964902
d:879:0.008865255303827979,1.3627300912905973,1.3627364599133287,2.716601295900098
d:880:0.013041686925591378,1.3627301122503113,1.3627364808731244,2.7124249061978443
d:881:0.015929891016265074,1.3627301332100252,1.3627365018329236,2.7095367440266838
d:882:0.016484083442362518,1.3627301541697392,1.3627365227927193,2.708982593520096
d:883:0.014478030892844274,1.3627301751294496,1.3627365437525185,2.710988687989124
d:884:0.010704879285269087,1.3627301960891636,1.3627365647123177,2.7147618815162122
d:885:0.00642497401819675,1.3627302170488775,1.362736585672117,2.7190418287027978
d:886:0.0027723419438245855,1.362730238008595,1.3627366066319127,2.722694502696683
d:887:0.0005474107273624185,1.362730258968309,1.3627366275917154,2.724919475832662
d:888:0.00015496753256449836,1.3627302799280265,1.3627366485515182,2.7253119609469802
d:889:0.0016708596256478359,1.362730300887744,1.3627366695113245,2.7237961107734208
d:890:0.0049476593646247125,1.3627303218474616,1.3627366904711273,2.720519352953964
d:891:0.0096554617419784,1.3627303428071755,1.3627367114309266,2.7158115924961237
d:892:0.015174576647341453,1.3627303637669002,1.3627367323907364,2.710292519510295
d:893:0.02063104941061411,1.3627303847266177,1.3627367533505392,2.704836088666543
d:894:0.025004587539440237,1.3627304056863423,1.3627367743103456,2.7004625924572476
d:895:0.027401563326455047,1.3627304266460634,1.362736795270152,2.69806565858976
d:896:0.02732732054479925,1.3627304476057844,1.3627368162299582,2.6981399432909434
d:897:0.024878523621811865,1.3627304685655055,1.3627368371897681,2.7005887821334618
d:898:0.020642415291717953,1.3627304895252301,1.3627368581495745,2.7048249323830866
d:899:0.015426413585107213,1.3627305104849512,1.3627368791093843,2.7100409760092283
d:900:0.010137427088762863,1.3627305314446794,1.3627369000691942,2.7153300044251107
d:901:0.0054830468999576,1.362730552404404,1.3627369210290041,2.7199844265334505
d:902:0.002056843142037579,1.3627305733641286,1.362736941988814,2.723410672210905
d:903:0.000293528760748174,1.3627305943238532,1.362736962948631,2.725174028511736
d:904:0.000428306420696245,1.362730615283585,1.362736983908441,2.7250392927713296
d:905:0.002440477774486638,1.3627306362433131,1.3627370048682579,2.7230271633370844
d:906:0.005992645357517645,1.3627306572030413,1.3627370258280713,2.719475037673595
d:907:0.010364514435128314,1.3627306781627695,1.3627370467878848,2.715103210515526
d:908:0.01453676911494739,1.3627306991225048,1.3627370677477018,2.710930997755259
d:909:0.017304185851410026,1.3627307200822365,1.3627370887075188,2.7081636229383452
d:910:0.017667877015631106,1.3627307410419647,1.3627371096673357,2.7077999736936693
d:911:0.01552980988558339,1.3627306268909969,1.3627371306271527,2.7099379476325662
d:912:0.011649240280062756,1.3627305141448502,1.362737017975558,2.7138182918403455
d:913:0.007250184397157966,1.3627303920730185,1.3627368971462452,2.7182171048221058
d:914:0.003433128108108363,1.3627302691993073,1.36273685945239,2.722034000543589
d:915:0.0009178163250407323,1.3627301633439863,1.362736738622086,2.7245490856410317
d:916:6.292618640024727e-05,1.362730184303711,1.3627366253652475,2.7254038834825582
d:917:0.00094615657515007,1.3627302052634391,1.362736646325061,2.72452069501335
d:918:0.0034364419926316003,1.3627302262231673,1.3627366672848744,2.72203045151541
d:919:0.007200458776903673,1.362730247182892,1.3627366882446879,2.718266476650676
d:920:0.011685572402045707,1.36273026814262,1.3627367092045048,2.7137814049450792
d:921:0.016104924284372046,1.3627302891023483,1.3627367301643183,2.7093620949822945
d:922:0.019575348955028105,1.3627303100620765,1.3627367511241353,2.7058917122311836
d:923:0.021377076831818442,1.3627303310218082,1.3627367720839523,2.704090026273942
d:924:0.02118374626238051,1.3627303519815435,1.3627367930437693,2.7042833987629322
d:925:0.019056994671670324,1.3627303729412716,1.3627368140035863,2.7064101922731876
d:926:0.015498805684858397,1.3627303939009998,1.3627368349634068,2.7099684231795482
d:927:0.01121730879933125,1.3627304148607422,1.3627368559232274,2.7142499619846383
d:928:0.006961325806786434,1.3627304358204704,1.3627368768830443,2.7185059868967283
d:929:0.0033632783724968363,1.3627304567802057,1.362736897842865,2.7221040762505737
d:930:0.0009374745902341886,1.362730477739941,1.3627369188026854,2.724529921952392
d:931:0.00010962878917375463,1.3627304986996762,1.3627369397625095,2.725357809673012
d:932:0.001016502509445516,1.362730519659415,1.3627369607223336,2.724450977872303
d:933:0.0036045187372959475,1.3627305406191503,1.3627369816821542,2.7218630035640086
d:934:0.007506208771323131,1.3627305615788856,1.3627370026419783,2.7179613554495408
d:935:0.012027354379801736,1.362730582538628,1.362737023601806,2.713440251760632
d:936:0.016191753613396642,1.3627306034983633,1.3627370445616336,2.7092758944466
d:937:0.018825381318544387,1.3627306244581021,1.3627370655214612,2.706642308661019
d:938:0.019047125235381657,1.3627306454178445,1.3627370864812853,2.706420606663748
d:939:0.01675952214826104,1.3627305241079917,1.3627369699180676,2.708707971877798
d:940:0.012790188864483909,1.3627304747875222,1.3627368586847872,2.7126771446078255
d:941:0.00831178514599884,1.3627304254670314,1.3627368058318403,2.717155446152873
d:942:0.004309914210649524,1.3627303761465228,1.362736752978865,2.7211572149147383
d:943:0.0014705782046906535,1.3627302583325296,1.3627367001258648,2.7239963802537037
d:944:0.00014449155700901883,1.3627301354576495,1.3627365906700533,2.725322234570694
d:945:0.0004111775426309805,1.3627301564173884,1.3627366116298774,2.7250555905046348
d:946:0.0021568843886790035,1.3627301773771237,1.3627366325897015,2.723309925578146
d:947:0.005090444646043579,1.3627301983368625,1.3627366535495256,2.7203764072403445
d:948:0.008697982552078543,1.3627302192966013,1.3627366745093532,2.716768911253876
d:949:0.012273612016954871,1.3627302402563437,1.3627366954691809,2.7131933237085697
d:950:0.01506938791990109,1.362730261216079,1.3627367164290014,2.7103975897251793
d:951:0.016483288442929123,1.362730282175825,1.362736737388829,2.708983731121725
d:952:0.01621360181735909,1.3627303031355602,1.3627367583486567,2.709253459666858
d:953:0.014353189464673122,1.3627303240953061,1.3627367793084844,2.7111139139391174
d:954:0.01136467227811977,1.362730345055045,1.362736800268312,2.714102473045237
d:955:0.007868374963893032,1.3627303660147874,1.3627368212281432,2.7175988122790375
d:956:0.004494651827224416,1.3627303869745298,1.362736842187978,2.7209725773352833
d:957:0.001814648580630518,1.3627304079342757,1.3627368631478056,2.723652622501451
d:958:0.0003064582008214245,1.362730428894018,1.3627368841076368,2.7251608548008335
d:959:0.00029108085537288275,1.3627304498537676,1.3627369050674716,2.7251762740658663
d:960:0.0018803677709744449,1.3627304708135135,1.3627369260273063,2.7235870290698454
d:961:0.0049742121564548825,1.362730491773263,1.3627369469871375,2.7204932266039457
d:962:0.009171048602130583,1.3627305127330125,1.3627369679469759,2.7162964320778578
d:963:0.013819204919943928,1.3627305336927584,1.362736988906807,2.7116483176796216
d:964:0.01794545825337579,1.3627305546525044,1.3627370098666454,2.707522106265774
d:965:0.020453819399914863,1.3627305756122574,1.3627370308264801,2.7050137870388227
d:966:0.02052740494506544,1.3627304585141964,1.362736912447037,2.704939966016168
d:967:0.018145012817347705,1.3627303542147189,1.3627368001411746,2.707322141538546
d:968:0.0141313893585302,1.3627303048941748,1.3627367624472875,2.711335677982932
d:969:0.009569702451742046,1.3627302555736094,1.3627367095942482,2.7158972627161155
d:970:0.005400758429138008,1.3627302062530227,1.362736598696479,2.7200660465203637
d:971:0.0022551067301215255,1.3627301569324146,1.36273649329096,2.723211543493253
d:972:0.0004550830792613425,1.3627300526325286,1.3627364404378888,2.725011409991156
d:973:0.00010373022604781568,1.3627299355472644,1.3627363321459711,2.7253625374671877
d:974:0.0011539998119047823,1.3627299565070103,1.3627362270491794,2.724312183744285
d:975:0.0033180718401712994,1.3627299774667563,1.3627362480090106,2.7221481536355956
d:976:0.006136609895037282,1.3627299984264987,1.3627362689688383,2.7193296575002996
d:977:0.009003287486255118,1.3627300193862482,1.3627362899286695,2.7164630218286625
d:978:0.011249288243366351,1.3627300403459977,1.3627363108885042,2.7142170629911355
d:979:0.01235053011686027,1.3627300613057436,1.3627363318483354,2.7131158630372187
d:980:0.012051834189005461,1.3627300822654895,1.3627363528081666,2.7134146008846507
d:981:0.010475666621214685,1.3627301032252426,1.3627363737680014,2.7149908103720293
d:982:0.00801311969329177,1.362730124184992,1.3627363947278326,2.717453399219533
d:983:0.005219424827595631,1.362730145144745,1.3627364156876673,2.720247136004817
d:984:0.0026402647978720495,1.3627301661044946,1.3627364366475057,2.722826337954128
d:985:0.0007997798297285641,1.3627301870642476,1.3627364576073369,2.724666864841856
d:986:0.0001053800086161516,1.3627302080240007,1.3627364785671716,2.725361306582556
d:987:0.0007954804368406343,1.3627302289837537,1.36273649952701,2.724671248073923
d:988:0.0029552841046935896,1.3627302499435068,1.3627365204868518,2.722511486325665
d:989:0.0064669216374326766,1.3627302709032598,1.3627365414466865,2.7189998907125137
d:990:0.010911441250215148,1.36273029186302,1.3627365624065284,2.7145554130193332
d:991:0.015652192103756235,1.362730312822773,1.3627365833663667,2.7098147040853835
d:992:0.019730493777400326,1.3627302083432973,1.3627364771617572,2.705736191727654
d:993:0.02210138832745301,1.3627300885359723,1.3627363586320236,2.703365058840543
d:994:0.022045603997902674,1.3627299822198147,1.3627362453828304,2.7034206236047424
d:995:0.01961796657463566,1.3627299445253627,1.3627361925297166,2.7058481704804436
d:996:0.015594238834916396,1.3627298361986533,1.362736154835801,2.709871752199538
d:997:0.01099699375926555,1.3627297166287597,1.3627361019826623,2.7144688248521565
d:998:0.006696938411707265,1.3627295963274868,1.3627359849717955,2.718768642887575
d:999:0.0032531333322580736,1.3627294801993024,1.3627358737308484,2.7222122205978927
d:1000:0.0010025219886369285,1.3627294308786482,1.3627358208776812,2.7244627297676924
d:1001:7.928148047042782e-05,1.3627293245620216,1.3627357831837443,2.7253858262652955
d:1002:0.0004610646014935327,1.3627292055969562,1.3627356629712217,2.7250038039666844
d:1003:0.0018932350993203784,1.3627292265566986,1.362735683931053,2.723571675388431
d:1004:0.003994342622341662,1.3627292475164445,1.3627357048908912,2.721470609784994
